0.0 0.0
0.1 -2.98e-17
0.2 -2.98e-17
0.3 -2.98e-17
0.4 -2.98e-17
0.5 -2.98e-17
0.6 -2.98e-17
0.7 -2.98e-17
0.8 0.000977
0.9 0.000977
1.0 0.00114
1.1 0.00114
1.2 0.00115
1.3 0.00132
1.4 0.00132
1.5 0.00132
1.6 0.00132
1.7 0.00164
1.8 0.0016
1.9 0.00152
2.0 0.00142
2.1 0.00129
2.2 0.00115
2.3 0.000991
2.4 0.00081
2.5 0.000608
2.6 0.000751
2.7 0.000754
2.8 0.000748
2.9 0.000742
3.0 0.00074
3.1 0.000695
3.2 0.000685
3.3 0.00055
3.4 0.000537
3.5 0.000444
3.6 0.000432
3.7 0.000392
3.8 0.000316
3.9 0.000303
4.0 0.000253
4.1 0.000168
4.2 0.000157
4.3 0.000114
4.4 1.7e-05
4.5 -1.72e-05
4.6 -7.43e-05
4.7 -8.58e-05
4.8 -8.58e-05
4.9 -0.000101
5.0 -0.000116
5.1 -0.000131
5.2 -0.000149
5.3 -0.000171
5.4 -0.000216
5.5 -0.00026
5.6 -0.000318
5.7 -0.000401
5.8 -0.000399
5.9 -0.000442
6.0 -0.000543
6.1 -0.000501
6.2 -0.000522
6.3 -0.000578
6.4 -0.000529
6.5 -0.000543
6.6 -0.000582
6.7 -0.000587
6.8 -0.000597
6.9 -0.000606
7.0 -0.000637
7.1 -0.000606
7.2 -0.000618
7.3 -0.000628
7.4 -0.000617
7.5 -0.000601
7.6 -0.000678
7.7 -0.000694
7.8 -0.000706
7.9 -0.000661
8.0 -0.00056
8.1 -0.000566
8.2 -0.000629
8.3 -0.000697
8.4 -0.000701
8.5 -0.000716
8.6 -0.000719
8.7 -0.000729
8.8 -0.00077
8.9 -0.000774
9.0 -0.000781
9.1 -0.000785
9.2 -0.000764
9.3 -0.000768
9.4 -0.000879
9.5 -0.000928
9.6 -0.000934
9.7 -0.000943
9.8 -0.000951
9.9 -0.000963
10.0 -0.000972
10.1 -0.00106
10.2 -0.00211
10.3 0.000412
10.4 0.000621
10.5 0.000659
10.6 0.000614
10.7 0.000555
10.8 0.000453
10.9 0.000372
11.0 0.000236
11.1 0.000134
11.2 7.27e-05
11.3 3.79e-05
11.4 1.94e-05
11.5 9.37e-06
11.6 4.5e-06
11.7 2.84e-06
11.8 1.18e-06
11.9 2.07e-07
12.0 1.12e-07
12.1 1.69e-07
12.2 0.000643
12.3 -0.000298
12.4 -0.000191
12.5 -0.000114
12.6 -6.41e-05
12.7 -3.08e-05
12.8 -1.01e-05
12.9 1.58e-06
13.0 8.95e-06
13.1 9.13e-06
13.2 9.95e-06
13.3 9.18e-06
13.4 8.23e-06
13.5 5.73e-06
13.6 4.38e-06
13.7 3.39e-06
13.8 2.32e-06
13.9 6.32e-07
14.0 4.19e-07
14.1 3.24e-07
14.2 2.44e-07
14.3 6.73e-08
14.4 6.34e-07
14.5 -2.96e-08
14.6 1.6e-06
14.7 -6.16e-07
14.8 -3.61e-07
14.9 1.38e-06
15.0 0.00149
15.1 0.00872
15.2 0.00725
15.3 0.0109
15.4 0.00858
15.5 0.00569
15.6 -0.00048
15.7 -0.00048
15.8 -0.00148
15.9 -0.00249
16.0 -0.00131
16.1 0.000869
16.2 0.00398
16.3 -0.00441
16.4 -0.00161
16.5 -0.00161
16.6 -0.00161
16.7 -0.000897
16.8 -0.000936
16.9 -0.00107
17.0 -0.000567
17.1 0.00177
17.2 0.00177
17.3 0.00177
17.4 0.00177
17.5 0.00109
17.6 -0.000323
17.7 -0.00153
17.8 -0.00211
17.9 -0.00229
18.0 -0.00271
18.1 0.00412
18.2 0.00465
18.3 0.00607
18.4 0.00595
18.5 0.00595
18.6 0.0106
18.7 0.0105
18.8 0.00911
18.9 0.00862
19.0 0.00343
19.1 0.000374
19.2 -0.0213
19.3 -0.0153
19.4 -0.0177
19.5 -0.0232
19.6 -0.0283
19.7 -0.0353
19.8 0.00144
19.9 0.000802
20.0 -0.00039
20.1 -0.00339
20.2 0.0291
20.3 0.0162
20.4 0.0163
20.5 0.0176
20.6 0.02
20.7 0.0229
20.8 0.0246
20.9 0.0254
21.0 0.0257
21.1 0.0258
21.2 0.0256
21.3 0.0256
21.4 0.0255
21.5 0.0255
21.6 0.0254
21.7 0.0252
21.8 0.0251
21.9 0.025
22.0 0.0249
22.1 0.0248
22.2 0.0246
22.3 0.0245
22.4 0.0243
22.5 0.0242
22.6 0.024
22.7 0.024
22.8 0.0238
22.9 0.0236
23.0 0.0234
23.1 0.0232
23.2 0.023
23.3 0.0227
23.4 0.0225
23.5 0.0222
23.6 0.022
23.7 0.0217
23.8 0.0214
23.9 0.0211
24.0 0.0209
24.1 0.0206
24.2 0.0203
24.3 0.0199
24.4 0.0196
24.5 0.0193
24.6 0.0189
24.7 0.0186
24.8 0.0182
24.9 0.0182
25.0 0.018
25.1 0.0176
25.2 0.0172
25.3 0.0168
25.4 0.0164
25.5 0.016
25.6 0.0156
25.7 0.0152
25.8 0.0147
25.9 0.0143
26.0 0.0139
26.1 0.0134
26.2 0.013
26.3 0.0125
26.4 0.012
26.5 0.0116
26.6 0.0111
26.7 0.0106
26.8 0.0102
26.9 0.00968
27.0 0.00919
27.1 0.0087
27.2 0.0082
27.3 0.0077
27.4 0.00719
27.5 0.00669
27.6 0.00618
27.7 0.00567
27.8 0.00515
27.9 0.00463
28.0 0.00411
28.1 0.00359
28.2 0.00307
28.3 0.00254
28.4 0.00201
28.5 0.00146
28.6 0.000929
28.7 0.0004
28.8 -0.000133
28.9 -0.000665
29.0 -0.0012
29.1 -0.0012
29.2 -0.00175
29.3 -0.00238
29.4 -0.00291
29.5 -0.00344
29.6 -0.00398
29.7 -0.00451
29.8 -0.00504
29.9 -0.00557
30.0 -0.0061
30.1 -0.00663
30.2 -0.00716
30.3 -0.00769
30.4 -0.00821
30.5 -0.00873
30.6 -0.00925
30.7 -0.00977
30.8 -0.0103
30.9 -0.0108
31.0 -0.0113
31.1 -0.0118
31.2 -0.0123
31.3 -0.0128
31.4 -0.0132
31.5 -0.0137
31.6 -0.0142
31.7 -0.0147
31.8 -0.0151
31.9 -0.0156
32.0 -0.0161
32.1 -0.0165
32.2 -0.0169
32.3 -0.0174
32.4 -0.0178
32.5 -0.0183
32.6 -0.0187
32.7 -0.0191
32.8 -0.0195
32.9 -0.0199
33.0 -0.0203
33.1 -0.0217
33.2 -0.0222
33.3 -0.0227
33.4 -0.0232
33.5 -0.0238
33.6 -0.0246
33.7 -0.0257
33.8 -0.0271
33.9 -0.0271
34.0 -0.0271
34.1 -0.031
34.2 -0.031
34.3 -0.031
34.4 -0.0345
34.5 -0.0345
34.6 -0.0345
34.7 -0.0391
34.8 -0.0453
34.9 -0.048
35.0 -0.0503
35.1 -0.0517
35.2 -0.0526
35.3 -0.0532
35.4 -0.0534
35.5 -0.0536
35.6 -0.0537
35.7 -0.0537
35.8 -0.0538
35.9 -0.0538
36.0 -0.0585
36.1 -0.066
36.2 -0.075
36.3 -0.0845
36.4 -0.0941
36.5 -0.104
36.6 -0.113
36.7 -0.122
36.8 -0.132
36.9 -0.141
37.0 -0.15
37.1 -0.16
37.2 -0.169
37.3 -0.178
37.4 -0.187
37.5 -0.196
37.6 -0.205
37.7 -0.214
37.8 -0.223
37.9 -0.231
38.0 -0.24
38.1 -0.249
38.2 -0.257
38.3 -0.266
38.4 -0.274
38.5 -0.282
38.6 -0.29
38.7 -0.298
38.8 -0.306
38.9 -0.314
39.0 -0.321
39.1 -0.329
39.2 -0.336
39.3 -0.344
39.4 -0.351
39.5 -0.358
39.6 -0.365
39.7 -0.372
39.8 -0.379
39.9 -0.385
40.0 -0.391
40.1 -0.398
40.2 -0.404
40.3 -0.41
40.4 -0.416
40.5 -0.421
40.6 -0.427
40.7 -0.432
40.8 -0.438
40.9 -0.443
41.0 -0.448
41.1 -0.452
41.2 -0.457
41.3 -0.461
41.4 -0.466
41.5 -0.47
41.6 -0.473
41.7 -0.477
41.8 -0.481
41.9 -0.484
42.0 -0.487
42.1 -0.49
42.2 -0.493
42.3 -0.496
42.4 -0.498
42.5 -0.501
42.6 -0.503
42.7 -0.505
42.8 -0.506
42.9 -0.508
43.0 -0.509
43.1 -0.51
43.2 -0.511
43.3 -0.512
43.4 -0.463
43.5 -0.463
43.6 -0.463
43.7 -0.468
43.8 -0.475
43.9 -0.484
44.0 -0.493
44.1 -0.502
44.2 -0.511
44.3 -0.519
44.4 -0.527
44.5 -0.536
44.6 -0.543
44.7 -0.551
44.8 -0.559
44.9 -0.566
45.0 -0.573
45.1 -0.58
45.2 -0.586
45.3 -0.593
45.4 -0.599
45.5 -0.605
45.6 -0.611
45.7 -0.616
45.8 -0.622
45.9 -0.627
46.0 -0.632
46.1 -0.636
46.2 -0.641
46.3 -0.645
46.4 -0.649
46.5 -0.652
46.6 -0.656
46.7 -0.659
46.8 -0.662
46.9 -0.662
47.0 -0.664
47.1 -0.667
47.2 -0.669
47.3 -0.67
47.4 -0.672
47.5 -0.673
47.6 -0.674
47.7 -0.675
47.8 -0.675
47.9 -0.68
48.0 -0.687
48.1 -0.696
48.2 -0.705
48.3 -0.714
48.4 -0.722
48.5 -0.73
48.6 -0.738
48.7 -0.746
48.8 -0.753
48.9 -0.76
49.0 -0.767
49.1 -0.774
49.2 -0.78
49.3 -0.786
49.4 -0.791
49.5 -0.797
49.6 -0.802
49.7 -0.807
49.8 -0.811
49.9 -0.815
