0.0 3.01 -6.32e-22 0.997
0.1 3.02 -9.57e-21 0.989
0.2 3.05 -4.55e-20 0.976
0.3 3.08 -1.35e-19 0.959
0.4 3.12 -3.1e-19 0.938
0.5 3.17 -6.05e-19 0.913
0.6 3.22 -1.06e-18 0.885
0.7 3.29 1.68e-07 0.855
0.8 3.35 1.39e-06 0.822
0.9 3.43 0.000168 0.787
1.0 3.5 0.000649 0.751
1.1 3.59 0.00252 0.718
1.2 3.68 0.00674 0.695
1.3 3.77 0.0132 0.681
1.4 3.86 0.0216 0.674
1.5 3.96 0.032 0.674
1.6 4.07 0.0441 0.68
1.7 4.16 0.0563 0.691
1.8 4.24 0.0673 0.706
1.9 4.31 0.077 0.723
2.0 4.36 0.0855 0.743
2.1 4.39 0.093 0.766
2.2 4.42 0.0995 0.791
2.3 4.43 0.105 0.818
2.4 4.44 0.11 0.846
2.5 4.43 0.114 0.876
2.6 4.43 0.117 0.904
2.7 4.43 0.119 0.929
2.8 4.43 0.12 0.951
2.9 4.43 0.12 0.97
3.0 4.44 0.12 0.987
3.1 4.45 0.12 1.0
3.2 4.46 0.12 1.01
3.3 4.47 0.119 1.02
3.4 4.47 0.119 1.03
3.5 4.47 0.12 1.03
3.6 4.47 0.12 1.03
3.7 4.47 0.12 1.03
3.8 4.47 0.121 1.03
3.9 4.47 0.121 1.03
4.0 4.47 0.122 1.02
4.1 4.46 0.122 1.02
4.2 4.46 0.123 1.01
4.3 4.45 0.124 1.01
4.4 4.45 0.124 1.0
4.5 4.45 0.125 0.994
4.6 4.44 0.126 0.987
4.7 4.44 0.127 0.979
4.8 4.43 0.128 0.97
4.9 4.43 0.128 0.962
5.0 4.42 0.129 0.953
5.1 4.42 0.13 0.944
5.2 4.41 0.131 0.935
5.3 4.41 0.131 0.926
5.4 4.41 0.132 0.917
5.5 4.4 0.133 0.908
5.6 4.4 0.133 0.898
5.7 4.39 0.134 0.889
5.8 4.39 0.135 0.88
5.9 4.39 0.135 0.87
6.0 4.38 0.136 0.861
6.1 4.38 0.136 0.851
6.2 4.38 0.137 0.842
6.3 4.37 0.138 0.833
6.4 4.37 0.138 0.824
6.5 4.37 0.139 0.815
6.6 4.37 0.139 0.807
6.7 4.36 0.14 0.798
6.8 4.36 0.14 0.79
6.9 4.36 0.14 0.782
7.0 4.36 0.141 0.775
7.1 4.36 0.141 0.768
7.2 4.36 0.141 0.761
7.3 4.35 0.142 0.755
7.4 4.35 0.142 0.749
7.5 4.35 0.142 0.744
7.6 4.35 0.142 0.738
7.7 4.35 0.142 0.734
7.8 4.35 0.142 0.729
7.9 4.35 0.143 0.725
8.0 4.35 0.143 0.721
8.1 4.35 0.143 0.717
8.2 4.36 0.143 0.714
8.3 4.36 0.143 0.711
8.4 4.36 0.143 0.708
8.5 4.35 0.143 0.706
8.6 4.35 0.143 0.705
8.7 4.33 0.142 0.704
8.8 4.31 0.141 0.705
8.9 4.28 0.14 0.707
9.0 4.24 0.138 0.71
9.1 4.19 0.136 0.714
9.2 4.15 0.134 0.72
9.3 4.11 0.132 0.727
9.4 4.07 0.13 0.735
9.5 4.03 0.129 0.743
9.6 4.0 0.128 0.751
9.7 3.98 0.127 0.76
9.8 3.96 0.126 0.769
9.9 3.94 0.126 0.778
10.0 3.93 0.125 0.788
10.1 3.91 0.125 0.797
10.2 3.9 0.125 0.807
10.3 3.89 0.125 0.818
10.4 3.89 0.125 0.828
10.5 3.88 0.126 0.838
10.6 3.88 0.126 0.849
10.7 3.87 0.126 0.86
10.8 3.87 0.127 0.871
10.9 3.87 0.127 0.882
11.0 3.87 0.128 0.893
11.1 3.87 0.129 0.904
11.2 3.87 0.129 0.916
11.3 3.87 0.13 0.928
11.4 3.87 0.131 0.939
11.5 3.87 0.131 0.951
11.6 3.87 0.132 0.963
11.7 3.86 0.133 0.976
11.8 3.86 0.134 0.989
11.9 3.86 0.134 1.0
12.0 3.85 0.134 1.02
12.1 3.83 0.133 1.04
12.2 3.81 0.132 1.06
12.3 3.78 0.129 1.08
12.4 3.75 0.125 1.11
12.5 3.72 0.119 1.14
12.6 3.7 0.11 1.18
12.7 3.67 0.1 1.22
12.8 3.65 0.0887 1.25
12.9 3.63 0.0758 1.29
13.0 3.62 0.0616 1.34
13.1 3.6 0.0462 1.38
13.2 3.59 0.0297 1.42
13.3 3.58 0.0122 1.47
13.4 3.57 -0.00624 1.52
13.5 3.56 -0.0256 1.57
13.6 3.55 -0.0458 1.62
13.7 3.54 -0.0668 1.67
13.8 3.53 -0.0886 1.72
13.9 3.51 -0.109 1.77
14.0 3.49 -0.125 1.82
14.1 3.46 -0.137 1.87
14.2 3.42 -0.143 1.92
14.3 3.38 -0.138 1.97
14.4 3.33 -0.114 2.02
14.5 3.28 -0.074 2.07
14.6 3.22 -0.0198 2.13
14.7 3.15 0.0474 2.18
14.8 3.08 0.127 2.23
14.9 3.01 0.217 2.29
15.0 2.93 0.317 2.34
15.1 2.85 0.426 2.39
15.2 2.77 0.542 2.45
15.3 2.68 0.663 2.5
15.4 2.59 0.782 2.55
15.5 2.51 0.895 2.59
15.6 2.43 1.0 2.63
15.7 2.35 1.1 2.66
15.8 2.27 1.18 2.68
15.9 2.2 1.25 2.7
16.0 2.12 1.31 2.72
16.1 2.05 1.36 2.73
16.2 1.98 1.4 2.73
16.3 1.92 1.43 2.73
16.4 1.85 1.46 2.73
16.5 1.79 1.47 2.73
16.6 1.74 1.48 2.72
16.7 1.69 1.49 2.71
16.8 1.66 1.49 2.71
16.9 1.64 1.49 2.7
17.0 1.62 1.48 2.69
17.1 1.61 1.48 2.68
17.2 1.6 1.48 2.67
17.3 1.6 1.48 2.66
17.4 1.59 1.48 2.66
17.5 1.59 1.48 2.65
17.6 1.59 1.48 2.65
17.7 1.58 1.47 2.64
17.8 1.56 1.47 2.64
17.9 1.53 1.46 2.64
18.0 1.5 1.45 2.64
18.1 1.46 1.43 2.63
18.2 1.41 1.41 2.63
18.3 1.36 1.39 2.62
18.4 1.31 1.36 2.62
18.5 1.24 1.33 2.62
18.6 1.18 1.3 2.61
18.7 1.11 1.26 2.6
18.8 1.04 1.23 2.6
18.9 0.976 1.19 2.59
19.0 0.916 1.15 2.57
19.1 0.861 1.1 2.56
19.2 0.811 1.06 2.54
19.3 0.766 1.02 2.52
19.4 0.726 0.973 2.49
19.5 0.691 0.932 2.46
19.6 0.661 0.892 2.44
19.7 0.634 0.854 2.4
19.8 0.611 0.817 2.37
19.9 0.592 0.782 2.34
20.0 0.576 0.748 2.31
20.1 0.563 0.714 2.27
20.2 0.553 0.682 2.23
20.3 0.546 0.657 2.2
20.4 0.541 0.642 2.17
20.5 0.538 0.639 2.14
20.6 0.537 0.646 2.12
20.7 0.537 0.655 2.1
20.8 0.536 0.662 2.09
20.9 0.536 0.666 2.08
21.0 0.535 0.668 2.07
21.1 0.535 0.67 2.06
21.2 0.535 0.669 2.06
21.3 0.533 0.669 2.06
21.4 0.528 0.669 2.06
21.5 0.52 0.671 2.07
21.6 0.509 0.673 2.07
21.7 0.497 0.675 2.08
21.8 0.481 0.679 2.08
21.9 0.464 0.682 2.09
22.0 0.445 0.686 2.1
22.1 0.426 0.69 2.1
22.2 0.407 0.693 2.11
22.3 0.39 0.696 2.12
22.4 0.374 0.699 2.13
22.5 0.36 0.703 2.13
22.6 0.348 0.709 2.14
22.7 0.336 0.715 2.14
22.8 0.325 0.721 2.14
22.9 0.313 0.727 2.13
23.0 0.301 0.733 2.13
23.1 0.289 0.739 2.12
23.2 0.277 0.744 2.11
23.3 0.266 0.749 2.1
23.4 0.254 0.753 2.08
23.5 0.241 0.757 2.07
23.6 0.229 0.761 2.06
23.7 0.217 0.764 2.04
23.8 0.205 0.767 2.03
23.9 0.193 0.769 2.01
24.0 0.182 0.77 2.0
24.1 0.172 0.772 1.98
24.2 0.161 0.773 1.97
24.3 0.151 0.773 1.95
24.4 0.142 0.774 1.94
24.5 0.133 0.774 1.92
24.6 0.124 0.773 1.91
24.7 0.115 0.773 1.9
24.8 0.107 0.772 1.88
24.9 0.0987 0.772 1.87
25.0 0.0911 0.771 1.85
25.1 0.0841 0.77 1.84
25.2 0.0781 0.769 1.83
25.3 0.0729 0.768 1.82
25.4 0.0683 0.767 1.81
25.5 0.0643 0.767 1.79
25.6 0.0608 0.766 1.78
25.7 0.0578 0.766 1.77
25.8 0.0554 0.766 1.77
25.9 0.0534 0.765 1.76
26.0 0.052 0.765 1.75
26.1 0.051 0.765 1.74
26.2 0.0504 0.765 1.73
26.3 0.0501 0.766 1.73
26.4 0.0502 0.766 1.72
26.5 0.0506 0.766 1.72
26.6 0.0512 0.767 1.71
26.7 0.0521 0.768 1.71
26.8 0.0531 0.768 1.7
26.9 0.0538 0.769 1.7
27.0 0.0538 0.77 1.69
27.1 0.0531 0.77 1.69
27.2 0.0518 0.771 1.68
27.3 0.0501 0.772 1.68
27.4 0.0478 0.773 1.68
27.5 0.0452 0.774 1.67
27.6 0.0422 0.774 1.67
27.7 0.0388 0.775 1.67
27.8 0.0351 0.776 1.67
27.9 0.0313 0.776 1.66
28.0 0.0274 0.777 1.66
28.1 0.0235 0.778 1.66
28.2 0.0197 0.778 1.66
28.3 0.016 0.779 1.66
28.4 0.0124 0.78 1.65
28.5 0.00901 0.78 1.65
28.6 0.00575 0.781 1.65
28.7 0.00266 0.781 1.65
28.8 -0.000194 0.781 1.65
28.9 -0.0028 0.782 1.65
29.0 -0.00516 0.782 1.65
29.1 -0.00729 0.783 1.65
29.2 -0.00916 0.783 1.65
29.3 -0.0108 0.783 1.65
29.4 -0.0122 0.783 1.64
29.5 -0.0134 0.784 1.64
29.6 -0.0143 0.784 1.64
29.7 -0.0151 0.784 1.64
29.8 -0.0158 0.784 1.64
29.9 -0.0162 0.784 1.64
30.0 -0.0166 0.785 1.64
30.1 -0.0167 0.785 1.64
30.2 -0.0168 0.785 1.64
30.3 -0.0168 0.785 1.64
30.4 -0.0166 0.785 1.64
30.5 -0.0163 0.785 1.64
30.6 -0.016 0.785 1.64
30.7 -0.0155 0.785 1.64
30.8 -0.015 0.785 1.64
30.9 -0.0144 0.785 1.64
31.0 -0.0138 0.785 1.64
31.1 -0.0131 0.785 1.64
31.2 -0.0124 0.785 1.64
31.3 -0.0117 0.785 1.64
31.4 -0.011 0.784 1.64
31.5 -0.0103 0.784 1.64
31.6 -0.00955 0.784 1.63
31.7 -0.00888 0.784 1.63
31.8 -0.00828 0.784 1.63
31.9 -0.00775 0.784 1.63
32.0 -0.00728 0.784 1.63
32.1 -0.00688 0.784 1.63
32.2 -0.00655 0.784 1.63
32.3 -0.00629 0.784 1.63
32.4 -0.00609 0.784 1.63
32.5 -0.00597 0.784 1.63
32.6 -0.00591 0.784 1.63
32.7 -0.0058 0.784 1.63
32.8 -0.00554 0.784 1.63
32.9 -0.00515 0.784 1.63
33.0 -0.00465 0.784 1.63
33.1 -0.00404 0.785 1.63
33.2 -0.00335 0.785 1.63
33.3 -0.00263 0.785 1.63
33.4 -0.0019 0.785 1.63
33.5 -0.00121 0.785 1.63
33.6 -0.000546 0.785 1.63
33.7 6.63e-05 0.785 1.62
33.8 0.000622 0.784 1.62
33.9 0.00112 0.784 1.62
34.0 0.00231 0.786 1.62
34.1 0.00491 0.791 1.62
34.2 0.0089 0.8 1.62
34.3 0.0132 0.809 1.62
34.4 0.0166 0.817 1.62
34.5 0.0193 0.823 1.62
34.6 0.0212 0.828 1.62
34.7 0.0224 0.831 1.62
34.8 0.0228 0.832 1.62
34.9 0.0225 0.832 1.62
35.0 0.0215 0.83 1.62
35.1 0.02 0.828 1.62
35.2 0.018 0.825 1.62
35.3 0.0156 0.821 1.62
35.4 0.0128 0.816 1.62
35.5 0.0097 0.811 1.62
35.6 0.00642 0.806 1.62
35.7 0.00306 0.801 1.62
35.8 -0.000321 0.796 1.62
35.9 -0.00364 0.791 1.61
36.0 -0.00685 0.787 1.61
36.1 -0.00993 0.782 1.61
36.2 -0.0128 0.778 1.61
36.3 -0.0156 0.775 1.61
36.4 -0.0181 0.772 1.61
36.5 -0.0204 0.769 1.61
36.6 -0.0224 0.766 1.61
36.7 -0.0243 0.764 1.6
36.8 -0.026 0.762 1.6
36.9 -0.0274 0.76 1.6
37.0 -0.0286 0.759 1.6
37.1 -0.0297 0.758 1.6
37.2 -0.0306 0.757 1.6
37.3 -0.0312 0.756 1.6
37.4 -0.0317 0.756 1.6
37.5 -0.0321 0.756 1.59
37.6 -0.0323 0.755 1.59
37.7 -0.0323 0.755 1.59
37.8 -0.0322 0.756 1.59
37.9 -0.032 0.756 1.59
38.0 -0.0317 0.756 1.59
38.1 -0.0312 0.756 1.59
38.2 -0.0307 0.757 1.59
38.3 -0.0301 0.757 1.59
38.4 -0.0293 0.758 1.58
38.5 -0.0286 0.758 1.58
38.6 -0.0277 0.759 1.58
38.7 -0.0268 0.759 1.58
38.8 -0.0258 0.76 1.58
38.9 -0.0249 0.76 1.58
39.0 -0.0239 0.761 1.58
39.1 -0.0229 0.761 1.58
39.2 -0.0218 0.762 1.58
39.3 -0.0208 0.762 1.58
39.4 -0.0198 0.763 1.58
39.5 -0.0188 0.763 1.57
39.6 -0.0177 0.763 1.57
39.7 -0.0168 0.763 1.57
39.8 -0.0158 0.764 1.57
39.9 -0.015 0.764 1.57
40.0 -0.0144 0.764 1.57
40.1 -0.0141 0.764 1.57
40.2 -0.0139 0.764 1.57
40.3 -0.0139 0.764 1.57
40.4 -0.0141 0.765 1.57
40.5 -0.0145 0.765 1.57
40.6 -0.0149 0.765 1.57
40.7 -0.0153 0.766 1.57
40.8 -0.0158 0.766 1.57
40.9 -0.0163 0.767 1.57
41.0 -0.0169 0.767 1.57
41.1 -0.0174 0.768 1.57
41.2 -0.0178 0.768 1.57
41.3 -0.0183 0.769 1.57
41.4 -0.0187 0.769 1.57
41.5 -0.019 0.769 1.57
41.6 -0.0192 0.77 1.57
41.7 -0.0195 0.77 1.57
41.8 -0.0196 0.77 1.57
41.9 -0.0197 0.77 1.57
42.0 -0.0197 0.77 1.57
42.1 -0.0198 0.77 1.57
42.2 -0.0198 0.77 1.57
42.3 -0.0198 0.77 1.57
42.4 -0.0198 0.77 1.57
42.5 -0.0198 0.77 1.57
42.6 -0.0198 0.769 1.57
42.7 -0.0199 0.769 1.57
42.8 -0.0199 0.769 1.57
42.9 -0.02 0.768 1.57
43.0 -0.0201 0.768 1.57
43.1 -0.0202 0.767 1.57
43.2 -0.0203 0.767 1.57
43.3 -0.0204 0.767 1.57
43.4 -0.0205 0.767 1.57
43.5 -0.0206 0.766 1.57
43.6 -0.0207 0.766 1.57
43.7 -0.0208 0.766 1.57
43.8 -0.0208 0.766 1.57
43.9 -0.0207 0.765 1.57
44.0 -0.0206 0.765 1.57
44.1 -0.0205 0.765 1.57
44.2 -0.0203 0.765 1.57
44.3 -0.0202 0.765 1.57
44.4 -0.02 0.764 1.57
44.5 -0.0197 0.764 1.57
44.6 -0.0195 0.764 1.57
44.7 -0.0193 0.764 1.57
44.8 -0.019 0.763 1.57
44.9 -0.0187 0.763 1.57
45.0 -0.0185 0.763 1.57
45.1 -0.0182 0.763 1.57
45.2 -0.018 0.762 1.57
45.3 -0.0178 0.762 1.57
45.4 -0.0176 0.762 1.57
45.5 -0.0174 0.761 1.57
45.6 -0.0173 0.761 1.57
45.7 -0.0171 0.76 1.57
45.8 -0.0169 0.76 1.57
45.9 -0.0168 0.76 1.57
46.0 -0.0165 0.759 1.57
46.1 -0.0163 0.759 1.57
46.2 -0.016 0.759 1.57
46.3 -0.0156 0.758 1.57
46.4 -0.0149 0.758 1.57
46.5 -0.0138 0.759 1.57
46.6 -0.0124 0.759 1.57
46.7 -0.0107 0.759 1.57
46.8 -0.00877 0.76 1.57
46.9 -0.00664 0.76 1.57
47.0 -0.00446 0.761 1.57
47.1 -0.00223 0.762 1.56
47.2 6.89e-05 0.762 1.56
47.3 0.00246 0.763 1.56
47.4 0.00494 0.764 1.56
47.5 0.00751 0.764 1.56
47.6 0.0102 0.765 1.55
47.7 0.0129 0.765 1.55
47.8 0.0158 0.766 1.55
47.9 0.0186 0.766 1.55
48.0 0.0215 0.767 1.54
48.1 0.0245 0.767 1.54
48.2 0.0275 0.767 1.54
48.3 0.0305 0.767 1.54
48.4 0.0334 0.767 1.53
48.5 0.0364 0.767 1.53
48.6 0.0393 0.766 1.53
48.7 0.0421 0.766 1.52
48.8 0.0449 0.766 1.52
48.9 0.0477 0.765 1.52
49.0 0.0503 0.764 1.51
49.1 0.053 0.764 1.51
49.2 0.0556 0.763 1.51
49.3 0.0581 0.762 1.51
49.4 0.0606 0.762 1.5
49.5 0.063 0.761 1.5
49.6 0.0654 0.76 1.5
49.7 0.0677 0.759 1.49
49.8 0.07 0.758 1.49
49.9 0.0723 0.757 1.49
