0.0 0.0
0.1 -2.98e-17
0.2 -2.98e-17
0.3 -2.98e-17
0.4 -2.98e-17
0.5 -2.98e-17
0.6 -2.98e-17
0.7 -2.98e-17
0.8 0.000977
0.9 0.000977
1.0 0.00125
1.1 0.00125
1.2 0.00124
1.3 0.00118
1.4 0.00118
1.5 0.00118
1.6 0.00118
1.7 0.00105
1.8 0.00104
1.9 0.00104
2.0 0.00103
2.1 0.00103
2.2 0.00102
2.3 0.00102
2.4 0.00101
2.5 0.001
2.6 0.00136
2.7 0.00135
2.8 0.00134
2.9 0.00141
3.0 0.0014
3.1 0.00135
3.2 0.00134
3.3 0.00123
3.4 0.000942
3.5 0.00084
3.6 0.000829
3.7 0.000785
3.8 0.000698
3.9 0.000732
4.0 0.000675
4.1 0.000579
4.2 0.000565
4.3 0.000513
4.4 0.000394
4.5 0.000377
4.6 0.000308
4.7 0.000294
4.8 0.000294
4.9 0.000275
5.0 0.000256
5.1 0.000236
5.2 0.000213
5.3 0.000184
5.4 0.000125
5.5 6.46e-05
5.6 -1.45e-05
5.7 -0.000128
5.8 -0.000146
5.9 -0.000207
6.0 -0.000349
6.1 -0.000381
6.2 -0.000411
6.3 -0.000493
6.4 -0.000524
6.5 -0.000545
6.6 -0.000603
6.7 -0.00066
6.8 -0.000675
6.9 -0.000689
7.0 -0.000707
7.1 -0.000766
7.2 -0.000761
7.3 -0.000758
7.4 -0.000738
7.5 -0.000758
7.6 -0.000883
7.7 -0.000889
7.8 -0.000879
7.9 -0.000959
8.0 -0.00108
8.1 -0.00109
8.2 -0.00121
8.3 -0.00136
8.4 -0.00137
8.5 -0.00137
8.6 -0.00138
8.7 -0.00139
8.8 -0.00142
8.9 -0.00144
9.0 -0.00145
9.1 -0.00146
9.2 -0.00146
9.3 -0.00146
9.4 -0.00138
9.5 -0.00142
9.6 -0.00142
9.7 -0.00142
9.8 -0.00142
9.9 -0.00142
10.0 -0.00142
10.1 -0.00143
10.2 -0.00112
10.3 -0.0287
10.4 -0.0388
10.5 -0.0485
10.6 -0.058
10.7 -0.0675
10.8 -0.077
10.9 -0.0863
11.0 -0.0956
11.1 -0.105
11.2 -0.114
11.3 -0.124
11.4 -0.134
11.5 -0.146
11.6 -0.181
11.7 -0.186
11.8 -0.197
11.9 -0.207
12.0 -0.214
12.1 -0.222
12.2 -0.231
12.3 -0.24
12.4 -0.251
12.5 -0.259
12.6 -0.269
12.7 -0.277
12.8 -0.286
12.9 -0.294
13.0 -0.303
13.1 -0.317
13.2 -0.333
13.3 -0.341
13.4 -0.348
13.5 -0.355
13.6 -0.361
13.7 -0.367
13.8 -0.372
13.9 -0.375
14.0 -0.378
14.1 -0.389
14.2 -0.403
14.3 -0.412
14.4 -0.417
14.5 -0.425
14.6 -0.438
14.7 -0.443
14.8 -0.445
14.9 -0.451
15.0 -0.46
15.1 -0.472
15.2 -0.47
15.3 -0.469
15.4 -0.471
15.5 -0.477
15.6 -0.48
15.7 -0.48
15.8 -0.488
15.9 -0.517
16.0 -0.52
16.1 -0.522
16.2 -0.526
16.3 -0.556
16.4 -0.563
16.5 -0.563
16.6 -0.563
16.7 -0.566
16.8 -0.568
16.9 -0.57
17.0 -0.571
17.1 -0.573
17.2 -0.573
17.3 -0.573
17.4 -0.573
17.5 -0.574
17.6 -0.574
17.7 -0.574
17.8 -0.579
17.9 -0.586
18.0 -0.595
18.1 -0.613
18.2 -0.622
18.3 -0.629
18.4 -0.637
18.5 -0.637
18.6 -0.668
18.7 -0.676
18.8 -0.685
18.9 -0.692
19.0 -0.691
19.1 -0.698
19.2 -0.704
19.3 -0.714
19.4 -0.72
19.5 -0.722
19.6 -0.726
19.7 -0.731
19.8 -0.761
19.9 -0.761
20.0 -0.77
20.1 -0.771
20.2 -0.961
20.3 -0.967
20.4 -0.97
20.5 -0.972
20.6 -0.974
20.7 -0.976
20.8 -0.978
20.9 -0.979
21.0 -0.979
21.1 -0.98
21.2 -0.986
21.3 -0.993
21.4 -1.0
21.5 -1.0
21.6 -1.0
21.7 -1.0
21.8 -1.0
21.9 -1.0
22.0 -1.0
22.1 -1.0
22.2 -1.0
22.3 -1.0
22.4 -1.0
22.5 -1.0
22.6 -1.0
22.7 -1.0
22.8 -1.0
22.9 -1.0
23.0 -1.0
23.1 -1.0
23.2 -1.0
23.3 -1.0
23.4 -1.0
23.5 -1.0
23.6 -1.0
23.7 -1.0
23.8 -1.0
23.9 -1.0
24.0 -1.0
24.1 -1.0
24.2 -1.0
24.3 -1.0
24.4 -1.0
24.5 -1.0
24.6 -1.0
24.7 -1.0
24.8 -1.0
24.9 -1.0
25.0 -1.0
25.1 -1.0
25.2 -1.0
25.3 -1.0
25.4 -1.0
25.5 -1.0
25.6 -1.0
25.7 -1.0
25.8 -1.0
25.9 -1.0
26.0 -1.0
26.1 -1.0
26.2 -1.0
26.3 -1.0
26.4 -1.0
26.5 -1.0
26.6 -1.0
26.7 -1.0
26.8 -1.0
26.9 -1.0
27.0 -1.0
27.1 -1.0
27.2 -1.0
27.3 -1.0
27.4 -1.0
27.5 -1.0
27.6 -1.0
27.7 -1.0
27.8 -1.0
27.9 -1.0
28.0 -1.0
28.1 -1.0
28.2 -1.0
28.3 -1.0
28.4 -1.0
28.5 -1.0
28.6 -1.0
28.7 -1.0
28.8 -1.0
28.9 -1.0
29.0 -1.0
29.1 -1.0
29.2 -1.0
29.3 -1.0
29.4 -1.0
29.5 -1.0
29.6 -1.0
29.7 -1.0
29.8 -1.0
29.9 -1.0
30.0 -1.0
30.1 -1.0
30.2 -1.0
30.3 -1.0
30.4 -1.0
30.5 -1.0
30.6 -1.0
30.7 -1.0
30.8 -1.0
30.9 -1.0
31.0 -1.0
31.1 -1.0
31.2 -1.0
31.3 -1.0
31.4 -1.0
31.5 -1.0
31.6 -1.0
31.7 -1.0
31.8 -1.0
31.9 -1.0
32.0 -1.0
32.1 -1.0
32.2 -1.0
32.3 -1.0
32.4 -1.0
32.5 -1.0
32.6 -1.0
32.7 -1.0
32.8 -1.0
32.9 -1.0
33.0 -1.0
33.1 -1.0
33.2 -1.0
33.3 -1.0
33.4 -1.0
33.5 -1.0
33.6 -1.0
33.7 -1.0
33.8 -1.0
33.9 -1.0
34.0 -1.0
34.1 -1.0
34.2 -1.0
34.3 -1.0
34.4 -1.0
34.5 -1.0
34.6 -1.0
34.7 -1.0
34.8 -1.0
34.9 -1.0
35.0 -1.0
35.1 -1.0
35.2 -1.0
35.3 -1.0
35.4 -1.0
35.5 -1.0
35.6 -1.0
35.7 -1.0
35.8 -1.0
35.9 -1.0
36.0 -1.0
36.1 -1.0
36.2 -1.0
36.3 -1.0
36.4 -1.0
36.5 -1.0
36.6 -1.0
36.7 -1.0
36.8 -1.0
36.9 -1.0
37.0 -1.0
37.1 -1.0
37.2 -1.0
37.3 -1.0
37.4 -1.0
37.5 -1.0
37.6 -1.0
37.7 -1.0
37.8 -1.0
37.9 -1.0
38.0 -1.0
38.1 -1.0
38.2 -1.0
38.3 -1.0
38.4 -1.0
38.5 -1.0
38.6 -1.0
38.7 -1.0
38.8 -1.0
38.9 -1.0
39.0 -1.0
39.1 -1.0
39.2 -1.0
39.3 -1.0
39.4 -1.0
39.5 -1.0
39.6 -1.0
39.7 -1.0
39.8 -1.0
39.9 -1.0
40.0 -1.0
40.1 -1.0
40.2 -1.0
40.3 -1.0
40.4 -1.0
40.5 -1.0
40.6 -1.0
40.7 -1.0
40.8 -1.0
40.9 -1.0
41.0 -1.0
41.1 -1.0
41.2 -1.0
41.3 -1.0
41.4 -1.0
41.5 -1.0
41.6 -1.0
41.7 -1.0
41.8 -1.0
41.9 -1.0
42.0 -1.0
42.1 -1.0
42.2 -1.0
42.3 -1.0
42.4 -1.0
42.5 -1.0
42.6 -1.0
42.7 -1.0
42.8 -1.0
42.9 -1.0
43.0 -1.0
43.1 -1.0
43.2 -1.0
43.3 -1.0
43.4 -0.966
43.5 -0.968
43.6 -0.969
43.7 -0.969
43.8 -0.974
43.9 -0.982
44.0 -0.99
44.1 -0.999
44.2 -1.0
44.3 -1.0
44.4 -1.0
44.5 -1.0
44.6 -1.0
44.7 -1.0
44.8 -1.0
44.9 -1.0
45.0 -1.0
45.1 -1.0
45.2 -1.0
45.3 -1.0
45.4 -1.0
45.5 -1.0
45.6 -1.0
45.7 -1.0
45.8 -1.0
45.9 -1.0
46.0 -1.0
46.1 -1.0
46.2 -1.0
46.3 -1.0
46.4 -1.0
46.5 -1.0
46.6 -1.0
46.7 -1.0
46.8 -1.0
46.9 -1.0
47.0 -1.0
47.1 -1.0
47.2 -1.0
47.3 -1.0
47.4 -1.0
47.5 -1.0
47.6 -1.0
47.7 -1.0
47.8 -1.0
47.9 -1.0
48.0 -1.0
48.1 -1.0
48.2 -1.0
48.3 -1.0
48.4 -1.0
48.5 -1.0
48.6 -1.0
48.7 -1.0
48.8 -1.0
48.9 -1.0
49.0 -1.0
49.1 -1.0
49.2 -1.0
49.3 -1.0
49.4 -1.0
49.5 -1.0
49.6 -1.0
49.7 -1.0
49.8 -1.0
49.9 -1.0
