0.0 0.104 2.73e-24 -0.0566 0.119
0.1 0.201 2.08e-23 -0.107 0.228
0.2 0.291 6.67e-23 -0.153 0.329
0.3 0.374 1.5e-22 -0.194 0.421
0.4 0.451 2.8e-22 -0.23 0.506
0.5 0.522 4.6e-22 -0.263 0.584
0.6 0.588 6.96e-22 -0.292 0.656
0.7 0.649 -8.95e-11 -0.318 0.723
0.8 0.705 -6.81e-10 -0.341 0.784
0.9 0.561 -0.00017 -0.329 0.65
1.0 0.427 -0.000328 -0.318 0.533
1.1 0.304 -3.37e-05 -0.226 0.378
1.2 0.189 0.00024 -0.142 0.236
1.3 0.0826 0.000494 -0.067 0.106
1.4 -0.0157 0.00073 0.000575 0.0157
1.5 -0.107 0.000949 0.0611 0.123
1.6 -0.191 0.00115 0.115 0.223
1.7 -0.269 -0.00154 0.163 0.315
1.8 -0.342 -0.00405 0.206 0.399
1.9 -0.409 -0.00637 0.244 0.476
2.0 -0.471 -0.00854 0.278 0.547
2.1 -0.528 -0.0105 0.308 0.612
2.2 -0.581 -0.0124 0.335 0.671
2.3 -0.631 -0.0141 0.358 0.725
2.4 -0.676 -0.0157 0.379 0.776
2.5 -0.719 0.0135 0.388 0.817
2.6 -0.758 0.0163 0.342 0.831
2.7 -0.746 0.0156 0.297 0.803
2.8 -0.662 0.0131 0.252 0.708
2.9 -0.555 0.01 0.21 0.593
3.0 -0.455 0.00719 0.173 0.487
3.1 -0.372 0.00431 0.162 0.406
3.2 -0.295 0.00163 0.153 0.332
3.3 -0.262 0.00157 0.15 0.302
3.4 -0.232 0.00151 0.148 0.275
3.5 -0.223 0.00138 0.178 0.285
3.6 -0.214 0.00125 0.205 0.297
3.7 -0.206 0.00113 0.23 0.308
3.8 -0.22 0.000995 0.245 0.329
3.9 -0.233 0.00087 0.259 0.348
4.0 -0.245 0.000753 0.272 0.366
4.1 -0.237 0.000815 0.278 0.366
4.2 -0.23 0.000873 0.284 0.366
4.3 -0.223 0.000927 0.29 0.366
4.4 -0.241 0.000908 0.298 0.384
4.5 -0.259 0.000891 0.306 0.401
4.6 -0.262 0.000911 0.332 0.423
4.7 -0.264 0.00093 0.355 0.443
4.8 -0.267 0.000948 0.376 0.461
4.9 -0.269 0.000964 0.395 0.478
5.0 -0.271 0.000979 0.412 0.493
5.1 -0.273 0.000993 0.427 0.507
5.2 -0.275 0.00101 0.44 0.519
5.3 -0.276 0.00102 0.452 0.53
5.4 -0.278 0.00103 0.463 0.54
5.5 -0.279 0.00104 0.473 0.549
5.6 -0.281 0.00105 0.481 0.557
5.7 -0.301 0.0011 0.489 0.574
5.8 -0.32 0.00114 0.496 0.59
5.9 -0.337 0.00118 0.502 0.605
6.0 -0.325 0.00115 0.508 0.603
6.1 -0.314 0.00112 0.513 0.601
6.2 -0.304 0.0011 0.517 0.6
6.3 -0.315 0.00109 0.521 0.609
6.4 -0.325 0.00109 0.525 0.617
6.5 -0.335 0.00108 0.528 0.625
6.6 -0.325 0.00108 0.531 0.622
6.7 -0.327 0.00107 0.533 0.625
6.8 -0.332 0.00106 0.535 0.63
6.9 -0.327 0.00106 0.537 0.629
7.0 -0.323 0.00105 0.539 0.628
7.1 -0.323 0.00104 0.541 0.63
7.2 -0.328 0.00103 0.542 0.634
7.3 -0.339 0.00101 0.543 0.64
7.4 -0.354 0.000992 0.544 0.65
7.5 -0.368 0.000972 0.545 0.658
7.6 -0.363 0.000911 0.546 0.656
7.7 -0.357 0.000855 0.547 0.653
7.8 -0.352 0.000802 0.548 0.651
7.9 -0.347 0.000754 0.548 0.649
8.0 -0.365 0.000946 0.549 0.659
8.1 -0.382 0.00112 0.549 0.669
8.2 -0.397 0.00129 0.55 0.678
8.3 -0.387 0.000668 0.55 0.673
8.4 -0.377 9.16e-05 0.551 0.667
8.5 -0.375 0.00113 0.551 0.667
8.6 -0.373 -0.000502 0.551 0.666
8.7 -0.366 -0.00182 0.551 0.662
8.8 -0.358 -0.00291 0.552 0.657
8.9 -0.354 -0.00237 0.552 0.656
9.0 -0.369 0.00206 0.543 0.657
9.1 -0.391 0.00645 0.509 0.642
9.2 -0.405 0.00422 0.455 0.609
9.3 -0.417 0.00216 0.406 0.582
9.4 -0.427 0.000265 0.361 0.56
9.5 -0.421 -0.000735 0.277 0.504
9.6 -0.412 -0.00163 0.2 0.458
9.7 -0.412 -0.00225 0.146 0.437
9.8 -0.41 -0.0028 0.0974 0.422
9.9 -0.406 -0.00328 0.0528 0.41
10.0 -0.4 -0.0037 0.0122 0.4
10.1 -0.393 -0.00437 -0.0246 0.394
10.2 -0.385 -0.00496 -0.058 0.39
10.3 -0.376 -0.0054 -0.0885 0.387
10.4 -0.367 -0.00567 -0.116 0.385
10.5 -0.357 -0.00585 -0.142 0.384
10.6 -0.347 -0.00594 -0.166 0.384
10.7 -0.336 -0.00594 -0.187 0.385
10.8 -0.325 -0.00587 -0.207 0.386
10.9 -0.315 -0.00571 -0.225 0.387
11.0 -0.304 -0.00547 -0.242 0.389
11.1 -0.293 -0.00517 -0.258 0.391
11.2 -0.283 -0.0048 -0.273 0.394
11.3 -0.273 -0.00436 -0.287 0.397
11.4 -0.264 -0.00386 -0.301 0.4
11.5 -0.265 -0.00191 -0.326 0.42
11.6 -0.269 0.000178 -0.35 0.441
11.7 -0.272 0.00216 -0.37 0.46
11.8 -0.274 0.00409 -0.389 0.476
11.9 -0.277 0.00664 -0.406 0.491
12.0 -0.348 -0.00909 -0.421 0.546
12.1 -0.411 -0.0236 -0.434 0.599
12.2 -0.468 -0.0369 -0.446 0.648
12.3 -0.507 -0.0478 -0.457 0.684
12.4 -0.502 -0.0557 -0.467 0.688
12.5 -0.475 -0.0623 -0.475 0.675
12.6 -0.44 -0.067 -0.483 0.657
12.7 -0.405 -0.0712 -0.49 0.64
12.8 -0.373 -0.0753 -0.496 0.625
12.9 -0.342 -0.0781 -0.502 0.612
13.0 -0.313 -0.0803 -0.507 0.601
13.1 -0.286 -0.0818 -0.511 0.591
13.2 -0.26 -0.0821 -0.515 0.583
13.3 -0.237 -0.0811 -0.518 0.576
13.4 -0.216 -0.0792 -0.521 0.57
13.5 -0.197 -0.0763 -0.524 0.565
13.6 -0.179 -0.0725 -0.527 0.561
13.7 -0.163 -0.0678 -0.529 0.558
13.8 -0.149 -0.0623 -0.531 0.555
13.9 -0.185 0.0635 -0.532 0.567
14.0 -0.221 0.182 -0.534 0.605
14.1 -0.249 0.285 -0.535 0.655
14.2 -0.299 0.358 -0.536 0.711
14.3 -0.368 0.268 -0.537 0.704
14.4 -0.429 0.182 -0.538 0.712
14.5 -0.485 0.097 -0.539 0.732
14.6 -0.534 0.0161 -0.54 0.76
14.7 -0.574 -0.059 -0.54 0.791
14.8 -0.605 -0.128 -0.541 0.821
14.9 -0.624 -0.189 -0.541 0.848
15.0 -0.632 -0.246 -0.541 0.867
15.1 -0.628 -0.292 -0.542 0.879
15.2 -0.612 -0.33 -0.541 0.881
15.3 -0.583 -0.357 -0.541 0.872
15.4 -0.542 -0.368 -0.541 0.85
15.5 -0.491 -0.368 -0.541 0.818
15.6 -0.444 -0.368 -0.54 0.79
15.7 -0.341 -0.153 -0.54 0.657
15.8 -0.223 0.0357 -0.541 0.586
15.9 -0.113 0.214 -0.541 0.593
16.0 -0.0225 0.351 -0.542 0.646
16.1 0.0522 0.478 -0.542 0.725
16.2 0.106 0.581 -0.542 0.802
16.3 0.00608 0.635 -0.543 0.836
16.4 -0.0863 0.686 -0.543 0.879
16.5 -0.172 0.732 -0.543 0.928
16.6 -0.251 0.552 -0.429 0.743
16.7 -0.325 0.42 -0.326 0.623
16.8 -0.393 0.318 -0.234 0.557
16.9 -0.456 0.229 -0.152 0.532
17.0 -0.514 0.161 -0.0781 0.544
17.1 -0.568 0.0977 -0.0119 0.576
17.2 -0.618 0.0388 0.0475 0.621
17.3 -0.664 -0.016 0.101 0.672
17.4 -0.707 -0.204 0.148 0.751
17.5 -0.747 -0.378 0.191 0.858
17.6 -0.783 -0.482 0.229 0.948
17.7 -0.817 -0.464 0.264 0.976
17.8 -0.848 -0.387 0.294 0.978
17.9 -0.85 -0.305 0.322 0.959
18.0 -0.85 -0.228 0.347 0.946
18.1 -0.852 -0.156 0.369 0.941
18.2 -0.841 -0.0847 0.389 0.93
18.3 -0.829 -0.0188 0.406 0.923
18.4 -0.817 0.0423 0.422 0.921
18.5 -0.803 0.0982 0.437 0.919
18.6 -0.441 0.0589 0.449 0.633
18.7 -0.113 0.0387 0.461 0.476
18.8 0.172 0.0572 0.471 0.504
18.9 0.427 0.0862 0.48 0.648
19.0 0.66 0.112 0.488 0.829
19.1 0.841 0.161 0.495 0.99
19.2 0.687 0.332 0.5 0.912
19.3 0.545 0.12 0.506 0.753
19.4 0.412 0.00505 0.504 0.651
19.5 0.29 -0.104 0.51 0.596
19.6 0.176 -0.206 0.515 0.582
19.7 0.0712 -0.272 0.52 0.591
19.8 -0.0261 -0.333 0.524 0.621
19.9 -0.116 -0.389 0.527 0.666
20.0 -0.2 -0.442 0.53 0.719
20.1 -0.277 -0.459 0.533 0.756
20.2 -0.349 -0.472 0.536 0.794
20.3 -0.415 -0.249 0.538 0.724
20.4 -0.476 -0.0421 0.54 0.721
20.5 -0.533 0.15 0.542 0.775
20.6 -0.585 0.303 0.544 0.854
20.7 -0.634 0.334 0.545 0.9
20.8 -0.679 0.303 0.546 0.923
20.9 -0.721 0.256 0.548 0.941
21.0 -0.759 0.214 0.549 0.961
21.1 -0.795 0.192 0.549 0.985
21.2 -0.809 0.123 0.55 0.986
21.3 -0.753 0.0628 0.551 0.936
21.4 -0.653 0.021 0.552 0.855
21.5 -0.549 0.00455 0.552 0.778
21.6 -0.439 -0.00716 0.553 0.706
21.7 -0.357 -0.0132 0.553 0.658
21.8 -0.288 -0.0092 0.553 0.624
21.9 -0.24 -0.00403 0.552 0.602
22.0 -0.213 -0.00676 0.512 0.555
22.1 -0.185 -0.00439 0.448 0.485
22.2 -0.166 -0.000494 0.389 0.423
22.3 -0.154 0.00186 0.336 0.37
22.4 -0.137 0.00585 0.288 0.319
22.5 -0.134 0.0139 0.248 0.282
22.6 -0.131 0.0214 0.212 0.25
22.7 -0.13 0.0168 0.189 0.23
22.8 -0.127 0.00309 0.18 0.221
22.9 -0.126 0.00124 0.173 0.214
23.0 -0.124 -0.000143 0.167 0.208
23.1 -0.114 0.00329 0.157 0.194
23.2 -0.106 0.00591 0.148 0.182
23.3 -0.0985 0.00836 0.139 0.171
23.4 -0.0942 0.00269 0.128 0.159
23.5 -0.0917 0.00422 0.117 0.149
23.6 -0.0893 0.00562 0.107 0.14
23.7 -0.0816 0.00121 0.0978 0.127
23.8 -0.0762 0.00422 0.089 0.117
23.9 -0.0674 0.0033 0.0803 0.105
24.0 -0.0591 0.00244 0.0725 0.0936
24.1 -0.0516 0.00165 0.0655 0.0834
24.2 -0.0445 0.000907 0.0592 0.0741
24.3 -0.0381 0.00426 0.0492 0.0624
24.4 -0.0321 0.00736 0.0402 0.052
24.5 -0.0286 0.00361 0.0298 0.0415
24.6 -0.0252 0.00186 0.0188 0.0315
24.7 -0.0221 0.000225 0.00889 0.0238
24.8 -0.0192 -0.0013 1.68e-05 0.0192
24.9 -0.00716 0.00488 -0.0126 0.0153
25.0 0.00763 0.00334 -0.0255 0.0268
25.1 0.0159 0.00326 -0.0243 0.0292
25.2 0.0235 0.00317 -0.0233 0.0332
25.3 0.0305 0.00309 -0.0224 0.038
25.4 0.0348 -0.00656 -0.0251 0.0434
25.5 0.0413 -0.00656 -0.0324 0.0529
25.6 0.0474 -0.00656 -0.0389 0.0617
25.7 0.0513 -0.014 -0.0538 0.0756
25.8 0.0577 -0.0126 -0.0678 0.0899
25.9 0.0636 -0.0114 -0.0805 0.103
26.0 0.069 -0.0102 -0.0918 0.115
26.1 0.0741 -0.00916 -0.102 0.126
26.2 0.0787 -0.00817 -0.111 0.136
26.3 0.083 -0.00725 -0.119 0.145
26.4 0.0931 -0.0135 -0.126 0.157
26.5 0.102 -0.0194 -0.132 0.168
26.6 0.111 -0.0248 -0.138 0.179
26.7 0.113 -0.0206 -0.146 0.185
26.8 0.114 -0.0167 -0.153 0.191
26.9 0.123 -0.0201 -0.164 0.206
27.0 0.132 -0.0233 -0.175 0.22
27.1 0.132 -0.0207 -0.189 0.231
27.2 0.139 -0.022 -0.204 0.247
27.3 0.145 -0.0232 -0.217 0.262
27.4 0.151 -0.0243 -0.229 0.275
27.5 0.156 -0.0253 -0.24 0.287
27.6 0.161 -0.0263 -0.25 0.298
27.7 0.165 -0.0272 -0.258 0.308
27.8 0.17 -0.0281 -0.266 0.317
27.9 0.173 -0.0294 -0.287 0.336
28.0 0.176 -0.0307 -0.306 0.354
28.1 0.179 -0.0319 -0.322 0.37
28.2 0.19 -0.0321 -0.333 0.385
28.3 0.2 -0.0323 -0.342 0.398
28.4 0.201 -0.0338 -0.349 0.404
28.5 0.201 -0.0351 -0.356 0.41
28.6 0.202 -0.0364 -0.362 0.416
28.7 0.213 -0.0372 -0.371 0.429
28.8 0.215 -0.0382 -0.384 0.442
28.9 0.217 -0.0391 -0.396 0.453
29.0 0.219 -0.0399 -0.406 0.463
29.1 0.233 -0.0407 -0.42 0.482
29.2 0.239 -0.0414 -0.434 0.497
29.3 0.244 -0.0422 -0.446 0.51
29.4 0.249 -0.0428 -0.456 0.521
29.5 0.253 -0.0434 -0.466 0.532
29.6 0.258 -0.044 -0.474 0.542
29.7 0.261 -0.0445 -0.482 0.55
29.8 0.265 -0.045 -0.489 0.558
29.9 0.268 -0.0455 -0.495 0.565
30.0 0.271 -0.0459 -0.501 0.571
30.1 0.274 -0.0463 -0.506 0.577
30.2 0.277 -0.0467 -0.51 0.582
30.3 0.279 -0.047 -0.514 0.587
30.4 0.281 -0.0474 -0.518 0.591
30.5 0.283 -0.0477 -0.521 0.595
30.6 0.285 -0.0479 -0.524 0.598
30.7 0.287 -0.0482 -0.526 0.601
30.8 0.295 -0.0518 -0.528 0.607
30.9 0.302 -0.0551 -0.53 0.613
31.0 0.308 -0.0581 -0.532 0.618
31.1 0.31 -0.0556 -0.534 0.62
31.2 0.311 -0.0532 -0.535 0.621
31.3 0.312 -0.0509 -0.537 0.623
31.4 0.313 -0.0489 -0.538 0.624
31.5 0.324 -0.0536 -0.53 0.624
31.6 0.323 -0.0517 -0.516 0.611
31.7 0.332 -0.0535 -0.497 0.6
31.8 0.332 -0.0525 -0.477 0.583
31.9 0.331 -0.0516 -0.459 0.568
32.0 0.339 -0.0521 -0.439 0.557
32.1 0.346 -0.0525 -0.421 0.547
32.2 0.343 -0.0517 -0.4 0.529
32.3 0.348 -0.0515 -0.378 0.516
32.4 0.339 -0.0395 -0.358 0.495
32.5 0.301 -0.0376 -0.332 0.45
32.6 0.253 -0.0335 -0.308 0.4
32.7 0.21 -0.0159 -0.291 0.36
32.8 0.172 0.00027 -0.276 0.325
32.9 0.135 0.000865 -0.257 0.29
33.0 0.107 0.00903 -0.232 0.255
33.1 0.0841 0.0158 -0.209 0.226
33.2 0.0699 0.0298 -0.178 0.193
33.3 0.0625 0.0414 -0.15 0.167
33.4 0.0581 0.0493 -0.113 0.136
33.5 0.0561 0.0562 -0.0802 0.113
33.6 0.0602 0.0808 -0.049 0.112
33.7 0.0735 0.115 -0.0157 0.138
33.8 0.0859 0.148 0.0142 0.171
33.9 0.0974 0.178 0.041 0.207
34.0 0.193 0.27 0.0826 0.342
34.1 0.281 0.356 0.12 0.469
34.2 0.362 0.436 0.153 0.587
34.3 0.637 0.307 0.195 0.733
34.4 0.891 0.188 0.233 0.94
34.5 1.13 0.0768 0.267 1.16
34.6 1.33 -0.118 0.297 1.37
34.7 1.51 -0.298 0.324 1.58
34.8 1.31 -0.466 0.348 1.43
34.9 1.12 -0.562 0.37 1.31
35.0 0.945 -0.532 0.39 1.15
35.1 0.783 -0.447 0.407 0.989
35.2 0.633 -0.347 0.423 0.837
35.3 0.494 -0.255 0.437 0.707
35.4 0.365 -0.181 0.449 0.606
35.5 0.246 -0.124 0.461 0.536
35.6 0.135 -0.082 0.471 0.496
35.7 0.0393 -0.0523 0.48 0.484
35.8 0.0467 -0.0303 0.488 0.491
35.9 0.103 -0.0162 0.495 0.506
36.0 0.174 -0.00768 0.502 0.531
36.1 0.241 0.000228 0.507 0.561
36.2 0.296 0.000697 0.513 0.592
36.3 0.347 0.00114 0.517 0.623
36.4 0.374 0.00651 0.521 0.642
36.5 0.399 0.0115 0.525 0.66
36.6 0.408 0.0157 0.528 0.668
36.7 0.415 0.0196 0.531 0.675
36.8 0.422 0.0232 0.534 0.681
36.9 0.429 0.0266 0.537 0.687
37.0 0.421 0.0338 0.539 0.685
37.1 0.414 0.0405 0.541 0.682
37.2 0.407 0.0467 0.542 0.68
37.3 0.414 0.0538 0.544 0.685
37.4 0.42 0.0603 0.545 0.691
37.5 0.425 0.0664 0.547 0.695
37.6 0.416 0.0752 0.548 0.692
37.7 0.407 0.0835 0.549 0.688
37.8 0.399 0.0911 0.549 0.685
37.9 0.403 0.101 0.55 0.69
38.0 0.407 0.111 0.551 0.694
38.1 0.41 0.12 0.552 0.698
38.2 0.4 0.13 0.552 0.694
38.3 0.39 0.14 0.553 0.691
38.4 0.382 0.149 0.553 0.688
38.5 0.374 0.157 0.553 0.686
38.6 0.376 0.172 0.554 0.691
38.7 0.377 0.186 0.554 0.696
38.8 0.368 0.197 0.554 0.694
38.9 0.36 0.208 0.555 0.693
39.0 0.352 0.218 0.555 0.692
39.1 0.345 0.227 0.555 0.692
39.2 0.338 0.235 0.555 0.691
39.3 0.324 0.252 0.555 0.69
39.4 0.31 0.267 0.555 0.69
39.5 0.298 0.28 0.555 0.69
39.6 0.287 0.291 0.555 0.69
39.7 0.277 0.301 0.555 0.69
39.8 0.265 0.31 0.556 0.689
39.9 0.25 0.316 0.501 0.643
40.0 0.233 0.328 0.392 0.561
40.1 0.217 0.338 0.294 0.498
40.2 0.202 0.348 0.207 0.452
40.3 0.188 0.357 0.128 0.423
40.4 0.171 0.356 0.0581 0.399
40.5 0.15 0.362 -0.00502 0.391
40.6 0.136 0.362 -0.0616 0.392
40.7 0.112 0.366 -0.112 0.399
40.8 0.089 0.366 -0.158 0.408
40.9 0.0765 0.371 -0.198 0.428
41.0 0.0564 0.377 -0.235 0.448
41.1 0.0378 0.383 -0.268 0.469
41.2 0.0148 0.379 -0.297 0.482
41.3 0.000291 0.379 -0.323 0.498
41.4 -0.0236 0.377 -0.347 0.513
41.5 -0.0457 0.374 -0.368 0.527
41.6 -0.0659 0.369 -0.387 0.539
41.7 -0.0816 0.354 -0.404 0.544
41.8 -0.105 0.347 -0.419 0.554
41.9 -0.126 0.34 -0.433 0.565
42.0 -0.146 0.333 -0.445 0.575
42.1 -0.164 0.327 -0.456 0.585
42.2 -0.175 0.314 -0.466 0.588
42.3 -0.195 0.304 -0.475 0.596
42.4 -0.207 0.288 -0.482 0.599
42.5 -0.218 0.273 -0.489 0.601
42.6 -0.238 0.256 -0.496 0.607
42.7 -0.249 0.238 -0.501 0.608
42.8 -0.256 0.22 -0.506 0.608
42.9 -0.268 0.196 -0.511 0.609
43.0 -0.277 0.173 -0.515 0.61
43.1 -0.286 0.159 -0.518 0.613
43.2 -0.292 0.146 -0.522 0.615
43.3 -0.289 0.131 -0.524 0.613
43.4 -0.287 0.117 -0.527 0.611
43.5 -0.284 0.104 -0.529 0.61
43.6 -0.305 0.0641 -0.531 0.616
43.7 -0.317 0.0365 -0.533 0.621
43.8 -0.318 0.0151 -0.535 0.622
43.9 -0.319 -0.00471 -0.536 0.624
44.0 -0.321 -0.023 -0.537 0.626
44.1 -0.305 -0.0385 -0.538 0.62
44.2 -0.292 -0.053 -0.539 0.615
44.3 -0.28 -0.0667 -0.54 0.612
44.4 -0.27 -0.0797 -0.541 0.61
44.5 -0.261 -0.0985 -0.542 0.609
44.6 -0.252 -0.116 -0.542 0.609
44.7 -0.243 -0.131 -0.543 0.609
44.8 -0.233 -0.144 -0.543 0.608
44.9 -0.222 -0.155 -0.543 0.607
45.0 -0.207 -0.166 -0.544 0.605
45.1 -0.193 -0.174 -0.544 0.603
45.2 -0.181 -0.183 -0.544 0.602
45.3 -0.167 -0.197 -0.545 0.603
45.4 -0.143 -0.204 -0.545 0.599
45.5 -0.123 -0.211 -0.545 0.597
45.6 -0.109 -0.213 -0.545 0.595
45.7 -0.0903 -0.215 -0.545 0.593
45.8 -0.073 -0.216 -0.545 0.591
45.9 -0.057 -0.216 -0.545 0.589
46.0 -0.0421 -0.215 -0.545 0.588
46.1 -0.0283 -0.213 -0.545 0.586
46.2 -0.00449 -0.21 -0.541 0.581
46.3 0.00715 -0.203 -0.481 0.522
46.4 0.0217 -0.204 -0.405 0.454
46.5 0.0412 -0.198 -0.335 0.391
46.6 0.0592 -0.192 -0.271 0.338
46.7 0.0672 -0.185 -0.216 0.292
46.8 0.0744 -0.178 -0.167 0.255
46.9 0.0835 -0.164 -0.127 0.224
47.0 0.0954 -0.149 -0.113 0.21
47.1 0.106 -0.134 -0.101 0.198
47.2 0.115 -0.119 -0.089 0.188
47.3 0.123 -0.106 -0.0786 0.181
47.4 0.122 -0.0919 -0.0703 0.168
47.5 0.12 -0.0789 -0.0629 0.157
47.6 0.118 -0.0668 -0.0563 0.147
47.7 0.124 -0.0519 -0.0506 0.144
47.8 0.121 -0.0404 -0.0453 0.136
47.9 0.119 -0.0297 -0.0405 0.129
48.0 0.116 -0.0199 -0.0363 0.123
48.1 0.114 -0.0109 -0.0325 0.119
48.2 0.105 0.00297 -0.0271 0.109
48.3 0.0975 0.0158 -0.0223 0.101
48.4 0.0941 0.0191 -0.0173 0.0976
48.5 0.091 0.0221 -0.0129 0.0946
48.6 0.0792 0.0285 -0.00922 0.0847
48.7 0.0682 0.0345 -0.00592 0.0767
48.8 0.0581 0.0399 -0.00296 0.0706
48.9 0.0529 0.0381 -0.00183 0.0652
49.0 0.0481 0.0365 -0.000825 0.0603
49.1 0.0437 0.0348 7.71e-05 0.0559
49.2 0.0302 0.0343 -0.000313 0.0457
49.3 0.0178 0.0337 -0.000663 0.0381
49.4 0.0064 0.0331 -0.00098 0.0338
49.5 0.0072 0.0266 -0.00175 0.0277
49.6 0.00802 0.0206 -0.00243 0.0222
49.7 0.00885 0.0149 -0.00305 0.0176
49.8 0.00969 0.00968 -0.00359 0.0142
49.9 0.00251 0.00499 -0.00346 0.00657
