0.0 0.0
0.1 -2.98e-18
0.2 -2.98e-18
0.3 -2.98e-18
0.4 -2.98e-18
0.5 -2.98e-18
0.6 -2.98e-18
0.7 0.043
0.8 0.043
0.9 0.043
1.0 0.0423
1.1 0.0423
1.2 0.0423
1.3 0.0423
1.4 0.0423
1.5 0.0423
1.6 0.0423
1.7 0.042
1.8 0.042
1.9 0.042
2.0 0.0419
2.1 0.0419
2.2 0.0419
2.3 0.0419
2.4 0.0419
2.5 0.0419
2.6 0.042
2.7 0.042
2.8 0.0421
2.9 0.0421
3.0 0.0421
3.1 0.0421
3.2 0.0421
3.3 0.0422
3.4 0.0422
3.5 0.0422
3.6 0.0424
3.7 0.0424
3.8 0.0424
3.9 0.0424
4.0 0.0424
4.1 0.0424
4.2 0.0424
4.3 0.0424
4.4 0.0424
4.5 0.0424
4.6 0.0424
4.7 0.0424
4.8 0.0424
4.9 0.0424
5.0 0.0424
5.1 0.0424
5.2 0.0424
5.3 0.0422
5.4 0.0422
5.5 0.0422
5.6 0.0422
5.7 0.0422
5.8 0.0422
5.9 0.0422
6.0 0.0422
6.1 0.0422
6.2 0.0421
6.3 0.0421
6.4 0.0421
6.5 0.0421
6.6 0.0421
6.7 0.0421
6.8 0.0416
6.9 0.0415
7.0 0.0415
7.1 0.0417
7.2 0.0419
7.3 0.0412
7.4 0.0416
7.5 0.0417
7.6 0.0415
7.7 0.0414
7.8 0.0414
7.9 0.0414
8.0 0.0414
8.1 0.0414
8.2 0.0411
8.3 0.0413
8.4 0.0414
8.5 0.0414
8.6 0.0414
8.7 0.0414
8.8 0.0414
8.9 0.0414
9.0 0.0415
9.1 0.0415
9.2 0.0415
9.3 0.0415
9.4 0.0416
9.5 0.0416
9.6 0.0416
9.7 0.0415
9.8 0.0416
9.9 0.0416
10.0 0.0419
10.1 0.0419
10.2 0.0426
10.3 0.0426
10.4 0.0427
10.5 0.0427
10.6 0.0428
10.7 0.0428
10.8 0.0428
10.9 0.0428
11.0 0.0429
11.1 0.043
11.2 0.043
11.3 0.0431
11.4 0.0431
11.5 0.0431
11.6 0.0431
11.7 0.0431
11.8 0.0431
11.9 0.0431
12.0 0.0431
12.1 0.0431
12.2 0.0431
12.3 0.0431
12.4 0.0431
12.5 0.0431
12.6 0.0431
12.7 0.0432
12.8 0.0431
12.9 0.0431
13.0 0.0431
13.1 0.0431
13.2 0.0431
13.3 0.0431
13.4 0.043
13.5 0.043
13.6 0.0431
13.7 0.0431
13.8 0.0431
13.9 0.0431
14.0 0.0431
14.1 0.0431
14.2 0.0432
14.3 0.0432
14.4 0.0432
14.5 0.0432
14.6 0.0432
14.7 0.0433
14.8 0.0433
14.9 0.0433
15.0 0.0432
15.1 0.043
15.2 0.0429
15.3 0.0429
15.4 0.0429
15.5 0.0428
15.6 0.0428
15.7 0.0429
15.8 0.0426
15.9 0.0427
16.0 0.0427
16.1 0.0427
16.2 0.0427
16.3 0.0427
16.4 0.0427
16.5 0.0427
16.6 0.0427
16.7 0.0427
16.8 0.0427
16.9 0.0504
17.0 0.0504
17.1 0.0498
17.2 0.0498
17.3 0.0492
17.4 0.0492
17.5 0.0492
17.6 0.0492
17.7 0.0493
17.8 0.0493
17.9 0.0492
18.0 0.0492
18.1 0.0493
18.2 0.0493
18.3 0.0493
18.4 0.0492
18.5 0.0491
18.6 0.0491
18.7 0.0491
18.8 0.0492
18.9 0.0492
19.0 0.0492
19.1 0.0493
19.2 0.0498
19.3 0.0498
19.4 0.0498
19.5 0.0498
19.6 0.0498
19.7 0.0498
19.8 0.0498
19.9 0.0497
20.0 0.0499
20.1 0.0499
20.2 0.0499
20.3 0.0498
20.4 0.0498
20.5 0.0497
20.6 0.0497
20.7 0.0497
20.8 0.0497
20.9 0.049
21.0 0.049
21.1 0.049
21.2 0.0491
21.3 0.0491
21.4 0.0492
21.5 0.0493
21.6 0.0493
21.7 0.0484
21.8 0.0485
21.9 0.0486
22.0 0.0486
22.1 0.0487
22.2 0.0488
22.3 0.0488
22.4 0.0488
22.5 0.0489
22.6 0.0489
22.7 0.0489
22.8 0.0489
22.9 0.0489
23.0 0.0489
23.1 0.0489
23.2 0.0489
23.3 0.0488
23.4 0.0488
23.5 0.0488
23.6 0.0488
23.7 0.0488
23.8 0.0488
23.9 0.0488
24.0 0.0488
24.1 0.0488
24.2 0.0489
24.3 0.0489
24.4 0.0489
24.5 0.0489
24.6 0.0489
24.7 0.0489
24.8 0.0486
24.9 0.0486
25.0 0.0486
25.1 0.0486
25.2 0.0486
25.3 0.0289
25.4 0.0289
25.5 0.0289
25.6 0.0289
25.7 0.0289
25.8 0.0289
25.9 0.0289
26.0 0.0289
26.1 0.0289
26.2 0.0289
26.3 0.0289
26.4 0.0289
26.5 0.0289
26.6 0.0289
26.7 0.0289
26.8 0.0289
26.9 0.0289
27.0 0.0289
27.1 0.0289
27.2 0.0289
27.3 0.0289
27.4 0.0289
27.5 0.0289
27.6 0.0289
27.7 0.0289
27.8 0.029
27.9 0.029
28.0 0.029
28.1 0.029
28.2 0.029
28.3 0.029
28.4 0.029
28.5 0.0291
28.6 0.0291
28.7 0.0291
28.8 0.0291
28.9 0.0291
29.0 0.0291
29.1 0.0291
29.2 0.0291
29.3 0.0291
29.4 0.0291
29.5 0.0291
29.6 0.0291
29.7 0.0291
29.8 0.0291
29.9 0.0291
30.0 0.0291
30.1 0.0291
30.2 0.0291
30.3 0.0291
30.4 0.0292
30.5 0.0292
30.6 0.0292
30.7 0.0292
30.8 0.0292
30.9 0.0292
31.0 0.0292
31.1 0.0292
31.2 0.0292
31.3 0.0292
31.4 0.0292
31.5 0.0292
31.6 0.0292
31.7 0.0292
31.8 0.0295
31.9 0.0295
32.0 0.0303
32.1 0.0303
32.2 0.0303
32.3 0.0303
32.4 0.0304
32.5 0.0303
32.6 0.0303
32.7 0.0304
32.8 0.0304
32.9 0.0306
33.0 0.0307
33.1 0.029
33.2 0.03
33.3 0.0299
33.4 0.0299
33.5 0.0299
33.6 0.0363
33.7 0.0364
33.8 0.0362
33.9 0.0362
34.0 0.0362
34.1 0.0363
34.2 0.0357
34.3 0.0357
34.4 0.0357
34.5 0.0357
34.6 0.0357
34.7 0.0357
34.8 0.0357
34.9 0.0357
35.0 0.0357
35.1 0.0357
35.2 0.0358
35.3 0.0358
35.4 0.0358
35.5 0.0358
35.6 0.0358
35.7 0.0358
35.8 0.0358
35.9 0.0358
36.0 0.0358
36.1 0.0358
36.2 0.0358
36.3 0.0358
36.4 0.0358
36.5 0.0358
36.6 0.0358
36.7 0.0358
36.8 0.0358
36.9 0.0358
37.0 0.0357
37.1 0.0357
37.2 0.0357
37.3 0.0357
37.4 0.0357
37.5 0.0357
37.6 0.0357
37.7 0.0357
37.8 0.0357
37.9 0.0357
38.0 0.0357
38.1 0.0357
38.2 0.0357
38.3 0.0357
38.4 0.0357
38.5 0.0357
38.6 0.0357
38.7 0.0357
38.8 0.0357
38.9 0.0357
39.0 0.0357
39.1 0.0358
39.2 0.0358
39.3 0.0358
39.4 0.0358
39.5 0.0358
39.6 0.0358
39.7 0.0358
39.8 0.0358
39.9 0.0358
40.0 0.0359
40.1 0.0359
40.2 0.0358
40.3 0.0358
40.4 0.0358
40.5 0.0358
40.6 0.0358
40.7 0.036
40.8 0.036
40.9 0.0359
41.0 0.0359
41.1 0.0359
41.2 0.0359
41.3 0.0359
41.4 0.0359
41.5 0.0359
41.6 0.0359
41.7 0.0359
41.8 0.0359
41.9 0.0359
42.0 0.0351
42.1 0.0351
42.2 0.035
42.3 0.035
42.4 0.0351
42.5 0.0353
42.6 0.0352
42.7 0.0353
42.8 0.0354
42.9 0.0354
43.0 0.0353
43.1 0.0356
43.2 0.0357
43.3 0.0356
43.4 0.0356
43.5 0.0356
43.6 0.0355
43.7 0.0355
43.8 0.0356
43.9 0.0356
44.0 0.0356
44.1 0.0354
44.2 0.0354
44.3 0.0353
44.4 0.0353
44.5 0.0353
44.6 0.0353
44.7 0.0352
44.8 0.0351
44.9 0.035
45.0 0.035
45.1 0.035
45.2 0.035
45.3 0.035
45.4 0.0348
45.5 0.0349
45.6 0.0349
45.7 0.035
45.8 0.035
45.9 0.0348
46.0 0.0348
46.1 0.0348
46.2 0.0349
46.3 0.0348
46.4 0.0348
46.5 0.0348
46.6 0.0348
46.7 0.0349
46.8 0.0349
46.9 0.0348
47.0 0.0348
47.1 0.0348
47.2 0.0348
47.3 0.0348
47.4 0.0349
47.5 0.0349
47.6 0.0349
47.7 0.0349
47.8 0.035
47.9 0.0348
48.0 0.0352
48.1 0.0352
48.2 0.0352
48.3 0.035
48.4 0.035
48.5 0.035
48.6 0.035
48.7 0.035
48.8 0.035
48.9 0.035
49.0 0.035
49.1 0.035
49.2 0.035
49.3 0.0352
49.4 0.0352
49.5 0.0352
49.6 0.0352
49.7 0.0352
49.8 0.0352
49.9 0.0352
