0.0 0.0 0.0 2.41e-19
0.1 0.0 0.0 9.22e-19
0.2 0.0 0.0 1.99e-18
0.3 0.0 0.0 3.39e-18
0.4 0.0 0.0 5.09e-18
0.5 0.0 0.0 7.04e-18
0.6 0.0 0.0 6.45e-05
0.7 0.0 0.0 0.000247
0.8 0.0 0.0 0.000532
0.9 0.0 0.0 0.000908
1.0 0.0 0.0 0.00136
1.1 0.0 0.0 0.00189
1.2 0.0 0.0 0.00248
1.3 0.0 0.0 0.00312
1.4 0.0 0.0 0.0038
1.5 0.0 0.0 0.00453
1.6 0.0 0.0 0.00529
1.7 0.0 0.0 0.00608
1.8 0.0 0.0 0.00689
1.9 0.0 0.0 0.00773
2.0 0.0 0.0 0.00858
2.1 0.0 0.0 0.00945
2.2 0.0 0.0 0.0103
2.3 0.0 0.0 0.0112
2.4 0.0 0.0 0.0121
2.5 0.0 0.0 0.013
2.6 0.0 0.0 0.014
2.7 0.0 0.0 0.0149
2.8 0.0 0.0 0.0158
2.9 0.0 0.0 0.0167
3.0 0.0 0.0 0.0176
3.1 0.0 0.0 0.0185
3.2 0.0 0.0 0.0195
3.3 0.0 0.0 0.0204
3.4 0.0 0.0 0.0213
3.5 0.0 0.0 0.0222
3.6 0.0 0.0 0.0231
3.7 0.0 0.0 0.024
3.8 0.0 0.0 0.0249
3.9 0.0 0.0 0.0258
4.0 0.0 0.0 0.0266
4.1 0.0 0.0 0.0275
4.2 0.0 0.0 0.0284
4.3 0.0 0.0 0.0292
4.4 0.0 0.0 0.03
4.5 0.0 0.0 0.0309
4.6 0.0 0.0 0.0317
4.7 0.0 0.0 0.0325
4.8 0.0 0.0 0.0333
4.9 0.0 0.0 0.0341
5.0 0.0 0.0 0.0348
5.1 0.0 0.0 0.0356
5.2 0.0 0.0 0.0363
5.3 0.0 0.0 0.0371
5.4 0.0 0.0 0.0378
5.5 0.0 0.0 0.0385
5.6 0.0 0.0 0.0392
5.7 0.0 0.0 0.0399
5.8 0.0 0.0 0.0405
5.9 0.0 0.0 0.0412
6.0 0.0 0.0 0.0418
6.1 0.0 0.0 0.0425
6.2 0.0 0.0 0.0431
6.3 0.0 0.0 0.0437
6.4 0.0 0.0 0.0442
6.5 0.0 0.0 0.0448
6.6 0.0 0.0 0.0453
6.7 0.0 0.0 0.0459
6.8 0.0 0.0 0.0464
6.9 0.0 0.0 0.0469
7.0 0.0 0.0 0.0474
7.1 0.0 0.0 0.0478
7.2 0.0 0.0 0.0483
7.3 0.0 0.0 0.0487
7.4 0.0 0.0 0.0491
7.5 0.0 0.0 0.0495
7.6 0.0 0.0 0.0498
7.7 0.0 0.0 0.0502
7.8 0.0 0.0 0.0505
7.9 0.0 0.0 0.0508
8.0 0.0 0.0 0.0511
8.1 0.0 0.0 0.0514
8.2 0.0 0.0 0.0516
8.3 0.0 0.0 0.0518
8.4 0.0 0.0 0.0521
8.5 0.0 0.0 0.0522
8.6 0.0 0.0 0.0524
8.7 0.0 0.0 0.0525
8.8 0.0 0.0 0.0527
8.9 0.0 0.0 0.0528
9.0 0.0 0.0 0.0529
9.1 0.0 0.0 0.0529
9.2 0.0 0.0 0.053
9.3 0.0 0.0 0.053
9.4 0.0 0.0 0.053
9.5 0.0 0.0 0.053
9.6 0.0 0.0 0.053
9.7 0.0 0.0 0.0529
9.8 0.0 0.0 0.0528
9.9 0.0 0.0 0.0527
10.0 0.0 0.0 0.0526
10.1 0.0 0.0 0.0525
10.2 0.0 0.0 0.0523
10.3 0.0 0.0 0.0522
10.4 0.0 0.0 0.052
10.5 0.0 0.0 0.0517
10.6 0.0 0.0 0.0515
10.7 0.0 0.0 0.0513
10.8 0.0 0.0 0.051
10.9 0.0 0.0 0.0507
11.0 0.0 0.0 0.0504
11.1 0.0 0.0 0.0501
11.2 0.0 0.0 0.0497
11.3 0.0 0.0 0.0494
11.4 0.0 0.0 0.049
11.5 0.0 0.0 0.0486
11.6 0.0 0.0 0.0481
11.7 0.0 0.0 0.0477
11.8 0.0 0.0 0.0472
11.9 0.0 0.0 0.0468
12.0 0.0 0.0 0.0463
12.1 0.0 0.0 0.0457
12.2 0.0 0.0 0.0452
12.3 0.0 0.0 0.0447
12.4 0.0 0.0 0.0441
12.5 0.0 0.0 0.0435
12.6 0.0 0.0 0.0429
12.7 0.0 0.0 0.0423
12.8 0.0 0.0 0.0416
12.9 0.0 0.0 0.041
13.0 0.0 0.0 0.0403
13.1 0.0 0.0 0.0396
13.2 0.0 0.0 0.0389
13.3 0.0 0.0 0.0382
13.4 0.0 0.0 0.0374
13.5 0.0 0.0 0.0366
13.6 0.0 0.0 0.0359
13.7 0.0 0.0 0.0351
13.8 0.0 0.0 0.0343
13.9 0.0 0.0 0.0335
14.0 0.0 0.0 0.0326
14.1 0.0 0.0 0.0318
14.2 0.0 0.0 0.0309
14.3 0.0 0.0 0.03
14.4 0.0 0.0 0.0291
14.5 0.0 0.0 0.0282
14.6 0.0 0.0 0.0273
14.7 0.0 0.0 0.0264
14.8 0.0 0.0 0.0255
14.9 0.0 0.0 0.0245
15.0 0.0 0.0 0.0236
15.1 0.0 0.0 0.0226
15.2 0.0 0.0 0.0216
15.3 0.0 0.0 0.0206
15.4 0.0 0.0 0.0196
15.5 0.0 0.0 0.0186
15.6 0.0 0.0 0.0176
15.7 0.0 0.0 0.0165
15.8 0.0 0.0 0.0155
15.9 0.0 0.0 0.0145
16.0 0.0 0.0 0.0134
16.1 0.0 0.0 0.0124
16.2 0.0 0.0 0.0113
16.3 0.0 0.0 0.0102
16.4 0.0 0.0 0.00918
16.5 0.0 0.0 0.00811
16.6 0.0 0.0 0.00704
16.7 0.0 0.0 0.00596
16.8 0.0 0.0 0.00485
16.9 0.0 0.0 0.00369
17.0 0.0 0.0 0.00262
17.1 0.0 0.0 0.00179
17.2 0.0 0.0 0.0012
17.3 0.0 0.0 0.000842
17.4 0.0 0.0 0.000692
17.5 0.0 0.0 0.000721
17.6 0.0 0.0 0.000907
17.7 0.0 0.0 0.00123
17.8 0.0 0.0 0.00167
17.9 0.0 0.0 0.00222
18.0 0.0 0.0 0.00286
18.1 0.0 0.0 0.00357
18.2 0.0 0.0 0.00436
18.3 0.0 0.0 0.0052
18.4 0.0 0.0 0.0061
18.5 0.0 0.0 0.00704
18.6 0.0 0.0 0.00802
18.7 0.0 0.0 0.00903
18.8 0.0 0.0 0.0101
18.9 0.0 0.0 0.0111
19.0 0.0 0.0 0.0122
19.1 0.0 0.0 0.0133
19.2 0.0 0.0 0.0144
19.3 0.0 0.0 0.0156
19.4 0.0 0.0 0.0167
19.5 0.0 0.0 0.0178
19.6 0.0 0.0 0.019
19.7 0.0 0.0 0.0201
19.8 0.0 0.0 0.0213
19.9 0.0 0.0 0.0224
20.0 0.0 0.0 0.0236
20.1 0.0 0.0 0.0247
20.2 0.0 0.0 0.0259
20.3 0.0 0.0 0.027
20.4 0.0 0.0 0.0281
20.5 0.0 0.0 0.0293
20.6 0.0 0.0 0.0304
20.7 0.0 0.0 0.0315
20.8 0.0 0.0 0.0327
20.9 0.0 0.0 0.0338
21.0 0.0 0.0 0.0349
21.1 0.0 0.0 0.036
21.2 0.0 0.0 0.0371
21.3 0.0 0.0 0.0382
21.4 0.0 0.0 0.0393
21.5 0.0 0.0 0.0404
21.6 0.0 0.0 0.0415
21.7 0.0 0.0 0.0426
21.8 0.0 0.0 0.0436
21.9 0.0 0.0 0.0446
22.0 0.0 0.0 0.0456
22.1 0.0 0.0 0.0466
22.2 0.0 0.0 0.0476
22.3 0.0 0.0 0.0485
22.4 0.0 0.0 0.0495
22.5 0.0 0.0 0.0504
22.6 0.0 0.0 0.0513
22.7 0.0 0.0 0.0521
22.8 0.0 0.0 0.053
22.9 0.0 0.0 0.0539
23.0 0.0 0.0 0.0547
23.1 0.0 0.0 0.0555
23.2 0.0 0.0 0.0563
23.3 0.0 0.0 0.0571
23.4 0.0 0.0 0.0579
23.5 0.0 0.0 0.0587
23.6 0.0 0.0 0.0595
23.7 0.0 0.0 0.0602
23.8 0.0 0.0 0.061
23.9 0.0 0.0 0.0617
24.0 0.0 0.0 0.0624
24.1 0.0 0.0 0.0631
24.2 0.0 0.0 0.0638
24.3 0.0 0.0 0.0645
24.4 0.0 0.0 0.0652
24.5 0.0 0.0 0.0659
24.6 0.0 0.0 0.0665
24.7 0.0 0.0 0.0672
24.8 0.0 0.0 0.0678
24.9 0.0 0.0 0.0684
25.0 0.0 0.0 0.069
25.1 0.0 0.0 0.0696
25.2 0.0 0.0 0.0701
25.3 0.0 0.0 0.0707
25.4 0.0 0.0 0.0712
25.5 0.0 0.0 0.0718
25.6 0.0 0.0 0.0723
25.7 0.0 0.0 0.0728
25.8 0.0 0.0 0.0733
25.9 0.0 0.0 0.0737
26.0 0.0 0.0 0.0742
26.1 0.0 0.0 0.0746
26.2 0.0 0.0 0.0749
26.3 0.0 0.0 0.0751
26.4 0.0 0.0 0.0753
26.5 0.0 0.0 0.0753
26.6 0.0 0.0 0.0754
26.7 0.0 0.0 0.0753
26.8 0.0 0.0 0.0752
26.9 0.0 0.0 0.0751
27.0 0.0 0.0 0.0749
27.1 0.0 0.0 0.0746
27.2 0.0 0.0 0.0743
27.3 0.0 0.0 0.074
27.4 0.0 0.0 0.0736
27.5 0.0 0.0 0.0732
27.6 0.0 0.0 0.0728
27.7 0.0 0.0 0.0723
27.8 0.0 0.0 0.0718
27.9 0.0 0.0 0.0712
28.0 0.0 0.0 0.0706
28.1 0.0 0.0 0.07
28.2 0.0 0.0 0.0694
28.3 0.0 0.0 0.0687
28.4 0.0 0.0 0.068
28.5 0.0 0.0 0.0673
28.6 0.0 0.0 0.0665
28.7 0.0 0.0 0.0657
28.8 0.0 0.0 0.0649
28.9 0.0 0.0 0.0641
29.0 0.0 0.0 0.0632
29.1 0.0 0.0 0.0623
29.2 0.0 0.0 0.0614
29.3 0.0 0.0 0.0604
29.4 0.0 0.0 0.0594
29.5 0.0 0.0 0.0584
29.6 0.0 0.0 0.0574
29.7 0.0 0.0 0.0564
29.8 0.0 0.0 0.0553
29.9 0.0 0.0 0.0542
30.0 0.0 0.0 0.0531
30.1 0.0 0.0 0.052
30.2 0.0 0.0 0.0508
30.3 0.0 0.0 0.0496
30.4 0.0 0.0 0.0484
30.5 0.0 0.0 0.0472
30.6 0.0 0.0 0.046
30.7 0.0 0.0 0.0447
30.8 0.0 0.0 0.0435
30.9 0.0 0.0 0.0422
31.0 0.0 0.0 0.0409
31.1 0.0 0.0 0.0396
31.2 0.0 0.0 0.0382
31.3 0.0 0.0 0.0369
31.4 0.0 0.0 0.0355
31.5 0.0 0.0 0.0341
31.6 0.0 0.0 0.0327
31.7 0.0 0.0 0.0313
31.8 0.0 0.0 0.0299
31.9 0.0 0.0 0.0284
32.0 0.0 0.0 0.027
32.1 0.0 0.0 0.0255
32.2 0.0 0.0 0.0241
32.3 0.0 0.0 0.0226
32.4 0.0 0.0 0.0211
32.5 0.0 0.0 0.0196
32.6 0.0 0.0 0.0181
32.7 0.0 0.0 0.0165
32.8 0.0 0.0 0.015
32.9 0.0 0.0 0.0135
33.0 0.0 0.0 0.0119
33.1 0.0 0.0 0.0104
33.2 0.0 0.0 0.00881
33.3 0.0 0.0 0.00724
33.4 0.0 0.0 0.00563
33.5 0.0 0.0 0.00388
33.6 0.0 0.0 0.00195
33.7 0.0 0.0 0.000242
33.8 0.0 0.0 0.00272
33.9 0.0 0.0 0.00546
34.0 0.0 0.0 0.00852
34.1 0.0 0.0 0.012
34.2 0.0 0.0 0.0161
34.3 0.0 0.0 0.0207
34.4 0.0 0.0 0.0259
34.5 0.0 0.0 0.0317
34.6 0.0 0.0 0.0383
34.7 0.0 0.0 0.0456
34.8 0.0 0.0 0.0537
34.9 0.0 0.0 0.0626
35.0 0.0 0.0 0.0725
35.1 0.0 0.0 0.0833
35.2 0.0 0.0 0.0951
35.3 0.0 0.0 0.108
35.4 0.0 0.0 0.122
35.5 0.0 0.0 0.136
35.6 0.0 0.0 0.152
35.7 0.0 0.0 0.169
35.8 0.0 0.0 0.187
35.9 0.0 0.0 0.206
36.0 0.0 0.0 0.226
36.1 0.0 0.0 0.247
36.2 0.0 0.0 0.269
36.3 0.0 0.0 0.292
36.4 0.0 0.0 0.316
36.5 0.0 0.0 0.342
36.6 0.0 0.0 0.368
36.7 0.0 0.0 0.396
36.8 0.0 0.0 0.424
36.9 0.0 0.0 0.454
37.0 0.0 0.0 0.484
37.1 0.0 0.0 0.516
37.2 0.0 0.0 0.548
37.3 0.0 0.0 0.582
37.4 0.0 0.0 0.616
37.5 0.0 0.0 0.652
37.6 0.0 0.0 0.689
37.7 0.0 0.0 0.726
37.8 0.0 0.0 0.764
37.9 0.0 0.0 0.804
38.0 0.0 0.0 0.844
38.1 0.0 0.0 0.885
38.2 0.0 0.0 0.928
38.3 0.0 0.0 0.971
38.4 0.0 0.0 1.01
38.5 0.0 0.0 1.06
38.6 0.0 0.0 1.1
38.7 0.0 0.0 1.15
38.8 0.0 0.0 1.2
38.9 0.0 0.0 1.25
39.0 0.0 0.0 1.3
39.1 0.0 0.0 1.34
39.2 0.0 0.0 1.39
39.3 0.0 0.0 1.45
39.4 0.0 0.0 1.5
39.5 0.0 0.0 1.55
39.6 0.0 0.0 1.6
39.7 0.0 0.0 1.66
39.8 0.0 0.0 1.71
39.9 0.0 0.0 1.77
40.0 0.0 0.0 1.82
40.1 0.0 0.0 1.88
40.2 0.0 0.0 1.93
40.3 0.0 0.0 1.99
40.4 0.0 0.0 2.05
40.5 0.0 0.0 2.11
40.6 0.0 0.0 2.16
40.7 0.0 0.0 2.22
40.8 0.0 0.0 2.28
40.9 0.0 0.0 2.34
41.0 0.0 0.0 2.4
41.1 0.0 0.0 2.46
41.2 0.0 0.0 2.52
41.3 0.0 0.0 2.59
41.4 0.0 0.0 2.65
41.5 0.0 0.0 2.71
41.6 0.0 0.0 2.77
41.7 0.0 0.0 2.83
41.8 0.0 0.0 2.9
41.9 0.0 0.0 2.96
42.0 0.0 0.0 3.02
42.1 0.0 0.0 3.08
42.2 0.0 0.0 3.14
42.3 0.0 0.0 3.2
42.4 0.0 0.0 3.26
42.5 0.0 0.0 3.33
42.6 0.0 0.0 3.39
42.7 0.0 0.0 3.45
42.8 0.0 0.0 3.51
42.9 0.0 0.0 3.58
43.0 0.0 0.0 3.64
43.1 0.0 0.0 3.7
43.2 0.0 0.0 3.77
43.3 0.0 0.0 3.84
43.4 0.0 0.0 3.9
43.5 0.0 0.0 3.97
43.6 0.0 0.0 4.04
43.7 0.0 0.0 4.11
43.8 0.0 0.0 4.18
43.9 0.0 0.0 4.25
44.0 0.0 0.0 4.32
44.1 0.0 0.0 4.39
44.2 0.0 0.0 4.46
44.3 0.0 0.0 4.54
44.4 0.0 0.0 4.61
44.5 0.0 0.0 4.68
44.6 0.0 0.0 4.76
44.7 0.0 0.0 4.84
44.8 0.0 0.0 4.91
44.9 0.0 0.0 4.99
45.0 0.0 0.0 5.07
45.1 0.0 0.0 5.14
45.2 0.0 0.0 5.22
45.3 0.0 0.0 5.3
45.4 0.0 0.0 5.38
45.5 0.0 0.0 5.46
45.6 0.0 0.0 5.54
45.7 0.0 0.0 5.62
45.8 0.0 0.0 5.7
45.9 0.0 0.0 5.78
46.0 0.0 0.0 5.87
46.1 0.0 0.0 5.95
46.2 0.0 0.0 6.03
46.3 0.0 0.0 6.11
46.4 0.0 0.0 6.2
46.5 0.0 0.0 6.28
46.6 0.0 0.0 6.36
46.7 0.0 0.0 6.45
46.8 0.0 0.0 6.53
46.9 0.0 0.0 6.62
47.0 0.0 0.0 6.7
47.1 0.0 0.0 6.79
47.2 0.0 0.0 6.88
47.3 0.0 0.0 6.97
47.4 0.0 0.0 7.06
47.5 0.0 0.0 7.15
47.6 0.0 0.0 7.24
47.7 0.0 0.0 7.33
47.8 0.0 0.0 7.43
47.9 0.0 0.0 7.52
48.0 0.0 0.0 7.61
48.1 0.0 0.0 7.71
48.2 0.0 0.0 7.8
48.3 0.0 0.0 7.9
48.4 0.0 0.0 8.0
48.5 0.0 0.0 8.1
48.6 0.0 0.0 8.19
48.7 0.0 0.0 8.29
48.8 0.0 0.0 8.39
48.9 0.0 0.0 8.49
49.0 0.0 0.0 8.59
49.1 0.0 0.0 8.69
49.2 0.0 0.0 8.79
49.3 0.0 0.0 8.89
49.4 0.0 0.0 8.99
49.5 0.0 0.0 9.1
49.6 0.0 0.0 9.2
49.7 0.0 0.0 9.3
49.8 0.0 0.0 9.4
49.9 0.0 0.0 9.51
