0.0 0.104 -2.37e-30 -0.0562 0.119
0.1 0.201 -5.91e-29 -0.107 0.228
0.2 0.291 -4.09e-28 -0.152 0.328
0.3 0.374 -1.57e-27 -0.192 0.42
0.4 0.451 -4.36e-27 -0.228 0.505
0.5 0.522 -9.83e-27 -0.261 0.583
0.6 0.588 -1.92e-26 -0.29 0.655
0.7 0.649 7.33e-16 -0.315 0.721
0.8 0.705 1.05e-14 -0.338 0.782
0.9 0.753 -0.00201 -0.359 0.834
1.0 0.797 -0.00387 -0.376 0.881
1.1 0.645 -0.0012 -0.279 0.703
1.2 0.506 0.00129 -0.191 0.54
1.3 0.376 0.00359 -0.111 0.392
1.4 0.256 0.00574 -0.0399 0.259
1.5 0.145 0.00773 0.0244 0.147
1.6 0.0417 0.00958 0.082 0.0925
1.7 -0.0116 0.00877 0.12 0.121
1.8 -0.061 0.00801 0.154 0.166
1.9 -0.107 0.00731 0.184 0.213
2.0 -0.149 0.00665 0.21 0.258
2.1 -0.188 0.00605 0.233 0.3
2.2 -0.224 0.00549 0.254 0.339
2.3 -0.258 0.00497 0.272 0.375
2.4 -0.289 0.00448 0.288 0.408
2.5 -0.306 0.00392 0.298 0.428
2.6 -0.194 0.00233 0.262 0.326
2.7 -0.0934 0.000871 0.227 0.246
2.8 -0.00422 -0.00044 0.196 0.196
2.9 0.073 -0.0016 0.166 0.182
3.0 0.145 -0.00268 0.14 0.201
3.1 0.103 -0.0024 0.109 0.15
3.2 0.0639 -0.00215 0.0816 0.104
3.3 0.029 -0.0019 0.0567 0.0637
3.4 -0.00336 -0.00167 0.0343 0.0345
3.5 -0.0286 -0.00146 0.0149 0.0322
3.6 -0.0519 -0.00127 -0.00255 0.052
3.7 -0.0735 -0.00109 -0.0182 0.0757
3.8 -0.0911 -0.000929 -0.0317 0.0965
3.9 -0.107 -0.000783 -0.0438 0.116
4.0 -0.122 -0.000648 -0.0546 0.134
4.1 -0.133 -0.00054 -0.0637 0.148
4.2 -0.143 -0.00044 -0.0718 0.16
4.3 -0.153 -0.000347 -0.079 0.172
4.4 -0.158 -0.000259 -0.0847 0.179
4.5 -0.162 -0.000177 -0.0898 0.186
4.6 -0.156 -5e-05 -0.0921 0.181
4.7 -0.15 6.84e-05 -0.0941 0.177
4.8 -0.145 0.000178 -0.0959 0.174
4.9 -0.14 0.000281 -0.0975 0.17
5.0 -0.135 0.000376 -0.0989 0.167
5.1 -0.13 0.000465 -0.1 0.164
5.2 -0.126 0.000548 -0.101 0.162
5.3 -0.123 0.000625 -0.102 0.16
5.4 -0.119 0.000697 -0.103 0.157
5.5 -0.116 0.000763 -0.103 0.155
5.6 -0.113 0.000826 -0.104 0.153
5.7 -0.108 0.000885 -0.103 0.15
5.8 -0.104 0.00094 -0.103 0.146
5.9 -0.0994 0.000991 -0.102 0.143
6.0 -0.0936 0.00104 -0.101 0.138
6.1 -0.0882 0.00108 -0.0996 0.133
6.2 -0.0833 0.00112 -0.0983 0.129
6.3 -0.0772 0.00115 -0.0964 0.124
6.4 -0.0716 0.00119 -0.0945 0.119
6.5 -0.0664 0.00122 -0.0926 0.114
6.6 -0.0811 0.00128 -0.0848 0.117
6.7 -0.157 0.00143 -0.0546 0.167
6.8 -0.238 0.00166 0.00512 0.238
6.9 -0.313 0.00188 0.062 0.319
7.0 -0.383 0.00209 0.113 0.399
7.1 -0.445 0.00228 0.158 0.472
7.2 -0.499 0.00245 0.198 0.537
7.3 -0.546 0.0026 0.233 0.594
7.4 -0.583 0.00272 0.263 0.64
7.5 -0.618 0.00283 0.29 0.682
7.6 -0.605 0.0028 0.307 0.679
7.7 -0.594 0.00277 0.322 0.676
7.8 -0.583 0.00275 0.335 0.673
7.9 -0.573 0.00273 0.347 0.67
8.0 -0.575 0.00264 0.367 0.682
8.1 -0.577 0.00256 0.384 0.693
8.2 -0.579 0.00249 0.399 0.703
8.3 -0.562 0.00238 0.408 0.694
8.4 -0.545 0.00227 0.416 0.686
8.5 -0.527 0.00366 0.432 0.681
8.6 -0.509 0.00626 0.446 0.677
8.7 -0.488 0.00911 0.458 0.669
8.8 -0.466 0.0119 0.469 0.662
8.9 -0.451 0.0143 0.479 0.658
9.0 -0.444 0.0167 0.488 0.66
9.1 -0.409 0.0167 0.496 0.643
9.2 -0.353 0.0156 0.495 0.608
9.3 -0.303 0.0144 0.494 0.58
9.4 -0.258 0.0134 0.494 0.557
9.5 -0.192 0.0107 0.459 0.498
9.6 -0.131 0.00823 0.428 0.448
9.7 -0.103 0.00667 0.403 0.415
9.8 -0.0772 0.00528 0.38 0.388
9.9 -0.0541 0.00401 0.36 0.364
10.0 -0.0334 0.00287 0.343 0.344
10.1 -0.0154 0.00217 0.328 0.328
10.2 0.00035 0.00153 0.314 0.315
10.3 0.014 0.000956 0.303 0.303
10.4 0.0257 0.000427 0.293 0.294
10.5 0.0358 -5.47e-05 0.285 0.287
10.6 0.0442 -0.000498 0.277 0.281
10.7 0.0513 -0.000906 0.271 0.275
10.8 0.057 -0.00129 0.265 0.271
10.9 0.0616 -0.00165 0.26 0.267
11.0 0.065 -0.00199 0.256 0.264
11.1 0.0674 -0.00232 0.252 0.261
11.2 0.0688 -0.00264 0.249 0.258
11.3 0.0692 -0.00298 0.246 0.256
11.4 0.0688 -0.00333 0.244 0.253
11.5 0.06 -0.00387 0.242 0.25
11.6 0.0507 -0.00448 0.241 0.247
11.7 0.0408 -0.00514 0.24 0.244
11.8 0.03 -0.00593 0.24 0.242
11.9 0.0162 -0.00757 0.239 0.24
12.0 -0.0481 -0.0631 0.272 0.284
12.1 -0.109 -0.115 0.302 0.341
12.2 -0.167 -0.163 0.328 0.403
12.3 -0.211 -0.202 0.347 0.454
12.4 -0.221 -0.22 0.349 0.468
12.5 -0.212 -0.227 0.343 0.463
12.6 -0.198 -0.228 0.334 0.45
12.7 -0.184 -0.229 0.324 0.437
12.8 -0.171 -0.229 0.315 0.425
12.9 -0.16 -0.23 0.307 0.415
13.0 -0.15 -0.23 0.299 0.405
13.1 -0.141 -0.23 0.291 0.397
13.2 -0.133 -0.23 0.284 0.389
13.3 -0.128 -0.231 0.277 0.382
13.4 -0.124 -0.231 0.27 0.376
13.5 -0.121 -0.233 0.263 0.371
13.6 -0.12 -0.234 0.256 0.367
13.7 -0.12 -0.237 0.25 0.364
13.8 -0.121 -0.24 0.243 0.362
13.9 -0.105 -0.352 0.234 0.435
14.0 -0.101 -0.454 0.221 0.514
14.1 -0.0936 -0.545 0.205 0.589
14.2 -0.156 -0.556 0.127 0.591
14.3 -0.237 -0.567 0.119 0.626
14.4 -0.312 -0.574 0.107 0.662
14.5 -0.379 -0.582 0.0874 0.7
14.6 -0.444 -0.59 0.0672 0.741
14.7 -0.503 -0.6 0.0457 0.784
14.8 -0.559 -0.612 0.023 0.829
14.9 -0.61 -0.626 -0.000836 0.874
15.0 -0.657 -0.644 -0.0247 0.92
15.1 -0.701 -0.667 -0.0492 0.969
15.2 -0.741 -0.695 -0.0745 1.02
15.3 -0.779 -0.725 -0.102 1.07
15.4 -0.812 -0.758 -0.132 1.12
15.5 -0.839 -0.795 -0.163 1.17
15.6 -0.865 -0.83 -0.19 1.21
15.7 -0.79 -0.869 -0.225 1.2
15.8 -0.721 -0.904 -0.258 1.19
15.9 -0.657 -0.936 -0.288 1.18
16.0 -0.595 -0.962 -0.315 1.17
16.1 -0.538 -0.984 -0.339 1.17
16.2 -0.484 -1.0 -0.361 1.17
16.3 -0.434 -1.02 -0.379 1.17
16.4 -0.387 -1.03 -0.396 1.17
16.5 -0.343 -1.05 -0.411 1.18
16.6 -0.279 -0.951 -0.425 1.08
16.7 -0.203 -0.731 -0.437 0.876
16.8 -0.133 -0.527 -0.449 0.705
16.9 -0.0683 -0.337 -0.459 0.573
17.0 -0.0651 -0.227 -0.468 0.524
17.1 -0.0622 -0.125 -0.476 0.496
17.2 -0.0594 -0.0304 -0.483 0.488
17.3 -0.0569 0.0577 -0.49 0.496
17.4 -0.0426 0.0593 -0.381 0.388
17.5 0.0444 0.0746 -0.293 0.306
17.6 0.163 0.122 -0.227 0.305
17.7 0.253 0.188 -0.178 0.362
17.8 0.325 0.256 -0.139 0.437
17.9 0.364 0.316 -0.105 0.493
18.0 0.399 0.372 -0.0739 0.551
18.1 0.431 0.424 -0.0437 0.606
18.2 0.433 0.457 -0.0145 0.629
18.3 0.434 0.487 0.0117 0.653
18.4 0.436 0.515 0.0352 0.676
18.5 0.437 0.541 0.0563 0.698
18.6 0.432 0.557 0.0746 0.708
18.7 0.436 0.561 0.0903 0.717
18.8 0.462 0.542 0.102 0.719
18.9 0.492 0.514 0.112 0.72
19.0 0.52 0.488 0.121 0.723
19.1 0.535 0.423 0.129 0.694
19.2 0.547 0.361 0.124 0.667
19.3 0.535 0.299 0.116 0.624
19.4 0.561 0.246 0.108 0.623
19.5 0.585 0.197 0.101 0.626
19.6 0.607 0.151 0.0945 0.633
19.7 0.645 0.109 0.0872 0.66
19.8 0.681 0.0707 0.0806 0.689
19.9 0.714 0.0347 0.0747 0.719
20.0 0.745 0.00121 0.0694 0.748
20.1 0.771 -0.0297 0.0646 0.775
20.2 0.796 -0.0585 0.0603 0.8
20.3 0.645 -0.0522 0.0464 0.648
20.4 0.504 -0.0464 0.034 0.508
20.5 0.374 -0.0409 0.0228 0.377
20.6 0.255 -0.0352 0.0129 0.257
20.7 0.169 -0.025 0.00586 0.171
20.8 0.0913 -0.0157 -0.000358 0.0926
20.9 -0.00798 -0.0817 0.0199 0.0845
21.0 -0.0999 -0.266 0.0758 0.294
21.1 -0.185 -0.436 0.126 0.491
21.2 -0.264 -0.587 0.171 0.666
21.3 -0.337 -0.543 0.189 0.667
21.4 -0.346 -0.474 0.197 0.619
21.5 -0.326 -0.401 0.2 0.554
21.6 -0.289 -0.33 0.197 0.48
21.7 -0.247 -0.289 0.191 0.425
21.8 -0.206 -0.256 0.185 0.377
21.9 -0.165 -0.24 0.179 0.342
22.0 -0.125 -0.235 0.173 0.317
22.1 -0.0876 -0.218 0.163 0.286
22.2 -0.0547 -0.204 0.154 0.262
22.3 -0.0241 -0.189 0.145 0.239
22.4 0.00849 -0.166 0.137 0.215
22.5 0.0503 -0.146 0.129 0.201
22.6 0.089 -0.127 0.122 0.197
22.7 0.107 -0.113 0.103 0.186
22.8 0.121 -0.0973 0.0853 0.177
22.9 0.133 -0.0813 0.0696 0.171
23.0 0.144 -0.0654 0.0555 0.167
23.1 0.141 -0.0488 0.0427 0.155
23.2 0.137 -0.0326 0.031 0.145
23.3 0.133 -0.017 0.0206 0.136
23.4 0.131 -0.00377 0.0121 0.131
23.5 0.126 0.00806 0.00491 0.127
23.6 0.121 0.0192 -0.00162 0.123
23.7 0.112 0.028 -0.00727 0.116
23.8 0.101 0.0351 -0.012 0.107
23.9 0.089 0.041 -0.0159 0.0993
24.0 0.0776 0.0465 -0.0195 0.0925
24.1 0.0668 0.0514 -0.0226 0.0873
24.2 0.0564 0.0558 -0.0255 0.0834
24.3 0.0466 0.0598 -0.0302 0.0816
24.4 0.0372 0.0632 -0.0344 0.0809
24.5 0.0278 0.0647 -0.0395 0.0807
24.6 0.0189 0.0657 -0.0449 0.0818
24.7 0.0104 0.0661 -0.0498 0.0834
24.8 0.00244 0.0664 -0.0542 0.0857
24.9 -0.00492 0.0647 -0.0609 0.089
25.0 -0.011 0.0609 -0.0712 0.0943
25.1 -0.0149 0.054 -0.0808 0.0983
25.2 -0.0186 0.0475 -0.0894 0.103
25.3 -0.0219 0.0414 -0.0971 0.108
25.4 -0.0231 0.0326 -0.103 0.111
25.5 -0.0235 0.0241 -0.107 0.113
25.6 -0.0238 0.0162 -0.111 0.115
25.7 -0.023 0.00899 -0.113 0.115
25.8 -0.0219 0.00245 -0.113 0.115
25.9 -0.0207 -0.00365 -0.114 0.116
26.0 -0.0196 -0.00934 -0.114 0.116
26.1 -0.0185 -0.0146 -0.114 0.117
26.2 -0.0174 -0.0195 -0.115 0.118
26.3 -0.0164 -0.0241 -0.115 0.118
26.4 -0.015 -0.0276 -0.114 0.118
26.5 -0.0136 -0.0308 -0.114 0.119
26.6 -0.0123 -0.0338 -0.113 0.119
26.7 -0.0107 -0.0356 -0.112 0.118
26.8 -0.00924 -0.0372 -0.111 0.117
26.9 -0.000559 -0.0319 -0.109 0.114
27.0 0.0075 -0.027 -0.108 0.112
27.1 0.0142 -0.022 -0.106 0.109
27.2 0.0196 -0.0172 -0.104 0.107
27.3 0.0246 -0.0127 -0.101 0.105
27.4 0.0292 -0.00838 -0.099 0.104
27.5 0.0335 -0.00435 -0.0971 0.103
27.6 0.0373 -0.000546 -0.0953 0.102
27.7 0.0408 0.00301 -0.0938 0.102
27.8 0.044 0.00636 -0.0924 0.103
27.9 0.0438 0.0087 -0.0893 0.0998
28.0 0.0435 0.0109 -0.0865 0.0974
28.1 0.0431 0.0129 -0.084 0.0953
28.2 0.0416 0.0144 -0.0809 0.0921
28.3 0.04 0.0158 -0.0782 0.0892
28.4 0.0378 0.0167 -0.0752 0.0858
28.5 0.0357 0.0176 -0.0726 0.0828
28.6 0.0337 0.0183 -0.0702 0.08
28.7 0.031 0.0186 -0.0675 0.0766
28.8 0.0277 0.0185 -0.0645 0.0725
28.9 0.0246 0.0182 -0.0617 0.0689
29.0 0.0216 0.0179 -0.0592 0.0656
29.1 0.0185 0.0173 -0.0566 0.062
29.2 0.0152 0.0164 -0.0538 0.0583
29.3 0.0123 0.0156 -0.0514 0.055
29.4 0.00948 0.0147 -0.0492 0.0522
29.5 0.00693 0.0138 -0.0472 0.0496
29.6 0.0046 0.0128 -0.0454 0.0474
29.7 0.00247 0.0119 -0.0439 0.0455
29.8 0.000542 0.011 -0.0425 0.0439
29.9 -0.00119 0.0101 -0.0412 0.0424
30.0 -0.00273 0.00919 -0.0401 0.0412
30.1 -0.00409 0.0083 -0.0391 0.0402
30.2 -0.00527 0.00744 -0.0382 0.0393
30.3 -0.00628 0.00662 -0.0374 0.0385
30.4 -0.00714 0.00583 -0.0367 0.0379
30.5 -0.00784 0.0051 -0.0361 0.0373
30.6 -0.00841 0.00443 -0.0356 0.0368
30.7 -0.00885 0.00382 -0.0351 0.0364
30.8 -0.00903 0.00309 -0.0345 0.0358
30.9 -0.00911 0.00244 -0.0339 0.0352
31.0 -0.00911 0.00189 -0.0334 0.0347
31.1 -0.0086 0.00135 -0.0328 0.0339
31.2 -0.00806 0.000913 -0.0322 0.0332
31.3 -0.0075 0.000582 -0.0317 0.0326
31.4 -0.00695 0.000355 -0.0313 0.0321
31.5 -0.00548 0.000584 -0.0305 0.031
31.6 -0.0035 0.0012 -0.0295 0.0297
31.7 -0.00116 0.00224 -0.0283 0.0284
31.8 0.00125 0.00358 -0.0269 0.0272
31.9 0.00346 0.00492 -0.0257 0.0264
32.0 0.00549 0.00627 -0.0244 0.0258
32.1 0.00733 0.0076 -0.0233 0.0256
32.2 0.00884 0.00893 -0.0221 0.0255
32.3 0.01 0.0101 -0.021 0.0254
32.4 0.000459 0.0111 -0.0205 0.0233
32.5 -0.0168 0.00986 -0.0301 0.0359
32.6 -0.0329 0.00873 -0.0392 0.0519
32.7 -0.0305 0.00518 -0.0917 0.0968
32.8 -0.0284 0.0019 -0.139 0.142
32.9 -0.0261 -0.000318 -0.181 0.183
33.0 -0.0269 -0.00403 -0.219 0.221
33.1 -0.0278 -0.00749 -0.253 0.254
33.2 -0.0282 -0.00939 -0.283 0.285
33.3 -0.0286 -0.0112 -0.31 0.312
33.4 -0.0285 -0.0116 -0.335 0.336
33.5 -0.0285 -0.012 -0.357 0.358
33.6 -0.0285 -0.0122 -0.376 0.378
33.7 -0.0283 -0.0123 -0.394 0.395
33.8 -0.0282 -0.0124 -0.41 0.411
33.9 -0.0281 -0.0125 -0.424 0.425
34.0 -0.0381 0.0156 -0.436 0.438
34.1 -0.0474 0.0417 -0.448 0.452
34.2 -0.056 0.0659 -0.458 0.466
34.3 -0.0848 0.0338 -0.466 0.474
34.4 -0.111 0.00395 -0.473 0.486
34.5 -0.136 -0.0239 -0.479 0.498
34.6 -0.108 -0.024 -0.371 0.387
34.7 -0.0811 -0.0242 -0.274 0.287
34.8 -0.0564 -0.0242 -0.188 0.198
34.9 -0.0337 -0.0238 -0.11 0.118
35.0 -0.0128 -0.0232 -0.0417 0.0494
35.1 0.00596 -0.0222 0.0191 0.0299
35.2 0.0225 -0.0211 0.0723 0.0786
35.3 0.0378 -0.0201 0.12 0.127
35.4 0.0506 -0.0188 0.161 0.17
35.5 0.0607 -0.0173 0.195 0.205
35.6 0.0682 -0.0156 0.224 0.234
35.7 0.0733 -0.0136 0.247 0.258
35.8 0.0767 -0.0115 0.265 0.276
35.9 0.0784 -0.00924 0.28 0.291
36.0 0.0784 -0.00691 0.29 0.301
36.1 0.0786 -0.00469 0.3 0.31
36.2 0.0766 -0.00233 0.305 0.315
36.3 0.0748 -6.87e-05 0.31 0.319
36.4 0.0718 0.00219 0.312 0.32
36.5 0.0691 0.00437 0.314 0.321
36.6 0.0652 0.00647 0.313 0.32
36.7 0.0616 0.0085 0.312 0.319
36.8 0.0583 0.0105 0.312 0.317
36.9 0.0552 0.0124 0.311 0.316
37.0 0.0512 0.014 0.308 0.313
37.1 0.0475 0.0156 0.306 0.31
37.2 0.044 0.0172 0.304 0.307
37.3 0.0398 0.0183 0.299 0.303
37.4 0.0358 0.0195 0.295 0.298
37.5 0.0321 0.0206 0.292 0.294
37.6 0.0282 0.0216 0.287 0.289
37.7 0.0246 0.0225 0.282 0.284
37.8 0.0211 0.0234 0.278 0.28
37.9 0.0176 0.0242 0.272 0.274
38.0 0.0142 0.025 0.267 0.269
38.1 0.011 0.0257 0.263 0.264
38.2 0.00769 0.0262 0.257 0.258
38.3 0.00455 0.0266 0.252 0.253
38.4 0.00155 0.027 0.247 0.248
38.5 -0.00131 0.0273 0.243 0.244
38.6 -0.00424 0.0273 0.237 0.239
38.7 -0.00703 0.0272 0.232 0.234
38.8 -0.00982 0.0266 0.226 0.228
38.9 -0.0125 0.026 0.221 0.223
39.0 -0.015 0.0254 0.216 0.218
39.1 -0.0173 0.0247 0.212 0.214
39.2 -0.0195 0.024 0.208 0.21
39.3 -0.0215 0.0226 0.203 0.205
39.4 -0.0233 0.0212 0.199 0.201
39.5 -0.0133 -0.00921 0.177 0.178
39.6 -0.000897 -0.0429 0.155 0.161
39.7 0.0213 -0.0881 0.125 0.155
39.8 0.0466 -0.135 0.0947 0.171
39.9 0.0204 -0.109 0.0655 0.128
40.0 -0.00145 -0.0841 0.0395 0.0929
40.1 -0.0216 -0.0614 0.0163 0.0671
40.2 -0.0401 -0.0405 -0.00456 0.0571
40.3 -0.0571 -0.0211 -0.0232 0.0651
40.4 -0.0703 -0.00433 -0.0394 0.0807
40.5 -0.0739 -0.00872 -0.0489 0.0891
40.6 -0.068 -0.0309 -0.0527 0.0914
40.7 -0.0534 -0.0643 -0.0523 0.0986
40.8 -0.0373 -0.0987 -0.0511 0.117
40.9 -0.0118 -0.136 -0.0468 0.144
41.0 0.0129 -0.167 -0.0422 0.173
41.1 0.0359 -0.196 -0.038 0.203
41.2 0.0532 -0.209 -0.0337 0.218
41.3 0.0789 -0.213 -0.0273 0.229
41.4 0.102 -0.213 -0.021 0.237
41.5 0.126 -0.212 -0.0152 0.247
41.6 0.149 -0.211 -0.00977 0.259
41.7 0.153 -0.154 -0.00135 0.217
41.8 0.166 -0.099 0.00759 0.193
41.9 0.177 -0.048 0.0156 0.184
42.0 0.187 -0.000391 0.0228 0.189
42.1 0.197 0.044 0.0293 0.204
42.2 0.197 0.0793 0.0343 0.215
42.3 0.192 0.108 0.0384 0.223
42.4 0.182 0.13 0.0414 0.227
42.5 0.172 0.15 0.0442 0.233
42.6 0.159 0.165 0.0461 0.234
42.7 0.144 0.173 0.0473 0.229
42.8 0.129 0.183 0.0484 0.229
42.9 0.11 0.2 0.0494 0.233
43.0 0.0918 0.218 0.0503 0.242
43.1 0.0652 0.242 0.0508 0.255
43.2 0.0393 0.265 0.0513 0.273
43.3 0.00927 0.293 0.0517 0.298
43.4 -0.0186 0.319 0.0521 0.323
43.5 -0.0447 0.343 0.0524 0.349
43.6 -0.116 0.28 0.0438 0.306
43.7 -0.181 0.222 0.0357 0.289
43.8 -0.233 0.167 0.0282 0.288
43.9 -0.282 0.117 0.0214 0.305
44.0 -0.326 0.0692 0.0152 0.334
44.1 -0.33 0.0306 0.00949 0.332
44.2 -0.333 -0.00538 0.00432 0.333
44.3 -0.335 -0.0387 -0.000325 0.337
44.4 -0.336 -0.0698 -0.00451 0.344
44.5 -0.339 -0.102 -0.00917 0.354
44.6 -0.342 -0.133 -0.0134 0.367
44.7 -0.345 -0.162 -0.0173 0.382
44.8 -0.349 -0.191 -0.021 0.398
44.9 -0.353 -0.22 -0.0246 0.416
45.0 -0.284 -0.267 -0.0374 0.392
45.1 -0.221 -0.312 -0.049 0.385
45.2 -0.162 -0.353 -0.0595 0.393
45.3 -0.108 -0.384 -0.0684 0.404
45.4 -0.0593 -0.393 -0.0754 0.405
45.5 -0.0147 -0.401 -0.0816 0.41
45.6 0.0275 -0.405 -0.0875 0.415
45.7 0.068 -0.404 -0.0934 0.42
45.8 0.106 -0.403 -0.0988 0.428
45.9 0.142 -0.402 -0.104 0.439
46.0 0.176 -0.402 -0.108 0.452
46.1 0.21 -0.402 -0.113 0.468
46.2 0.247 -0.392 -0.119 0.479
46.3 0.256 -0.34 -0.123 0.443
46.4 0.264 -0.28 -0.126 0.405
46.5 0.265 -0.222 -0.129 0.369
46.6 0.267 -0.168 -0.131 0.342
46.7 0.252 -0.118 -0.131 0.307
46.8 0.237 -0.0718 -0.13 0.28
46.9 0.223 -0.0282 -0.123 0.256
47.0 0.197 0.00466 -0.115 0.228
47.1 0.173 0.0357 -0.107 0.206
47.2 0.151 0.0652 -0.1 0.193
47.3 0.131 0.0927 -0.0945 0.186
47.4 0.111 0.114 -0.0885 0.182
47.5 0.0924 0.134 -0.0832 0.183
47.6 0.0749 0.153 -0.0783 0.188
47.7 0.0583 0.165 -0.0734 0.19
47.8 0.0428 0.171 -0.0684 0.189
47.9 0.0283 0.177 -0.0639 0.19
48.0 0.0148 0.182 -0.0599 0.192
48.1 0.00218 0.187 -0.0563 0.195
48.2 -0.00828 0.186 -0.0525 0.193
48.3 -0.0181 0.185 -0.0491 0.192
48.4 -0.0259 0.179 -0.0457 0.187
48.5 -0.0332 0.174 -0.0427 0.182
48.6 -0.0387 0.166 -0.0397 0.175
48.7 -0.0438 0.158 -0.037 0.168
48.8 -0.0486 0.151 -0.0345 0.163
48.9 -0.0515 0.141 -0.0321 0.154
49.0 -0.0542 0.132 -0.0299 0.146
49.1 -0.0567 0.124 -0.0279 0.139
49.2 -0.0577 0.114 -0.026 0.13
49.3 -0.0586 0.104 -0.0242 0.122
49.4 -0.0594 0.0954 -0.0227 0.115
49.5 -0.0589 0.0857 -0.0211 0.106
49.6 -0.0585 0.0767 -0.0197 0.0984
49.7 -0.058 0.0682 -0.0185 0.0914
49.8 -0.0574 0.0603 -0.0174 0.0851
49.9 -0.0558 0.0521 -0.0163 0.0781
