0.0 3.5 -4.34e-24 0.0155
0.1 3.5 -1.64e-23 0.0591
0.2 3.5 -3.48e-23 0.125
0.3 3.5 -5.83e-23 0.207
0.4 3.5 -8.57e-23 0.293
0.5 3.5 -1.17e-22 0.378
0.6 3.5 -1.52e-22 0.453
0.7 3.5 -1.92e-22 0.519
0.8 3.5 1.37e-12 0.573
0.9 3.5 -0.000192 0.618
1.0 3.5 -0.000751 0.652
1.1 3.5 -0.00218 0.678
1.2 3.5 -0.00494 0.696
1.3 3.5 -0.00892 0.707
1.4 3.5 -0.014 0.711
1.5 3.5 -0.0201 0.709
1.6 3.5 -0.0271 0.702
1.7 3.49 -0.0341 0.69
1.8 3.49 -0.0402 0.674
1.9 3.49 -0.0454 0.655
2.0 3.49 -0.0499 0.632
2.1 3.49 -0.0536 0.607
2.2 3.48 -0.0567 0.579
2.3 3.48 -0.0591 0.549
2.4 3.48 -0.0609 0.518
2.5 3.48 -0.0623 0.486
2.6 3.47 -0.0633 0.454
2.7 3.47 -0.0639 0.423
2.8 3.47 -0.0642 0.393
2.9 3.47 -0.0644 0.366
3.0 3.47 -0.0644 0.343
3.1 3.47 -0.0643 0.324
3.2 3.47 -0.0641 0.311
3.3 3.47 -0.0639 0.303
3.4 3.47 -0.0635 0.302
3.5 3.46 -0.0631 0.306
3.6 3.46 -0.0626 0.314
3.7 3.46 -0.0621 0.326
3.8 3.46 -0.0615 0.34
3.9 3.46 -0.0609 0.355
4.0 3.46 -0.0603 0.37
4.1 3.46 -0.0597 0.384
4.2 3.46 -0.0592 0.397
4.3 3.46 -0.0586 0.407
4.4 3.46 -0.0582 0.416
4.5 3.46 -0.0578 0.422
4.6 3.46 -0.0575 0.426
4.7 3.46 -0.0574 0.428
4.8 3.46 -0.0573 0.427
4.9 3.46 -0.0574 0.425
5.0 3.46 -0.0575 0.422
5.1 3.46 -0.0577 0.417
5.2 3.46 -0.0579 0.411
5.3 3.46 -0.0581 0.405
5.4 3.46 -0.0582 0.398
5.5 3.46 -0.0583 0.391
5.6 3.46 -0.0583 0.385
5.7 3.46 -0.0583 0.379
5.8 3.46 -0.0581 0.374
5.9 3.46 -0.0579 0.37
6.0 3.46 -0.0575 0.367
6.1 3.46 -0.0571 0.365
6.2 3.46 -0.0565 0.365
6.3 3.46 -0.0559 0.365
6.4 3.46 -0.0551 0.366
6.5 3.46 -0.0544 0.368
6.6 3.46 -0.0535 0.371
6.7 3.46 -0.0527 0.374
6.8 3.46 -0.0519 0.377
6.9 3.46 -0.0512 0.38
7.0 3.46 -0.0507 0.383
7.1 3.46 -0.0504 0.386
7.2 3.46 -0.0502 0.388
7.3 3.46 -0.05 0.39
7.4 3.46 -0.05 0.391
7.5 3.46 -0.0501 0.392
7.6 3.46 -0.0502 0.392
7.7 3.46 -0.0504 0.392
7.8 3.46 -0.0506 0.391
7.9 3.46 -0.0508 0.391
8.0 3.45 -0.0509 0.389
8.1 3.45 -0.051 0.388
8.2 3.45 -0.0509 0.387
8.3 3.45 -0.0507 0.385
8.4 3.45 -0.0504 0.384
8.5 3.45 -0.0499 0.383
8.6 3.45 -0.0492 0.382
8.7 3.45 -0.0485 0.381
8.8 3.45 -0.0476 0.38
8.9 3.45 -0.0467 0.379
9.0 3.45 -0.0457 0.379
9.1 3.45 -0.0448 0.379
9.2 3.45 -0.0441 0.379
9.3 3.45 -0.0436 0.38
9.4 3.45 -0.0433 0.38
9.5 3.45 -0.0433 0.381
9.6 3.45 -0.0435 0.382
9.7 3.45 -0.0439 0.382
9.8 3.45 -0.0444 0.383
9.9 3.45 -0.0451 0.383
10.0 3.44 -0.0459 0.384
10.1 3.44 -0.0466 0.384
10.2 3.44 -0.0474 0.385
10.3 3.44 -0.048 0.385
10.4 3.44 -0.0486 0.385
10.5 3.44 -0.0491 0.385
10.6 3.44 -0.0493 0.385
10.7 3.43 -0.0494 0.385
10.8 3.43 -0.0492 0.385
10.9 3.43 -0.0488 0.384
11.0 3.43 -0.0481 0.384
11.1 3.43 -0.0472 0.384
11.2 3.42 -0.0461 0.384
11.3 3.42 -0.0447 0.383
11.4 3.42 -0.043 0.383
11.5 3.42 -0.0412 0.383
11.6 3.42 -0.0391 0.383
11.7 3.42 -0.0369 0.383
11.8 3.42 -0.0345 0.382
11.9 3.42 -0.032 0.382
12.0 3.41 -0.0272 0.382
12.1 3.41 -0.0181 0.383
12.2 3.41 -0.00516 0.383
12.3 3.42 0.0101 0.383
12.4 3.42 0.0243 0.383
12.5 3.42 0.0346 0.383
12.6 3.43 0.0396 0.383
12.7 3.43 0.0391 0.383
12.8 3.42 0.0333 0.383
12.9 3.42 0.0226 0.384
13.0 3.41 0.00763 0.384
13.1 3.4 -0.0113 0.384
13.2 3.39 -0.0336 0.384
13.3 3.38 -0.0591 0.384
13.4 3.36 -0.0874 0.384
13.5 3.34 -0.118 0.384
13.6 3.32 -0.151 0.384
13.7 3.3 -0.186 0.384
13.8 3.27 -0.222 0.384
13.9 3.24 -0.26 0.384
14.0 3.21 -0.3 0.384
14.1 3.17 -0.343 0.384
14.2 3.13 -0.386 0.384
14.3 3.09 -0.424 0.384
14.4 3.06 -0.453 0.383
14.5 3.04 -0.475 0.383
14.6 3.03 -0.49 0.383
14.7 3.02 -0.498 0.383
14.8 3.02 -0.5 0.384
14.9 3.02 -0.495 0.384
15.0 3.03 -0.484 0.384
15.1 3.04 -0.466 0.384
15.2 3.05 -0.442 0.384
15.3 3.06 -0.408 0.384
15.4 3.08 -0.362 0.384
15.5 3.09 -0.3 0.384
15.6 3.1 -0.222 0.384
15.7 3.11 -0.133 0.384
15.8 3.11 -0.0372 0.384
15.9 3.1 0.0643 0.384
16.0 3.08 0.17 0.384
16.1 3.05 0.277 0.384
16.2 3.01 0.385 0.384
16.3 2.95 0.491 0.384
16.4 2.89 0.594 0.384
16.5 2.81 0.691 0.384
16.6 2.72 0.776 0.384
16.7 2.64 0.84 0.384
16.8 2.58 0.88 0.384
16.9 2.54 0.903 0.384
17.0 2.51 0.914 0.384
17.1 2.49 0.919 0.384
17.2 2.49 0.921 0.384
17.3 2.49 0.921 0.384
17.4 2.5 0.92 0.384
17.5 2.5 0.921 0.384
17.6 2.51 0.922 0.384
17.7 2.52 0.924 0.384
17.8 2.52 0.927 0.384
17.9 2.53 0.929 0.384
18.0 2.53 0.932 0.384
18.1 2.54 0.935 0.384
18.2 2.54 0.938 0.384
18.3 2.54 0.94 0.384
18.4 2.54 0.942 0.384
18.5 2.54 0.943 0.384
18.6 2.54 0.943 0.384
18.7 2.54 0.943 0.384
18.8 2.54 0.943 0.384
18.9 2.54 0.944 0.384
19.0 2.54 0.945 0.384
19.1 2.54 0.948 0.384
19.2 2.54 0.951 0.384
19.3 2.54 0.956 0.384
19.4 2.54 0.961 0.384
19.5 2.54 0.967 0.384
19.6 2.53 0.973 0.384
19.7 2.53 0.979 0.384
19.8 2.52 0.985 0.384
19.9 2.52 0.991 0.384
20.0 2.51 0.997 0.384
20.1 2.51 1.0 0.384
20.2 2.5 1.01 0.384
20.3 2.49 1.01 0.384
20.4 2.49 1.01 0.384
20.5 2.49 1.01 0.384
20.6 2.49 1.01 0.384
20.7 2.49 1.01 0.384
20.8 2.49 1.01 0.384
20.9 2.49 1.01 0.384
21.0 2.49 1.01 0.384
21.1 2.49 1.01 0.384
21.2 2.49 1.01 0.384
21.3 2.49 1.01 0.384
21.4 2.48 1.01 0.384
21.5 2.48 1.0 0.384
21.6 2.48 1.0 0.384
21.7 2.48 1.0 0.384
21.8 2.48 1.0 0.384
21.9 2.48 1.0 0.384
22.0 2.48 1.0 0.384
22.1 2.48 1.0 0.384
22.2 2.48 1.0 0.384
22.3 2.48 1.0 0.384
22.4 2.48 1.0 0.384
22.5 2.48 1.0 0.384
22.6 2.48 1.0 0.384
22.7 2.48 1.0 0.384
22.8 2.48 1.01 0.384
22.9 2.47 1.01 0.384
23.0 2.47 1.02 0.384
23.1 2.47 1.02 0.384
23.2 2.46 1.02 0.384
23.3 2.46 1.03 0.384
23.4 2.45 1.03 0.384
23.5 2.45 1.03 0.384
23.6 2.44 1.03 0.384
23.7 2.44 1.03 0.384
23.8 2.43 1.03 0.384
23.9 2.43 1.03 0.384
24.0 2.42 1.03 0.384
24.1 2.42 1.03 0.384
24.2 2.42 1.03 0.384
24.3 2.41 1.02 0.384
24.4 2.41 1.02 0.384
24.5 2.41 1.02 0.384
24.6 2.41 1.02 0.384
24.7 2.41 1.02 0.384
24.8 2.41 1.02 0.384
24.9 2.41 1.02 0.384
25.0 2.41 1.02 0.384
25.1 2.41 1.02 0.384
25.2 2.41 1.02 0.384
25.3 2.41 1.01 0.384
25.4 2.41 1.01 0.384
25.5 2.41 1.02 0.384
25.6 2.41 1.02 0.384
25.7 2.41 1.02 0.384
25.8 2.4 1.02 0.384
25.9 2.4 1.02 0.384
26.0 2.4 1.02 0.384
26.1 2.4 1.02 0.384
26.2 2.4 1.02 0.384
26.3 2.4 1.02 0.384
26.4 2.4 1.02 0.384
26.5 2.39 1.01 0.384
26.6 2.39 1.01 0.384
26.7 2.39 1.01 0.384
26.8 2.39 1.01 0.384
26.9 2.39 1.01 0.384
27.0 2.39 1.01 0.384
27.1 2.38 1.01 0.384
27.2 2.38 1.0 0.384
27.3 2.38 1.0 0.384
27.4 2.38 1.0 0.384
27.5 2.38 1.0 0.384
27.6 2.38 0.998 0.384
27.7 2.38 0.997 0.384
27.8 2.38 0.995 0.384
27.9 2.38 0.994 0.384
28.0 2.38 0.993 0.384
28.1 2.38 0.992 0.384
28.2 2.38 0.991 0.384
28.3 2.38 0.991 0.384
28.4 2.38 0.99 0.384
28.5 2.38 0.99 0.384
28.6 2.38 0.99 0.384
28.7 2.38 0.989 0.384
28.8 2.38 0.989 0.384
28.9 2.38 0.988 0.384
29.0 2.38 0.988 0.384
29.1 2.38 0.987 0.384
29.2 2.38 0.987 0.384
29.3 2.38 0.986 0.384
29.4 2.37 0.985 0.384
29.5 2.37 0.984 0.384
29.6 2.37 0.982 0.384
29.7 2.37 0.981 0.384
29.8 2.37 0.98 0.384
29.9 2.37 0.978 0.384
30.0 2.37 0.976 0.384
30.1 2.37 0.974 0.384
30.2 2.37 0.973 0.384
30.3 2.37 0.971 0.384
30.4 2.37 0.969 0.384
30.5 2.37 0.967 0.384
30.6 2.37 0.965 0.384
30.7 2.37 0.964 0.384
30.8 2.37 0.962 0.384
30.9 2.37 0.961 0.384
31.0 2.37 0.96 0.384
31.1 2.37 0.958 0.384
31.2 2.38 0.958 0.384
31.3 2.38 0.957 0.384
31.4 2.38 0.956 0.384
31.5 2.38 0.956 0.384
31.6 2.38 0.956 0.384
31.7 2.38 0.955 0.384
31.8 2.38 0.955 0.384
31.9 2.38 0.955 0.384
32.0 2.38 0.955 0.384
32.1 2.38 0.954 0.384
32.2 2.38 0.954 0.384
32.3 2.38 0.953 0.384
32.4 2.38 0.953 0.384
32.5 2.38 0.952 0.384
32.6 2.38 0.951 0.384
32.7 2.38 0.951 0.384
32.8 2.38 0.95 0.384
32.9 2.38 0.95 0.384
33.0 2.38 0.95 0.384
33.1 2.38 0.949 0.384
33.2 2.38 0.949 0.384
33.3 2.38 0.949 0.384
33.4 2.38 0.949 0.384
33.5 2.38 0.949 0.384
33.6 2.37 0.949 0.384
33.7 2.37 0.949 0.384
33.8 2.37 0.949 0.384
33.9 2.37 0.948 0.384
34.0 2.37 0.948 0.384
34.1 2.36 0.948 0.384
34.2 2.36 0.948 0.384
34.3 2.35 0.946 0.384
34.4 2.34 0.944 0.384
34.5 2.33 0.941 0.384
34.6 2.33 0.938 0.384
34.7 2.33 0.936 0.384
34.8 2.33 0.934 0.384
34.9 2.32 0.933 0.384
35.0 2.32 0.933 0.384
35.1 2.32 0.934 0.384
35.2 2.33 0.935 0.384
35.3 2.33 0.937 0.384
35.4 2.33 0.94 0.384
35.5 2.33 0.944 0.384
35.6 2.33 0.947 0.384
35.7 2.33 0.951 0.384
35.8 2.33 0.955 0.384
35.9 2.32 0.959 0.384
36.0 2.32 0.962 0.384
36.1 2.32 0.965 0.384
36.2 2.32 0.968 0.384
36.3 2.32 0.971 0.384
36.4 2.31 0.973 0.384
36.5 2.31 0.974 0.384
36.6 2.31 0.976 0.384
36.7 2.3 0.977 0.384
36.8 2.3 0.977 0.384
36.9 2.3 0.978 0.384
37.0 2.3 0.978 0.384
37.1 2.29 0.978 0.384
37.2 2.29 0.977 0.384
37.3 2.29 0.977 0.384
37.4 2.29 0.976 0.384
37.5 2.29 0.975 0.384
37.6 2.29 0.974 0.384
37.7 2.28 0.974 0.384
37.8 2.28 0.973 0.384
37.9 2.28 0.972 0.384
38.0 2.28 0.971 0.384
38.1 2.28 0.97 0.384
38.2 2.28 0.969 0.384
38.3 2.28 0.968 0.384
38.4 2.28 0.967 0.384
38.5 2.28 0.966 0.384
38.6 2.28 0.965 0.384
38.7 2.28 0.965 0.384
38.8 2.28 0.964 0.384
38.9 2.28 0.964 0.384
39.0 2.28 0.963 0.384
39.1 2.28 0.963 0.384
39.2 2.28 0.963 0.384
39.3 2.28 0.962 0.384
39.4 2.28 0.962 0.384
39.5 2.28 0.962 0.384
39.6 2.27 0.962 0.384
39.7 2.27 0.962 0.384
39.8 2.27 0.962 0.384
39.9 2.27 0.962 0.384
40.0 2.27 0.962 0.384
40.1 2.27 0.961 0.384
40.2 2.27 0.961 0.384
40.3 2.27 0.961 0.384
40.4 2.27 0.961 0.384
40.5 2.27 0.96 0.384
40.6 2.26 0.96 0.384
40.7 2.26 0.959 0.384
40.8 2.26 0.958 0.384
40.9 2.26 0.957 0.384
41.0 2.26 0.956 0.384
41.1 2.26 0.955 0.384
41.2 2.26 0.954 0.384
41.3 2.26 0.953 0.384
41.4 2.25 0.951 0.384
41.5 2.25 0.95 0.384
41.6 2.25 0.949 0.384
41.7 2.25 0.948 0.384
41.8 2.25 0.948 0.384
41.9 2.25 0.947 0.384
42.0 2.25 0.947 0.384
42.1 2.25 0.947 0.384
42.2 2.25 0.947 0.384
42.3 2.25 0.947 0.384
42.4 2.25 0.947 0.384
42.5 2.25 0.947 0.384
42.6 2.25 0.948 0.384
42.7 2.25 0.948 0.384
42.8 2.25 0.948 0.384
42.9 2.25 0.949 0.384
43.0 2.25 0.949 0.384
43.1 2.24 0.949 0.384
43.2 2.24 0.949 0.384
43.3 2.24 0.95 0.384
43.4 2.24 0.95 0.384
43.5 2.24 0.949 0.384
43.6 2.24 0.949 0.384
43.7 2.24 0.949 0.384
43.8 2.23 0.948 0.384
43.9 2.23 0.948 0.384
44.0 2.23 0.947 0.384
44.1 2.23 0.947 0.384
44.2 2.23 0.946 0.384
44.3 2.23 0.945 0.384
44.4 2.23 0.945 0.384
44.5 2.23 0.944 0.384
44.6 2.23 0.943 0.384
44.7 2.23 0.943 0.384
44.8 2.23 0.942 0.384
44.9 2.23 0.941 0.384
45.0 2.23 0.941 0.384
45.1 2.23 0.94 0.384
45.2 2.23 0.94 0.384
45.3 2.23 0.939 0.384
45.4 2.23 0.939 0.384
45.5 2.23 0.939 0.384
45.6 2.22 0.939 0.384
45.7 2.22 0.939 0.384
45.8 2.22 0.939 0.384
45.9 2.22 0.939 0.384
46.0 2.22 0.939 0.384
46.1 2.22 0.939 0.384
46.2 2.22 0.939 0.384
46.3 2.22 0.939 0.384
46.4 2.22 0.94 0.384
46.5 2.22 0.94 0.384
46.6 2.22 0.94 0.384
46.7 2.22 0.94 0.384
46.8 2.22 0.94 0.384
46.9 2.21 0.939 0.384
47.0 2.21 0.939 0.384
47.1 2.21 0.939 0.384
47.2 2.21 0.938 0.384
47.3 2.21 0.938 0.384
47.4 2.21 0.937 0.384
47.5 2.21 0.936 0.384
47.6 2.21 0.936 0.384
47.7 2.21 0.935 0.384
47.8 2.2 0.934 0.384
47.9 2.2 0.933 0.384
48.0 2.2 0.932 0.384
48.1 2.2 0.931 0.384
48.2 2.2 0.93 0.384
48.3 2.2 0.929 0.384
48.4 2.2 0.928 0.384
48.5 2.2 0.927 0.384
48.6 2.2 0.926 0.384
48.7 2.2 0.925 0.384
48.8 2.2 0.924 0.384
48.9 2.2 0.924 0.384
49.0 2.2 0.923 0.384
49.1 2.2 0.922 0.384
49.2 2.2 0.922 0.384
49.3 2.2 0.921 0.384
49.4 2.2 0.921 0.384
49.5 2.2 0.921 0.384
49.6 2.2 0.92 0.384
49.7 2.2 0.92 0.384
49.8 2.2 0.92 0.384
49.9 2.2 0.92 0.384
