0.0 0.0 0.0 2.41e-19
0.1 0.0 0.0 9.22e-19
0.2 0.0 0.0 1.99e-18
0.3 0.0 0.0 3.39e-18
0.4 0.0 0.0 5.09e-18
0.5 0.0 0.0 7.04e-18
0.6 0.0 0.0 9.21e-18
0.7 0.0 0.0 7.89e-06
0.8 0.0 0.0 3.02e-05
0.9 0.0 0.0 6.71e-05
1.0 0.0 0.0 0.000119
1.1 0.0 0.0 0.000183
1.2 0.0 0.0 0.000257
1.3 0.0 0.0 0.000341
1.4 0.0 0.0 0.000432
1.5 0.0 0.0 0.000529
1.6 0.0 0.0 0.000631
1.7 0.0 0.0 0.000737
1.8 0.0 0.0 0.000846
1.9 0.0 0.0 0.000959
2.0 0.0 0.0 0.00107
2.1 0.0 0.0 0.00119
2.2 0.0 0.0 0.00131
2.3 0.0 0.0 0.00143
2.4 0.0 0.0 0.00155
2.5 0.0 0.0 0.00167
2.6 0.0 0.0 0.00179
2.7 0.0 0.0 0.00191
2.8 0.0 0.0 0.00202
2.9 0.0 0.0 0.00213
3.0 0.0 0.0 0.00224
3.1 0.0 0.0 0.00234
3.2 0.0 0.0 0.00244
3.3 0.0 0.0 0.00254
3.4 0.0 0.0 0.00264
3.5 0.0 0.0 0.00274
3.6 0.0 0.0 0.00284
3.7 0.0 0.0 0.00294
3.8 0.0 0.0 0.00303
3.9 0.0 0.0 0.00312
4.0 0.0 0.0 0.00321
4.1 0.0 0.0 0.00329
4.2 0.0 0.0 0.00337
4.3 0.0 0.0 0.00345
4.4 0.0 0.0 0.00352
4.5 0.0 0.0 0.00359
4.6 0.0 0.0 0.00365
4.7 0.0 0.0 0.00371
4.8 0.0 0.0 0.00376
4.9 0.0 0.0 0.00382
5.0 0.0 0.0 0.00386
5.1 0.0 0.0 0.00391
5.2 0.0 0.0 0.00395
5.3 0.0 0.0 0.00399
5.4 0.0 0.0 0.00403
5.5 0.0 0.0 0.00406
5.6 0.0 0.0 0.00408
5.7 0.0 0.0 0.0041
5.8 0.0 0.0 0.00412
5.9 0.0 0.0 0.00413
6.0 0.0 0.0 0.00413
6.1 0.0 0.0 0.00413
6.2 0.0 0.0 0.00413
6.3 0.0 0.0 0.00411
6.4 0.0 0.0 0.00409
6.5 0.0 0.0 0.00407
6.6 0.0 0.0 0.00404
6.7 0.0 0.0 0.00401
6.8 0.0 0.0 0.00397
6.9 0.0 0.0 0.00393
7.0 0.0 0.0 0.00388
7.1 0.0 0.0 0.00384
7.2 0.0 0.0 0.00379
7.3 0.0 0.0 0.00373
7.4 0.0 0.0 0.00368
7.5 0.0 0.0 0.00362
7.6 0.0 0.0 0.00356
7.7 0.0 0.0 0.0035
7.8 0.0 0.0 0.00343
7.9 0.0 0.0 0.00336
8.0 0.0 0.0 0.00329
8.1 0.0 0.0 0.00321
8.2 0.0 0.0 0.00314
8.3 0.0 0.0 0.00306
8.4 0.0 0.0 0.00297
8.5 0.0 0.0 0.00288
8.6 0.0 0.0 0.00279
8.7 0.0 0.0 0.00269
8.8 0.0 0.0 0.00259
8.9 0.0 0.0 0.00249
9.0 0.0 0.0 0.00239
9.1 0.0 0.0 0.00228
9.2 0.0 0.0 0.00217
9.3 0.0 0.0 0.00206
9.4 0.0 0.0 0.00195
9.5 0.0 0.0 0.00183
9.6 0.0 0.0 0.00171
9.7 0.0 0.0 0.00158
9.8 0.0 0.0 0.00146
9.9 0.0 0.0 0.00133
10.0 0.0 0.0 0.0012
10.1 0.0 0.0 0.00107
10.2 0.0 0.0 0.00104
10.3 0.0 0.0 0.00121
10.4 0.0 0.0 0.00156
10.5 0.0 0.0 0.00208
10.6 0.0 0.0 0.00273
10.7 0.0 0.0 0.0035
10.8 0.0 0.0 0.00438
10.9 0.0 0.0 0.00533
11.0 0.0 0.0 0.00634
11.1 0.0 0.0 0.00739
11.2 0.0 0.0 0.00844
11.3 0.0 0.0 0.00948
11.4 0.0 0.0 0.0105
11.5 0.0 0.0 0.0114
11.6 0.0 0.0 0.0123
11.7 0.0 0.0 0.0131
11.8 0.0 0.0 0.0139
11.9 0.0 0.0 0.0146
12.0 0.0 0.0 0.0153
12.1 0.0 0.0 0.0159
12.2 0.0 0.0 0.0164
12.3 0.0 0.0 0.0169
12.4 0.0 0.0 0.0174
12.5 0.0 0.0 0.0179
12.6 0.0 0.0 0.0185
12.7 0.0 0.0 0.019
12.8 0.0 0.0 0.0195
12.9 0.0 0.0 0.0201
13.0 0.0 0.0 0.0206
13.1 0.0 0.0 0.021
13.2 0.0 0.0 0.0214
13.3 0.0 0.0 0.0217
13.4 0.0 0.0 0.022
13.5 0.0 0.0 0.0221
13.6 0.0 0.0 0.0221
13.7 0.0 0.0 0.022
13.8 0.0 0.0 0.0216
13.9 0.0 0.0 0.0211
14.0 0.0 0.0 0.0203
14.1 0.0 0.0 0.0195
14.2 0.0 0.0 0.0188
14.3 0.0 0.0 0.0182
14.4 0.0 0.0 0.0176
14.5 0.0 0.0 0.0169
14.6 0.0 0.0 0.0157
14.7 0.0 0.0 0.0141
14.8 0.0 0.0 0.0121
14.9 0.0 0.0 0.00993
15.0 0.0 0.0 0.00774
15.1 0.0 0.0 0.00578
15.2 0.0 0.0 0.00415
15.3 0.0 0.0 0.00286
15.4 0.0 0.0 0.00189
15.5 0.0 0.0 0.00118
15.6 0.0 0.0 0.000707
15.7 0.0 0.0 0.000403
15.8 0.0 0.0 0.000217
15.9 0.0 0.0 0.000113
16.0 0.0 0.0 5.71e-05
16.1 0.0 0.0 2.84e-05
16.2 0.0 0.0 1.4e-05
16.3 0.0 0.0 6.89e-06
16.4 0.0 0.0 4.47e-06
16.5 0.0 0.0 6.16e-06
16.6 0.0 0.0 1.08e-05
16.7 0.0 0.0 1.69e-05
16.8 0.0 0.0 2.38e-05
16.9 0.0 0.0 3.12e-05
17.0 0.0 0.0 3.92e-05
17.1 0.0 0.0 4.81e-05
17.2 0.0 0.0 5.77e-05
17.3 0.0 0.0 6.8e-05
17.4 0.0 0.0 7.88e-05
17.5 0.0 0.0 9e-05
17.6 0.0 0.0 0.000104
17.7 0.0 0.0 0.000121
17.8 0.0 0.0 0.000142
17.9 0.0 0.0 0.00015
18.0 0.0 0.0 0.000139
18.1 0.0 0.0 0.000118
18.2 0.0 0.0 9.45e-05
18.3 0.0 0.0 7.23e-05
18.4 0.0 0.0 5.24e-05
18.5 0.0 0.0 3.57e-05
18.6 0.0 0.0 2.34e-05
18.7 0.0 0.0 1.46e-05
18.8 0.0 0.0 8.56e-06
18.9 0.0 0.0 4.74e-06
19.0 0.0 0.0 2.51e-06
19.1 0.0 0.0 1.29e-06
19.2 0.0 0.0 6.5e-07
19.3 0.0 0.0 3.25e-07
19.4 0.0 0.0 1.61e-07
19.5 0.0 0.0 8.12e-08
19.6 0.0 0.0 1.63e-06
19.7 0.0 0.0 0.000896
19.8 0.0 0.0 0.00342
19.9 0.0 0.0 0.00738
20.0 0.0 0.0 0.0126
20.1 0.0 0.0 0.0189
20.2 0.0 0.0 0.0262
20.3 0.0 0.0 0.0343
20.4 0.0 0.0 0.0431
20.5 0.0 0.0 0.0524
20.6 0.0 0.0 0.0624
20.7 0.0 0.0 0.0727
20.8 0.0 0.0 0.0835
20.9 0.0 0.0 0.0946
21.0 0.0 0.0 0.106
21.1 0.0 0.0 0.118
21.2 0.0 0.0 0.129
21.3 0.0 0.0 0.141
21.4 0.0 0.0 0.153
21.5 0.0 0.0 0.166
21.6 0.0 0.0 0.178
21.7 0.0 0.0 0.19
21.8 0.0 0.0 0.203
21.9 0.0 0.0 0.215
22.0 0.0 0.0 0.228
22.1 0.0 0.0 0.24
22.2 0.0 0.0 0.253
22.3 0.0 0.0 0.265
22.4 0.0 0.0 0.278
22.5 0.0 0.0 0.29
22.6 0.0 0.0 0.302
22.7 0.0 0.0 0.314
22.8 0.0 0.0 0.327
22.9 0.0 0.0 0.339
23.0 0.0 0.0 0.351
23.1 0.0 0.0 0.363
23.2 0.0 0.0 0.374
23.3 0.0 0.0 0.386
23.4 0.0 0.0 0.398
23.5 0.0 0.0 0.409
23.6 0.0 0.0 0.42
23.7 0.0 0.0 0.432
23.8 0.0 0.0 0.443
23.9 0.0 0.0 0.454
24.0 0.0 0.0 0.464
24.1 0.0 0.0 0.475
24.2 0.0 0.0 0.485
24.3 0.0 0.0 0.496
24.4 0.0 0.0 0.506
24.5 0.0 0.0 0.516
24.6 0.0 0.0 0.525
24.7 0.0 0.0 0.535
24.8 0.0 0.0 0.544
24.9 0.0 0.0 0.553
25.0 0.0 0.0 0.562
25.1 0.0 0.0 0.571
25.2 0.0 0.0 0.58
25.3 0.0 0.0 0.588
25.4 0.0 0.0 0.597
25.5 0.0 0.0 0.605
25.6 0.0 0.0 0.613
25.7 0.0 0.0 0.62
25.8 0.0 0.0 0.628
25.9 0.0 0.0 0.635
26.0 0.0 0.0 0.642
26.1 0.0 0.0 0.649
26.2 0.0 0.0 0.655
26.3 0.0 0.0 0.662
26.4 0.0 0.0 0.668
26.5 0.0 0.0 0.673
26.6 0.0 0.0 0.679
26.7 0.0 0.0 0.684
26.8 0.0 0.0 0.689
26.9 0.0 0.0 0.694
27.0 0.0 0.0 0.699
27.1 0.0 0.0 0.703
27.2 0.0 0.0 0.707
27.3 0.0 0.0 0.711
27.4 0.0 0.0 0.714
27.5 0.0 0.0 0.718
27.6 0.0 0.0 0.721
27.7 0.0 0.0 0.723
27.8 0.0 0.0 0.726
27.9 0.0 0.0 0.728
28.0 0.0 0.0 0.73
28.1 0.0 0.0 0.731
28.2 0.0 0.0 0.733
28.3 0.0 0.0 0.734
28.4 0.0 0.0 0.735
28.5 0.0 0.0 0.735
28.6 0.0 0.0 0.735
28.7 0.0 0.0 0.735
28.8 0.0 0.0 0.735
28.9 0.0 0.0 0.734
29.0 0.0 0.0 0.734
29.1 0.0 0.0 0.732
29.2 0.0 0.0 0.731
29.3 0.0 0.0 0.729
29.4 0.0 0.0 0.727
29.5 0.0 0.0 0.725
29.6 0.0 0.0 0.723
29.7 0.0 0.0 0.72
29.8 0.0 0.0 0.717
29.9 0.0 0.0 0.713
30.0 0.0 0.0 0.71
30.1 0.0 0.0 0.706
30.2 0.0 0.0 0.702
30.3 0.0 0.0 0.697
30.4 0.0 0.0 0.692
30.5 0.0 0.0 0.687
30.6 0.0 0.0 0.682
30.7 0.0 0.0 0.677
30.8 0.0 0.0 0.671
30.9 0.0 0.0 0.665
31.0 0.0 0.0 0.659
31.1 0.0 0.0 0.652
31.2 0.0 0.0 0.645
31.3 0.0 0.0 0.638
31.4 0.0 0.0 0.631
31.5 0.0 0.0 0.623
31.6 0.0 0.0 0.616
31.7 0.0 0.0 0.607
31.8 0.0 0.0 0.599
31.9 0.0 0.0 0.591
32.0 0.0 0.0 0.582
32.1 0.0 0.0 0.573
32.2 0.0 0.0 0.564
32.3 0.0 0.0 0.554
32.4 0.0 0.0 0.545
32.5 0.0 0.0 0.535
32.6 0.0 0.0 0.525
32.7 0.0 0.0 0.514
32.8 0.0 0.0 0.504
32.9 0.0 0.0 0.493
33.0 0.0 0.0 0.482
33.1 0.0 0.0 0.471
33.2 0.0 0.0 0.46
33.3 0.0 0.0 0.449
33.4 0.0 0.0 0.437
33.5 0.0 0.0 0.425
33.6 0.0 0.0 0.413
33.7 0.0 0.0 0.401
33.8 0.0 0.0 0.389
33.9 0.0 0.0 0.376
34.0 0.0 0.0 0.363
34.1 0.0 0.0 0.351
34.2 0.0 0.0 0.338
34.3 0.0 0.0 0.325
34.4 0.0 0.0 0.312
34.5 0.0 0.0 0.299
34.6 0.0 0.0 0.286
34.7 0.0 0.0 0.272
34.8 0.0 0.0 0.259
34.9 0.0 0.0 0.245
35.0 0.0 0.0 0.232
35.1 0.0 0.0 0.218
35.2 0.0 0.0 0.205
35.3 0.0 0.0 0.191
35.4 0.0 0.0 0.177
35.5 0.0 0.0 0.163
35.6 0.0 0.0 0.149
35.7 0.0 0.0 0.135
35.8 0.0 0.0 0.121
35.9 0.0 0.0 0.107
36.0 0.0 0.0 0.0928
36.1 0.0 0.0 0.0786
36.2 0.0 0.0 0.0643
36.3 0.0 0.0 0.05
36.4 0.0 0.0 0.0355
36.5 0.0 0.0 0.0207
36.6 0.0 0.0 0.00555
36.7 0.0 0.0 0.0101
36.8 0.0 0.0 0.0263
36.9 0.0 0.0 0.0431
37.0 0.0 0.0 0.0607
37.1 0.0 0.0 0.079
37.2 0.0 0.0 0.0981
37.3 0.0 0.0 0.118
37.4 0.0 0.0 0.139
37.5 0.0 0.0 0.161
37.6 0.0 0.0 0.183
37.7 0.0 0.0 0.207
37.8 0.0 0.0 0.232
37.9 0.0 0.0 0.257
38.0 0.0 0.0 0.284
38.1 0.0 0.0 0.312
38.2 0.0 0.0 0.34
38.3 0.0 0.0 0.37
38.4 0.0 0.0 0.4
38.5 0.0 0.0 0.432
38.6 0.0 0.0 0.465
38.7 0.0 0.0 0.498
38.8 0.0 0.0 0.533
38.9 0.0 0.0 0.568
39.0 0.0 0.0 0.605
39.1 0.0 0.0 0.643
39.2 0.0 0.0 0.681
39.3 0.0 0.0 0.721
39.4 0.0 0.0 0.761
39.5 0.0 0.0 0.802
39.6 0.0 0.0 0.845
39.7 0.0 0.0 0.888
39.8 0.0 0.0 0.932
39.9 0.0 0.0 0.977
40.0 0.0 0.0 1.02
40.1 0.0 0.0 1.07
40.2 0.0 0.0 1.12
40.3 0.0 0.0 1.16
40.4 0.0 0.0 1.21
40.5 0.0 0.0 1.26
40.6 0.0 0.0 1.31
40.7 0.0 0.0 1.37
40.8 0.0 0.0 1.42
40.9 0.0 0.0 1.47
41.0 0.0 0.0 1.52
41.1 0.0 0.0 1.58
41.2 0.0 0.0 1.63
41.3 0.0 0.0 1.69
41.4 0.0 0.0 1.74
41.5 0.0 0.0 1.8
41.6 0.0 0.0 1.86
41.7 0.0 0.0 1.92
41.8 0.0 0.0 1.97
41.9 0.0 0.0 2.03
42.0 0.0 0.0 2.09
42.1 0.0 0.0 2.15
42.2 0.0 0.0 2.21
42.3 0.0 0.0 2.27
42.4 0.0 0.0 2.33
42.5 0.0 0.0 2.4
42.6 0.0 0.0 2.46
42.7 0.0 0.0 2.52
42.8 0.0 0.0 2.58
42.9 0.0 0.0 2.64
43.0 0.0 0.0 2.71
43.1 0.0 0.0 2.77
43.2 0.0 0.0 2.83
43.3 0.0 0.0 2.9
43.4 0.0 0.0 2.96
43.5 0.0 0.0 3.02
43.6 0.0 0.0 3.08
43.7 0.0 0.0 3.14
43.8 0.0 0.0 3.2
43.9 0.0 0.0 3.26
44.0 0.0 0.0 3.32
44.1 0.0 0.0 3.38
44.2 0.0 0.0 3.44
44.3 0.0 0.0 3.51
44.4 0.0 0.0 3.57
44.5 0.0 0.0 3.63
44.6 0.0 0.0 3.69
44.7 0.0 0.0 3.76
44.8 0.0 0.0 3.82
44.9 0.0 0.0 3.89
45.0 0.0 0.0 3.95
45.1 0.0 0.0 4.02
45.2 0.0 0.0 4.09
45.3 0.0 0.0 4.15
45.4 0.0 0.0 4.22
45.5 0.0 0.0 4.29
45.6 0.0 0.0 4.36
45.7 0.0 0.0 4.43
45.8 0.0 0.0 4.51
45.9 0.0 0.0 4.58
46.0 0.0 0.0 4.65
46.1 0.0 0.0 4.73
46.2 0.0 0.0 4.8
46.3 0.0 0.0 4.87
46.4 0.0 0.0 4.95
46.5 0.0 0.0 5.03
46.6 0.0 0.0 5.1
46.7 0.0 0.0 5.18
46.8 0.0 0.0 5.26
46.9 0.0 0.0 5.33
47.0 0.0 0.0 5.41
47.1 0.0 0.0 5.49
47.2 0.0 0.0 5.57
47.3 0.0 0.0 5.65
47.4 0.0 0.0 5.73
47.5 0.0 0.0 5.81
47.6 0.0 0.0 5.89
47.7 0.0 0.0 5.97
47.8 0.0 0.0 6.05
47.9 0.0 0.0 6.13
48.0 0.0 0.0 6.21
48.1 0.0 0.0 6.3
48.2 0.0 0.0 6.38
48.3 0.0 0.0 6.46
48.4 0.0 0.0 6.55
48.5 0.0 0.0 6.63
48.6 0.0 0.0 6.72
48.7 0.0 0.0 6.8
48.8 0.0 0.0 6.89
48.9 0.0 0.0 6.98
49.0 0.0 0.0 7.07
49.1 0.0 0.0 7.16
49.2 0.0 0.0 7.25
49.3 0.0 0.0 7.34
49.4 0.0 0.0 7.43
49.5 0.0 0.0 7.53
49.6 0.0 0.0 7.62
49.7 0.0 0.0 7.72
49.8 0.0 0.0 7.81
49.9 0.0 0.0 7.91
