0.0 0.0 0.0 0.0
0.1 -2.57e-13 0.0 7.19e-14
0.2 -2.57e-13 0.0 7.19e-14
0.3 -2.57e-13 0.0 7.19e-14
0.4 -2.57e-13 0.0 7.19e-14
0.5 -2.57e-13 0.0 7.19e-14
0.6 -2.57e-13 0.0 7.19e-14
0.7 0.0971 -0.00165 0.0431
0.8 0.0967 -0.00165 0.0432
0.9 0.0962 -0.00165 0.0433
1.0 -36.5 -0.155 9.69
1.1 -36.5 -1.63 36.5
1.2 -36.5 -0.127 36.5
1.3 -36.5 -0.127 36.5
1.4 -36.5 -0.127 36.5
1.5 -36.5 -8.39 36.5
1.6 -36.5 -8.39 36.5
1.7 -36.5 4.83 36.5
1.8 -36.5 4.83 36.5
1.9 -36.5 4.83 36.5
2.0 -36.5 -7.97 36.5
2.1 -36.5 -7.97 36.5
2.2 -36.5 -7.97 36.5
2.3 -36.5 4.27 36.5
2.4 -36.5 4.27 36.5
2.5 -36.5 -6.3 25.7
2.6 -36.5 3.72 15.8
2.7 -36.5 3.72 15.8
2.8 -26.0 -5.45 10.9
2.9 -13.9 -2.99 8.98
3.0 -13.9 -2.99 8.98
3.1 -4.23 -0.216 12.5
3.2 -4.23 -0.216 12.5
3.3 -17.6 -1.22 22.4
3.4 -17.6 -1.22 22.4
3.5 -17.6 -1.22 22.4
3.6 -16.3 -1.99 36.5
3.7 -16.3 -1.99 36.5
3.8 -16.3 -1.99 36.5
3.9 -26.8 -3.02 36.5
4.0 -26.8 -3.02 36.5
4.1 -26.8 -3.02 36.5
4.2 -26.8 -3.02 36.5
4.3 -15.5 -3.76 33.2
4.4 -15.5 -3.76 33.2
4.5 -15.5 -3.76 33.2
4.6 -27.0 -4.66 29.4
4.7 -27.0 -4.66 29.4
4.8 -27.0 -4.66 29.4
4.9 -16.7 -4.15 29.5
5.0 -16.7 -4.15 29.5
5.1 -16.7 -4.15 29.5
5.2 -16.7 -4.15 29.5
5.3 -24.8 -6.4 36.5
5.4 -24.8 -6.4 36.5
5.5 -24.8 -6.4 36.5
5.6 -15.7 -4.69 36.5
5.7 -15.7 -4.69 36.5
5.8 -15.7 -4.69 36.5
5.9 -15.7 -4.69 36.5
6.0 -15.7 -4.69 36.5
6.1 -15.7 -4.69 36.5
6.2 -23.8 -7.79 36.5
6.3 -23.8 -7.79 36.5
6.4 -16.0 -2.09 36.5
6.5 -16.4 1.5 36.5
6.6 -16.7 3.01 36.5
6.7 -14.2 -6.1 36.5
6.8 -14.2 -6.33 36.5
6.9 -14.0 -6.71 36.5
7.0 -13.9 -7.13 36.5
7.1 -13.7 -7.5 36.5
7.2 -13.4 -7.76 36.5
7.3 -13.1 -7.76 36.5
7.4 -13.0 -7.51 36.5
7.5 -14.8 8.55 36.5
7.6 -14.9 8.61 36.5
7.7 -17.2 -2.28 36.5
7.8 -17.3 -2.25 36.5
7.9 -17.3 -2.24 36.5
8.0 -17.3 -2.24 36.5
8.1 -4.08 3.91 36.5
8.2 -4.31 3.98 36.5
8.3 -9.91 -3.58 36.5
8.4 -10.0 -3.54 36.5
8.5 -12.8 2.42 36.5
8.6 -12.9 2.44 36.5
8.7 -13.0 2.45 36.5
8.8 -13.0 2.46 36.5
8.9 -13.1 2.46 36.5
9.0 -13.2 2.47 36.5
9.1 -13.2 2.47 36.5
9.2 -13.2 2.47 36.5
9.3 -13.2 2.47 36.5
9.4 -19.1 18.9 25.5
9.5 -19.4 18.7 25.2
9.6 -10.8 3.47 0.0
9.7 -11.2 3.23 0.0
9.8 -11.5 3.01 0.0
9.9 -11.8 2.82 8.01e-22
10.0 -24.4 11.9 1.21
10.1 -24.7 11.6 0.984
10.2 -25.0 11.1 0.735
10.3 -15.1 4.51 3.92
10.4 -15.3 4.25 3.79
10.5 -15.3 4.11 3.72
10.6 -26.3 9.21 4.56
10.7 -26.4 8.95 4.45
10.8 -26.5 8.6 4.32
10.9 -26.5 8.21 4.17
11.0 -19.1 8.29 7.08e-16
11.1 -19.1 8.05 2.63e-20
11.2 -19.1 7.92 0.0
11.3 -29.0 4.21 8.36e-19
11.4 -28.9 3.94 6.41e-19
11.5 -28.8 3.62 0.0
11.6 -28.6 3.27 0.0
11.7 -28.4 2.93 1.62e-19
11.8 -28.1 2.62 3.33e-19
11.9 -27.9 2.36 0.0
12.0 -27.7 2.14 0.0
12.1 -27.4 1.98 5.19e-19
12.2 -27.2 1.86 0.0
12.3 -27.1 1.78 2.27e-18
12.4 -27.0 1.73 0.0
12.5 -26.9 1.71 2.1e-19
12.6 -24.7 -14.4 2.36e-18
12.7 -24.2 -14.4 0.0
12.8 -24.7 -4.25 0.0
12.9 -24.1 -4.23 4.59e-19
13.0 -22.5 -4.03 8.55e-19
13.1 -25.9 -7.5 0.0
13.2 -25.3 -7.31 2.71e-18
13.3 -25.0 -7.16 0.0
13.4 -24.8 -7.06 0.0
13.5 -24.6 -6.99 0.0
13.6 -24.5 -7.07 9.31e-20
13.7 -17.6 -10.6 2.49e-18
13.8 -17.4 -10.4 0.0
13.9 -17.5 -10.1 0.0
14.0 -17.2 -9.64 0.0
14.1 -17.1 -9.19 2.38e-18
14.2 -16.9 -8.76 7.63e-19
14.3 -16.9 -8.38 0.0
14.4 -16.9 -8.07 3.18e-18
14.5 -16.9 -7.84 0.0
14.6 -16.9 -7.71 8.23e-18
14.7 -9.13 -3.23 7.43e-18
14.8 -9.28 -2.84 0.0
14.9 -9.53 -2.36 2.32e-17
15.0 -9.85 -1.87 1.16e-16
15.1 -10.2 -1.41 0.0
15.2 -10.6 -1.02 5.23e-18
15.3 -11.0 -0.712 5.59e-17
15.4 -15.2 0.647 0.0
15.5 -20.0 1.87 4.03e-18
15.6 -21.9 2.31 0.0
15.7 -21.9 1.34 0.0
15.8 -21.4 1.51 0.0
15.9 -20.8 1.76 0.0
16.0 -20.0 2.2 5.29e-17
16.1 -19.3 2.66 0.0
16.2 -18.6 3.09 7.48e-16
16.3 -18.6 3.09 7.48e-16
16.4 -15.0 -1.13 7.32
16.5 -6.16 -2.37 36.5
16.6 -6.16 -2.37 36.5
16.7 -6.16 -2.37 36.5
16.8 7.73 6.62 36.5
16.9 -6.59 28.5 36.5
17.0 -7.18 27.5 36.5
17.1 -7.82 26.2 36.5
17.2 -7.93 25.9 36.5
17.3 -8.49 23.9 36.5
17.4 -36.5 26.7 36.5
17.5 -36.5 7.15 36.5
17.6 -36.5 -5.27 36.5
17.7 -36.5 -7.58 36.5
17.8 -36.5 -9.92 36.5
17.9 -36.5 -24.0 36.5
18.0 -36.5 -24.6 36.5
18.1 -36.5 -27.8 36.5
18.2 -36.5 -16.2 36.5
18.3 -36.5 -5.11 36.5
18.4 -32.9 1.09 36.5
18.5 -30.2 0.923 36.5
18.6 -28.9 -0.789 36.5
18.7 -30.2 0.351 36.5
18.8 -29.9 -5.25 36.5
18.9 -22.4 -25.3 36.5
19.0 -21.9 -11.2 36.5
19.1 -21.6 -11.0 36.5
19.2 -14.5 -0.666 36.5
19.3 -14.4 -0.577 36.5
19.4 -14.3 -0.525 36.5
19.5 -14.3 -0.468 36.5
19.6 -15.1 4.22 36.5
19.7 -13.1 2.86 36.5
19.8 -21.8 1.06 36.5
19.9 -21.0 0.52 36.5
20.0 -19.4 -0.582 36.5
20.1 -19.4 -0.582 36.5
20.2 -11.7 -4.33 36.5
20.3 -12.1 -3.88 36.5
20.4 -12.1 -3.88 36.5
20.5 -2.31 -10.2 36.5
20.6 -2.31 -10.2 36.5
20.7 -2.31 -10.2 36.5
20.8 -2.31 -10.2 36.5
20.9 -22.5 9.52 33.4
21.0 -22.5 9.52 33.4
21.1 -12.9 16.5 36.5
21.2 -16.4 6.7 36.5
21.3 -17.7 6.45 36.5
21.4 -18.9 6.07 36.5
21.5 -20.6 1.47 36.5
21.6 -21.8 -0.506 36.0
21.7 -22.5 -2.61 34.7
21.8 -19.3 6.2 20.7
21.9 -19.5 5.96 20.6
22.0 -15.0 3.82 16.5
22.1 -15.9 4.51 16.5
22.2 -22.4 5.66 15.9
22.3 -22.9 6.15 16.4
22.4 -23.1 6.05 16.7
22.5 -23.7 6.0 18.5
22.6 -20.8 0.42 26.2
22.7 -20.7 0.245 26.2
22.8 -20.7 0.245 26.2
22.9 -20.7 0.245 26.2
23.0 -20.7 0.245 26.2
23.1 -20.7 0.245 26.2
23.2 -20.7 0.245 26.2
23.3 -33.2 -3.13 8.28
23.4 -33.2 -3.13 8.28
23.5 -33.2 -3.13 8.28
23.6 -25.0 -3.58 18.2
23.7 -25.0 -3.58 18.2
23.8 -17.6 -2.93 33.6
23.9 -17.6 -2.93 33.6
24.0 -13.8 -1.56 31.8
24.1 -13.8 -1.56 31.8
24.2 -13.1 0.843 12.8
24.3 -13.1 0.843 12.8
24.4 -17.3 1.14 1.37
24.5 -17.3 1.14 1.37
24.6 -20.6 1.4 6.69
24.7 -20.6 1.4 6.69
24.8 -20.6 2.63 17.6
24.9 -20.6 2.63 17.6
25.0 -19.9 3.19 23.7
25.1 -19.9 3.19 23.7
25.2 -18.2 2.01 19.0
25.3 -16.7 -2.73 19.5
25.4 -16.7 -2.73 19.5
25.5 -15.5 -9.48 20.1
25.6 -15.5 -9.48 20.1
25.7 -19.0 -1.74 14.8
25.8 -19.0 -1.74 14.8
25.9 -26.8 8.12 7.78
26.0 -26.8 8.12 7.78
26.1 -26.8 8.12 7.78
26.2 -26.9 1.47 7.99
26.3 -26.9 1.47 7.99
26.4 -26.9 1.47 7.99
26.5 -26.9 1.46 7.99
26.6 -4.52 -10.3 13.1
26.7 -14.5 -7.53 16.4
26.8 -14.5 -7.53 16.4
26.9 -14.5 -7.53 16.4
27.0 -26.0 -1.16 14.7
27.1 -26.0 -1.16 14.7
27.2 -26.0 -1.16 14.7
27.3 -13.6 -3.78 8.02
27.4 -13.6 -3.78 8.02
27.5 -13.6 -3.78 8.02
27.6 -23.8 -5.5 1.02
27.7 -23.8 -5.5 1.02
27.8 -12.9 -2.11 4.1e-17
27.9 -12.9 -2.11 4e-17
28.0 -12.9 -2.11 2.09e-06
28.1 -12.9 -2.11 7.74e-06
28.2 -12.9 -2.11 1.71e-05
28.3 -12.9 -2.11 3.01e-05
28.4 -12.9 -2.11 4.69e-05
28.5 -21.6 5.9 9.61
28.6 -21.6 5.9 9.61
28.7 -9.71 1.96 11.6
28.8 -9.71 1.96 11.6
28.9 -9.71 1.96 11.6
29.0 -19.5 5.35 5.9
29.1 -19.5 5.35 5.9
29.2 -19.5 5.35 5.9
29.3 -15.0 7.06 0.0
29.4 -15.0 7.06 5.42e-21
29.5 -15.0 7.06 5.28e-21
29.6 -15.0 7.06 1.07e-20
29.7 -24.3 7.7 5.35e-19
29.8 -24.3 7.7 5.4e-19
29.9 -24.3 7.7 5.35e-19
30.0 -24.3 7.7 5.24e-19
30.1 -24.3 7.7 5.18e-19
30.2 -24.3 7.7 5.05e-19
30.3 -24.3 7.7 4.93e-19
30.4 -22.7 -2.29 3.51e-19
30.5 -22.7 -2.29 3.45e-19
30.6 -22.7 -2.29 3.37e-19
30.7 -32.3 2.4 0.0
30.8 -32.3 2.4 0.0
30.9 -32.4 1.46 1.3e-19
31.0 -24.0 -1.17 2.76e-19
31.1 -23.8 -2.15 4.21e-20
31.2 -23.8 -2.41 1.33e-19
31.3 -23.7 -2.73 1.04e-18
31.4 -23.5 -3.08 8.21e-18
31.5 -29.9 -14.6 0.0
31.6 -29.9 -14.6 0.0
31.7 -22.8 -7.43 0.0
31.8 -19.4 -7.37 2.33e-19
31.9 -16.0 -7.0 2.53e-19
32.0 -14.1 -6.65 0.0
32.1 -13.1 -6.37 5.45e-21
32.2 -12.6 -6.17 0.000196
32.3 -12.2 -5.99 0.00026
32.4 -9.23 -16.6 15.7
32.5 -9.57 -16.6 15.8
32.6 -15.7 -3.88 16.9
32.7 -15.8 -0.651 16.9
32.8 -15.8 -0.651 16.9
32.9 -16.4 8.86 22.6
33.0 -29.6 6.24 23.6
33.1 -27.4 5.97 23.5
33.2 -15.2 8.91 22.9
33.3 -14.1 7.05 22.9
33.4 -14.0 6.88 23.0
33.5 -14.1 6.96 22.9
33.6 7.36 23.5 17.2
33.7 7.36 23.5 17.2
33.8 2.33 12.8 24.2
33.9 2.33 12.8 24.2
34.0 2.33 12.8 24.2
34.1 22.3 14.8 36.2
34.2 30.0 -36.5 36.5
34.3 6.37 -36.5 36.5
34.4 6.37 -36.5 36.5
34.5 -14.2 -35.9 36.5
34.6 -36.5 29.7 36.5
34.7 -36.5 29.7 36.5
34.8 -36.5 29.7 36.5
34.9 -36.5 14.7 36.5
35.0 -36.5 14.7 36.5
35.1 -36.5 14.7 36.5
35.2 -36.5 0.76 36.5
35.3 -36.5 0.76 36.5
35.4 -36.5 0.76 36.5
35.5 -36.5 0.76 36.5
35.6 -36.5 0.76 36.5
35.7 -36.5 0.76 36.5
35.8 -36.5 0.76 36.5
35.9 -27.1 7.84 36.5
36.0 -27.1 7.84 36.5
36.1 -25.1 -6.07 36.5
36.2 -25.1 -6.07 36.5
36.3 -25.1 -6.07 36.5
36.4 -25.1 -6.07 36.5
36.5 -25.1 -6.07 36.5
36.6 -25.1 -6.07 36.5
36.7 -22.7 -16.3 36.5
36.8 -22.7 -16.3 36.5
36.9 -22.7 -16.3 36.5
37.0 -19.3 -6.85 36.5
37.1 -19.3 -6.85 36.5
37.2 -19.3 -6.85 36.5
37.3 -19.3 -6.85 36.5
37.4 -9.6 -13.6 36.5
37.5 -9.6 -13.6 36.5
37.6 -9.6 -13.6 36.5
37.7 -14.3 -5.48 36.5
37.8 -14.3 -5.48 36.5
37.9 -14.3 -5.48 36.5
38.0 -6.31 -2.01 36.5
38.1 -6.31 -2.01 36.5
38.2 -6.31 -2.01 36.5
38.3 -6.31 -2.01 36.5
38.4 -6.31 -2.01 36.5
38.5 -14.7 6.17 36.5
38.6 -14.7 6.17 36.5
38.7 -14.7 6.17 36.5
38.8 -14.7 6.17 36.5
38.9 -4.68 9.68 36.5
39.0 -4.68 9.68 36.5
39.1 -13.9 9.28 36.5
39.2 -13.9 9.28 36.5
39.3 -13.9 9.28 36.5
39.4 -13.9 9.28 36.5
39.5 -24.3 11.1 36.5
39.6 -24.3 11.1 36.5
39.7 -27.8 8.63 36.5
39.8 -22.8 7.28 36.5
39.9 -24.2 5.71 35.6
40.0 -26.3 14.8 13.0
40.1 -19.2 6.26 5.83e-17
40.2 -27.1 8.64 0.0
40.3 -27.1 8.64 0.0
40.4 -27.1 8.64 0.0
40.5 -27.1 8.64 0.0
40.6 -32.3 -0.502 2.25e-19
40.7 -32.0 -1.14 1.09e-18
40.8 -31.6 -1.84 2.57e-19
40.9 -31.1 -2.51 0.0
41.0 -23.9 0.832 0.0
41.1 -23.5 0.555 1.57e-18
41.2 -28.8 -7.84 1.98e-18
41.3 -28.3 -8.07 0.0
41.4 -27.7 -8.26 1.88e-18
41.5 -27.0 -8.38 1.82e-18
41.6 -26.3 -8.41 1.11e-18
41.7 -25.6 -8.36 3.33e-19
41.8 -25.0 -8.23 4.05e-17
41.9 -24.6 -8.09 1.36e-18
42.0 -23.3 -7.53 5.44e-08
42.1 -23.3 -7.53 4.1e-08
42.2 -3.65 -10.8 9.49e-19
42.3 -10.9 -10.3 1.94e-19
42.4 -9.89 -8.79 2.96e-18
42.5 -9.21 -7.32 8.1e-19
42.6 -18.5 -4.64 2.66e-19
42.7 -18.3 -3.92 1.51e-18
42.8 -18.3 -3.54 0.0
42.9 -9.42 -4.46 0.0
43.0 -9.5 -4.07 0.0
43.1 -9.65 -3.62 1.01e-18
43.2 -9.88 -3.15 2.91e-18
43.3 -10.2 -2.72 4.66e-18
43.4 -10.5 -2.35 3.11e-18
43.5 -15.8 5.18 1.04e-18
43.6 -16.1 5.39 0.0
43.7 -16.4 5.54 2.79e-18
43.8 -16.7 5.65 4.43e-18
43.9 -8.99 6.49 8.28e-19
44.0 -9.37 6.53 5.42e-18
44.1 -9.78 6.51 9.37e-18
44.2 -18.3 5.12 1.79e-17
44.3 -18.5 5.04 5.44e-18
44.4 -18.7 4.97 0.0
44.5 -18.9 4.89 0.0
44.6 -19.0 4.82 0.0
44.7 -24.2 12.0 0.0
44.8 -24.5 11.6 0.0
44.9 -24.8 11.0 0.0
45.0 -18.1 4.75 2.6e-18
45.1 -18.2 4.52 9.21e-18
45.2 -26.0 3.53 0.0
45.3 -26.0 3.3 0.0
45.4 -25.9 3.01 0.0
45.5 -25.9 2.7 9.48e-18
45.6 -25.7 2.38 4.17e-17
45.7 -25.5 2.07 9.19e-18
45.8 -22.0 -4.56 0.0
45.9 -21.9 -4.69 1.98e-16
46.0 -21.8 -4.76 3.74e-18
46.1 -21.7 -4.81 0.0322
46.2 -28.6 0.73 1.59
46.3 -28.6 0.731 1.59
46.4 -25.1 -9.54 23.0
46.5 -25.5 0.365 28.3
46.6 -25.4 0.355 28.3
46.7 -21.8 -7.61 29.9
46.8 -21.7 -7.57 30.0
46.9 -21.5 -7.48 30.0
47.0 -15.4 -1.15 21.9
47.1 -15.4 -1.1 22.0
47.2 -15.4 -1.09 22.0
47.3 -17.4 -8.45 15.4
47.4 -17.3 -8.29 15.5
47.5 -19.3 -0.97 12.3
47.6 -19.3 -0.928 12.3
47.7 -19.3 -0.892 12.3
47.8 -12.2 -1.26 14.8
47.9 -12.3 -1.0 14.9
48.0 -12.4 -0.633 15.1
48.1 -21.1 -2.78 20.5
48.2 -21.2 -2.67 20.6
48.3 -14.6 2.52 23.1
48.4 -14.7 2.6 23.1
48.5 -14.9 2.72 23.2
48.6 -15.0 2.82 23.2
48.7 -21.5 -2.24 19.7
48.8 -21.7 -2.16 19.8
48.9 -21.7 -2.16 19.8
49.0 -18.8 7.21 16.2
49.1 -19.1 7.18 16.3
49.2 -19.5 7.09 16.4
49.3 -17.7 -3.52 14.6
49.4 -17.8 -3.56 14.7
49.5 -17.9 -3.59 14.7
49.6 -17.9 -3.59 14.7
49.7 -25.2 4.48 16.5
49.8 -25.2 4.48 16.5
49.9 -25.2 4.48 16.5
