0.0 -2.15e-21 3.37e-05 0.303 0.303
0.1 -4.08e-21 6.41e-05 0.559 0.559
0.2 -5.75e-21 9.05e-05 0.752 0.752
0.3 -7.13e-21 0.000112 0.857 0.857
0.4 -8.21e-21 0.000129 0.867 0.867
0.5 -8.99e-21 0.000141 0.805 0.805
0.6 -9.48e-21 0.000149 0.708 0.708
0.7 2.36e-12 0.000151 0.6 0.6
0.8 3.54e-11 0.00015 0.494 0.494
0.9 -0.0038 0.000144 0.394 0.394
1.0 -0.00732 0.000135 0.301 0.301
1.1 -0.0211 0.000124 0.217 0.218
1.2 -0.0339 0.000109 0.141 0.145
1.3 -0.0457 8.94e-05 0.0723 0.0855
1.4 -0.0567 6.51e-05 0.0105 0.0576
1.5 -0.0668 3.53e-05 -0.0449 0.0805
1.6 -0.0762 -5.43e-07 -0.0944 0.121
1.7 -0.0684 -4.21e-05 -0.139 0.155
1.8 -0.0612 -8.75e-05 -0.178 0.188
1.9 -0.0545 -0.000134 -0.212 0.219
2.0 -0.0483 -0.00018 -0.242 0.247
2.1 -0.0426 -0.000222 -0.268 0.271
2.2 -0.0372 -0.000258 -0.289 0.291
2.3 -0.0323 -0.000287 -0.305 0.307
2.4 -0.0277 -0.000306 -0.316 0.317
2.5 -0.0234 -0.000316 -0.321 0.322
2.6 -0.0197 -0.000315 -0.318 0.319
2.7 -0.0164 -0.000305 -0.307 0.307
2.8 -0.0134 -0.000286 -0.286 0.286
2.9 -0.0108 -0.000258 -0.254 0.254
3.0 -0.00831 -0.000222 -0.212 0.212
3.1 -0.00809 -0.000178 -0.16 0.16
3.2 -0.0079 -0.000127 -0.102 0.103
3.3 -0.00768 -7e-05 -0.0432 0.0439
3.4 -0.00748 -7.27e-06 0.0134 0.0153
3.5 -0.00726 5.95e-05 0.063 0.0634
3.6 -0.00705 0.000129 0.103 0.103
3.7 -0.00688 0.000201 0.13 0.131
3.8 -0.00662 0.000272 0.146 0.146
3.9 -0.00639 0.000343 0.151 0.151
4.0 -0.00619 0.00041 0.146 0.146
4.1 -0.0058 0.000474 0.134 0.134
4.2 -0.00544 0.000533 0.117 0.117
4.3 -0.00513 0.000586 0.0963 0.0964
4.4 -0.00447 0.000631 0.0738 0.0739
4.5 -0.00387 0.000668 0.0508 0.0509
4.6 -0.00259 0.000697 0.0283 0.0284
4.7 -0.00141 0.000717 0.00719 0.00736
4.8 -0.000321 0.000727 -0.012 0.012
4.9 0.000677 0.000727 -0.0288 0.0288
5.0 0.0016 0.000719 -0.0428 0.0429
5.1 0.00244 0.0007 -0.0538 0.0539
5.2 0.00323 0.000673 -0.0617 0.0618
5.3 0.00395 0.000637 -0.0663 0.0664
5.4 0.00462 0.000592 -0.0676 0.0678
5.5 0.00524 0.000541 -0.0659 0.0661
5.6 0.00581 0.000482 -0.0613 0.0616
5.7 0.00631 0.000418 -0.0543 0.0546
5.8 0.00677 0.000349 -0.0452 0.0457
5.9 0.00721 0.000276 -0.0348 0.0355
6.0 0.00756 0.000201 -0.0236 0.0247
6.1 0.00788 0.000124 -0.0122 0.0145
6.2 0.00819 4.7e-05 -0.00138 0.00831
6.3 0.00836 -2.95e-05 0.00842 0.0119
6.4 0.00853 -0.000104 0.0167 0.0188
6.5 0.0087 -0.000176 0.0233 0.0248
6.6 0.00883 -0.000244 0.0279 0.0292
6.7 0.00846 -0.000307 0.0305 0.0317
6.8 0.00705 -0.000364 0.0313 0.0321
6.9 0.00575 -0.000415 0.0304 0.0309
7.0 0.00455 -0.000458 0.0281 0.0284
7.1 0.00341 -0.000494 0.0246 0.0249
7.2 0.00233 -0.000522 0.0203 0.0205
7.3 0.00129 -0.000541 0.0156 0.0156
7.4 0.000246 -0.000551 0.0105 0.0106
7.5 -0.000713 -0.000553 0.00556 0.00563
7.6 -0.00218 -0.000545 0.000832 0.0024
7.7 -0.00354 -0.00053 -0.00344 0.00496
7.8 -0.00479 -0.000506 -0.00712 0.00859
7.9 -0.00595 -0.000474 -0.0101 0.0117
8.0 -0.00714 -0.000435 -0.0123 0.0142
8.1 -0.00824 -0.000388 -0.0137 0.016
8.2 -0.00926 -0.000336 -0.0143 0.017
8.3 -0.0101 -0.000278 -0.0142 0.0174
8.4 -0.0109 -0.000216 -0.0134 0.0173
8.5 -0.0113 -0.00015 -0.012 0.0165
8.6 -0.0113 -8.2e-05 -0.0102 0.0152
8.7 -0.0114 -1.35e-05 -0.00807 0.0139
8.8 -0.0114 5.29e-05 -0.00577 0.0127
8.9 -0.0113 0.000116 -0.00342 0.0118
9.0 -0.0108 0.000173 -0.00114 0.0109
9.1 -0.00881 0.000223 0.000964 0.00886
9.2 -0.00622 0.000266 0.0028 0.00682
9.3 -0.00383 0.0003 0.0043 0.00577
9.4 -0.00162 0.000326 0.00544 0.00569
9.5 0.000888 0.000345 0.00619 0.00626
9.6 0.0032 0.000356 0.00656 0.00731
9.7 0.00525 0.000362 0.00656 0.00841
9.8 0.00714 0.000362 0.00625 0.0095
9.9 0.00889 0.000358 0.00566 0.0105
10.0 0.0105 0.000349 0.00486 0.0116
10.1 0.0121 0.000337 0.00391 0.0127
10.2 0.0135 0.00032 0.00287 0.0138
10.3 0.0148 0.000301 0.0018 0.015
10.4 0.0161 0.00028 0.000758 0.0161
10.5 0.0172 0.000256 -0.000212 0.0172
10.6 0.0183 0.00023 -0.00107 0.0183
10.7 0.0193 0.000203 -0.00179 0.0193
10.8 0.0202 0.000174 -0.00234 0.0203
10.9 0.021 0.000145 -0.00272 0.0212
11.0 0.0218 0.000115 -0.00293 0.022
11.1 0.0225 8.42e-05 -0.00298 0.0227
11.2 0.0232 5.36e-05 -0.00287 0.0233
11.3 0.0238 2.32e-05 -0.00263 0.0239
11.4 0.0244 -6.86e-06 -0.00229 0.0245
11.5 0.0248 -3.61e-05 -0.00187 0.0249
11.6 0.0253 -6.41e-05 -0.0014 0.0253
11.7 0.0257 -9.08e-05 -0.000909 0.0257
11.8 0.0261 -0.000116 -0.000422 0.0261
11.9 0.0258 -0.000138 3.73e-05 0.0258
12.0 0.07 -0.000158 0.000449 0.07
12.1 0.111 -0.000175 0.000799 0.111
12.2 0.149 -0.000188 0.00108 0.149
12.3 0.16 -0.000197 0.00128 0.16
12.4 0.133 -0.000201 0.0014 0.133
12.5 0.0831 -0.000203 0.00144 0.0831
12.6 0.0241 -0.000202 0.00142 0.0241
12.7 -0.035 -0.0002 0.00133 0.035
12.8 -0.0899 -0.000197 0.0012 0.0899
12.9 -0.141 -0.000192 0.00102 0.141
13.0 -0.188 -0.000187 0.000822 0.188
13.1 -0.232 -0.000182 0.00061 0.232
13.2 -0.272 -0.000177 0.000397 0.272
13.3 -0.309 -0.000172 0.000193 0.309
13.4 -0.343 -0.000167 9e-06 0.343
13.5 -0.375 -0.000163 -0.000149 0.375
13.6 -0.405 -0.000158 -0.000277 0.405
13.7 -0.432 -0.000154 -0.00037 0.432
13.8 -0.457 -0.000151 -0.000428 0.457
13.9 -0.494 -0.000147 -0.000451 0.494
14.0 -0.549 -0.000143 -0.000442 0.549
14.1 -0.592 -0.000139 -0.000405 0.592
14.2 -0.598 -0.000132 -0.000345 0.598
14.3 -0.476 -0.000124 -0.000266 0.476
14.4 -0.362 -0.000113 -0.000174 0.362
14.5 -0.256 -9.92e-05 -7.52e-05 0.256
14.6 -0.158 -8.16e-05 2.52e-05 0.158
14.7 -0.0662 -5.96e-05 0.000122 0.0662
14.8 0.0186 -3.21e-05 0.000212 0.0186
14.9 0.0974 1.32e-06 0.00029 0.0974
15.0 0.171 4.19e-05 0.000355 0.171
15.1 0.238 9.05e-05 0.000406 0.238
15.2 0.301 0.000148 0.000442 0.301
15.3 0.41 0.000218 0.000465 0.41
15.4 0.559 0.000299 0.000475 0.559
15.5 0.714 0.000393 0.000476 0.714
15.6 0.858 0.000496 0.000469 0.858
15.7 0.928 0.000605 0.000456 0.928
15.8 0.991 0.000717 0.000438 0.991
15.9 1.05 0.000819 0.000413 1.05
16.0 1.1 0.000908 0.000379 1.1
16.1 1.14 0.000977 0.000333 1.14
16.2 1.18 0.00102 0.000271 1.18
16.3 1.21 0.00104 0.000197 1.21
16.4 1.24 0.00103 0.00011 1.24
16.5 1.27 0.00101 1.79e-05 1.27
16.6 1.15 0.000963 -7.53e-05 1.15
16.7 0.867 0.000907 -0.000163 0.867
16.8 0.607 0.000842 -0.000239 0.607
16.9 0.366 0.000769 -0.000299 0.366
17.0 0.242 0.000689 -0.000342 0.242
17.1 0.128 0.000604 -0.000366 0.128
17.2 0.0222 0.000513 -0.000372 0.0222
17.3 -0.0758 0.000418 -0.000361 0.0758
17.4 -0.0735 0.000319 -0.000334 0.0735
17.5 -0.0709 0.000216 -0.000295 0.0709
17.6 -0.068 0.00011 -0.000246 0.068
17.7 -0.0643 1.31e-06 -0.00019 0.0643
17.8 -0.0593 -0.000109 -0.000131 0.0593
17.9 -0.0544 -0.000223 -7.05e-05 0.0544
18.0 -0.0499 -0.000339 -1.28e-05 0.0499
18.1 -0.0415 -0.000457 4.04e-05 0.0415
18.2 -0.0325 -0.00058 8.74e-05 0.0325
18.3 -0.0241 -0.000708 0.000127 0.0241
18.4 -0.0163 -0.000842 0.000159 0.0164
18.5 -0.00919 -0.000986 0.000182 0.00924
18.6 -0.00269 -0.00114 0.000199 0.00293
18.7 0.0029 -0.00131 0.000209 0.00319
18.8 -0.0034 -0.00149 0.000215 0.00372
18.9 -0.00925 -0.00169 0.000218 0.00941
19.0 -0.0171 -0.0019 0.000217 0.0172
19.1 -0.0313 -0.00213 0.000213 0.0313
19.2 -0.0444 -0.00236 0.000205 0.0444
19.3 -0.0512 -0.00261 0.000195 0.0513
19.4 -0.0576 -0.00285 0.000176 0.0576
19.5 -0.0634 -0.00309 0.000155 0.0635
19.6 -0.0689 -0.00331 0.000122 0.069
19.7 -0.0738 -0.00351 8.12e-05 0.0739
19.8 -0.0784 -0.00369 3.47e-05 0.0785
19.9 -0.0827 -0.00384 -1.8e-05 0.0828
20.0 -0.0867 -0.00396 -7.34e-05 0.0868
20.1 -0.0903 -0.00405 -0.000128 0.0904
20.2 -0.0936 -0.0041 -0.000183 0.0937
20.3 -0.0584 -0.00412 -0.000237 0.0586
20.4 -0.0259 -0.0041 -0.000283 0.0262
20.5 0.00426 -0.00404 -0.000319 0.00588
20.6 0.0299 -0.00394 -0.000344 0.0302
20.7 0.0161 -0.00381 -0.000356 0.0165
20.8 0.00339 -0.00364 -0.000354 0.00499
20.9 -0.00585 -0.00345 -0.000339 0.0068
21.0 -0.0126 -0.00322 -0.000312 0.013
21.1 -0.0185 -0.00297 -0.000273 0.0187
21.2 -0.0234 -0.00269 -0.000227 0.0236
21.3 -0.0205 -0.00239 -0.000175 0.0206
21.4 -0.0174 -0.00207 -0.000119 0.0175
21.5 -0.0145 -0.00174 -6.14e-05 0.0146
21.6 -0.0118 -0.00138 -5.09e-06 0.0119
21.7 -0.00956 -0.00101 5.06e-05 0.00961
21.8 -0.00753 -0.00062 0.000101 0.00756
21.9 -0.00581 -0.000219 0.000146 0.00581
22.0 -0.0044 0.000196 0.000185 0.00441
22.1 -0.00335 0.000625 0.000218 0.00341
22.2 -0.00238 0.00107 0.000245 0.00262
22.3 -0.00162 0.00152 0.000266 0.00224
22.4 0.000775 0.00198 0.000281 0.00214
22.5 0.0111 0.00243 0.000289 0.0114
22.6 0.0207 0.00288 0.00029 0.0209
22.7 0.033 0.0033 0.000283 0.0332
22.8 0.0423 0.0037 0.000268 0.0425
22.9 0.0496 0.00406 0.000244 0.0498
23.0 0.0564 0.00437 0.000213 0.0566
23.1 0.0573 0.00463 0.000174 0.0575
23.2 0.0581 0.00483 0.000134 0.0583
23.3 0.0588 0.00496 8.48e-05 0.059
23.4 0.0574 0.00502 3.41e-05 0.0576
23.5 0.055 0.005 -1.96e-05 0.0552
23.6 0.0527 0.00491 -6.96e-05 0.053
23.7 0.0494 0.00475 -0.000114 0.0496
23.8 0.0453 0.00451 -0.000155 0.0455
23.9 0.0409 0.00421 -0.000188 0.0411
24.0 0.0368 0.00385 -0.000211 0.037
24.1 0.033 0.00343 -0.000227 0.0331
24.2 0.0294 0.00296 -0.000234 0.0296
24.3 0.0261 0.00245 -0.000232 0.0262
24.4 0.0229 0.00189 -0.000218 0.023
24.5 0.0198 0.0013 -0.000203 0.0199
24.6 0.0169 0.000697 -0.000182 0.0169
24.7 0.0141 7.85e-05 -0.000157 0.0141
24.8 0.0114 -0.000537 -0.000132 0.0114
24.9 0.00881 -0.00115 -0.000104 0.00889
25.0 0.00631 -0.00176 -7.7e-05 0.00655
25.1 0.00389 -0.00235 -4.83e-05 0.00455
25.2 0.00157 -0.00288 -2.79e-05 0.00328
25.3 -0.000679 -0.00338 -9.73e-06 0.00345
25.4 -0.00281 -0.00382 2.87e-06 0.00474
25.5 -0.0048 -0.0042 1.08e-05 0.00638
25.6 -0.00674 -0.00453 1.63e-05 0.00812
25.7 -0.00846 -0.00478 1.66e-05 0.00971
25.8 -0.01 -0.00495 1.25e-05 0.0112
25.9 -0.0116 -0.00504 4.85e-06 0.0126
26.0 -0.013 -0.00506 -5.34e-06 0.014
26.1 -0.0144 -0.00499 -1.69e-05 0.0153
26.2 -0.0157 -0.00485 -2.92e-05 0.0165
26.3 -0.017 -0.00464 -4.11e-05 0.0176
26.4 -0.0179 -0.00436 -5.2e-05 0.0185
26.5 -0.0188 -0.00402 -6.14e-05 0.0193
26.6 -0.0196 -0.00362 -7.31e-05 0.02
26.7 -0.0201 -0.00317 -8.07e-05 0.0203
26.8 -0.0205 -0.00268 -8.53e-05 0.0206
26.9 -0.0204 -0.00215 -8.68e-05 0.0205
27.0 -0.0203 -0.00159 -8.6e-05 0.0204
27.1 -0.0197 -0.00103 -8.45e-05 0.0197
27.2 -0.0188 -0.000454 -8.04e-05 0.0188
27.3 -0.0179 0.000125 -7.34e-05 0.0179
27.4 -0.017 0.000705 -6.24e-05 0.017
27.5 -0.016 0.00127 -5.05e-05 0.0161
27.6 -0.0151 0.00181 -3.82e-05 0.0152
27.7 -0.0141 0.00232 -2.62e-05 0.0143
27.8 -0.0131 0.00278 -1.45e-05 0.0134
27.9 -0.0112 0.00322 -1.7e-06 0.0116
28.0 -0.00924 0.00359 9.15e-06 0.00992
28.1 -0.00738 0.00392 2.01e-05 0.00836
28.2 -0.00528 0.00419 2.89e-05 0.00674
28.3 -0.00326 0.00438 3.47e-05 0.00546
28.4 -0.00116 0.00451 4.03e-05 0.00466
28.5 0.00085 0.00457 4.33e-05 0.00465
28.6 0.00275 0.00455 4.35e-05 0.00532
28.7 0.00465 0.00446 4.1e-05 0.00644
28.8 0.00653 0.00429 3.91e-05 0.00782
28.9 0.00829 0.00406 3.55e-05 0.00923
29.0 0.00992 0.00376 3.03e-05 0.0106
29.1 0.0113 0.00339 2.39e-05 0.0118
29.2 0.0126 0.00297 1.67e-05 0.0129
29.3 0.0136 0.0025 9.08e-06 0.0139
29.4 0.0146 0.00199 1.61e-06 0.0147
29.5 0.0155 0.00144 -5.33e-06 0.0155
29.6 0.0162 0.000867 -1.15e-05 0.0162
29.7 0.0168 0.000278 -1.68e-05 0.0168
29.8 0.0173 -0.000317 -2.09e-05 0.0173
29.9 0.0177 -0.000911 -2.37e-05 0.0177
30.0 0.018 -0.00149 -2.52e-05 0.018
30.1 0.0181 -0.00206 -2.54e-05 0.0183
30.2 0.0182 -0.00259 -2.47e-05 0.0184
30.3 0.0182 -0.00308 -2.31e-05 0.0184
30.4 0.0181 -0.00353 -2.05e-05 0.0184
30.5 0.0179 -0.00393 -1.74e-05 0.0183
30.6 0.0176 -0.00427 -1.38e-05 0.0182
30.7 0.0173 -0.00455 -1e-05 0.0179
30.8 0.0164 -0.00476 -6.24e-06 0.0171
30.9 0.0155 -0.0049 -2.68e-06 0.0163
31.0 0.0146 -0.00497 3.43e-07 0.0155
31.1 0.0133 -0.00496 2.95e-06 0.0142
31.2 0.0119 -0.00488 5.06e-06 0.0129
31.3 0.0107 -0.00473 6.63e-06 0.0117
31.4 0.00951 -0.0045 7.63e-06 0.0105
31.5 0.00776 -0.00421 8.08e-06 0.00883
31.6 0.00573 -0.00386 8.01e-06 0.00691
31.7 0.00352 -0.00345 7.48e-06 0.00493
31.8 0.00128 -0.00299 6.52e-06 0.00325
31.9 -0.000753 -0.00249 5.05e-06 0.0026
32.0 -0.00267 -0.00195 3.42e-06 0.0033
32.1 -0.00439 -0.00138 1.71e-06 0.0046
32.2 -0.00585 -0.000789 1.91e-08 0.00591
32.3 -0.00702 -0.000188 -1.57e-06 0.00702
32.4 -0.00792 0.000414 -3e-06 0.00793
32.5 -0.00766 0.00101 -4.21e-06 0.00772
32.6 -0.00733 0.00159 -5.16e-06 0.0075
32.7 -0.00541 0.00215 -5.9e-06 0.00582
32.8 -0.00354 0.00267 -6.58e-06 0.00443
32.9 -0.00166 0.00315 -6.98e-06 0.00357
33.0 -0.000863 0.00359 -7.13e-06 0.00369
33.1 -4.94e-05 0.00397 -9.44e-06 0.00397
33.2 0.00102 0.00429 -1.17e-05 0.00441
33.3 0.00209 0.00455 -1.35e-05 0.005
33.4 0.00341 0.00475 -1.47e-05 0.00584
33.5 0.00468 0.00489 -1.52e-05 0.00677
33.6 0.00595 0.00496 -1.52e-05 0.00775
33.7 0.00723 0.00498 -1.48e-05 0.00878
33.8 0.00845 0.00493 -1.39e-05 0.00979
33.9 0.00962 0.00482 -1.31e-05 0.0108
34.0 0.0385 0.00464 -1.42e-05 0.0388
34.1 0.0653 0.00441 -1.52e-05 0.0654
34.2 0.0901 0.00412 -1.79e-05 0.0902
34.3 0.08 0.00378 -2.18e-05 0.0801
34.4 0.0705 0.0034 -2.9e-05 0.0706
34.5 0.0618 0.00298 -3.34e-05 0.0619
34.6 0.0463 0.00252 -3.77e-05 0.0464
34.7 0.0319 0.00204 -4.1e-05 0.032
34.8 0.0187 0.00154 -4.19e-05 0.0188
34.9 0.00695 0.00103 -4.08e-05 0.00703
35.0 -0.00333 0.000519 -3.79e-05 0.00337
35.1 -0.0121 6.12e-06 -3.36e-05 0.0121
35.2 -0.0194 -0.0005 -2.83e-05 0.0194
35.3 -0.0263 -0.000996 -2.19e-05 0.0263
35.4 -0.0315 -0.00148 -1.38e-05 0.0316
35.5 -0.0353 -0.00195 -6.2e-06 0.0354
35.6 -0.0377 -0.00239 1.06e-06 0.0378
35.7 -0.0389 -0.00281 8.9e-06 0.039
35.8 -0.0393 -0.0032 1.51e-05 0.0394
35.9 -0.0389 -0.00356 2e-05 0.0391
36.0 -0.038 -0.00388 2.49e-05 0.0382
36.1 -0.0371 -0.00417 2.76e-05 0.0374
36.2 -0.0356 -0.0044 2.84e-05 0.0358
36.3 -0.0342 -0.0046 2.73e-05 0.0345
36.4 -0.0325 -0.00474 2.47e-05 0.0328
36.5 -0.031 -0.00484 2.08e-05 0.0313
36.6 -0.0292 -0.00489 1.59e-05 0.0296
36.7 -0.0277 -0.00488 1.05e-05 0.0281
36.8 -0.0262 -0.00483 4.66e-06 0.0267
36.9 -0.0249 -0.00473 -1.06e-06 0.0254
37.0 -0.0236 -0.00459 -6.54e-06 0.024
37.1 -0.0223 -0.00439 -1.14e-05 0.0227
37.2 -0.0211 -0.00416 -1.58e-05 0.0215
37.3 -0.0199 -0.00388 -2.08e-05 0.0203
37.4 -0.0188 -0.00356 -2.48e-05 0.0191
37.5 -0.0177 -0.00321 -2.77e-05 0.018
37.6 -0.0167 -0.00283 -2.91e-05 0.0169
37.7 -0.0156 -0.00242 -2.94e-05 0.0158
37.8 -0.0147 -0.00199 -2.85e-05 0.0148
37.9 -0.0137 -0.00153 -2.65e-05 0.0138
38.0 -0.0127 -0.00107 -2.42e-05 0.0128
38.1 -0.0118 -0.000599 -2.26e-05 0.0118
38.2 -0.0108 -0.000124 -2.04e-05 0.0108
38.3 -0.0099 0.000352 -1.77e-05 0.00991
38.4 -0.00898 0.000824 -1.47e-05 0.00902
38.5 -0.00808 0.00129 -1.15e-05 0.00818
38.6 -0.00711 0.00174 -8.46e-06 0.00732
38.7 -0.00615 0.00217 -5.48e-06 0.00652
38.8 -0.00513 0.00258 -2.77e-06 0.00574
38.9 -0.00412 0.00296 -1.93e-06 0.00508
39.0 -0.00314 0.00331 -1.57e-06 0.00456
39.1 -0.00216 0.00363 -1.34e-06 0.00422
39.2 -0.00121 0.00391 -1.37e-06 0.00409
39.3 -0.000166 0.00415 -1.52e-06 0.00415
39.4 0.000851 0.00436 -1.76e-06 0.00444
39.5 0.00189 0.00452 -2.05e-06 0.0049
39.6 0.0029 0.00464 -2.77e-06 0.00547
39.7 0.00389 0.0047 -4.78e-06 0.00611
39.8 0.00488 0.00473 -6.5e-06 0.0068
39.9 0.00675 0.00471 -7.88e-06 0.00823
40.0 0.0085 0.00465 -8.96e-06 0.00969
40.1 0.0101 0.00454 -9.64e-06 0.0111
40.2 0.0117 0.00439 -9.89e-06 0.0125
40.3 0.0131 0.0042 -9.73e-06 0.0138
40.4 0.0144 0.00397 -1.05e-05 0.0149
40.5 0.0152 0.00371 -1.09e-05 0.0157
40.6 0.0158 0.00341 -1.09e-05 0.0162
40.7 0.0162 0.00308 -1.05e-05 0.0165
40.8 0.0165 0.00272 -9.7e-06 0.0168
40.9 0.0166 0.00234 -8.53e-06 0.0167
41.0 0.0164 0.00194 -7.12e-06 0.0165
41.1 0.0163 0.00151 -5.53e-06 0.0163
41.2 0.0156 0.00108 -3.87e-06 0.0157
41.3 0.0147 0.000638 -2.21e-06 0.0147
41.4 0.0136 0.00019 -6.41e-07 0.0136
41.5 0.0125 -0.000252 -4.15e-07 0.0125
41.6 0.0115 -0.00069 -4.46e-07 0.0115
41.7 0.00909 -0.00112 -4.63e-07 0.00916
41.8 0.00682 -0.00154 -4.66e-07 0.00699
41.9 0.00468 -0.00194 -4.55e-07 0.00506
42.0 0.00264 -0.00233 -4.31e-07 0.00352
42.1 0.000697 -0.00269 -3.96e-07 0.00278
42.2 -0.00107 -0.00303 -3.52e-07 0.00321
42.3 -0.00269 -0.00333 -3.02e-07 0.00428
42.4 -0.00417 -0.00361 -2.47e-07 0.00552
42.5 -0.0056 -0.00385 -1.92e-07 0.0068
42.6 -0.00689 -0.00406 -1.38e-07 0.008
42.7 -0.00805 -0.00423 -8.76e-08 0.0091
42.8 -0.00917 -0.00436 -4.27e-08 0.0102
42.9 -0.0102 -0.00445 -4.56e-09 0.0111
43.0 -0.0111 -0.00451 2.58e-08 0.012
43.1 -0.012 -0.00452 4.79e-08 0.0128
43.2 -0.0127 -0.00449 6.17e-08 0.0135
43.3 -0.0135 -0.00441 -1.82e-07 0.0142
43.4 -0.0142 -0.0043 -1.52e-06 0.0149
43.5 -0.0149 -0.00415 -2.65e-06 0.0155
43.6 -0.014 -0.00396 -3.53e-06 0.0146
43.7 -0.0133 -0.00373 -4.15e-06 0.0138
43.8 -0.0126 -0.00348 -4.51e-06 0.0131
43.9 -0.0119 -0.00319 -4.61e-06 0.0124
44.0 -0.0114 -0.00287 -4.46e-06 0.0117
44.1 -0.0109 -0.00253 -4.35e-06 0.0112
44.2 -0.0105 -0.00217 -5.11e-06 0.0107
44.3 -0.0101 -0.00179 -5.53e-06 0.0102
44.4 -0.00964 -0.0014 -5.63e-06 0.00974
44.5 -0.00923 -0.000989 -5.44e-06 0.00928
44.6 -0.00881 -0.000575 -4.99e-06 0.00883
44.7 -0.00839 -0.000156 -4.33e-06 0.0084
44.8 -0.00797 0.000263 -3.51e-06 0.00797
44.9 -0.00753 0.00068 -2.59e-06 0.00756
45.0 -0.00632 0.00109 -1.62e-06 0.00641
45.1 -0.00515 0.00149 -6.61e-07 0.00537
45.2 -0.00403 0.00188 2.55e-07 0.00444
45.3 -0.00293 0.00225 1.09e-06 0.00369
45.4 -0.00184 0.00259 1.8e-06 0.00318
45.5 -0.000771 0.00292 2.38e-06 0.00302
45.6 0.000287 0.00322 2.82e-06 0.00323
45.7 0.00135 0.00349 2.05e-06 0.00374
45.8 0.00239 0.00372 1.08e-06 0.00442
45.9 0.00339 0.00392 1.83e-07 0.00519
46.0 0.00436 0.00409 -6e-07 0.00598
46.1 0.00531 0.00423 -1.17e-06 0.00679
46.2 0.00627 0.00432 -1.58e-06 0.00761
46.3 0.0073 0.00439 -1.86e-06 0.00852
46.4 0.00832 0.00441 -2.02e-06 0.00941
46.5 0.00928 0.0044 -2.11e-06 0.0103
46.6 0.0102 0.00434 -2.43e-06 0.0111
46.7 0.011 0.00425 -3.67e-06 0.0118
46.8 0.0118 0.00412 -4.7e-06 0.0125
46.9 0.0121 0.00396 -5.75e-06 0.0127
47.0 0.0123 0.00376 -7.55e-06 0.0129
47.1 0.0125 0.00354 -9.11e-06 0.013
47.2 0.0127 0.00328 -1.06e-05 0.0131
47.3 0.0129 0.003 -1.27e-05 0.0133
47.4 0.013 0.0027 -1.43e-05 0.0133
47.5 0.0131 0.00237 -1.58e-05 0.0133
47.6 0.0132 0.00203 -1.76e-05 0.0133
47.7 0.0131 0.00167 -1.9e-05 0.0132
47.8 0.0129 0.00131 -2.06e-05 0.013
47.9 0.0127 0.000937 -2.18e-05 0.0128
48.0 0.0125 0.00056 -2.25e-05 0.0125
48.1 0.0123 0.000185 -2.34e-05 0.0123
48.2 0.0118 -0.000189 -2.37e-05 0.0118
48.3 0.0114 -0.000559 -2.36e-05 0.0114
48.4 0.0107 -0.000918 -2.36e-05 0.0108
48.5 0.0101 -0.00127 -2.31e-05 0.0102
48.6 0.00935 -0.0016 -2.33e-05 0.00949
48.7 0.00859 -0.00191 -2.27e-05 0.0088
48.8 0.00785 -0.00221 -2.16e-05 0.00816
48.9 0.00692 -0.00249 -2.03e-05 0.00735
49.0 0.00602 -0.00274 -1.94e-05 0.00661
49.1 0.00514 -0.00297 -1.82e-05 0.00594
49.2 0.00412 -0.00318 -1.69e-05 0.00521
49.3 0.00315 -0.00335 -1.61e-05 0.0046
49.4 0.00221 -0.0035 -1.53e-05 0.00414
49.5 0.00115 -0.00362 -1.45e-05 0.0038
49.6 0.000136 -0.00371 -1.35e-05 0.00371
49.7 -0.000829 -0.00377 -1.32e-05 0.00386
49.8 -0.00175 -0.00379 -1.29e-05 0.00418
49.9 -0.00276 -0.00379 -1.26e-05 0.00469
