0.0 2.01 -6.32e-22 0.997
0.1 2.02 -9.57e-21 0.989
0.2 2.05 -4.55e-20 0.976
0.3 2.08 -1.35e-19 0.958
0.4 2.12 -3.1e-19 0.937
0.5 2.17 -6.05e-19 0.913
0.6 2.22 -3.95e-06 0.885
0.7 2.29 -3.28e-05 0.854
0.8 2.35 -0.000122 0.821
0.9 2.42 -0.000333 0.788
1.0 2.47 -0.00107 0.759
1.1 2.5 -0.00226 0.74
1.2 2.53 -0.00344 0.728
1.3 2.54 -0.00457 0.724
1.4 2.54 -0.00772 0.726
1.5 2.54 -0.0148 0.734
1.6 2.52 -0.0218 0.747
1.7 2.5 -0.0254 0.765
1.8 2.47 -0.0256 0.787
1.9 2.43 -0.0257 0.812
2.0 2.39 -0.029 0.841
2.1 2.34 -0.0348 0.872
2.2 2.28 -0.0396 0.906
2.3 2.22 -0.0402 0.942
2.4 2.15 -0.0392 0.979
2.5 2.08 -0.0367 1.01
2.6 2.01 -0.0298 1.04
2.7 1.94 -0.0216 1.07
2.8 1.87 -0.0146 1.09
2.9 1.8 -0.00908 1.1
3.0 1.75 -0.00484 1.11
3.1 1.71 -0.00209 1.12
3.2 1.68 -0.000309 1.13
3.3 1.65 0.00118 1.14
3.4 1.62 0.00233 1.14
3.5 1.6 0.0028 1.16
3.6 1.58 0.00224 1.17
3.7 1.56 0.000639 1.19
3.8 1.54 -0.000972 1.21
3.9 1.52 -0.00145 1.24
4.0 1.5 -0.000639 1.27
4.1 1.47 0.00161 1.3
4.2 1.45 0.00356 1.34
4.3 1.42 0.00339 1.37
4.4 1.4 0.00118 1.41
4.5 1.38 -0.00112 1.45
4.6 1.35 -0.00153 1.48
4.7 1.33 0.000148 1.52
4.8 1.3 0.00208 1.56
4.9 1.27 0.0024 1.59
5.0 1.24 0.00124 1.63
5.1 1.22 -0.00128 1.66
5.2 1.19 -0.0035 1.7
5.3 1.17 -0.00369 1.74
5.4 1.14 -0.00167 1.78
5.5 1.1 0.000638 1.82
5.6 1.07 0.00133 1.86
5.7 1.04 0.00059 1.91
5.8 1.02 -0.0014 1.95
5.9 0.987 -0.00445 2.0
6.0 0.958 -0.00837 2.05
6.1 0.928 -0.0109 2.1
6.2 0.896 -0.00976 2.15
6.3 0.863 -0.00702 2.2
6.4 0.833 -0.00459 2.25
6.5 0.807 -0.00243 2.3
6.6 0.781 -0.00107 2.35
6.7 0.754 -0.000705 2.4
6.8 0.725 -0.000942 2.45
6.9 0.694 -0.00141 2.51
7.0 0.66 -0.00175 2.56
7.1 0.624 -0.00161 2.61
7.2 0.586 -0.000689 2.67
7.3 0.546 0.00126 2.72
7.4 0.507 0.00264 2.77
7.5 0.473 0.00151 2.83
7.6 0.442 -8.81e-06 2.88
7.7 0.412 0.000316 2.93
7.8 0.383 0.00242 2.99
7.9 0.354 0.00625 3.04
8.0 0.324 0.00831 3.1
8.1 0.29 0.00583 3.15
8.2 0.254 0.00218 3.21
8.3 0.214 0.000408 3.26
8.4 0.174 -0.000293 3.32
8.5 0.133 -0.000869 3.37
8.6 0.0931 -0.00114 3.43
8.7 0.0527 -0.000931 3.48
8.8 0.0122 -6.26e-05 3.54
8.9 -0.0283 0.00164 3.59
9.0 -0.069 0.00433 3.65
9.1 -0.11 0.00819 3.7
9.2 -0.151 0.0134 3.76
9.3 -0.191 0.0155 3.81
9.4 -0.23 0.0106 3.86
9.5 -0.271 0.00379 3.9
9.6 -0.314 0.000193 3.94
9.7 -0.358 5.64e-05 3.96
9.8 -0.403 0.00358 3.98
9.9 -0.448 0.00695 3.98
10.0 -0.49 0.00647 3.99
10.1 -0.531 0.00251 3.98
10.2 -0.572 -0.00139 3.98
10.3 -0.613 -0.00189 3.96
10.4 -0.654 0.00105 3.95
10.5 -0.695 0.00417 3.93
10.6 -0.734 0.00445 3.91
10.7 -0.774 0.00233 3.89
10.8 -0.814 -0.00171 3.86
10.9 -0.855 -0.00522 3.84
11.0 -0.897 -0.00587 3.81
11.1 -0.94 -0.00338 3.77
11.2 -0.983 -0.00031 3.74
11.3 -1.03 0.000882 3.7
11.4 -1.07 0.000577 3.66
11.5 -1.11 -0.000811 3.62
11.6 -1.15 -0.00286 3.58
11.7 -1.19 -0.00515 3.54
11.8 -1.24 -0.00727 3.49
11.9 -1.28 -0.00884 3.44
12.0 -1.32 -0.0095 3.4
12.1 -1.37 -0.0089 3.35
12.2 -1.41 -0.00676 3.3
12.3 -1.45 -0.00278 3.25
12.4 -1.5 0.00327 3.2
12.5 -1.54 0.00802 3.15
12.6 -1.58 0.00796 3.1
12.7 -1.62 0.00575 3.05
12.8 -1.65 0.00413 3.0
12.9 -1.69 0.00332 2.95
13.0 -1.72 0.00256 2.9
13.1 -1.76 0.00131 2.84
13.2 -1.8 8.66e-05 2.79
13.3 -1.84 -0.00065 2.74
13.4 -1.88 -0.000462 2.68
13.5 -1.92 0.00102 2.63
13.6 -1.96 0.00238 2.58
13.7 -2.0 0.00216 2.52
13.8 -2.03 0.000761 2.47
13.9 -2.07 -0.00133 2.42
14.0 -2.11 -0.00367 2.36
14.1 -2.15 -0.00579 2.31
14.2 -2.19 -0.00724 2.25
14.3 -2.23 -0.00761 2.2
14.4 -2.27 -0.00649 2.15
14.5 -2.32 -0.00352 2.09
14.6 -2.36 -0.000441 2.04
14.7 -2.4 0.000897 1.98
14.8 -2.44 0.000812 1.93
14.9 -2.47 -0.00031 1.87
15.0 -2.51 -0.00205 1.82
15.1 -2.55 -0.00397 1.76
15.2 -2.59 -0.00565 1.71
15.3 -2.62 -0.00607 1.65
15.4 -2.66 -0.00395 1.6
15.5 -2.69 0.00109 1.55
15.6 -2.71 0.00865 1.49
15.7 -2.73 0.018 1.44
15.8 -2.75 0.0283 1.38
15.9 -2.77 0.0387 1.33
16.0 -2.78 0.0485 1.27
16.1 -2.79 0.0572 1.22
16.2 -2.8 0.0646 1.16
16.3 -2.8 0.0721 1.11
16.4 -2.81 0.0822 1.06
16.5 -2.83 0.0967 1.03
16.6 -2.85 0.116 1.0
16.7 -2.87 0.142 0.983
16.8 -2.9 0.168 0.973
16.9 -2.95 0.192 0.97
17.0 -3.0 0.215 0.973
17.1 -3.06 0.242 0.981
17.2 -3.13 0.274 0.994
17.3 -3.2 0.305 1.01
17.4 -3.27 0.331 1.03
17.5 -3.33 0.353 1.06
17.6 -3.38 0.371 1.09
17.7 -3.42 0.382 1.12
17.8 -3.46 0.386 1.15
17.9 -3.48 0.379 1.19
18.0 -3.49 0.36 1.23
18.1 -3.51 0.33 1.27
18.2 -3.52 0.293 1.31
18.3 -3.55 0.255 1.35
18.4 -3.58 0.221 1.4
18.5 -3.62 0.19 1.44
18.6 -3.67 0.164 1.49
18.7 -3.72 0.142 1.54
18.8 -3.77 0.12 1.58
18.9 -3.82 0.0949 1.63
19.0 -3.87 0.0721 1.68
19.1 -3.92 0.0536 1.73
19.2 -3.97 0.0407 1.78
19.3 -4.01 0.0321 1.84
19.4 -4.04 0.027 1.89
19.5 -4.07 0.0252 1.94
19.6 -4.1 0.026 1.99
19.7 -4.12 0.0294 2.05
19.8 -4.14 0.0362 2.1
19.9 -4.16 0.0451 2.15
20.0 -4.18 0.0552 2.21
20.1 -4.19 0.0642 2.26
20.2 -4.2 0.0701 2.31
20.3 -4.22 0.0737 2.37
20.4 -4.24 0.0735 2.42
20.5 -4.26 0.0692 2.48
20.6 -4.3 0.0632 2.53
20.7 -4.34 0.0576 2.59
20.8 -4.38 0.0546 2.64
20.9 -4.41 0.0538 2.7
21.0 -4.44 0.0507 2.75
21.1 -4.47 0.0447 2.8
21.2 -4.49 0.0387 2.86
21.3 -4.52 0.0327 2.91
21.4 -4.54 0.0281 2.96
21.5 -4.56 0.026 3.02
21.6 -4.58 0.0269 3.07
21.7 -4.59 0.0285 3.12
21.8 -4.61 0.0288 3.17
21.9 -4.62 0.0294 3.21
22.0 -4.64 0.0314 3.25
22.1 -4.66 0.0337 3.28
22.2 -4.67 0.0346 3.31
22.3 -4.69 0.0342 3.33
22.4 -4.71 0.0328 3.36
22.5 -4.73 0.0318 3.38
22.6 -4.75 0.0322 3.4
22.7 -4.76 0.0339 3.42
22.8 -4.78 0.0365 3.44
22.9 -4.79 0.0401 3.47
23.0 -4.8 0.0442 3.49
23.1 -4.81 0.049 3.51
23.2 -4.82 0.0509 3.53
23.3 -4.84 0.0476 3.55
23.4 -4.86 0.0403 3.56
23.5 -4.88 0.0316 3.56
23.6 -4.9 0.023 3.57
23.7 -4.92 0.0157 3.58
23.8 -4.94 0.0103 3.59
23.9 -4.96 0.00644 3.61
24.0 -4.97 0.0038 3.63
24.1 -4.98 0.002 3.64
24.2 -4.98 0.00067 3.66
24.3 -4.98 -0.000504 3.67
24.4 -4.98 -0.00144 3.67
24.5 -4.98 -0.00183 3.67
24.6 -4.98 -0.0012 3.66
24.7 -4.98 0.000512 3.66
24.8 -4.98 0.00321 3.65
24.9 -4.98 0.00644 3.65
25.0 -4.97 0.00967 3.64
25.1 -4.97 0.012 3.64
25.2 -4.96 0.0124 3.64
25.3 -4.95 0.0107 3.64
25.4 -4.95 0.0078 3.64
25.5 -4.96 0.00493 3.64
25.6 -4.97 0.00325 3.64
25.7 -4.98 0.00305 3.64
25.8 -4.98 0.00403 3.64
25.9 -4.98 0.00486 3.63
26.0 -4.97 0.00409 3.63
26.1 -4.96 0.00211 3.62
26.2 -4.95 -0.000443 3.6
26.3 -4.93 -0.00439 3.59
26.4 -4.91 -0.0105 3.57
26.5 -4.9 -0.0157 3.55
26.6 -4.89 -0.0169 3.54
26.7 -4.88 -0.0144 3.52
26.8 -4.87 -0.00836 3.51
26.9 -4.87 -0.00186 3.5
27.0 -4.86 0.00144 3.48
27.1 -4.84 0.00104 3.47
27.2 -4.83 -0.000235 3.46
27.3 -4.82 0.000686 3.44
27.4 -4.8 0.00369 3.42
27.5 -4.79 0.00594 3.4
27.6 -4.77 0.00443 3.38
27.7 -4.75 0.00179 3.35
27.8 -4.74 0.000714 3.32
27.9 -4.72 0.000879 3.29
28.0 -4.7 0.00187 3.26
28.1 -4.68 0.00319 3.22
28.2 -4.66 0.00433 3.18
28.3 -4.64 0.00475 3.14
28.4 -4.62 0.00401 3.1
28.5 -4.6 0.00273 3.07
28.6 -4.58 0.00224 3.03
28.7 -4.56 0.00255 2.99
28.8 -4.54 0.00264 2.96
28.9 -4.52 0.00223 2.93
29.0 -4.5 0.00191 2.89
29.1 -4.47 0.00186 2.86
29.2 -4.45 0.0022 2.82
29.3 -4.43 0.00253 2.79
29.4 -4.41 0.00214 2.75
29.5 -4.38 0.000354 2.71
29.6 -4.35 -0.00153 2.67
29.7 -4.33 -0.00186 2.62
29.8 -4.3 -0.000886 2.58
29.9 -4.27 0.000982 2.53
30.0 -4.24 0.00323 2.49
30.1 -4.21 0.00526 2.44
30.2 -4.18 0.00644 2.39
30.3 -4.15 0.00598 2.34
30.4 -4.12 0.00397 2.29
30.5 -4.1 0.000971 2.24
30.6 -4.07 -0.000823 2.19
30.7 -4.05 -0.000291 2.14
30.8 -4.01 0.00158 2.09
30.9 -3.98 0.00283 2.04
31.0 -3.95 0.00232 1.99
31.1 -3.92 0.00035 1.93
31.2 -3.89 -0.00293 1.88
31.3 -3.86 -0.00739 1.83
31.4 -3.83 -0.00983 1.77
31.5 -3.8 -0.00803 1.72
31.6 -3.77 -0.00501 1.67
31.7 -3.73 -0.00273 1.61
31.8 -3.7 -0.000734 1.56
31.9 -3.67 0.00167 1.51
32.0 -3.64 0.00507 1.45
32.1 -3.62 0.0099 1.4
32.2 -3.59 0.0164 1.35
32.3 -3.57 0.0267 1.29
32.4 -3.54 0.0416 1.25
32.5 -3.51 0.057 1.2
32.6 -3.47 0.0694 1.17
32.7 -3.44 0.0789 1.13
32.8 -3.41 0.0858 1.1
32.9 -3.39 0.0877 1.07
33.0 -3.37 0.0831 1.05
33.1 -3.36 0.0777 1.03
33.2 -3.35 0.0757 1.02
33.3 -3.34 0.0775 1.01
33.4 -3.34 0.0831 1.0
33.5 -3.33 0.099 0.994
33.6 -3.31 0.13 0.987
33.7 -3.29 0.17 0.982
33.8 -3.25 0.214 0.98
33.9 -3.19 0.257 0.979
34.0 -3.12 0.297 0.983
34.1 -3.03 0.317 0.992
34.2 -2.93 0.302 1.01
34.3 -2.83 0.254 1.02
34.4 -2.75 0.178 1.05
34.5 -2.69 0.0989 1.07
34.6 -2.63 0.0366 1.1
34.7 -2.58 -0.01 1.13
34.8 -2.54 -0.0443 1.17
34.9 -2.5 -0.0693 1.2
35.0 -2.47 -0.0855 1.24
35.1 -2.43 -0.0949 1.28
35.2 -2.4 -0.0982 1.32
35.3 -2.37 -0.0956 1.37
35.4 -2.34 -0.0876 1.41
35.5 -2.31 -0.0749 1.46
35.6 -2.28 -0.0586 1.5
35.7 -2.24 -0.04 1.55
35.8 -2.2 -0.0237 1.6
35.9 -2.15 -0.0138 1.65
36.0 -2.1 -0.00846 1.7
36.1 -2.05 -0.0049 1.75
36.2 -2.01 -0.00293 1.8
36.3 -1.97 -0.00247 1.85
36.4 -1.92 -0.00355 1.9
36.5 -1.88 -0.00628 1.96
36.6 -1.84 -0.00812 2.01
36.7 -1.8 -0.0068 2.06
36.8 -1.75 -0.00309 2.12
36.9 -1.71 0.000306 2.17
37.0 -1.67 0.00138 2.22
37.1 -1.63 0.000184 2.28
37.2 -1.59 -0.00332 2.33
37.3 -1.55 -0.00603 2.39
37.4 -1.51 -0.00527 2.44
37.5 -1.46 -0.00195 2.5
37.6 -1.42 0.00116 2.55
37.7 -1.38 0.00197 2.61
37.8 -1.33 0.000356 2.66
37.9 -1.29 -0.00154 2.72
38.0 -1.25 -0.00172 2.77
38.1 -1.21 -0.000705 2.83
38.2 -1.17 0.000814 2.88
38.3 -1.12 0.00203 2.94
38.4 -1.08 0.00205 2.99
38.5 -1.03 0.000964 3.05
38.6 -0.997 -0.000767 3.1
38.7 -0.961 -0.00286 3.16
38.8 -0.924 -0.00362 3.21
38.9 -0.883 -0.00243 3.27
39.0 -0.841 -0.000935 3.32
39.1 -0.798 4.72e-07 3.38
39.2 -0.754 -3.19e-05 3.44
39.3 -0.71 -0.00153 3.49
39.4 -0.667 -0.00326 3.55
39.5 -0.626 -0.00352 3.6
39.6 -0.589 -0.00212 3.66
39.7 -0.553 -4.22e-05 3.71
39.8 -0.518 0.00153 3.77
39.9 -0.482 0.00423 3.82
40.0 -0.445 0.00624 3.86
40.1 -0.407 0.00671 3.89
40.2 -0.368 0.00738 3.92
40.3 -0.327 0.00756 3.93
40.4 -0.285 0.0065 3.94
40.5 -0.242 0.00545 3.94
40.6 -0.201 0.00607 3.94
40.7 -0.16 0.00804 3.93
40.8 -0.12 0.0109 3.91
40.9 -0.0791 0.0122 3.9
41.0 -0.0398 0.00992 3.87
41.1 -0.00171 0.00674 3.85
41.2 0.0357 0.00516 3.82
41.3 0.0731 0.00476 3.79
41.4 0.111 0.00505 3.75
41.5 0.149 0.00548 3.72
41.6 0.188 0.00551 3.68
41.7 0.228 0.00462 3.64
41.8 0.269 0.00229 3.6
41.9 0.31 -0.00193 3.55
42.0 0.351 -0.00838 3.51
42.1 0.388 -0.0132 3.46
42.2 0.422 -0.0134 3.42
42.3 0.454 -0.0105 3.37
42.4 0.485 -0.00494 3.32
42.5 0.516 0.000544 3.27
42.6 0.547 0.0031 3.22
42.7 0.577 0.00269 3.17
42.8 0.608 0.00178 3.12
42.9 0.638 0.00246 3.07
43.0 0.67 0.00416 3.02
43.1 0.702 0.00622 2.97
43.2 0.736 0.00797 2.92
43.3 0.772 0.00877 2.87
43.4 0.806 0.00838 2.81
43.5 0.837 0.00733 2.76
43.6 0.866 0.00603 2.71
43.7 0.892 0.00483 2.65
43.8 0.918 0.00475 2.6
43.9 0.946 0.006 2.55
44.0 0.978 0.00753 2.49
44.1 1.01 0.00819 2.44
44.2 1.04 0.00763 2.39
44.3 1.07 0.00599 2.33
44.4 1.1 0.00337 2.28
44.5 1.12 -0.000202 2.22
44.6 1.15 -0.00236 2.17
44.7 1.18 -0.00114 2.12
44.8 1.2 0.00279 2.06
44.9 1.23 0.00627 2.01
45.0 1.26 0.00654 1.95
45.1 1.29 0.00549 1.9
45.2 1.31 0.00506 1.84
45.3 1.34 0.00514 1.79
45.4 1.37 0.00549 1.74
45.5 1.39 0.00583 1.68
45.6 1.42 0.00584 1.63
45.7 1.44 0.00522 1.57
45.8 1.47 0.0043 1.52
45.9 1.48 0.00359 1.46
46.0 1.5 0.00348 1.41
46.1 1.52 0.00401 1.35
46.2 1.54 0.00434 1.3
46.3 1.56 0.00582 1.25
46.4 1.58 0.0076 1.21
46.5 1.61 0.00669 1.17
46.6 1.63 0.00488 1.15
46.7 1.65 0.00407 1.12
46.8 1.68 0.00394 1.11
46.9 1.7 0.00333 1.1
47.0 1.72 0.00182 1.09
47.1 1.74 5.3e-05 1.08
47.2 1.75 -0.000519 1.08
47.3 1.77 0.000735 1.07
47.4 1.79 0.00172 1.07
47.5 1.8 0.000917 1.06
47.6 1.82 -0.00149 1.05
47.7 1.83 -0.00339 1.04
47.8 1.84 -0.00289 1.03
47.9 1.86 -0.000191 1.02
48.0 1.87 0.00194 1.01
48.1 1.88 0.000998 1.01
48.2 1.9 -0.000678 1.0
48.3 1.91 -0.000805 1.0
48.4 1.92 0.00051 1.0
48.5 1.93 0.00308 1.0
48.6 1.94 0.00459 1.0
48.7 1.95 0.00318 1.01
48.8 1.96 -0.000677 1.01
48.9 1.96 -0.00392 1.01
49.0 1.97 -0.00385 1.01
49.1 1.97 -0.000644 1.01
49.2 1.98 0.00261 1.01
49.3 1.98 0.00305 1.01
49.4 1.99 0.000851 1.01
49.5 1.99 -0.00372 1.01
49.6 1.99 -0.00741 1.0
49.7 1.99 -0.00716 1.0
49.8 1.99 -0.00309 0.998
49.9 2.0 0.00111 0.995
