0.0 0.0 0.0 0.0
0.1 -8.9e-14 0.0 2.65e-14
0.2 -8.9e-14 0.0 2.65e-14
0.3 -8.9e-14 0.0 2.65e-14
0.4 -8.9e-14 0.0 2.65e-14
0.5 -8.9e-14 0.0 2.65e-14
0.6 -8.9e-14 0.0 2.65e-14
0.7 -8.9e-14 0.0 2.65e-14
0.8 -2.24e-06 0.0 6.01e-07
0.9 -2.24e-06 0.0 6.01e-07
1.0 -0.904 -0.388 0.0171
1.1 -0.904 -0.388 0.0171
1.2 -36.5 0.463 36.0
1.3 -36.5 0.463 36.0
1.4 -36.5 0.463 36.0
1.5 -36.5 0.463 36.0
1.6 -36.5 0.463 36.0
1.7 -36.5 0.463 36.0
1.8 -28.7 -0.0272 31.7
1.9 -28.7 -0.0272 31.7
2.0 -28.7 -0.0272 31.7
2.1 -28.7 -0.0272 31.7
2.2 -28.7 -0.0272 31.7
2.3 -28.7 -0.0272 31.7
2.4 -28.7 -0.0272 31.7
2.5 -28.7 -0.0272 31.7
2.6 -26.5 -0.0485 30.7
2.7 -2.8 -0.256 15.9
2.8 -3.34 -0.251 15.5
2.9 -4.11 -0.244 15.3
3.0 -5.11 -0.232 15.0
3.1 -5.11 -0.232 15.0
3.2 -25.2 0.0143 12.7
3.3 -25.2 0.0143 12.7
3.4 -25.0 0.0161 12.6
3.5 -25.0 0.0161 12.6
3.6 -24.1 0.0154 12.8
3.7 -24.1 0.0154 12.8
3.8 -24.1 0.0154 12.8
3.9 -23.6 0.013 13.0
4.0 -23.6 0.013 13.0
4.1 -23.6 0.013 13.0
4.2 -23.1 0.00952 13.2
4.3 -23.1 0.00952 13.2
4.4 -23.1 0.00952 13.2
4.5 -22.4 0.00972 13.4
4.6 -22.4 0.00972 13.4
4.7 -20.4 0.0196 14.2
4.8 -20.4 0.0196 14.2
4.9 -20.4 0.0196 14.2
5.0 -20.4 0.0196 14.2
5.1 -20.4 0.0196 14.2
5.2 -20.4 0.0196 14.2
5.3 -20.4 0.0196 14.2
5.4 -20.4 0.0196 14.2
5.5 -20.4 0.0196 14.2
5.6 -20.4 0.0196 14.2
5.7 -20.4 0.0196 14.2
5.8 -20.0 0.0198 14.4
5.9 -20.0 0.0198 14.4
6.0 -20.0 0.0198 14.4
6.1 -19.6 0.0195 14.6
6.2 -19.6 0.0195 14.6
6.3 -19.6 0.0195 14.6
6.4 -19.4 0.0188 14.9
6.5 -19.4 0.0188 14.9
6.6 -19.4 0.0188 14.9
6.7 -23.0 0.0249 16.8
6.8 -34.6 0.0434 24.2
6.9 -36.5 0.0607 34.5
7.0 -36.5 0.0632 35.6
7.1 -36.5 0.0631 35.6
7.2 -36.0 0.0619 35.5
7.3 -35.6 0.0606 35.4
7.4 -34.8 0.0583 35.2
7.5 -33.7 0.0549 34.9
7.6 -33.7 0.0549 34.9
7.7 -25.5 0.0291 32.6
7.8 -25.5 0.0291 32.6
7.9 -25.5 0.0291 32.6
8.0 -25.5 0.0291 32.6
8.1 -27.6 0.016 35.4
8.2 -27.6 0.016 35.4
8.3 -27.6 0.016 35.4
8.4 -24.1 0.00644 33.9
8.5 -24.1 0.00642 33.9
8.6 -23.4 0.293 36.5
8.7 -23.4 0.546 36.5
8.8 -22.4 0.628 36.5
8.9 -22.2 0.653 36.5
9.0 -23.0 0.632 36.5
9.1 -24.3 0.638 36.5
9.2 -19.1 0.234 36.5
9.3 -14.8 -0.00768 33.8
9.4 -15.0 -0.00966 34.0
9.5 -15.2 -0.012 34.1
9.6 -10.8 -0.35 23.1
9.7 -10.7 -0.331 23.3
9.8 -16.1 -0.194 23.8
9.9 -16.1 -0.185 23.9
10.0 -16.2 -0.178 24.1
10.1 -16.4 -0.172 24.2
10.2 -16.6 -0.101 24.4
10.3 -16.7 -0.0997 24.5
10.4 -16.9 -0.0964 24.6
10.5 -17.1 -0.0949 24.7
10.6 -17.2 -0.0931 24.8
10.7 -17.4 -0.0922 24.9
10.8 -17.5 -0.0918 25.0
10.9 -17.6 -0.092 25.0
11.0 -17.8 -0.0928 25.1
11.1 -17.9 -0.0946 25.1
11.2 -18.1 -0.0975 25.2
11.3 -18.2 -0.101 25.2
11.4 -18.4 -0.107 25.3
11.5 -18.5 -0.114 25.3
11.6 -20.1 -0.158 25.6
11.7 -20.3 -0.176 25.6
11.8 -20.5 -0.194 25.6
11.9 -20.8 -0.228 25.6
12.0 -21.5 -0.404 25.8
12.1 -31.1 -10.8 36.5
12.2 -31.3 -10.8 36.4
12.3 -31.5 -10.8 36.3
12.4 -29.9 -9.9 34.9
12.5 -24.0 -6.19 30.0
12.6 -20.8 -4.26 27.5
12.7 -19.7 -3.44 26.3
12.8 -19.3 -3.2 25.9
12.9 -19.4 -3.26 25.8
13.0 -19.6 -3.22 25.9
13.1 -19.6 -3.14 25.6
13.2 -19.7 -3.15 25.5
13.3 -19.9 -3.19 25.3
13.4 -20.1 -3.25 25.2
13.5 -20.3 -3.32 25.0
13.6 -20.5 -3.4 24.8
13.7 -20.7 -3.51 24.6
13.8 -21.0 -3.64 24.4
13.9 -21.2 -3.8 24.2
14.0 -18.1 -24.9 23.1
14.1 -19.9 -24.5 21.7
14.2 -19.4 -23.8 20.3
14.3 -32.2 -9.62 1.96e-14
14.4 -36.5 -9.76 19.6
14.5 -36.5 -9.14 18.4
14.6 -36.1 -9.46 15.3
14.7 -36.5 -9.53 14.5
14.8 -36.5 -10.0 13.5
14.9 -36.5 -10.5 12.4
15.0 -36.4 -11.2 11.3
15.1 -36.4 -12.1 10.5
15.2 -36.5 -13.2 9.46
15.3 -36.5 -14.6 8.4
15.4 -36.4 -15.3 6.89
15.5 -36.2 -16.3 5.21
15.6 -35.5 -17.7 3.9
15.7 -35.5 -17.7 3.9
15.8 -17.4 -18.9 0.807
15.9 -17.4 -18.8 0.00388
16.0 -17.3 -18.6 1e-16
16.1 -16.9 -17.7 1.62e-07
16.2 -16.8 -17.7 7.03e-07
16.3 -16.8 -17.4 7.7e-08
16.4 -16.5 -16.7 0.154
16.5 -16.5 -16.7 0.154
16.6 -16.5 -16.7 0.154
16.7 -12.1 3.88 0.215
16.8 -9.07 29.3 0.0346
16.9 -9.07 29.3 0.0
17.0 -9.07 29.3 0.0
17.1 -19.6 16.5 3.76e-16
17.2 -19.6 16.5 3.76e-16
17.3 -19.6 16.5 3.76e-16
17.4 -19.6 16.5 3.76e-16
17.5 -17.4 1.05 36.5
17.6 -3.77 3.72 33.2
17.7 3.27 10.1 29.5
17.8 -0.347 14.4 26.3
17.9 -2.51 15.8 24.5
18.0 -7.73 15.1 24.3
18.1 -7.77 15.0 24.3
18.2 -7.96 15.1 25.2
18.3 -13.1 12.1 25.9
18.4 -13.1 12.1 25.9
18.5 -13.1 12.1 25.9
18.6 -13.1 12.1 25.9
18.7 -14.4 10.4 25.7
18.8 -12.6 8.47 25.4
18.9 -8.6 3.91 24.8
19.0 -7.39 2.1 24.4
19.1 -7.42 2.04 24.4
19.2 -9.36 -5.75 24.5
19.3 -9.75 -5.97 20.5
19.4 -14.0 -6.96 19.6
19.5 -7.1 -6.0 19.3
19.6 -7.22 -6.01 19.3
19.7 -7.23 -6.01 19.3
19.8 -3.86 -5.83 18.7
19.9 -3.86 -5.83 18.7
20.0 -3.86 -5.83 18.7
20.1 -3.86 -5.83 18.7
20.2 -4.16 -5.8 18.7
20.3 -4.19 -5.8 18.7
20.4 -36.5 0.569 15.5
20.5 -36.5 0.569 15.5
20.6 -36.5 0.569 15.5
20.7 -36.4 0.694 15.6
20.8 -31.7 1.63 16.1
20.9 -31.5 1.59 16.2
21.0 -36.5 -12.8 24.4
21.1 -36.5 -36.5 36.4
21.2 -36.5 -36.5 36.5
21.3 -36.5 -34.9 36.5
21.4 -36.5 0.526 29.3
21.5 -25.6 6.03 26.8
21.6 -20.5 7.75 25.2
21.7 -16.9 8.36 23.6
21.8 -15.6 3.48 22.6
21.9 -15.2 2.59 22.4
22.0 -14.7 -0.418 22.2
22.1 -14.3 -2.14 21.9
22.2 -14.2 0.116 20.5
22.3 -14.6 -0.273 20.3
22.4 -14.5 0.243 20.2
22.5 -13.8 1.88 20.0
22.6 -11.6 1.6 20.0
22.7 -11.6 1.6 20.0
22.8 -15.0 0.937 15.8
22.9 -15.4 1.48 15.7
23.0 -15.6 1.71 15.7
23.1 -15.6 1.92 15.7
23.2 -18.0 2.25 15.7
23.3 -18.2 2.39 15.6
23.4 -18.3 2.49 15.6
23.5 -18.1 2.24 15.9
23.6 -18.4 2.15 16.0
23.7 -18.5 2.18 16.0
23.8 -19.4 1.88 16.1
23.9 -20.0 1.66 16.2
24.0 -20.2 1.54 16.3
24.1 -20.2 1.53 16.3
24.2 -20.3 1.51 16.3
24.3 -20.4 1.48 16.3
24.4 -20.4 1.46 15.6
24.5 -20.4 1.4 15.6
24.6 -20.5 1.1 15.2
24.7 -20.6 1.04 14.9
24.8 -20.6 0.943 14.9
24.9 -20.6 0.943 14.9
25.0 -20.6 0.553 14.0
25.1 -20.5 0.155 12.7
25.2 -20.2 -0.489 12.5
25.3 -20.2 -0.489 12.5
25.4 -20.2 -0.489 12.5
25.5 -19.8 -1.08 12.8
25.6 -19.7 -1.13 13.2
25.7 -19.7 -1.13 13.2
25.8 -19.5 -1.1 13.8
25.9 -19.4 -1.07 14.1
26.0 -19.4 -1.07 14.1
26.1 -19.4 -1.07 14.1
26.2 -19.4 -1.07 14.1
26.3 -19.4 -1.07 14.1
26.4 -19.4 -1.07 14.1
26.5 -19.4 -0.939 14.3
26.6 -19.4 -0.939 14.3
26.7 -19.4 -0.939 14.3
26.8 -19.3 -0.771 14.6
26.9 -19.3 -0.771 14.6
27.0 -18.0 0.531 14.7
27.1 -18.0 0.531 14.7
27.2 -18.1 0.58 15.0
27.3 -18.3 0.601 15.3
27.4 -18.3 0.601 15.3
27.5 -18.3 0.601 15.3
27.6 -18.3 0.601 15.3
27.7 -18.3 0.601 15.3
27.8 -18.3 0.601 15.3
27.9 -18.3 0.601 15.3
28.0 -18.8 0.447 15.9
28.1 -18.8 0.447 15.9
28.2 -18.8 0.447 15.9
28.3 -19.1 0.367 16.1
28.4 -19.1 0.367 16.1
28.5 -19.2 0.31 16.3
28.6 -19.2 0.31 16.3
28.7 -19.2 0.31 16.3
28.8 -19.3 0.241 16.5
28.9 -19.5 0.158 16.7
29.0 -19.5 0.158 16.7
29.1 -19.5 0.157 16.7
29.2 -19.6 0.103 16.9
29.3 -19.6 0.0622 17.0
29.4 -19.6 0.0622 17.0
29.5 -19.6 0.0622 17.0
29.6 -19.6 0.0622 17.0
29.7 -19.6 0.0622 17.0
29.8 -19.6 0.0622 17.0
29.9 -19.6 0.0622 17.0
30.0 -19.6 0.0622 17.0
30.1 -19.6 0.0622 17.0
30.2 -19.6 0.0622 17.0
30.3 -19.6 0.0622 17.0
30.4 -19.6 0.0622 17.0
30.5 -19.6 0.0622 17.0
30.6 -19.6 0.0622 17.0
30.7 -19.6 0.0622 17.0
30.8 -19.6 0.0622 17.0
30.9 -19.6 0.0271 17.0
31.0 -19.6 0.0271 17.0
31.1 -19.6 0.0271 17.0
31.2 -19.5 0.0104 17.1
31.3 -19.5 0.0104 17.1
31.4 -19.5 0.0104 17.1
31.5 -19.5 0.0104 17.1
31.6 -19.3 0.0787 17.2
31.7 -19.2 0.14 17.3
31.8 -19.1 0.211 17.4
31.9 -19.1 0.266 17.5
32.0 -19.1 0.266 17.5
32.1 -19.1 0.268 17.6
32.2 -19.1 0.268 17.6
32.3 -19.1 0.269 17.6
32.4 -19.1 0.239 17.7
32.5 -21.1 0.229 17.5
32.6 -22.6 -0.219 14.3
32.7 -22.6 -0.219 14.1
32.8 -19.4 -0.707 5.27e-15
32.9 -19.4 -0.706 3.36e-18
33.0 -19.3 -0.549 0.0
33.1 -19.9 -0.866 3.22e-14
33.2 -19.9 -0.865 0.0
33.3 -19.8 -0.605 8.08e-17
33.4 -19.8 -0.603 3.33e-15
33.5 -19.7 -0.344 0.0
33.6 -19.7 -0.344 0.001
33.7 -19.7 -0.31 2.39e-16
33.8 -19.6 -0.251 0.0
33.9 -19.6 -0.251 0.0
34.0 -19.6 -0.251 0.0
34.1 -21.5 5.24 7.46e-16
34.2 -21.5 5.24 7.46e-16
34.3 -21.5 5.24 7.46e-16
34.4 -25.3 -5.26 0.361
34.5 -25.3 -5.26 0.361
34.6 -25.3 -5.26 0.361
34.7 -15.8 -0.278 36.5
34.8 -15.8 -0.278 36.5
34.9 -15.8 -0.217 36.5
35.0 -15.8 -0.144 36.4
35.1 -15.9 -0.077 36.2
35.2 -16.0 -0.0109 35.9
35.3 -16.2 0.0454 35.5
35.4 -16.2 0.0454 35.5
35.5 -16.5 0.109 34.9
35.6 -16.8 0.174 34.2
35.7 -17.2 0.238 33.4
35.8 -17.5 0.298 32.6
35.9 -17.8 0.342 32.0
36.0 -18.1 0.384 31.3
36.1 -18.4 0.424 30.6
36.2 -18.4 0.424 30.6
36.3 -18.8 0.467 29.5
36.4 -18.8 0.467 29.5
36.5 -19.0 0.483 28.8
36.6 -19.0 0.483 28.8
36.7 -19.3 0.483 28.1
36.8 -19.3 0.483 28.1
36.9 -19.3 0.483 28.1
37.0 -19.3 0.483 28.1
37.1 -19.5 0.445 27.3
37.2 -19.5 0.445 27.3
37.3 -19.5 0.445 27.3
37.4 -19.6 0.377 26.6
37.5 -19.6 0.377 26.6
37.6 -19.6 0.377 26.6
37.7 -19.7 0.354 25.9
37.8 -19.7 0.354 25.9
37.9 -19.7 0.354 25.9
38.0 -19.8 0.343 25.3
38.1 -19.8 0.343 25.3
38.2 -19.8 0.343 25.3
38.3 -19.8 0.319 24.8
38.4 -19.8 0.319 24.8
38.5 -19.8 0.319 24.8
38.6 -19.8 0.319 24.8
38.7 -19.8 0.261 24.2
38.8 -19.8 0.261 24.2
38.9 -19.9 0.19 23.7
39.0 -19.9 0.19 23.7
39.1 -19.9 0.19 23.7
39.2 -19.9 0.19 23.7
39.3 -19.9 0.19 23.7
39.4 -19.8 0.0787 23.2
39.5 -19.8 0.0787 23.2
39.6 -17.7 -5.53 17.7
39.7 -17.1 -6.56 16.6
39.8 -15.1 -9.22 13.6
39.9 -14.2 -10.0 12.4
40.0 -23.5 3.31 11.7
40.1 -23.0 3.39 11.8
40.2 -23.0 3.39 11.8
40.3 -23.0 3.39 11.8
40.4 -23.0 3.39 11.8
40.5 -22.6 3.15 12.0
40.6 -21.0 -0.69 13.6
40.7 -19.3 -4.18 15.1
40.8 -17.6 -6.63 16.3
40.9 -17.2 -7.32 16.6
41.0 -15.3 -8.33 17.6
41.1 -15.1 -7.7 17.8
41.2 -15.1 -7.7 17.8
41.3 -15.9 -4.96 18.0
41.4 -14.1 -3.57 18.8
41.5 -14.2 -2.69 19.0
41.6 -13.9 -2.7 19.1
41.7 -13.5 -2.67 19.1
41.8 -16.8 8.18 20.3
41.9 -15.3 8.44 20.7
42.0 -15.3 8.45 20.7
42.1 -15.3 8.45 20.7
42.2 -15.3 8.45 20.7
42.3 -16.9 7.27 20.5
42.4 -17.8 6.45 20.4
42.5 -18.8 5.49 20.2
42.6 -18.8 5.49 20.2
42.7 -19.5 4.61 20.0
42.8 -20.2 3.55 19.8
42.9 -20.2 4.13 19.9
43.0 -21.1 5.48 19.9
43.1 -21.3 6.01 19.9
43.2 -23.0 7.27 19.8
43.3 -23.2 7.58 19.8
43.4 -24.3 8.78 19.8
43.5 -24.3 8.78 19.8
43.6 -24.3 8.77 19.8
43.7 -33.1 -7.56 17.0
43.8 -32.8 -7.55 16.9
43.9 -31.3 -7.61 16.8
44.0 -31.3 -7.61 16.8
44.1 -31.3 -7.61 16.8
44.2 -24.3 -6.54 16.7
44.3 -24.2 -6.52 16.7
44.4 -24.1 -6.48 16.7
44.5 -24.0 -6.46 16.7
44.6 -24.2 -7.1 16.4
44.7 -24.3 -7.18 16.4
44.8 -24.5 -7.35 16.3
44.9 -24.6 -7.62 16.3
45.0 -24.8 -8.01 16.2
45.1 -11.4 -11.9 13.1
45.2 -11.4 -12.1 13.1
45.3 -11.4 -12.0 13.1
45.4 -11.5 -10.6 13.3
45.5 -11.9 -6.91 13.6
45.6 -11.9 -6.66 13.6
45.7 -11.8 -6.06 13.5
45.8 -11.6 -5.09 13.3
45.9 -11.5 -5.14 13.3
46.0 -11.4 -5.23 13.2
46.1 -11.2 -5.35 13.2
46.2 -10.9 -5.46 13.1
46.3 -9.69 -3.47 12.4
46.4 -14.5 4.77 13.0
46.5 -14.7 6.93 12.8
46.6 -15.6 7.4 13.1
46.7 -15.6 7.4 13.1
46.8 -18.7 7.32 14.0
46.9 -18.7 7.32 14.0
47.0 -19.0 7.38 15.9
47.1 -21.3 5.88 16.8
47.2 -21.3 5.95 16.7
47.3 -21.1 6.07 16.7
47.4 -21.1 6.07 16.7
47.5 -21.4 5.29 16.9
47.6 -21.4 5.29 16.9
47.7 -21.4 5.29 16.9
47.8 -21.5 4.22 17.1
47.9 -21.5 3.29 17.3
48.0 -21.5 3.29 17.3
48.1 -21.5 3.29 17.3
48.2 -21.5 3.29 17.3
48.3 -21.2 2.18 17.4
48.4 -21.2 2.18 17.4
48.5 -21.0 1.37 17.5
48.6 -21.0 1.37 17.5
48.7 -20.7 0.741 17.6
48.8 -20.7 0.741 17.6
48.9 -20.7 0.741 17.6
49.0 -20.4 0.156 17.7
49.1 -20.4 0.156 17.7
49.2 -20.4 0.156 17.7
49.3 -20.2 -0.215 17.8
49.4 -20.2 -0.215 17.8
49.5 -20.2 -0.215 17.8
49.6 -20.0 -0.471 17.8
49.7 -20.0 -0.471 17.8
49.8 -20.0 -0.471 17.8
49.9 -20.0 -0.471 17.8
