0.0 0.0
0.1 -2.98e-17
0.2 -2.98e-17
0.3 -2.98e-17
0.4 -2.98e-17
0.5 -2.98e-17
0.6 -2.98e-17
0.7 0.0176
0.8 0.0176
0.9 0.0176
1.0 0.0178
1.1 0.0178
1.2 0.0178
1.3 0.0177
1.4 0.0177
1.5 0.0177
1.6 0.0176
1.7 0.0175
1.8 0.0175
1.9 0.0174
2.0 0.0173
2.1 0.0172
2.2 0.0172
2.3 0.0171
2.4 0.017
2.5 0.0169
2.6 0.0168
2.7 0.0167
2.8 0.0166
2.9 0.0164
3.0 0.0163
3.1 0.0162
3.2 0.016
3.3 0.0159
3.4 0.0157
3.5 0.0155
3.6 0.0154
3.7 0.0152
3.8 0.015
3.9 0.0149
4.0 0.0147
4.1 0.0145
4.2 0.0143
4.3 0.0141
4.4 0.0139
4.5 0.0136
4.6 0.0134
4.7 0.0132
4.8 0.0129
4.9 0.0127
5.0 0.0125
5.1 0.0122
5.2 0.012
5.3 0.0117
5.4 0.0114
5.5 0.0112
5.6 0.0109
5.7 0.0106
5.8 0.0103
5.9 0.01
6.0 0.00974
6.1 0.00944
6.2 0.00913
6.3 0.00883
6.4 0.00852
6.5 0.00821
6.6 0.00789
6.7 0.00758
6.8 0.00727
6.9 0.007
7.0 0.00668
7.1 0.00625
7.2 0.00583
7.3 0.00553
7.4 0.00529
7.5 0.00494
7.6 0.00461
7.7 0.00425
7.8 0.00392
7.9 0.0036
8.0 0.00327
8.1 0.00292
8.2 0.00254
8.3 0.00219
8.4 0.00186
8.5 0.0015
8.6 0.00113
8.7 0.000768
8.8 0.000379
8.9 2.85e-05
9.0 -0.000333
9.1 -0.000726
9.2 -0.00125
9.3 -0.00171
9.4 -0.00208
9.5 -0.00244
9.6 -0.0028
9.7 -0.00317
9.8 -0.00352
9.9 -0.00394
10.0 -0.00434
10.1 -0.0047
10.2 -0.00504
10.3 -0.00539
10.4 -0.00577
10.5 -0.00612
10.6 -0.00647
10.7 -0.00681
10.8 -0.00716
10.9 -0.0075
11.0 -0.00781
11.1 -0.0081
11.2 -0.00844
11.3 -0.0088
11.4 -0.00913
11.5 -0.00946
11.6 -0.00978
11.7 -0.0101
11.8 -0.0104
11.9 -0.0107
12.0 -0.011
12.1 -0.0113
12.2 -0.0116
12.3 -0.0119
12.4 -0.0121
12.5 -0.0124
12.6 -0.0127
12.7 -0.013
12.8 -0.0133
12.9 -0.0135
13.0 -0.0138
13.1 -0.0141
13.2 -0.0143
13.3 -0.0146
13.4 -0.0148
13.5 -0.015
13.6 -0.0153
13.7 -0.0155
13.8 -0.0157
13.9 -0.016
14.0 -0.0162
14.1 -0.0164
14.2 -0.0166
14.3 -0.0168
14.4 -0.0169
14.5 -0.0172
14.6 -0.0174
14.7 -0.0176
14.8 -0.0177
14.9 -0.0179
15.0 -0.018
15.1 -0.0182
15.2 -0.0182
15.3 -0.0184
15.4 -0.0185
15.5 -0.0186
15.6 -0.0188
15.7 -0.0189
15.8 -0.019
15.9 -0.019
16.0 -0.0191
16.1 -0.0192
16.2 -0.0193
16.3 -0.0193
16.4 -0.0193
16.5 -0.0194
16.6 -0.0194
16.7 -0.0194
16.8 -0.0194
16.9 -0.0199
17.0 -0.00706
17.1 -0.0149
17.2 -0.0349
17.3 0.0236
17.4 0.0237
17.5 0.0237
17.6 0.0236
17.7 0.0236
17.8 0.0236
17.9 0.0236
18.0 0.0236
18.1 0.0235
18.2 0.0235
18.3 0.0234
18.4 0.0234
18.5 0.0234
18.6 0.0234
18.7 0.0233
18.8 0.0233
18.9 0.0232
19.0 0.0231
19.1 0.0228
19.2 0.0227
19.3 0.0226
19.4 0.0224
19.5 0.0223
19.6 0.0221
19.7 0.022
19.8 0.0218
19.9 0.0215
20.0 0.0213
20.1 0.0213
20.2 0.0211
20.3 0.021
20.4 0.021
20.5 0.021
20.6 0.021
20.7 0.021
20.8 0.021
20.9 0.0208
21.0 0.0205
21.1 0.0203
21.2 0.02
21.3 0.0197
21.4 0.0194
21.5 0.0191
21.6 0.0188
21.7 0.0184
21.8 0.0181
21.9 0.0177
22.0 0.0174
22.1 0.0171
22.2 0.0168
22.3 0.0165
22.4 0.0161
22.5 0.0158
22.6 0.0154
22.7 0.015
22.8 0.015
22.9 0.015
23.0 0.015
23.1 0.015
23.2 0.015
23.3 0.0148
23.4 0.0148
23.5 0.0148
23.6 0.0143
23.7 0.0143
23.8 0.0138
23.9 0.0138
24.0 0.0133
24.1 0.0133
24.2 0.0129
24.3 0.0129
24.4 0.0124
24.5 0.0124
24.6 0.0119
24.7 0.0119
24.8 0.0113
24.9 0.0113
25.0 0.0108
25.1 0.0108
25.2 0.0103
25.3 0.00974
25.4 0.00974
25.5 0.0092
25.6 0.0092
25.7 0.00852
25.8 0.00852
25.9 0.00794
26.0 0.0074
26.1 0.0074
26.2 -0.00225
26.3 -0.00225
26.4 -0.00261
26.5 -0.00311
26.6 -0.00366
26.7 -0.00421
26.8 -0.00475
26.9 -0.0053
27.0 -0.00585
27.1 -0.00639
27.2 -0.00694
27.3 -0.00748
27.4 -0.00802
27.5 -0.00856
27.6 -0.0091
27.7 -0.00963
27.8 -0.0102
27.9 -0.0107
28.0 -0.0112
28.1 -0.0117
28.2 -0.0123
28.3 -0.0128
28.4 -0.0133
28.5 -0.0138
28.6 -0.0143
28.7 -0.0148
28.8 -0.0153
28.9 -0.0158
29.0 -0.0162
29.1 -0.0167
29.2 -0.0172
29.3 -0.0176
29.4 -0.0181
29.5 -0.0185
29.6 -0.019
29.7 -0.0194
29.8 -0.0199
29.9 -0.0203
30.0 -0.0207
30.1 -0.0211
30.2 -0.0215
30.3 -0.0219
30.4 -0.0223
30.5 -0.0227
30.6 -0.023
30.7 -0.0234
30.8 -0.0237
30.9 -0.024
31.0 -0.0243
31.1 -0.0247
31.2 -0.025
31.3 -0.0252
31.4 -0.0254
31.5 -0.0257
31.6 -0.026
31.7 -0.0262
31.8 -0.0265
31.9 -0.0268
32.0 -0.027
32.1 -0.0272
32.2 -0.0275
32.3 -0.0278
32.4 -0.028
32.5 -0.0282
32.6 -0.0283
32.7 -0.0285
32.8 -0.0285
32.9 -0.0286
33.0 -0.0288
33.1 -0.0288
33.2 -0.0288
33.3 -0.0289
33.4 -0.0291
33.5 -0.0293
33.6 -0.03
33.7 -0.0301
33.8 -0.0304
33.9 -0.0304
34.0 -0.0304
34.1 -0.0325
34.2 -0.037
34.3 -0.0445
34.4 -0.0445
34.5 -0.0541
34.6 -0.0637
34.7 -0.0732
34.8 -0.0826
34.9 -0.0921
35.0 -0.102
35.1 -0.111
35.2 -0.12
35.3 -0.13
35.4 -0.139
35.5 -0.148
35.6 -0.157
35.7 -0.166
35.8 -0.175
35.9 -0.185
36.0 -0.193
36.1 -0.202
36.2 -0.211
36.3 -0.22
36.4 -0.229
36.5 -0.237
36.6 -0.246
36.7 -0.254
36.8 -0.263
36.9 -0.271
37.0 -0.279
37.1 -0.287
37.2 -0.295
37.3 -0.303
37.4 -0.311
37.5 -0.318
37.6 -0.326
37.7 -0.333
37.8 -0.341
37.9 -0.348
38.0 -0.355
38.1 -0.362
38.2 -0.369
38.3 -0.376
38.4 -0.382
38.5 -0.388
38.6 -0.395
38.7 -0.401
38.8 -0.407
38.9 -0.413
39.0 -0.418
39.1 -0.424
39.2 -0.429
39.3 -0.435
39.4 -0.44
39.5 -0.445
39.6 -0.449
39.7 -0.454
39.8 -0.458
39.9 -0.463
40.0 -0.467
40.1 -0.471
40.2 -0.475
40.3 -0.478
40.4 -0.482
40.5 -0.485
40.6 -0.488
40.7 -0.491
40.8 -0.493
40.9 -0.496
41.0 -0.498
41.1 -0.5
41.2 -0.502
41.3 -0.504
41.4 -0.506
41.5 -0.507
41.6 -0.508
41.7 -0.509
41.8 -0.51
41.9 -0.511
42.0 -0.475
42.1 -0.475
42.2 -0.48
42.3 -0.487
42.4 -0.496
42.5 -0.505
42.6 -0.514
42.7 -0.523
42.8 -0.531
42.9 -0.54
43.0 -0.548
43.1 -0.556
43.2 -0.563
43.3 -0.571
43.4 -0.578
43.5 -0.585
43.6 -0.592
43.7 -0.599
43.8 -0.605
43.9 -0.611
44.0 -0.617
44.1 -0.623
44.2 -0.628
44.3 -0.633
44.4 -0.638
44.5 -0.643
44.6 -0.648
44.7 -0.652
44.8 -0.656
44.9 -0.66
45.0 -0.664
45.1 -0.667
45.2 -0.67
45.3 -0.673
45.4 -0.675
45.5 -0.678
45.6 -0.68
45.7 -0.682
45.8 -0.683
45.9 -0.685
46.0 -0.686
46.1 -0.686
46.2 -0.687
46.3 -0.687
46.4 -0.692
46.5 -0.699
46.6 -0.708
46.7 -0.716
46.8 -0.725
46.9 -0.733
47.0 -0.741
47.1 -0.749
47.2 -0.756
47.3 -0.763
47.4 -0.77
47.5 -0.777
47.6 -0.783
47.7 -0.789
47.8 -0.795
47.9 -0.8
48.0 -0.805
48.1 -0.81
48.2 -0.815
48.3 -0.819
48.4 -0.823
48.5 -0.827
48.6 -0.83
48.7 -0.833
48.8 -0.836
48.9 -0.838
49.0 -0.84
49.1 -0.842
49.2 -0.843
49.3 -0.844
49.4 -0.845
49.5 -0.846
49.6 -0.851
49.7 -0.858
49.8 -0.867
49.9 -0.875
