0.0 0.0 0.0 2.41e-19
0.1 0.0 0.0 9.22e-19
0.2 0.0 0.0 1.99e-18
0.3 0.0 0.0 3.39e-18
0.4 0.0 0.0 5.09e-18
0.5 0.0 0.0 7.04e-18
0.6 0.0 0.0 0.000142
0.7 0.0 0.0 0.000544
0.8 0.0 0.0 0.00117
0.9 0.0 0.0 0.002
1.0 0.0 0.0 0.00301
1.1 0.0 0.0 0.00416
1.2 0.0 0.0 0.00546
1.3 0.0 0.0 0.00687
1.4 0.0 0.0 0.00838
1.5 0.0 0.0 0.00997
1.6 0.0 0.0 0.0116
1.7 0.0 0.0 0.0134
1.8 0.0 0.0 0.0152
1.9 0.0 0.0 0.017
2.0 0.0 0.0 0.0189
2.1 0.0 0.0 0.0208
2.2 0.0 0.0 0.0228
2.3 0.0 0.0 0.0247
2.4 0.0 0.0 0.0267
2.5 0.0 0.0 0.0287
2.6 0.0 0.0 0.0307
2.7 0.0 0.0 0.0328
2.8 0.0 0.0 0.0348
2.9 0.0 0.0 0.0368
3.0 0.0 0.0 0.0388
3.1 0.0 0.0 0.0409
3.2 0.0 0.0 0.0429
3.3 0.0 0.0 0.0449
3.4 0.0 0.0 0.0469
3.5 0.0 0.0 0.0489
3.6 0.0 0.0 0.0509
3.7 0.0 0.0 0.0529
3.8 0.0 0.0 0.0548
3.9 0.0 0.0 0.0568
4.0 0.0 0.0 0.0587
4.1 0.0 0.0 0.0606
4.2 0.0 0.0 0.0625
4.3 0.0 0.0 0.0644
4.4 0.0 0.0 0.0662
4.5 0.0 0.0 0.0681
4.6 0.0 0.0 0.0699
4.7 0.0 0.0 0.0717
4.8 0.0 0.0 0.0735
4.9 0.0 0.0 0.0752
5.0 0.0 0.0 0.0769
5.1 0.0 0.0 0.0786
5.2 0.0 0.0 0.0803
5.3 0.0 0.0 0.0819
5.4 0.0 0.0 0.0835
5.5 0.0 0.0 0.0851
5.6 0.0 0.0 0.0866
5.7 0.0 0.0 0.0882
5.8 0.0 0.0 0.0896
5.9 0.0 0.0 0.0911
6.0 0.0 0.0 0.0925
6.1 0.0 0.0 0.0939
6.2 0.0 0.0 0.0953
6.3 0.0 0.0 0.0966
6.4 0.0 0.0 0.0979
6.5 0.0 0.0 0.0991
6.6 0.0 0.0 0.1
6.7 0.0 0.0 0.102
6.8 0.0 0.0 0.103
6.9 0.0 0.0 0.104
7.0 0.0 0.0 0.105
7.1 0.0 0.0 0.106
7.2 0.0 0.0 0.107
7.3 0.0 0.0 0.108
7.4 0.0 0.0 0.109
7.5 0.0 0.0 0.11
7.6 0.0 0.0 0.11
7.7 0.0 0.0 0.111
7.8 0.0 0.0 0.112
7.9 0.0 0.0 0.113
8.0 0.0 0.0 0.113
8.1 0.0 0.0 0.114
8.2 0.0 0.0 0.115
8.3 0.0 0.0 0.115
8.4 0.0 0.0 0.116
8.5 0.0 0.0 0.116
8.6 0.0 0.0 0.116
8.7 0.0 0.0 0.117
8.8 0.0 0.0 0.117
8.9 0.0 0.0 0.117
9.0 0.0 0.0 0.118
9.1 0.0 0.0 0.118
9.2 0.0 0.0 0.118
9.3 0.0 0.0 0.118
9.4 0.0 0.0 0.118
9.5 0.0 0.0 0.118
9.6 0.0 0.0 0.118
9.7 0.0 0.0 0.118
9.8 0.0 0.0 0.118
9.9 0.0 0.0 0.118
10.0 0.0 0.0 0.117
10.1 0.0 0.0 0.117
10.2 0.0 0.0 0.117
10.3 0.0 0.0 0.116
10.4 0.0 0.0 0.116
10.5 0.0 0.0 0.116
10.6 0.0 0.0 0.115
10.7 0.0 0.0 0.114
10.8 0.0 0.0 0.114
10.9 0.0 0.0 0.113
11.0 0.0 0.0 0.113
11.1 0.0 0.0 0.112
11.2 0.0 0.0 0.111
11.3 0.0 0.0 0.11
11.4 0.0 0.0 0.109
11.5 0.0 0.0 0.108
11.6 0.0 0.0 0.107
11.7 0.0 0.0 0.106
11.8 0.0 0.0 0.105
11.9 0.0 0.0 0.104
12.0 0.0 0.0 0.103
12.1 0.0 0.0 0.102
12.2 0.0 0.0 0.101
12.3 0.0 0.0 0.0997
12.4 0.0 0.0 0.0984
12.5 0.0 0.0 0.0971
12.6 0.0 0.0 0.0958
12.7 0.0 0.0 0.0944
12.8 0.0 0.0 0.0929
12.9 0.0 0.0 0.0915
13.0 0.0 0.0 0.09
13.1 0.0 0.0 0.0885
13.2 0.0 0.0 0.0869
13.3 0.0 0.0 0.0853
13.4 0.0 0.0 0.0837
13.5 0.0 0.0 0.082
13.6 0.0 0.0 0.0803
13.7 0.0 0.0 0.0786
13.8 0.0 0.0 0.0768
13.9 0.0 0.0 0.075
14.0 0.0 0.0 0.0732
14.1 0.0 0.0 0.0713
14.2 0.0 0.0 0.0695
14.3 0.0 0.0 0.0675
14.4 0.0 0.0 0.0656
14.5 0.0 0.0 0.0636
14.6 0.0 0.0 0.0616
14.7 0.0 0.0 0.0596
14.8 0.0 0.0 0.0576
14.9 0.0 0.0 0.0555
15.0 0.0 0.0 0.0534
15.1 0.0 0.0 0.0513
15.2 0.0 0.0 0.0491
15.3 0.0 0.0 0.047
15.4 0.0 0.0 0.0448
15.5 0.0 0.0 0.0426
15.6 0.0 0.0 0.0404
15.7 0.0 0.0 0.0381
15.8 0.0 0.0 0.0359
15.9 0.0 0.0 0.0336
16.0 0.0 0.0 0.0313
16.1 0.0 0.0 0.029
16.2 0.0 0.0 0.0267
16.3 0.0 0.0 0.0244
16.4 0.0 0.0 0.022
16.5 0.0 0.0 0.0197
16.6 0.0 0.0 0.0173
16.7 0.0 0.0 0.0149
16.8 0.0 0.0 0.0126
16.9 0.0 0.0 0.0103
17.0 0.0 0.0 0.00811
17.1 0.0 0.0 0.00581
17.2 0.0 0.0 0.00372
17.3 0.0 0.0 0.00227
17.4 0.0 0.0 0.00138
17.5 0.0 0.0 0.000978
17.6 0.0 0.0 0.000997
17.7 0.0 0.0 0.00139
17.8 0.0 0.0 0.0021
17.9 0.0 0.0 0.0031
18.0 0.0 0.0 0.00434
18.1 0.0 0.0 0.0058
18.2 0.0 0.0 0.00744
18.3 0.0 0.0 0.00925
18.4 0.0 0.0 0.0112
18.5 0.0 0.0 0.0133
18.6 0.0 0.0 0.0154
18.7 0.0 0.0 0.0177
18.8 0.0 0.0 0.0201
18.9 0.0 0.0 0.0225
19.0 0.0 0.0 0.025
19.1 0.0 0.0 0.0275
19.2 0.0 0.0 0.03
19.3 0.0 0.0 0.0326
19.4 0.0 0.0 0.0353
19.5 0.0 0.0 0.0379
19.6 0.0 0.0 0.0406
19.7 0.0 0.0 0.0432
19.8 0.0 0.0 0.0459
19.9 0.0 0.0 0.0486
20.0 0.0 0.0 0.0512
20.1 0.0 0.0 0.0539
20.2 0.0 0.0 0.0566
20.3 0.0 0.0 0.0592
20.4 0.0 0.0 0.0619
20.5 0.0 0.0 0.0645
20.6 0.0 0.0 0.0672
20.7 0.0 0.0 0.0698
20.8 0.0 0.0 0.0725
20.9 0.0 0.0 0.0751
21.0 0.0 0.0 0.0777
21.1 0.0 0.0 0.0803
21.2 0.0 0.0 0.0829
21.3 0.0 0.0 0.0855
21.4 0.0 0.0 0.0881
21.5 0.0 0.0 0.0906
21.6 0.0 0.0 0.0931
21.7 0.0 0.0 0.0956
21.8 0.0 0.0 0.098
21.9 0.0 0.0 0.1
22.0 0.0 0.0 0.103
22.1 0.0 0.0 0.105
22.2 0.0 0.0 0.107
22.3 0.0 0.0 0.11
22.4 0.0 0.0 0.112
22.5 0.0 0.0 0.114
22.6 0.0 0.0 0.116
22.7 0.0 0.0 0.118
22.8 0.0 0.0 0.121
22.9 0.0 0.0 0.123
23.0 0.0 0.0 0.125
23.1 0.0 0.0 0.127
23.2 0.0 0.0 0.129
23.3 0.0 0.0 0.131
23.4 0.0 0.0 0.133
23.5 0.0 0.0 0.135
23.6 0.0 0.0 0.137
23.7 0.0 0.0 0.138
23.8 0.0 0.0 0.14
23.9 0.0 0.0 0.142
24.0 0.0 0.0 0.144
24.1 0.0 0.0 0.146
24.2 0.0 0.0 0.148
24.3 0.0 0.0 0.149
24.4 0.0 0.0 0.151
24.5 0.0 0.0 0.153
24.6 0.0 0.0 0.154
24.7 0.0 0.0 0.156
24.8 0.0 0.0 0.158
24.9 0.0 0.0 0.159
25.0 0.0 0.0 0.161
25.1 0.0 0.0 0.162
25.2 0.0 0.0 0.164
25.3 0.0 0.0 0.165
25.4 0.0 0.0 0.167
25.5 0.0 0.0 0.168
25.6 0.0 0.0 0.17
25.7 0.0 0.0 0.171
25.8 0.0 0.0 0.172
25.9 0.0 0.0 0.173
26.0 0.0 0.0 0.175
26.1 0.0 0.0 0.176
26.2 0.0 0.0 0.177
26.3 0.0 0.0 0.177
26.4 0.0 0.0 0.178
26.5 0.0 0.0 0.178
26.6 0.0 0.0 0.179
26.7 0.0 0.0 0.179
26.8 0.0 0.0 0.179
26.9 0.0 0.0 0.179
27.0 0.0 0.0 0.179
27.1 0.0 0.0 0.179
27.2 0.0 0.0 0.179
27.3 0.0 0.0 0.178
27.4 0.0 0.0 0.178
27.5 0.0 0.0 0.177
27.6 0.0 0.0 0.177
27.7 0.0 0.0 0.176
27.8 0.0 0.0 0.175
27.9 0.0 0.0 0.175
28.0 0.0 0.0 0.174
28.1 0.0 0.0 0.173
28.2 0.0 0.0 0.172
28.3 0.0 0.0 0.17
28.4 0.0 0.0 0.169
28.5 0.0 0.0 0.168
28.6 0.0 0.0 0.167
28.7 0.0 0.0 0.165
28.8 0.0 0.0 0.164
28.9 0.0 0.0 0.162
29.0 0.0 0.0 0.161
29.1 0.0 0.0 0.159
29.2 0.0 0.0 0.157
29.3 0.0 0.0 0.155
29.4 0.0 0.0 0.154
29.5 0.0 0.0 0.152
29.6 0.0 0.0 0.15
29.7 0.0 0.0 0.148
29.8 0.0 0.0 0.145
29.9 0.0 0.0 0.143
30.0 0.0 0.0 0.141
30.1 0.0 0.0 0.139
30.2 0.0 0.0 0.136
30.3 0.0 0.0 0.134
30.4 0.0 0.0 0.132
30.5 0.0 0.0 0.129
30.6 0.0 0.0 0.127
30.7 0.0 0.0 0.124
30.8 0.0 0.0 0.121
30.9 0.0 0.0 0.119
31.0 0.0 0.0 0.116
31.1 0.0 0.0 0.113
31.2 0.0 0.0 0.11
31.3 0.0 0.0 0.107
31.4 0.0 0.0 0.105
31.5 0.0 0.0 0.102
31.6 0.0 0.0 0.0986
31.7 0.0 0.0 0.0956
31.8 0.0 0.0 0.0925
31.9 0.0 0.0 0.0894
32.0 0.0 0.0 0.0863
32.1 0.0 0.0 0.0831
32.2 0.0 0.0 0.0799
32.3 0.0 0.0 0.0766
32.4 0.0 0.0 0.0734
32.5 0.0 0.0 0.0701
32.6 0.0 0.0 0.0667
32.7 0.0 0.0 0.0633
32.8 0.0 0.0 0.0599
32.9 0.0 0.0 0.0565
33.0 0.0 0.0 0.0531
33.1 0.0 0.0 0.0496
33.2 0.0 0.0 0.0461
33.3 0.0 0.0 0.0426
33.4 0.0 0.0 0.0391
33.5 0.0 0.0 0.0356
33.6 0.0 0.0 0.032
33.7 0.0 0.0 0.0284
33.8 0.0 0.0 0.0248
33.9 0.0 0.0 0.0212
34.0 0.0 0.0 0.0175
34.1 0.0 0.0 0.0137
34.2 0.0 0.0 0.00978
34.3 0.0 0.0 0.00564
34.4 0.0 0.0 0.00124
34.5 0.0 0.0 0.00353
34.6 0.0 0.0 0.00879
34.7 0.0 0.0 0.0146
34.8 0.0 0.0 0.0211
34.9 0.0 0.0 0.0283
35.0 0.0 0.0 0.0362
35.1 0.0 0.0 0.045
35.2 0.0 0.0 0.0546
35.3 0.0 0.0 0.0652
35.4 0.0 0.0 0.0767
35.5 0.0 0.0 0.0891
35.6 0.0 0.0 0.103
35.7 0.0 0.0 0.117
35.8 0.0 0.0 0.132
35.9 0.0 0.0 0.149
36.0 0.0 0.0 0.166
36.1 0.0 0.0 0.185
36.2 0.0 0.0 0.205
36.3 0.0 0.0 0.225
36.4 0.0 0.0 0.247
36.5 0.0 0.0 0.27
36.6 0.0 0.0 0.294
36.7 0.0 0.0 0.319
36.8 0.0 0.0 0.345
36.9 0.0 0.0 0.372
37.0 0.0 0.0 0.4
37.1 0.0 0.0 0.429
37.2 0.0 0.0 0.46
37.3 0.0 0.0 0.491
37.4 0.0 0.0 0.523
37.5 0.0 0.0 0.556
37.6 0.0 0.0 0.591
37.7 0.0 0.0 0.626
37.8 0.0 0.0 0.662
37.9 0.0 0.0 0.699
38.0 0.0 0.0 0.738
38.1 0.0 0.0 0.777
38.2 0.0 0.0 0.817
38.3 0.0 0.0 0.858
38.4 0.0 0.0 0.9
38.5 0.0 0.0 0.943
38.6 0.0 0.0 0.986
38.7 0.0 0.0 1.03
38.8 0.0 0.0 1.08
38.9 0.0 0.0 1.12
39.0 0.0 0.0 1.17
39.1 0.0 0.0 1.22
39.2 0.0 0.0 1.27
39.3 0.0 0.0 1.32
39.4 0.0 0.0 1.37
39.5 0.0 0.0 1.42
39.6 0.0 0.0 1.47
39.7 0.0 0.0 1.52
39.8 0.0 0.0 1.57
39.9 0.0 0.0 1.63
40.0 0.0 0.0 1.68
40.1 0.0 0.0 1.74
40.2 0.0 0.0 1.79
40.3 0.0 0.0 1.85
40.4 0.0 0.0 1.9
40.5 0.0 0.0 1.96
40.6 0.0 0.0 2.02
40.7 0.0 0.0 2.08
40.8 0.0 0.0 2.13
40.9 0.0 0.0 2.19
41.0 0.0 0.0 2.25
41.1 0.0 0.0 2.31
41.2 0.0 0.0 2.37
41.3 0.0 0.0 2.43
41.4 0.0 0.0 2.49
41.5 0.0 0.0 2.56
41.6 0.0 0.0 2.62
41.7 0.0 0.0 2.68
41.8 0.0 0.0 2.74
41.9 0.0 0.0 2.8
42.0 0.0 0.0 2.87
42.1 0.0 0.0 2.93
42.2 0.0 0.0 2.99
42.3 0.0 0.0 3.05
42.4 0.0 0.0 3.11
42.5 0.0 0.0 3.17
42.6 0.0 0.0 3.23
42.7 0.0 0.0 3.3
42.8 0.0 0.0 3.36
42.9 0.0 0.0 3.42
43.0 0.0 0.0 3.49
43.1 0.0 0.0 3.55
43.2 0.0 0.0 3.62
43.3 0.0 0.0 3.69
43.4 0.0 0.0 3.75
43.5 0.0 0.0 3.82
43.6 0.0 0.0 3.89
43.7 0.0 0.0 3.96
43.8 0.0 0.0 4.03
43.9 0.0 0.0 4.1
44.0 0.0 0.0 4.17
44.1 0.0 0.0 4.25
44.2 0.0 0.0 4.32
44.3 0.0 0.0 4.4
44.4 0.0 0.0 4.47
44.5 0.0 0.0 4.55
44.6 0.0 0.0 4.62
44.7 0.0 0.0 4.7
44.8 0.0 0.0 4.78
44.9 0.0 0.0 4.86
45.0 0.0 0.0 4.94
45.1 0.0 0.0 5.02
45.2 0.0 0.0 5.1
45.3 0.0 0.0 5.18
45.4 0.0 0.0 5.26
45.5 0.0 0.0 5.34
45.6 0.0 0.0 5.42
45.7 0.0 0.0 5.5
45.8 0.0 0.0 5.59
45.9 0.0 0.0 5.67
46.0 0.0 0.0 5.75
46.1 0.0 0.0 5.84
46.2 0.0 0.0 5.92
46.3 0.0 0.0 6.01
46.4 0.0 0.0 6.09
46.5 0.0 0.0 6.17
46.6 0.0 0.0 6.26
46.7 0.0 0.0 6.35
46.8 0.0 0.0 6.43
46.9 0.0 0.0 6.52
47.0 0.0 0.0 6.61
47.1 0.0 0.0 6.7
47.2 0.0 0.0 6.79
47.3 0.0 0.0 6.88
47.4 0.0 0.0 6.97
47.5 0.0 0.0 7.06
47.6 0.0 0.0 7.15
47.7 0.0 0.0 7.25
47.8 0.0 0.0 7.34
47.9 0.0 0.0 7.44
48.0 0.0 0.0 7.53
48.1 0.0 0.0 7.63
48.2 0.0 0.0 7.73
48.3 0.0 0.0 7.83
48.4 0.0 0.0 7.92
48.5 0.0 0.0 8.02
48.6 0.0 0.0 8.12
48.7 0.0 0.0 8.22
48.8 0.0 0.0 8.32
48.9 0.0 0.0 8.43
49.0 0.0 0.0 8.53
49.1 0.0 0.0 8.63
49.2 0.0 0.0 8.73
49.3 0.0 0.0 8.84
49.4 0.0 0.0 8.94
49.5 0.0 0.0 9.04
49.6 0.0 0.0 9.15
49.7 0.0 0.0 9.25
49.8 0.0 0.0 9.36
49.9 0.0 0.0 9.46
