0.0 0.0
0.1 0.0
0.2 0.0
0.3 0.0
0.4 0.0
0.5 0.0
0.6 0.0
0.7 0.0
0.8 0.0
0.9 0.0
1.0 -0.0134
1.1 -0.0134
1.2 -1.0
1.3 -1.0
1.4 -1.0
1.5 -1.0
1.6 -1.0
1.7 -1.0
1.8 -1.0
1.9 -1.0
2.0 -1.0
2.1 -1.0
2.2 -1.0
2.3 -1.0
2.4 -1.0
2.5 -1.0
2.6 -1.0
2.7 -1.0
2.8 -0.999
2.9 -0.999
3.0 -0.999
3.1 -0.999
3.2 -0.996
3.3 -0.996
3.4 -0.996
3.5 -0.996
3.6 -0.993
3.7 -0.993
3.8 -0.993
3.9 -0.992
4.0 -0.992
4.1 -0.992
4.2 -0.992
4.3 -0.992
4.4 -0.992
4.5 -0.991
4.6 -0.991
4.7 -0.991
4.8 -0.991
4.9 -0.991
5.0 -0.991
5.1 -0.991
5.2 -0.991
5.3 -0.991
5.4 -0.991
5.5 -0.991
5.6 -0.991
5.7 -0.991
5.8 -0.991
5.9 -0.991
6.0 -0.991
6.1 -0.99
6.2 -0.99
6.3 -0.99
6.4 -0.989
6.5 -0.989
6.6 -0.989
6.7 -0.989
6.8 -0.987
6.9 -0.984
7.0 -0.984
7.1 -0.984
7.2 -0.984
7.3 -0.984
7.4 -0.984
7.5 -0.984
7.6 -0.984
7.7 -0.984
7.8 -0.984
7.9 -0.984
8.0 -0.984
8.1 -0.984
8.2 -0.984
8.3 -0.984
8.4 -0.982
8.5 -0.982
8.6 -0.978
8.7 -0.975
8.8 -0.975
8.9 -0.975
9.0 -0.974
9.1 -0.972
9.2 -0.966
9.3 -0.964
9.4 -0.964
9.5 -0.964
9.6 -0.968
9.7 -0.968
9.8 -0.971
9.9 -0.971
10.0 -0.971
10.1 -0.971
10.2 -0.849
10.3 -0.849
10.4 -0.849
10.5 -0.849
10.6 -0.849
10.7 -0.849
10.8 -0.849
10.9 -0.849
11.0 -0.849
11.1 -0.849
11.2 -0.849
11.3 -0.849
11.4 -0.849
11.5 -0.849
11.6 -0.849
11.7 -0.849
11.8 -0.849
11.9 -0.849
12.0 -0.857
12.1 -1.0
12.2 -1.0
12.3 -1.0
12.4 1.0
12.5 0.997
12.6 0.984
12.7 0.374
12.8 -0.152
12.9 -0.16
13.0 -0.22
13.1 -0.193
13.2 -0.189
13.3 -0.189
13.4 -0.189
13.5 -0.189
13.6 -0.189
13.7 -0.189
13.8 -0.189
13.9 -0.189
14.0 -0.974
14.1 -0.564
14.2 -0.827
14.3 1.0
14.4 1.0
14.5 1.0
14.6 0.722
14.7 0.973
14.8 0.969
14.9 0.969
15.0 0.969
15.1 1.0
15.2 0.766
15.3 0.766
15.4 -0.487
15.5 0.856
15.6 0.999
15.7 0.999
15.8 0.997
15.9 0.92
16.0 0.922
16.1 0.929
16.2 0.929
16.3 0.931
16.4 0.933
16.5 0.933
16.6 0.933
16.7 0.693
16.8 0.657
16.9 0.657
17.0 0.657
17.1 0.767
17.2 0.767
17.3 0.767
17.4 0.767
17.5 0.773
17.6 0.774
17.7 0.775
17.8 0.777
17.9 0.78
18.0 0.781
18.1 0.781
18.2 0.922
18.3 0.913
18.4 0.913
18.5 0.913
18.6 0.912
18.7 0.918
18.8 0.872
18.9 -0.249
19.0 -0.249
19.1 0.0123
19.2 0.758
19.3 0.743
19.4 0.762
19.5 0.762
19.6 0.762
19.7 0.763
19.8 0.763
19.9 0.763
20.0 0.763
20.1 0.763
20.2 0.763
20.3 0.763
20.4 0.847
20.5 0.847
20.6 0.847
20.7 0.846
20.8 0.838
20.9 0.838
21.0 0.834
21.1 0.829
21.2 0.828
21.3 0.827
21.4 0.801
21.5 0.798
21.6 0.796
21.7 0.795
21.8 0.793
21.9 0.793
22.0 0.793
22.1 0.793
22.2 0.792
22.3 0.792
22.4 0.795
22.5 0.778
22.6 1.0
22.7 1.0
22.8 1.0
22.9 1.0
23.0 1.0
23.1 1.0
23.2 1.0
23.3 1.0
23.4 1.0
23.5 1.0
23.6 1.0
23.7 1.0
23.8 0.999
23.9 0.997
24.0 0.996
24.1 0.996
24.2 0.996
24.3 0.996
24.4 0.996
24.5 0.996
24.6 0.995
24.7 0.995
24.8 0.995
24.9 0.995
25.0 0.994
25.1 0.994
25.2 0.994
25.3 0.994
25.4 0.994
25.5 0.994
25.6 0.995
25.7 0.995
25.8 0.996
25.9 0.996
26.0 0.996
26.1 0.996
26.2 0.996
26.3 0.996
26.4 0.996
26.5 0.995
26.6 0.995
26.7 0.995
26.8 0.993
26.9 0.993
27.0 0.991
27.1 0.991
27.2 0.988
27.3 0.987
27.4 0.987
27.5 0.987
27.6 0.987
27.7 0.987
27.8 0.987
27.9 0.987
28.0 0.983
28.1 0.983
28.2 0.983
28.3 0.983
28.4 0.983
28.5 0.982
28.6 0.982
28.7 0.982
28.8 0.982
28.9 0.981
29.0 0.981
29.1 0.981
29.2 0.98
29.3 0.979
29.4 0.979
29.5 0.979
29.6 0.979
29.7 0.979
29.8 0.979
29.9 0.979
30.0 0.979
30.1 0.979
30.2 0.979
30.3 0.979
30.4 0.979
30.5 0.979
30.6 0.979
30.7 0.979
30.8 0.979
30.9 0.977
31.0 0.977
31.1 0.977
31.2 0.977
31.3 0.977
31.4 0.977
31.5 0.977
31.6 0.976
31.7 0.976
31.8 0.976
31.9 0.975
32.0 0.975
32.1 0.975
32.2 0.975
32.3 0.974
32.4 0.972
32.5 0.972
32.6 0.966
32.7 0.966
32.8 0.827
32.9 0.827
33.0 0.827
33.1 0.836
33.2 0.836
33.3 0.836
33.4 0.836
33.5 0.836
33.6 0.836
33.7 0.835
33.8 0.835
33.9 0.835
34.0 0.835
34.1 1.0
34.2 1.0
34.3 1.0
34.4 0.999
34.5 0.999
34.6 0.999
34.7 0.737
34.8 0.737
34.9 0.737
35.0 0.739
35.1 0.741
35.2 0.745
35.3 0.749
35.4 0.749
35.5 0.754
35.6 0.76
35.7 0.765
35.8 0.771
35.9 0.774
36.0 0.778
36.1 0.781
36.2 0.781
36.3 0.785
36.4 0.785
36.5 0.786
36.6 0.786
36.7 0.786
36.8 0.786
36.9 0.786
37.0 0.786
37.1 0.785
37.2 0.785
37.3 0.785
37.4 0.784
37.5 0.784
37.6 0.784
37.7 0.784
37.8 0.784
37.9 0.784
38.0 0.783
38.1 0.783
38.2 0.783
38.3 0.782
38.4 0.782
38.5 0.782
38.6 0.782
38.7 0.781
38.8 0.781
38.9 0.781
39.0 0.781
39.1 0.781
39.2 0.781
39.3 0.781
39.4 0.78
39.5 0.78
39.6 0.78
39.7 0.78
39.8 0.78
39.9 0.78
40.0 0.778
40.1 0.778
40.2 0.778
40.3 0.778
40.4 0.778
40.5 0.777
40.6 0.776
40.7 0.774
40.8 0.773
40.9 0.773
41.0 0.771
41.1 0.769
41.2 0.769
41.3 0.766
41.4 0.763
41.5 0.761
41.6 0.761
41.7 0.761
41.8 0.753
41.9 0.752
42.0 0.752
42.1 0.752
42.2 0.752
42.3 0.753
42.4 0.754
42.5 0.754
42.6 0.754
42.7 0.755
42.8 0.756
42.9 0.756
43.0 0.756
43.1 0.756
43.2 0.756
43.3 0.756
43.4 0.756
43.5 0.756
43.6 0.756
43.7 0.752
43.8 0.752
43.9 0.751
44.0 0.751
44.1 0.751
44.2 0.747
44.3 0.747
44.4 0.747
44.5 0.747
44.6 0.746
44.7 0.746
44.8 0.746
44.9 0.746
45.0 0.746
45.1 0.737
45.2 0.737
45.3 0.737
45.4 0.737
45.5 0.737
45.6 0.737
45.7 0.738
45.8 0.738
45.9 0.738
46.0 0.738
46.1 0.738
46.2 0.738
46.3 0.738
46.4 0.739
46.5 0.74
46.6 0.74
46.7 0.74
46.8 0.739
46.9 0.739
47.0 0.724
47.1 0.722
47.2 0.722
47.3 0.722
47.4 0.722
47.5 0.721
47.6 0.721
47.7 0.721
47.8 0.72
47.9 0.718
48.0 0.718
48.1 0.718
48.2 0.718
48.3 0.717
48.4 0.717
48.5 0.716
48.6 0.716
48.7 0.715
48.8 0.715
48.9 0.715
49.0 0.714
49.1 0.714
49.2 0.714
49.3 0.713
49.4 0.713
49.5 0.713
49.6 0.713
49.7 0.713
49.8 0.713
49.9 0.713
