0.0 0.0 0.0 0.0
0.1 -8.71e-14 0.0 2.87e-14
0.2 -8.71e-14 0.0 2.87e-14
0.3 -8.71e-14 0.0 2.87e-14
0.4 -8.71e-14 0.0 2.87e-14
0.5 -8.71e-14 0.0 2.87e-14
0.6 -8.71e-14 0.0 2.87e-14
0.7 -8.71e-14 0.0 2.87e-14
0.8 -2.19e-06 0.0 6.16e-07
0.9 -2.19e-06 0.0 6.16e-07
1.0 -0.00326 0.623 0.383
1.1 -0.00326 0.623 0.383
1.2 0.614 4.79 36.5
1.3 0.611 4.79 36.5
1.4 0.611 4.79 36.5
1.5 0.611 4.79 36.5
1.6 0.611 4.79 36.5
1.7 0.607 4.79 36.5
1.8 -36.5 -0.875 31.8
1.9 -36.5 -0.875 31.8
2.0 -36.5 -0.875 31.8
2.1 -36.5 -0.875 31.8
2.2 -36.5 -0.875 31.8
2.3 -36.5 -0.875 31.8
2.4 -36.5 -0.875 31.8
2.5 -36.5 -0.875 31.8
2.6 -34.7 -0.957 30.7
2.7 -11.3 -1.41 16.8
2.8 -11.6 -1.37 16.5
2.9 -12.0 -1.32 16.2
3.0 -12.6 -1.25 15.9
3.1 -12.6 -1.25 15.9
3.2 -22.1 0.27 13.3
3.3 -22.1 0.27 13.3
3.4 -21.9 0.258 13.2
3.5 -21.9 0.258 13.2
3.6 -21.2 0.228 13.4
3.7 -21.2 0.228 13.4
3.8 -21.2 0.228 13.4
3.9 -21.0 0.215 13.5
4.0 -21.0 0.215 13.5
4.1 -21.0 0.215 13.5
4.2 -20.7 0.196 13.7
4.3 -20.7 0.196 13.7
4.4 -20.7 0.196 13.7
4.5 -20.4 0.171 13.9
4.6 -20.4 0.171 13.9
4.7 -19.8 0.0864 14.5
4.8 -19.8 0.0864 14.5
4.9 -19.8 0.0864 14.5
5.0 -19.8 0.0864 14.5
5.1 -19.8 0.0864 14.5
5.2 -19.8 0.0864 14.5
5.3 -19.8 0.0864 14.5
5.4 -19.8 0.0864 14.5
5.5 -19.8 0.0864 14.5
5.6 -19.8 0.0864 14.5
5.7 -19.8 0.0864 14.5
5.8 -19.6 0.0667 14.8
5.9 -19.6 0.0667 14.8
6.0 -19.6 0.0667 14.8
6.1 -19.5 0.05 15.0
6.2 -19.5 0.05 15.0
6.3 -19.5 0.05 15.0
6.4 -19.4 0.0361 15.2
6.5 -19.4 0.0361 15.2
6.6 -19.4 0.0361 15.2
6.7 -19.4 0.0348 15.2
6.8 -19.3 0.016 15.6
6.9 -19.0 -0.0152 16.3
7.0 -19.0 -0.0154 16.3
7.1 -19.0 -0.0155 16.3
7.2 -19.0 -0.0159 16.3
7.3 -19.0 -0.016 16.4
7.4 -19.0 -0.0158 16.4
7.5 -19.0 -0.0152 16.5
7.6 -19.0 -0.0152 16.5
7.7 -19.1 -0.00522 16.8
7.8 -19.1 -0.00521 16.8
7.9 -19.1 -0.0052 16.8
8.0 -19.1 -0.00519 16.8
8.1 -19.1 0.00303 17.0
8.2 -19.1 0.00303 17.0
8.3 -19.1 0.00303 17.0
8.4 -19.2 0.0118 17.1
8.5 -19.2 0.0118 17.1
8.6 -26.9 -0.333 18.5
8.7 -34.1 -0.647 20.0
8.8 -36.2 -0.736 20.4
8.9 -36.5 -0.764 20.5
9.0 -36.5 -0.759 20.7
9.1 -36.5 -0.837 21.7
9.2 -29.5 -0.409 22.7
9.3 -23.2 -0.0816 22.8
9.4 -23.2 -0.0815 22.8
9.5 -23.2 -0.0814 22.8
9.6 -9.42 0.523 20.4
9.7 -10.1 0.498 20.6
9.8 -15.8 0.275 21.1
9.9 -16.2 0.261 21.2
10.0 -16.5 0.249 21.3
10.1 -16.8 0.24 21.3
10.2 -17.1 0.229 21.4
10.3 -17.2 0.224 21.5
10.4 -17.4 0.217 21.5
10.5 -17.6 0.209 21.6
10.6 -17.7 0.203 21.6
10.7 -17.9 0.198 21.6
10.8 -18.0 0.192 21.7
10.9 -18.2 0.186 21.7
11.0 -18.3 0.181 21.8
11.1 -18.5 0.175 21.8
11.2 -18.6 0.169 21.9
11.3 -18.8 0.163 21.9
11.4 -19.0 0.158 22.0
11.5 -19.1 0.151 22.0
11.6 -20.6 0.105 22.5
11.7 -20.8 0.0973 22.6
11.8 -21.1 0.089 22.7
11.9 -21.4 0.0775 22.8
12.0 -22.1 0.11 23.0
12.1 -33.4 -1.62 34.8
12.2 -33.8 -1.65 34.9
12.3 -34.1 -1.67 35.0
12.4 -31.5 -1.7 36.5
12.5 -23.1 -4.44 36.5
12.6 -19.0 -4.86 36.5
12.7 -17.3 -4.5 36.5
12.8 -17.1 -4.28 36.5
12.9 -17.5 -4.31 36.5
13.0 -17.9 -4.38 36.5
13.1 -18.1 -4.19 36.5
13.2 -18.4 -4.21 36.5
13.3 -18.8 -4.22 36.5
13.4 -19.2 -4.23 36.5
13.5 -19.6 -4.24 36.5
13.6 -20.0 -4.25 36.5
13.7 -20.5 -4.26 36.5
13.8 -20.9 -4.26 36.5
13.9 -21.3 -4.26 36.5
14.0 -36.5 4.2 30.8
14.1 -36.5 7.17 36.5
14.2 -36.5 6.65 36.5
14.3 -30.3 9.24 36.5
14.4 -36.5 36.5 36.5
14.5 -36.5 36.0 36.5
14.6 -36.4 33.5 35.6
14.7 -36.4 33.0 35.9
14.8 -36.5 32.6 36.5
14.9 -36.5 32.1 36.5
15.0 -36.5 31.6 36.5
15.1 -36.5 31.2 36.4
15.2 -36.4 30.1 36.5
15.3 -36.5 29.7 36.5
15.4 -33.4 18.5 27.2
15.5 -28.9 7.13 17.3
15.6 -26.8 2.02 12.4
15.7 -26.8 2.02 12.4
15.8 -25.7 -11.3 8.61
15.9 -25.5 -11.1 8.71
16.0 -25.4 -11.2 8.7
16.1 -24.8 -11.5 8.69
16.2 -24.7 -11.5 8.69
16.3 -24.6 -11.5 8.7
16.4 -24.2 -11.6 8.72
16.5 -24.2 -11.6 8.72
16.6 -24.2 -11.6 8.72
16.7 -13.0 -10.7 10.3
16.8 -1.94 -4.96 12.9
16.9 -1.94 -4.96 12.9
17.0 -1.94 -4.96 12.9
17.1 -15.2 0.555 16.4
17.2 -15.2 0.555 16.4
17.3 -15.2 0.555 16.4
17.4 -15.2 0.555 16.4
17.5 -17.4 0.46 21.6
17.6 -17.4 0.451 21.6
17.7 -30.1 -1.31 20.5
17.8 -33.3 -5.16 18.4
17.9 -36.0 -6.93 17.3
18.0 -35.6 -8.51 16.4
18.1 -35.6 -8.49 16.4
18.2 -36.5 -8.69 16.1
18.3 -36.3 -9.59 15.6
18.4 -36.3 -9.58 15.6
18.5 -36.3 -9.58 15.6
18.6 -36.3 -9.57 15.6
18.7 -34.1 -8.5 15.6
18.8 -33.2 -8.55 15.0
18.9 -21.4 -9.04 6.94
19.0 -21.3 -9.02 6.94
19.1 -18.1 -9.04 4.77
19.2 -18.6 -9.13 1.01
19.3 -18.5 -9.14 1.04
19.4 -14.1 -2.85 3.37
19.5 -16.1 -2.75 3.37
19.6 -16.1 -2.68 3.41
19.7 -16.1 -2.67 3.41
19.8 -16.1 -2.57 3.47
19.9 -16.1 -2.57 3.47
20.0 -16.1 -2.57 3.47
20.1 -16.1 -2.57 3.47
20.2 -16.0 -2.46 3.55
20.3 -16.0 -2.45 3.55
20.4 -15.4 18.7 20.3
20.5 -15.4 18.7 20.3
20.6 -15.4 18.7 20.3
20.7 -15.7 17.4 20.6
20.8 -19.8 -4.24 24.8
20.9 -19.7 -4.1 24.9
21.0 -19.5 -3.09 25.0
21.1 -19.4 -2.53 24.9
21.2 -19.4 -2.43 24.9
21.3 -19.4 -2.3 24.8
21.4 -25.0 1.91 23.7
21.5 -24.7 2.8 23.7
21.6 -25.4 3.03 23.5
21.7 -24.4 2.58 23.0
21.8 -25.0 2.73 22.5
21.9 -24.8 2.63 22.4
22.0 -24.7 2.57 22.1
22.1 -23.9 2.19 21.7
22.2 -20.7 0.823 20.8
22.3 -20.0 0.518 20.6
22.4 -19.0 0.357 20.1
22.5 -17.2 0.784 18.4
22.6 -17.2 2.61 14.7
22.7 -17.2 2.61 14.7
22.8 -20.4 1.87 7.9
22.9 -20.5 1.48 8.38
23.0 -20.8 1.44 8.75
23.1 -21.2 1.62 8.8
23.2 -20.3 0.52 10.1
23.3 -20.5 0.578 10.1
23.4 -20.6 0.656 10.2
23.5 -21.1 0.739 11.1
23.6 -21.1 0.617 11.6
23.7 -21.2 0.669 11.6
23.8 -20.5 0.26 12.2
23.9 -20.2 0.0115 12.8
24.0 -20.0 -0.0822 13.3
24.1 -20.0 -0.0529 13.3
24.2 -20.1 -0.0326 13.3
24.3 -20.1 0.00692 13.3
24.4 -20.1 -0.00358 13.3
24.5 -20.2 0.0516 13.4
24.6 -20.0 -0.0431 13.7
24.7 -20.0 -0.00358 13.7
24.8 -20.1 0.0626 13.7
24.9 -20.1 0.0626 13.7
25.0 -19.9 0.014 14.1
25.1 -19.5 -0.137 14.6
25.2 -18.8 -0.407 15.6
25.3 -18.8 -0.407 15.6
25.4 -18.8 -0.407 15.6
25.5 -19.0 -0.123 16.0
25.6 -18.9 -0.185 16.3
25.7 -18.9 -0.185 16.3
25.8 -18.8 -0.241 16.7
25.9 -18.7 -0.258 16.9
26.0 -18.7 -0.258 16.9
26.1 -18.7 -0.258 16.9
26.2 -18.7 -0.258 16.9
26.3 -18.7 -0.258 16.9
26.4 -18.7 -0.258 16.9
26.5 -18.8 -0.243 17.0
26.6 -18.8 -0.243 17.0
26.7 -18.8 -0.243 17.0
26.8 -18.9 -0.217 17.1
26.9 -18.9 -0.217 17.1
27.0 -20.2 0.962 17.5
27.1 -20.2 0.962 17.5
27.2 -20.2 0.847 17.6
27.3 -20.1 0.747 17.7
27.4 -20.1 0.747 17.7
27.5 -20.1 0.747 17.7
27.6 -20.1 0.747 17.7
27.7 -20.1 0.747 17.7
27.8 -20.1 0.747 17.7
27.9 -20.1 0.747 17.7
28.0 -19.7 0.348 17.8
28.1 -19.7 0.348 17.8
28.2 -19.7 0.348 17.8
28.3 -19.6 0.195 17.8
28.4 -19.6 0.195 17.8
28.5 -19.5 0.0997 17.8
28.6 -19.5 0.0997 17.8
28.7 -19.5 0.0997 17.8
28.8 -19.4 0.00708 17.8
28.9 -19.3 -0.0985 17.9
29.0 -19.3 -0.0985 17.9
29.1 -19.3 -0.0989 17.9
29.2 -19.3 -0.152 17.9
29.3 -19.2 -0.188 17.9
29.4 -19.2 -0.188 17.9
29.5 -19.2 -0.188 17.9
29.6 -19.2 -0.188 17.9
29.7 -19.2 -0.188 17.9
29.8 -19.2 -0.188 17.9
29.9 -19.2 -0.188 17.9
30.0 -19.2 -0.188 17.9
30.1 -19.2 -0.188 17.9
30.2 -19.2 -0.188 17.9
30.3 -19.2 -0.188 17.9
30.4 -19.2 -0.188 17.9
30.5 -19.2 -0.188 17.9
30.6 -19.2 -0.188 17.9
30.7 -19.2 -0.188 17.9
30.8 -19.2 -0.188 17.9
30.9 -19.2 -0.163 17.9
31.0 -19.2 -0.163 17.9
31.1 -19.2 -0.163 17.9
31.2 -19.3 -0.135 17.9
31.3 -19.3 -0.135 17.9
31.4 -19.3 -0.135 17.9
31.5 -19.3 -0.135 17.9
31.6 -19.3 -0.0882 17.9
31.7 -19.3 -0.053 17.9
31.8 -19.4 -0.0173 17.9
31.9 -19.4 0.0068 17.9
32.0 -19.4 0.0068 17.9
32.1 -19.4 0.0255 17.9
32.2 -19.4 0.0255 17.9
32.3 -19.4 0.0395 17.9
32.4 -19.4 0.0496 17.9
32.5 -19.4 0.0541 17.9
32.6 -19.4 0.0779 17.9
32.7 -19.4 0.0779 17.9
32.8 -19.0 0.0298 17.6
32.9 -19.0 0.0298 17.6
33.0 -19.1 0.0323 17.6
33.1 -19.2 -0.258 17.6
33.2 -19.2 -0.257 17.6
33.3 -19.3 -0.195 17.6
33.4 -19.3 -0.194 17.6
33.5 -19.3 -0.112 17.7
33.6 -19.3 -0.112 17.7
33.7 -19.4 -0.0957 17.7
33.8 -19.4 -0.062 17.7
33.9 -19.4 -0.062 17.7
34.0 -19.4 -0.062 17.7
34.1 -14.3 5.82 18.6
34.2 -14.3 5.82 18.6
34.3 -14.3 5.82 18.6
34.4 -20.9 -1.37 18.8
34.5 -20.9 -1.37 18.8
34.6 -20.9 -1.37 18.8
34.7 -21.3 -2.27 17.4
34.8 -21.3 -2.27 17.4
34.9 -21.3 -2.23 17.4
35.0 -21.1 -2.12 17.4
35.1 -21.0 -1.97 17.4
35.2 -20.9 -1.8 17.4
35.3 -20.7 -1.61 17.4
35.4 -20.7 -1.61 17.4
35.5 -20.5 -1.37 17.5
35.6 -20.3 -1.12 17.5
35.7 -20.1 -0.878 17.5
35.8 -19.9 -0.643 17.5
35.9 -19.7 -0.468 17.5
36.0 -19.6 -0.304 17.5
36.1 -19.5 -0.149 17.5
36.2 -19.5 -0.149 17.5
36.3 -19.3 0.0373 17.6
36.4 -19.3 0.0375 17.6
36.5 -19.2 0.141 17.6
36.6 -19.2 0.141 17.6
36.7 -19.2 0.222 17.6
36.8 -19.2 0.222 17.6
36.9 -19.2 0.222 17.6
37.0 -19.2 0.222 17.6
37.1 -19.2 0.26 17.6
37.2 -19.2 0.26 17.6
37.3 -19.2 0.26 17.6
37.4 -19.2 0.273 17.6
37.5 -19.2 0.273 17.6
37.6 -19.2 0.273 17.6
37.7 -19.2 0.267 17.7
37.8 -19.2 0.267 17.7
37.9 -19.2 0.267 17.7
38.0 -19.2 0.248 17.7
38.1 -19.2 0.248 17.7
38.2 -19.2 0.248 17.7
38.3 -19.2 0.219 17.7
38.4 -19.2 0.219 17.7
38.5 -19.2 0.219 17.7
38.6 -19.2 0.219 17.7
38.7 -19.3 0.182 17.7
38.8 -19.3 0.182 17.7
38.9 -19.3 0.144 17.7
39.0 -19.3 0.144 17.7
39.1 -19.3 0.144 17.7
39.2 -19.3 0.144 17.7
39.3 -19.3 0.144 17.7
39.4 -19.3 0.106 17.8
39.5 -19.3 0.106 17.8
39.6 -19.3 0.0911 17.8
39.7 -19.3 0.0891 17.8
39.8 -19.3 0.0804 17.8
39.9 -19.3 0.0691 17.8
40.0 -19.6 -0.279 17.9
40.1 -19.6 -0.278 18.0
40.2 -19.6 -0.278 18.0
40.3 -19.6 -0.278 18.0
40.4 -19.6 -0.278 18.0
40.5 -19.6 -0.26 18.0
40.6 -19.5 -0.215 18.0
40.7 -19.5 -0.183 18.0
40.8 -19.5 -0.156 18.0
40.9 -19.5 -0.156 18.0
41.0 -19.4 -0.119 18.0
41.1 -19.4 -0.097 18.0
41.2 -19.4 -0.097 18.0
41.3 -19.4 -0.0444 18.0
41.4 -19.3 -0.00532 18.0
41.5 -19.3 0.00929 18.0
41.6 -19.3 0.00943 18.0
41.7 -19.3 0.0095 18.0
41.8 -19.2 0.115 18.0
41.9 -19.2 0.112 18.0
42.0 -19.2 0.112 18.0
42.1 -19.2 0.112 18.0
42.2 -19.2 0.112 18.0
42.3 -19.3 0.0951 18.0
42.4 -19.3 0.0829 18.0
42.5 -19.3 0.0688 18.0
42.6 -19.3 0.0688 18.0
42.7 -19.3 0.0568 18.0
42.8 -19.3 0.0426 18.0
42.9 -19.3 0.0425 18.0
43.0 -19.3 0.0321 18.0
43.1 -19.3 0.0321 18.0
43.2 -19.3 0.02 18.0
43.3 -19.3 0.02 18.0
43.4 -19.3 0.02 18.0
43.5 -19.3 0.02 18.0
43.6 -19.3 0.02 18.0
43.7 -19.4 -0.0101 18.0
43.8 -19.4 -0.0103 18.0
43.9 -19.4 -0.00933 18.0
44.0 -19.4 -0.00933 18.0
44.1 -19.4 -0.00933 18.0
44.2 -19.4 0.000826 18.0
44.3 -19.4 0.000964 18.0
44.4 -19.4 0.00125 18.0
44.5 -19.4 0.00139 18.0
44.6 -19.4 0.00607 18.0
44.7 -19.4 0.00608 18.0
44.8 -19.4 0.00609 18.0
44.9 -19.4 0.00613 18.0
45.0 -19.4 0.00617 18.0
45.1 -19.4 0.0628 18.0
45.2 -19.4 0.0628 18.0
45.3 -19.4 0.0627 18.0
45.4 -19.4 0.0599 18.0
45.5 -19.4 0.0488 18.0
45.6 -19.4 0.048 18.0
45.7 -19.4 0.0416 18.0
45.8 -19.4 -0.0342 18.0
45.9 -19.4 -0.0343 18.0
46.0 -19.4 -0.0346 18.0
46.1 -19.4 -0.0351 18.0
46.2 -19.4 -0.0365 18.0
46.3 -19.3 -0.146 17.9
46.4 -18.9 -0.428 17.7
46.5 -18.8 -0.488 17.5
46.6 -18.8 -0.486 17.5
46.7 -18.8 -0.486 17.5
46.8 -18.8 -0.408 17.4
46.9 -18.8 -0.408 17.4
47.0 -18.8 0.124 16.8
47.1 -18.8 0.169 16.8
47.2 -18.8 0.169 16.8
47.3 -18.8 0.169 16.8
47.4 -18.8 0.169 16.8
47.5 -18.9 0.192 16.8
47.6 -18.9 0.192 16.8
47.7 -18.9 0.192 16.8
47.8 -18.9 0.229 16.8
47.9 -19.0 0.263 16.9
48.0 -19.0 0.263 16.9
48.1 -19.0 0.263 16.9
48.2 -19.0 0.263 16.9
48.3 -19.1 0.31 16.9
48.4 -19.1 0.31 16.9
48.5 -19.2 0.344 17.0
48.6 -19.2 0.344 17.0
48.7 -19.2 0.369 17.0
48.8 -19.2 0.369 17.0
48.9 -19.2 0.369 17.0
49.0 -19.3 0.388 17.0
49.1 -19.3 0.388 17.0
49.2 -19.3 0.388 17.0
49.3 -19.4 0.39 17.1
49.4 -19.4 0.39 17.1
49.5 -19.4 0.39 17.1
49.6 -19.5 0.376 17.1
49.7 -19.5 0.376 17.1
49.8 -19.5 0.376 17.1
49.9 -19.5 0.376 17.1
