0.0 -2.15e-21 3.37e-05 0.303
0.1 -4.08e-21 6.41e-05 0.559
0.2 -5.75e-21 9.05e-05 0.752
0.3 -7.13e-21 0.000112 0.857
0.4 -8.21e-21 0.000129 0.867
0.5 -8.99e-21 0.000141 0.805
0.6 0.0303 0.000149 0.708
0.7 0.0583 0.000153 0.6
0.8 0.0843 0.000155 0.494
0.9 0.103 0.000155 0.394
1.0 0.0764 0.000154 0.301
1.1 0.0614 0.000154 0.217
1.2 0.0475 0.000153 0.141
1.3 0.0346 0.000152 0.0723
1.4 0.0184 0.00015 0.0105
1.5 0.00346 0.000149 -0.0449
1.6 -0.00652 0.000147 -0.0944
1.7 -0.0158 0.000146 -0.139
1.8 -0.0243 0.000145 -0.178
1.9 -0.0262 0.000143 -0.212
2.0 -0.028 0.000142 -0.242
2.1 -0.0297 0.000141 -0.268
2.2 -0.0272 0.000141 -0.289
2.3 -0.025 0.00014 -0.305
2.4 -0.0206 0.00014 -0.316
2.5 -0.0167 0.000139 -0.321
2.6 -0.0132 0.000139 -0.318
2.7 -0.0107 0.000138 -0.307
2.8 -0.00904 0.000138 -0.286
2.9 -0.00746 0.000138 -0.254
3.0 -0.00645 0.000137 -0.212
3.1 -0.00552 0.000137 -0.16
3.2 -0.00517 0.000136 -0.102
3.3 -0.00484 0.000135 -0.0431
3.4 -0.00454 0.000135 0.0134
3.5 -0.00517 0.000134 0.0631
3.6 -0.00576 0.000133 0.103
3.7 -0.0063 0.000132 0.131
3.8 -0.00687 0.000131 0.146
3.9 -0.00741 0.00013 0.151
4.0 -0.0079 0.000129 0.146
4.1 -0.00836 0.000128 0.134
4.2 -0.00792 0.000127 0.117
4.3 -0.00751 0.000126 0.0962
4.4 -0.00713 0.000125 0.0737
4.5 -0.00683 0.000124 0.0507
4.6 -0.00654 0.000123 0.0282
4.7 -0.00628 0.000121 0.0071
4.8 -0.00661 0.00012 -0.0121
4.9 -0.00691 0.000119 -0.0289
5.0 -0.00719 0.000117 -0.0429
5.1 -0.00745 0.000116 -0.0539
5.2 -0.00791 0.000115 -0.0617
5.3 -0.00833 0.000113 -0.0663
5.4 -0.00872 0.000112 -0.0677
5.5 -0.00886 0.00011 -0.0659
5.6 -0.00899 0.000109 -0.0613
5.7 -0.00911 0.000107 -0.0542
5.8 -0.00921 0.000105 -0.0451
5.9 -0.00932 0.000104 -0.0347
6.0 -0.00941 0.000102 -0.0234
6.1 -0.00948 0.0001 -0.0121
6.2 -0.00955 9.86e-05 -0.00124
6.3 -0.00972 9.68e-05 0.00855
6.4 -0.00987 9.5e-05 0.0168
6.5 -0.01 9.31e-05 0.0234
6.6 -0.0101 9.12e-05 0.0279
6.7 -0.0102 8.93e-05 0.0306
6.8 -0.0103 8.73e-05 0.0313
6.9 -0.0104 8.52e-05 0.0304
7.0 -0.0104 8.32e-05 0.0281
7.1 -0.0104 8.11e-05 0.0246
7.2 -0.0104 7.89e-05 0.0203
7.3 -0.0104 7.67e-05 0.0155
7.4 -0.0104 7.44e-05 0.0105
7.5 -0.0103 7.21e-05 0.00553
7.6 -0.0104 6.98e-05 0.000805
7.7 -0.0106 6.74e-05 -0.00347
7.8 -0.0106 6.5e-05 -0.00714
7.9 -0.0107 6.26e-05 -0.0101
8.0 -0.0108 6.01e-05 -0.0123
8.1 -0.0108 5.75e-05 -0.0137
8.2 -0.0108 5.5e-05 -0.0143
8.3 -0.0107 5.24e-05 -0.0141
8.4 -0.0106 4.98e-05 -0.0133
8.5 -0.0104 4.72e-05 -0.012
8.6 -0.0103 4.47e-05 -0.0102
8.7 -0.0102 4.22e-05 -0.00804
8.8 -0.01 3.98e-05 -0.00574
8.9 -0.00994 3.75e-05 -0.00339
9.0 -0.00984 3.52e-05 -0.00111
9.1 -0.00975 3.31e-05 0.000985
9.2 -0.00966 3.11e-05 0.00282
9.3 -0.00986 2.91e-05 0.00432
9.4 -0.01 2.73e-05 0.00544
9.5 -0.0103 2.56e-05 0.00619
9.6 -0.0105 2.39e-05 0.00655
9.7 -0.0107 2.23e-05 0.00654
9.8 -0.0109 2.08e-05 0.00622
9.9 -0.011 1.92e-05 0.00563
10.0 -0.011 1.77e-05 0.00483
10.1 -0.0111 1.62e-05 0.00387
10.2 -0.0111 1.48e-05 0.00283
10.3 -0.0111 1.33e-05 0.00176
10.4 -0.0111 1.18e-05 0.000713
10.5 -0.011 1.03e-05 -0.000257
10.6 -0.011 8.81e-06 -0.00111
10.7 -0.011 7.32e-06 -0.00183
10.8 -0.011 5.82e-06 -0.00238
10.9 -0.0109 4.32e-06 -0.00276
11.0 -0.0109 2.81e-06 -0.00297
11.1 -0.0109 1.3e-06 -0.00301
11.2 -0.0109 -2.19e-07 -0.0029
11.3 -0.0108 -1.74e-06 -0.00266
11.4 -0.0108 -3.27e-06 -0.00232
11.5 -0.0108 -4.8e-06 -0.0019
11.6 -0.0108 -6.34e-06 -0.00142
11.7 -0.0107 -7.89e-06 -0.000932
11.8 -0.0107 -9.45e-06 -0.000445
11.9 -0.0107 -1.1e-05 1.37e-05
12.0 -0.0107 -1.26e-05 0.000424
12.1 -0.0107 -1.42e-05 0.000772
12.2 -0.0107 -1.58e-05 0.00105
12.3 -0.0107 -1.74e-05 0.00124
12.4 -0.0106 -1.9e-05 0.00136
12.5 -0.0107 -2.06e-05 0.00139
12.6 -0.0107 -2.22e-05 0.00136
12.7 -0.0107 -2.39e-05 0.00126
12.8 -0.0108 -2.55e-05 0.00111
12.9 -0.0108 -2.72e-05 0.000925
13.0 -0.0108 -2.87e-05 0.000713
13.1 -0.0109 -3e-05 0.000489
13.2 -0.0109 -3.07e-05 0.000264
13.3 -0.0109 -3.06e-05 5.15e-05
13.4 -0.011 -2.96e-05 -0.000141
13.5 -0.011 -2.76e-05 -0.000305
13.6 -0.011 -2.45e-05 -0.000437
13.7 -0.011 -2.02e-05 -0.000532
13.8 -0.011 -1.48e-05 -0.00059
13.9 -0.011 -8.33e-06 -0.000612
14.0 -0.011 -7.52e-07 -0.0006
14.1 -0.011 7.84e-06 -0.000559
14.2 -0.011 1.75e-05 -0.000493
14.3 -0.011 2.82e-05 -0.000407
14.4 -0.011 4e-05 -0.000309
14.5 -0.011 5.28e-05 -0.000204
14.6 -0.0109 6.68e-05 -9.77e-05
14.7 -0.0109 8.17e-05 4.41e-06
14.8 -0.0108 9.75e-05 9.79e-05
14.9 -0.0108 0.000114 0.000179
15.0 -0.0107 0.000132 0.000246
15.1 -0.0107 0.00015 0.000295
15.2 -0.0106 0.00017 0.000328
15.3 -0.0106 0.00019 0.000344
15.4 -0.0105 0.000211 0.000343
15.5 -0.0105 0.000232 0.000328
15.6 -0.0104 0.000253 0.000301
15.7 -0.0104 0.000275 0.000265
15.8 -0.0103 0.000296 0.000221
15.9 -0.0103 0.000316 0.000173
16.0 -0.0103 0.000336 0.000124
16.1 -0.0102 0.000355 7.56e-05
16.2 -0.0102 0.000373 3.05e-05
16.3 -0.0104 0.00039 -9.69e-06
16.4 -0.0105 0.000406 -4.35e-05
16.5 -0.0106 0.000421 -7.01e-05
16.6 -0.0107 0.000436 -8.91e-05
16.7 -0.0078 0.00045 -0.000101
16.8 -0.00479 0.000464 -0.000105
16.9 -0.002 0.000478 -0.000102
17.0 0.000594 0.000494 -9.44e-05
17.1 0.003 0.000512 -8.18e-05
17.2 0.00523 0.000532 -6.58e-05
17.3 0.00729 0.000555 -4.75e-05
17.4 0.00875 0.000583 -2.81e-05
17.5 0.00965 0.000612 -8.69e-06
17.6 0.0105 0.000642 9.62e-06
17.7 0.0113 0.000674 2.6e-05
17.8 0.0115 0.000705 3.97e-05
17.9 0.0117 0.000735 5.04e-05
18.0 0.0119 0.000764 5.76e-05
18.1 0.0118 0.00079 6.14e-05
18.2 0.0117 0.000815 6.19e-05
18.3 0.0116 0.000838 5.94e-05
18.4 0.0115 0.000861 5.45e-05
18.5 0.0114 0.000885 4.79e-05
18.6 0.0114 0.000912 4.03e-05
18.7 0.0114 0.000942 3.22e-05
18.8 0.0114 0.000974 2.44e-05
18.9 0.0114 0.00101 1.77e-05
19.0 0.0115 0.00105 1.21e-05
19.1 0.0116 0.0011 8.24e-06
19.2 0.0117 0.00115 6.3e-06
19.3 0.0117 0.0012 6.22e-06
19.4 0.0118 0.00126 8.16e-06
19.5 0.0119 0.00132 1.16e-05
19.6 0.0119 0.00138 1.58e-05
19.7 0.0119 0.00144 2.07e-05
19.8 0.0119 0.0015 2.61e-05
19.9 0.012 0.00157 3.19e-05
20.0 0.012 0.00163 3.74e-05
20.1 0.0169 0.00169 4.3e-05
20.2 0.0215 0.00176 4.9e-05
20.3 0.0257 0.00182 5.38e-05
20.4 0.0217 0.00189 5.86e-05
20.5 0.018 0.00197 6.51e-05
20.6 0.0147 0.00205 7.47e-05
20.7 0.0116 0.00215 9.04e-05
20.8 0.189 0.00227 0.000113
20.9 0.354 0.0024 0.00014
21.0 0.351 0.00253 0.000162
21.1 0.341 0.00267 0.00018
21.2 0.333 0.00279 0.00019
21.3 0.328 0.00292 0.000194
21.4 0.317 0.00304 0.00019
21.5 0.303 0.00315 0.000179
21.6 0.285 0.00325 0.000161
21.7 0.293 0.00335 0.000137
21.8 0.301 0.00344 0.00011
21.9 0.304 0.00352 8.07e-05
22.0 0.308 0.00359 5.18e-05
22.1 0.308 0.00366 2.43e-05
22.2 0.308 0.00372 -3.24e-07
22.3 0.309 0.00378 -2.1e-05
22.4 0.309 0.00383 -3.7e-05
22.5 0.291 0.00388 -4.76e-05
22.6 0.274 0.00392 -5.42e-05
22.7 0.259 0.00395 -6e-05
22.8 0.245 0.00397 -5.98e-05
22.9 0.232 0.00399 -5.47e-05
23.0 0.219 0.00401 -4.45e-05
23.1 0.208 0.00402 -3.18e-05
23.2 0.215 0.00402 -2.09e-05
23.3 0.221 0.00401 -7.48e-06
23.4 0.226 0.004 7.74e-06
23.5 0.203 0.00399 2.41e-05
23.6 0.182 0.00397 3.53e-05
23.7 0.138 0.00395 4.45e-05
23.8 0.0976 0.00393 5.25e-05
23.9 0.0645 0.0039 5.82e-05
24.0 0.0339 0.00387 6.11e-05
24.1 0.0211 0.00383 6.14e-05
24.2 0.00936 0.0038 5.89e-05
24.3 0.00697 0.00376 5.39e-05
24.4 0.00475 0.00371 4.68e-05
24.5 0.0162 0.00367 3.83e-05
24.6 0.0268 0.00362 2.89e-05
24.7 0.0512 0.00357 1.94e-05
24.8 0.0738 0.00352 1.07e-05
24.9 0.0998 0.00346 2.98e-06
25.0 0.124 0.00341 -2.89e-06
25.1 0.146 0.00335 -6.63e-06
25.2 0.157 0.0033 -7.73e-06
25.3 0.167 0.00324 -6.46e-06
25.4 0.125 0.00318 -2.63e-06
25.5 0.0868 0.00313 2.66e-06
25.6 0.062 0.00307 7.46e-06
25.7 0.039 0.00301 7.13e-06
25.8 0.0317 0.00294 6.75e-06
25.9 0.025 0.00288 6.2e-06
26.0 0.0187 0.00282 5.4e-06
26.1 0.015 0.00275 4.33e-06
26.2 0.0115 0.00269 1.99e-06
26.3 0.0082 0.00263 -5.05e-06
26.4 0.00518 0.00256 -1.12e-05
26.5 0.00893 0.0025 -1.63e-05
26.6 0.0115 0.00244 -2.02e-05
26.7 0.0138 0.00237 -2.32e-05
26.8 0.016 0.00231 -2.48e-05
26.9 0.0168 0.00225 -2.5e-05
27.0 0.0175 0.00219 -2.41e-05
27.1 0.0181 0.00213 -2.3e-05
27.2 0.0176 0.00207 -2.53e-05
27.3 0.017 0.00201 -2.61e-05
27.4 0.0165 0.00195 -2.55e-05
27.5 0.0157 0.00189 -2.38e-05
27.6 0.0148 0.00184 -2.11e-05
27.7 0.0141 0.00178 -1.76e-05
27.8 0.0134 0.00172 -1.37e-05
27.9 0.0127 0.00167 -9.43e-06
28.0 0.0121 0.00161 -6.06e-06
28.1 0.0115 0.00156 -6.67e-06
28.2 0.011 0.0015 -6.89e-06
28.3 0.0105 0.00145 -6.75e-06
28.4 0.0107 0.00139 -6.28e-06
28.5 0.0109 0.00134 -5.56e-06
28.6 0.0113 0.00129 -4.63e-06
28.7 0.0117 0.00123 -3.57e-06
28.8 0.012 0.00118 -2.45e-06
28.9 0.0123 0.00113 -1.32e-06
29.0 0.0126 0.00108 -1.06e-06
29.1 0.0128 0.00103 -4.4e-06
29.2 0.0129 0.000981 -7.19e-06
29.3 0.0131 0.000932 -9.34e-06
29.4 0.0132 0.000882 -1.08e-05
29.5 0.0133 0.000834 -1.17e-05
29.6 0.0133 0.000785 -1.18e-05
29.7 0.0133 0.000737 -1.14e-05
29.8 0.0133 0.000689 -1.05e-05
29.9 0.0133 0.000642 -9.97e-06
30.0 0.0133 0.000595 -1.24e-05
30.1 0.0132 0.000548 -1.39e-05
30.2 0.0132 0.000502 -1.46e-05
30.3 0.0131 0.000456 -1.46e-05
30.4 0.0131 0.00041 -1.38e-05
30.5 0.013 0.000364 -1.24e-05
30.6 0.0129 0.000319 -1.05e-05
30.7 0.0128 0.000274 -8.2e-06
30.8 0.0128 0.000228 -2.17e-06
30.9 0.0128 0.000182 4.41e-06
31.0 0.0128 0.000137 1.02e-05
31.1 0.0127 9.11e-05 1.5e-05
31.2 0.0127 4.57e-05 1.87e-05
31.3 0.0127 3.26e-07 2.12e-05
31.4 0.0127 -4.49e-05 2.26e-05
31.5 0.0127 -9.02e-05 2.33e-05
31.6 0.0127 -0.000135 2.27e-05
31.7 0.0127 -0.00018 2.12e-05
31.8 0.0127 -0.000225 1.89e-05
31.9 0.0127 -0.00027 1.53e-05
32.0 0.0127 -0.000313 7.91e-06
32.1 0.0127 -0.000356 9.78e-07
32.2 0.0126 -0.000399 -5.22e-06
32.3 0.0127 -0.000442 -1.04e-05
32.4 0.0127 -0.000485 -1.4e-05
32.5 0.0169 -0.00053 -1.29e-05
32.6 0.0209 -0.000576 -1.03e-05
32.7 0.0247 -0.000624 -2.91e-06
32.8 0.0316 -0.000674 6.05e-06
32.9 0.0345 -0.000727 1.87e-05
33.0 0.037 -0.000779 2.97e-05
33.1 0.0384 -0.000835 4.35e-05
33.2 0.0395 -0.000892 5.53e-05
33.3 0.0405 -0.000948 6.41e-05
33.4 0.0415 -0.001 6.86e-05
33.5 0.028 -0.00106 6.51e-05
33.6 0.0154 -0.00111 5.98e-05
33.7 0.0109 -0.00116 5.23e-05
33.8 0.00672 -0.00121 4.32e-05
33.9 0.00284 -0.00127 3.31e-05
34.0 0.0024 -0.00132 2.25e-05
34.1 0.00283 -0.00137 1.2e-05
34.2 0.00448 -0.00142 1.91e-06
34.3 0.00601 -0.00147 -7.21e-06
34.4 0.00906 -0.00153 -1.51e-05
34.5 0.0111 -0.00158 -2.15e-05
34.6 0.0131 -0.00163 -2.63e-05
34.7 0.0149 -0.00169 -2.95e-05
34.8 0.0155 -0.00174 -3.2e-05
34.9 0.016 -0.00179 -3.71e-05
35.0 0.0165 -0.00183 -4.04e-05
35.1 0.0161 -0.00188 -4.17e-05
35.2 0.0157 -0.00193 -4.09e-05
35.3 0.0154 -0.00198 -3.84e-05
35.4 0.0151 -0.00203 -3.44e-05
35.5 0.0148 -0.00208 -2.97e-05
35.6 0.0145 -0.00213 -2.43e-05
35.7 0.0143 -0.00218 -1.93e-05
35.8 0.0138 -0.00222 -1.79e-05
35.9 0.0134 -0.00227 -1.6e-05
36.0 0.013 -0.00231 -1.4e-05
36.1 0.0127 -0.00236 -1.16e-05
36.2 0.0123 -0.00241 -9.11e-06
36.3 0.012 -0.00245 -6.53e-06
36.4 0.0118 -0.0025 -4.01e-06
36.5 0.0115 -0.00255 -1.74e-06
36.6 0.0115 -0.00259 -2.19e-08
36.7 0.0114 -0.00264 6.42e-07
36.8 0.0114 -0.00268 -2.41e-06
36.9 0.0115 -0.00272 -5.11e-06
37.0 0.0116 -0.00277 -7.36e-06
37.1 0.0117 -0.00281 -9.09e-06
37.2 0.0117 -0.00285 -1.03e-05
37.3 0.0118 -0.0029 -1.09e-05
37.4 0.0119 -0.00294 -1.09e-05
37.5 0.012 -0.00299 -1.05e-05
37.6 0.012 -0.00303 -9.68e-06
37.7 0.0121 -0.00308 -9.48e-06
37.8 0.0121 -0.00311 -1.22e-05
37.9 0.0121 -0.00315 -1.4e-05
38.0 0.0121 -0.00319 -1.5e-05
38.1 0.0121 -0.00323 -1.52e-05
38.2 0.0121 -0.00327 -1.47e-05
38.3 0.0121 -0.00332 -1.35e-05
38.4 0.012 -0.00336 -1.18e-05
38.5 0.012 -0.0034 -9.79e-06
38.6 0.012 -0.00344 -8.17e-06
38.7 0.012 -0.00348 -9.33e-06
38.8 0.0119 -0.00351 -9.95e-06
38.9 0.0119 -0.00355 -1e-05
39.0 0.0118 -0.00359 -9.66e-06
39.1 0.0118 -0.00363 -8.87e-06
39.2 0.0118 -0.00367 -7.76e-06
39.3 0.0117 -0.0037 -6.42e-06
39.4 0.0117 -0.00374 -4.93e-06
39.5 0.0117 -0.00378 -3.38e-06
39.6 0.0116 -0.00381 -6.57e-06
39.7 0.0116 -0.00385 -7.83e-06
39.8 0.0116 -0.00388 -8.6e-06
39.9 0.0116 -0.00392 -8.91e-06
40.0 0.0116 -0.00395 -8.78e-06
40.1 0.0115 -0.00399 -8.28e-06
40.2 0.0115 -0.00403 -7.45e-06
40.3 0.0115 -0.00407 -6.58e-06
40.4 0.0115 -0.0041 -5.56e-06
40.5 0.0115 -0.00414 -4.39e-06
40.6 0.0114 -0.00417 -5.79e-06
40.7 0.0114 -0.0042 -7.31e-06
40.8 0.0113 -0.00423 -8.34e-06
40.9 0.0113 -0.00427 -8.87e-06
41.0 0.0113 -0.0043 -8.94e-06
41.1 0.0113 -0.00433 -8.58e-06
41.2 0.0112 -0.00437 -7.85e-06
41.3 0.0112 -0.0044 -6.82e-06
41.4 0.0112 -0.00444 -5.57e-06
41.5 0.0111 -0.00447 -6.64e-06
41.6 0.0111 -0.0045 -7.77e-06
41.7 0.0111 -0.00453 -8.41e-06
41.8 0.011 -0.00456 -8.57e-06
41.9 0.011 -0.00459 -8.29e-06
42.0 0.0109 -0.00462 -7.63e-06
42.1 0.0109 -0.00465 -6.66e-06
42.2 0.0109 -0.00468 -5.45e-06
42.3 0.0109 -0.00472 -4.1e-06
42.4 0.0109 -0.00474 -4.97e-06
42.5 0.0108 -0.00477 -5.96e-06
42.6 0.0108 -0.00479 -6.53e-06
42.7 0.0108 -0.00482 -6.7e-06
42.8 0.0108 -0.00485 -6.51e-06
42.9 0.0107 -0.00488 -5.95e-06
43.0 0.0107 -0.00491 -4.97e-06
43.1 0.0107 -0.00494 -3.81e-06
43.2 0.0107 -0.00497 -2.55e-06
43.3 0.0106 -0.005 -3.45e-06
43.4 0.0106 -0.00502 -4.48e-06
43.5 0.0105 -0.00504 -5.15e-06
43.6 0.0105 -0.00507 -5.46e-06
43.7 0.0105 -0.0051 -5.43e-06
43.8 0.0104 -0.00512 -5.09e-06
43.9 0.0104 -0.00515 -4.49e-06
44.0 0.0104 -0.00518 -3.69e-06
44.1 0.0103 -0.00521 -3.19e-06
44.2 0.0103 -0.00523 -4.55e-06
44.3 0.0103 -0.00525 -5.49e-06
44.4 0.0102 -0.00527 -6.02e-06
44.5 0.0102 -0.0053 -5.99e-06
44.6 0.0102 -0.00532 -5.58e-06
44.7 0.0101 -0.00535 -4.88e-06
44.8 0.0101 -0.00537 -3.94e-06
44.9 0.0101 -0.0054 -2.85e-06
45.0 0.01 -0.00542 -3.62e-06
45.1 0.00997 -0.00544 -4.45e-06
45.2 0.00993 -0.00546 -4.91e-06
45.3 0.00989 -0.00548 -5.01e-06
45.4 0.00985 -0.0055 -4.74e-06
45.5 0.00981 -0.00552 -4.06e-06
45.6 0.00978 -0.00555 -3.17e-06
45.7 0.00974 -0.00557 -2.55e-06
45.8 0.0097 -0.00559 -3.65e-06
45.9 0.00966 -0.0056 -4.43e-06
46.0 0.00962 -0.00562 -4.93e-06
46.1 0.00959 -0.00564 -5.17e-06
46.2 0.00955 -0.00565 -6.97e-06
46.3 0.00952 -0.00567 -8.72e-06
46.4 0.00948 -0.00568 -1.01e-05
46.5 0.00945 -0.00569 -1.15e-05
46.6 0.00941 -0.0057 -1.4e-05
46.7 0.00937 -0.00571 -1.6e-05
46.8 0.00933 -0.00572 -1.74e-05
46.9 0.00929 -0.00572 -1.98e-05
47.0 0.00924 -0.00572 -2.16e-05
47.1 0.0092 -0.00573 -2.28e-05
47.2 0.00916 -0.00573 -2.35e-05
47.3 0.00912 -0.00573 -2.49e-05
47.4 0.00909 -0.00573 -2.55e-05
47.5 0.00905 -0.00573 -2.55e-05
47.6 0.00901 -0.00573 -2.62e-05
47.7 0.00898 -0.00573 -2.6e-05
47.8 0.00894 -0.00573 -2.51e-05
47.9 0.0089 -0.00572 -2.47e-05
48.0 0.00886 -0.00572 -2.4e-05
48.1 0.00883 -0.00572 -2.27e-05
48.2 0.00879 -0.00572 -2.11e-05
48.3 0.00875 -0.00571 -2.03e-05
48.4 0.00871 -0.0057 -1.91e-05
48.5 0.00867 -0.0057 -1.75e-05
48.6 0.00863 -0.00569 -1.68e-05
48.7 0.00859 -0.00569 -1.61e-05
48.8 0.00854 -0.00568 -1.5e-05
48.9 0.0085 -0.00568 -1.4e-05
49.0 0.00846 -0.00567 -1.38e-05
49.1 0.00842 -0.00567 -1.35e-05
49.2 0.00837 -0.00566 -1.31e-05
49.3 0.00833 -0.00565 -1.35e-05
49.4 0.00829 -0.00564 -1.37e-05
49.5 0.00824 -0.00564 -1.35e-05
49.6 0.0082 -0.00563 -1.4e-05
49.7 0.00815 -0.00562 -1.44e-05
49.8 0.00811 -0.00561 -1.44e-05
49.9 0.00807 -0.00561 -1.43e-05
