0.0 2.51 -6.32e-22 0.997
0.1 2.52 -9.57e-21 0.989
0.2 2.55 -4.55e-20 0.976
0.3 2.58 -1.35e-19 0.959
0.4 2.62 -3.1e-19 0.938
0.5 2.67 -6.05e-19 0.913
0.6 2.72 -1.06e-18 0.886
0.7 2.79 1.68e-07 0.855
0.8 2.85 1.39e-06 0.823
0.9 2.93 -9.67e-05 0.788
1.0 3.0 -0.000385 0.751
1.1 3.08 -0.000626 0.718
1.2 3.13 -0.000607 0.695
1.3 3.18 -0.000349 0.68
1.4 3.21 0.000131 0.672
1.5 3.23 0.000816 0.672
1.6 3.24 0.00169 0.677
1.7 3.24 0.00261 0.687
1.8 3.24 0.00344 0.701
1.9 3.23 0.0042 0.718
2.0 3.21 0.00488 0.738
2.1 3.2 0.0055 0.76
2.2 3.18 0.00605 0.784
2.3 3.15 0.00654 0.81
2.4 3.13 0.00697 0.838
2.5 3.1 0.00734 0.868
2.6 3.07 0.00761 0.896
2.7 3.06 0.00774 0.92
2.8 3.05 0.00775 0.941
2.9 3.06 0.00766 0.959
3.0 3.07 0.00747 0.975
3.1 3.08 0.00724 0.987
3.2 3.09 0.00704 0.997
3.3 3.09 0.00685 1.0
3.4 3.09 0.00667 1.01
3.5 3.09 0.00651 1.01
3.6 3.09 0.00636 1.01
3.7 3.08 0.00622 1.01
3.8 3.07 0.00609 1.01
3.9 3.06 0.00597 1.0
4.0 3.05 0.00586 0.999
4.1 3.04 0.00575 0.993
4.2 3.02 0.00565 0.986
4.3 3.01 0.00555 0.979
4.4 2.99 0.00546 0.97
4.5 2.98 0.00537 0.962
4.6 2.96 0.00529 0.953
4.7 2.95 0.00522 0.943
4.8 2.93 0.00517 0.934
4.9 2.92 0.00513 0.924
5.0 2.9 0.0051 0.914
5.1 2.89 0.00508 0.904
5.2 2.88 0.00507 0.894
5.3 2.87 0.00507 0.884
5.4 2.85 0.00508 0.874
5.5 2.84 0.0051 0.864
5.6 2.83 0.00512 0.853
5.7 2.82 0.00515 0.843
5.8 2.81 0.00519 0.833
5.9 2.8 0.00524 0.822
6.0 2.79 0.00529 0.812
6.1 2.78 0.00536 0.802
6.2 2.77 0.00542 0.792
6.3 2.76 0.0055 0.782
6.4 2.76 0.00558 0.773
6.5 2.75 0.00567 0.764
6.6 2.74 0.00576 0.755
6.7 2.73 0.00583 0.748
6.8 2.71 0.00589 0.745
6.9 2.68 0.00594 0.749
7.0 2.65 0.00598 0.758
7.1 2.61 0.00601 0.771
7.2 2.56 0.00603 0.789
7.3 2.51 0.00605 0.811
7.4 2.45 0.00607 0.835
7.5 2.39 0.00609 0.863
7.6 2.33 0.00612 0.893
7.7 2.27 0.00615 0.925
7.8 2.21 0.00618 0.957
7.9 2.15 0.00623 0.992
8.0 2.09 0.00628 1.03
8.1 2.04 0.00632 1.06
8.2 1.98 0.00636 1.1
8.3 1.92 0.0064 1.14
8.4 1.87 0.00644 1.19
8.5 1.81 0.00657 1.23
8.6 1.76 0.0069 1.27
8.7 1.71 0.00752 1.32
8.8 1.66 0.00843 1.36
8.9 1.62 0.00962 1.41
9.0 1.57 0.0111 1.46
9.1 1.53 0.0126 1.51
9.2 1.49 0.0142 1.56
9.3 1.46 0.0156 1.61
9.4 1.43 0.0169 1.66
9.5 1.41 0.0181 1.7
9.6 1.39 0.019 1.75
9.7 1.38 0.0197 1.79
9.8 1.37 0.0203 1.83
9.9 1.37 0.0208 1.87
10.0 1.36 0.0211 1.9
10.1 1.36 0.0214 1.93
10.2 1.36 0.0215 1.97
10.3 1.36 0.0217 2.0
10.4 1.36 0.0217 2.03
10.5 1.36 0.0217 2.06
10.6 1.37 0.0217 2.08
10.7 1.37 0.0216 2.11
10.8 1.38 0.0214 2.14
10.9 1.38 0.0211 2.17
11.0 1.39 0.0208 2.19
11.1 1.4 0.0204 2.22
11.2 1.4 0.0199 2.24
11.3 1.41 0.0193 2.27
11.4 1.42 0.0186 2.29
11.5 1.42 0.0178 2.31
11.6 1.43 0.0169 2.34
11.7 1.43 0.016 2.36
11.8 1.44 0.0151 2.39
11.9 1.44 0.0142 2.41
12.0 1.44 0.0109 2.44
12.1 1.43 0.00335 2.47
12.2 1.41 -0.00782 2.5
12.3 1.39 -0.0219 2.53
12.4 1.36 -0.0377 2.57
12.5 1.34 -0.054 2.6
12.6 1.31 -0.0703 2.63
12.7 1.29 -0.0865 2.67
12.8 1.26 -0.102 2.7
12.9 1.24 -0.118 2.73
13.0 1.22 -0.134 2.76
13.1 1.19 -0.149 2.79
13.2 1.17 -0.163 2.82
13.3 1.15 -0.178 2.85
13.4 1.13 -0.192 2.87
13.5 1.1 -0.205 2.9
13.6 1.08 -0.218 2.93
13.7 1.06 -0.229 2.95
13.8 1.03 -0.241 2.98
13.9 1.01 -0.256 3.0
14.0 0.97 -0.278 3.02
14.1 0.928 -0.306 3.04
14.2 0.878 -0.334 3.06
14.3 0.823 -0.354 3.07
14.4 0.761 -0.366 3.08
14.5 0.693 -0.37 3.09
14.6 0.622 -0.366 3.1
14.7 0.547 -0.353 3.11
14.8 0.469 -0.332 3.11
14.9 0.389 -0.302 3.11
15.0 0.308 -0.264 3.11
15.1 0.225 -0.219 3.11
15.2 0.142 -0.165 3.1
15.3 0.0575 -0.104 3.09
15.4 -0.0269 -0.0358 3.08
15.5 -0.111 0.04 3.07
15.6 -0.195 0.123 3.05
15.7 -0.277 0.208 3.03
15.8 -0.359 0.291 3.0
15.9 -0.441 0.372 2.98
16.0 -0.521 0.452 2.94
16.1 -0.601 0.532 2.91
16.2 -0.679 0.612 2.88
16.3 -0.756 0.693 2.84
16.4 -0.831 0.774 2.8
16.5 -0.903 0.856 2.76
16.6 -0.97 0.937 2.72
16.7 -1.02 1.01 2.68
16.8 -1.06 1.06 2.63
16.9 -1.08 1.1 2.59
17.0 -1.1 1.12 2.54
17.1 -1.1 1.14 2.49
17.2 -1.1 1.15 2.44
17.3 -1.1 1.15 2.4
17.4 -1.09 1.15 2.35
17.5 -1.09 1.14 2.32
17.6 -1.1 1.13 2.29
17.7 -1.11 1.11 2.27
17.8 -1.14 1.08 2.26
17.9 -1.17 1.05 2.25
18.0 -1.2 1.01 2.24
18.1 -1.25 0.976 2.23
18.2 -1.3 0.936 2.23
18.3 -1.35 0.898 2.23
18.4 -1.4 0.86 2.23
18.5 -1.46 0.824 2.23
18.6 -1.52 0.791 2.24
18.7 -1.59 0.762 2.25
18.8 -1.65 0.739 2.26
18.9 -1.72 0.725 2.27
19.0 -1.79 0.721 2.28
19.1 -1.86 0.727 2.29
19.2 -1.93 0.744 2.31
19.3 -1.99 0.769 2.32
19.4 -2.04 0.803 2.33
19.5 -2.08 0.846 2.34
19.6 -2.12 0.896 2.35
19.7 -2.15 0.953 2.36
19.8 -2.17 1.02 2.37
19.9 -2.18 1.09 2.37
20.0 -2.18 1.16 2.38
20.1 -2.17 1.23 2.39
20.2 -2.15 1.31 2.39
20.3 -2.13 1.38 2.4
20.4 -2.1 1.43 2.4
20.5 -2.08 1.47 2.41
20.6 -2.06 1.49 2.41
20.7 -2.04 1.5 2.41
20.8 -2.03 1.51 2.41
20.9 -2.02 1.51 2.41
21.0 -2.02 1.49 2.42
21.1 -2.02 1.45 2.43
21.2 -2.02 1.4 2.44
21.3 -2.04 1.34 2.46
21.4 -2.07 1.28 2.48
21.5 -2.11 1.24 2.5
21.6 -2.14 1.21 2.52
21.7 -2.18 1.19 2.54
21.8 -2.21 1.17 2.56
21.9 -2.24 1.16 2.57
22.0 -2.26 1.15 2.59
22.1 -2.29 1.14 2.61
22.2 -2.31 1.13 2.62
22.3 -2.33 1.13 2.64
22.4 -2.34 1.12 2.65
22.5 -2.36 1.11 2.67
22.6 -2.37 1.1 2.68
22.7 -2.38 1.09 2.69
22.8 -2.39 1.08 2.7
22.9 -2.4 1.07 2.71
23.0 -2.41 1.06 2.71
23.1 -2.43 1.05 2.72
23.2 -2.44 1.04 2.72
23.3 -2.45 1.03 2.73
23.4 -2.46 1.02 2.73
23.5 -2.47 1.01 2.73
23.6 -2.48 1.0 2.73
23.7 -2.49 0.998 2.73
23.8 -2.5 0.992 2.73
23.9 -2.5 0.987 2.73
24.0 -2.51 0.983 2.72
24.1 -2.52 0.978 2.72
24.2 -2.53 0.975 2.72
24.3 -2.53 0.971 2.72
24.4 -2.54 0.967 2.71
24.5 -2.55 0.964 2.71
24.6 -2.55 0.961 2.7
24.7 -2.56 0.957 2.7
24.8 -2.57 0.954 2.69
24.9 -2.57 0.951 2.69
25.0 -2.58 0.948 2.68
25.1 -2.58 0.946 2.68
25.2 -2.59 0.944 2.67
25.3 -2.59 0.942 2.66
25.4 -2.6 0.94 2.65
25.5 -2.6 0.939 2.64
25.6 -2.6 0.937 2.63
25.7 -2.6 0.936 2.61
25.8 -2.61 0.934 2.6
25.9 -2.61 0.933 2.59
26.0 -2.61 0.931 2.58
26.1 -2.61 0.929 2.57
26.2 -2.61 0.927 2.56
26.3 -2.61 0.924 2.55
26.4 -2.61 0.921 2.53
26.5 -2.61 0.918 2.52
26.6 -2.62 0.915 2.51
26.7 -2.62 0.912 2.5
26.8 -2.62 0.909 2.49
26.9 -2.62 0.906 2.48
27.0 -2.62 0.903 2.47
27.1 -2.62 0.901 2.46
27.2 -2.62 0.898 2.45
27.3 -2.62 0.896 2.44
27.4 -2.62 0.893 2.43
27.5 -2.62 0.89 2.42
27.6 -2.62 0.886 2.41
27.7 -2.62 0.882 2.4
27.8 -2.62 0.878 2.39
27.9 -2.62 0.873 2.38
28.0 -2.62 0.869 2.37
28.1 -2.62 0.865 2.36
28.2 -2.62 0.86 2.35
28.3 -2.62 0.856 2.35
28.4 -2.63 0.852 2.34
28.5 -2.63 0.848 2.33
28.6 -2.63 0.845 2.32
28.7 -2.63 0.842 2.32
28.8 -2.63 0.839 2.31
28.9 -2.64 0.837 2.3
29.0 -2.64 0.835 2.3
29.1 -2.64 0.834 2.29
29.2 -2.64 0.832 2.29
29.3 -2.64 0.831 2.28
29.4 -2.65 0.83 2.28
29.5 -2.65 0.829 2.27
29.6 -2.65 0.829 2.27
29.7 -2.65 0.828 2.26
29.8 -2.65 0.828 2.26
29.9 -2.65 0.827 2.25
30.0 -2.65 0.827 2.25
30.1 -2.65 0.826 2.25
30.2 -2.65 0.825 2.24
30.3 -2.65 0.825 2.24
30.4 -2.66 0.824 2.23
30.5 -2.66 0.824 2.23
30.6 -2.66 0.823 2.23
30.7 -2.66 0.823 2.22
30.8 -2.66 0.822 2.22
30.9 -2.66 0.822 2.22
31.0 -2.66 0.821 2.21
31.1 -2.66 0.821 2.21
31.2 -2.66 0.82 2.21
31.3 -2.66 0.82 2.2
31.4 -2.66 0.82 2.2
31.5 -2.66 0.82 2.2
31.6 -2.66 0.82 2.19
31.7 -2.66 0.821 2.19
31.8 -2.66 0.821 2.19
31.9 -2.66 0.821 2.19
32.0 -2.66 0.821 2.18
32.1 -2.66 0.821 2.18
32.2 -2.66 0.821 2.18
32.3 -2.66 0.821 2.18
32.4 -2.66 0.821 2.17
32.5 -2.66 0.823 2.17
32.6 -2.66 0.825 2.17
32.7 -2.66 0.828 2.16
32.8 -2.66 0.831 2.15
32.9 -2.66 0.834 2.13
33.0 -2.66 0.837 2.11
33.1 -2.66 0.839 2.09
33.2 -2.66 0.842 2.06
33.3 -2.65 0.845 2.03
33.4 -2.65 0.848 2.0
33.5 -2.65 0.851 1.97
33.6 -2.65 0.853 1.93
33.7 -2.65 0.856 1.89
33.8 -2.65 0.858 1.85
33.9 -2.64 0.86 1.81
34.0 -2.64 0.86 1.77
34.1 -2.64 0.857 1.72
34.2 -2.63 0.851 1.68
34.3 -2.63 0.844 1.63
34.4 -2.62 0.838 1.58
34.5 -2.61 0.833 1.54
34.6 -2.6 0.827 1.49
34.7 -2.59 0.822 1.46
34.8 -2.58 0.818 1.44
34.9 -2.58 0.816 1.42
35.0 -2.57 0.815 1.42
35.1 -2.57 0.815 1.42
35.2 -2.57 0.817 1.42
35.3 -2.57 0.82 1.43
35.4 -2.57 0.824 1.44
35.5 -2.56 0.829 1.46
35.6 -2.56 0.835 1.48
35.7 -2.55 0.84 1.51
35.8 -2.55 0.846 1.53
35.9 -2.54 0.851 1.56
36.0 -2.54 0.856 1.59
36.1 -2.53 0.86 1.62
36.2 -2.52 0.863 1.65
36.3 -2.52 0.865 1.68
36.4 -2.51 0.867 1.71
36.5 -2.5 0.868 1.74
36.6 -2.5 0.869 1.77
36.7 -2.49 0.869 1.8
36.8 -2.48 0.868 1.83
36.9 -2.48 0.867 1.87
37.0 -2.47 0.865 1.9
37.1 -2.47 0.864 1.93
37.2 -2.46 0.862 1.96
37.3 -2.46 0.859 1.99
37.4 -2.45 0.857 2.02
37.5 -2.45 0.855 2.05
37.6 -2.45 0.853 2.08
37.7 -2.45 0.851 2.1
37.8 -2.44 0.848 2.13
37.9 -2.44 0.846 2.16
38.0 -2.44 0.844 2.19
38.1 -2.44 0.842 2.21
38.2 -2.44 0.84 2.24
38.3 -2.43 0.838 2.27
38.4 -2.43 0.836 2.29
38.5 -2.43 0.834 2.31
38.6 -2.43 0.832 2.34
38.7 -2.43 0.83 2.36
38.8 -2.42 0.828 2.38
38.9 -2.42 0.826 2.41
39.0 -2.42 0.823 2.43
39.1 -2.42 0.821 2.45
39.2 -2.42 0.818 2.47
39.3 -2.42 0.815 2.49
39.4 -2.42 0.813 2.51
39.5 -2.41 0.811 2.53
39.6 -2.41 0.813 2.55
39.7 -2.41 0.818 2.56
39.8 -2.4 0.828 2.57
39.9 -2.39 0.837 2.58
40.0 -2.38 0.842 2.59
40.1 -2.38 0.844 2.59
40.2 -2.37 0.842 2.59
40.3 -2.37 0.837 2.59
40.4 -2.37 0.831 2.58
40.5 -2.37 0.823 2.58
40.6 -2.37 0.816 2.57
40.7 -2.37 0.808 2.57
40.8 -2.36 0.8 2.56
40.9 -2.35 0.791 2.56
41.0 -2.34 0.78 2.56
41.1 -2.33 0.767 2.55
41.2 -2.32 0.751 2.55
41.3 -2.3 0.734 2.54
41.4 -2.29 0.716 2.54
41.5 -2.27 0.697 2.54
41.6 -2.26 0.676 2.54
41.7 -2.25 0.656 2.54
41.8 -2.24 0.64 2.54
41.9 -2.22 0.627 2.54
42.0 -2.21 0.616 2.54
42.1 -2.19 0.607 2.54
42.2 -2.17 0.599 2.55
42.3 -2.15 0.59 2.55
42.4 -2.13 0.581 2.56
42.5 -2.11 0.571 2.56
42.6 -2.09 0.561 2.56
42.7 -2.07 0.55 2.57
42.8 -2.05 0.538 2.57
42.9 -2.03 0.525 2.58
43.0 -2.01 0.512 2.58
43.1 -1.99 0.497 2.59
43.2 -1.97 0.482 2.59
43.3 -1.95 0.466 2.6
43.4 -1.93 0.448 2.6
43.5 -1.9 0.426 2.61
43.6 -1.87 0.407 2.61
43.7 -1.85 0.393 2.62
43.8 -1.82 0.383 2.62
43.9 -1.79 0.377 2.62
44.0 -1.76 0.373 2.63
44.1 -1.73 0.369 2.63
44.2 -1.7 0.366 2.63
44.3 -1.66 0.361 2.63
44.4 -1.63 0.355 2.63
44.5 -1.59 0.348 2.63
44.6 -1.56 0.34 2.63
44.7 -1.52 0.329 2.62
44.8 -1.49 0.315 2.62
44.9 -1.45 0.299 2.62
45.0 -1.41 0.282 2.62
45.1 -1.38 0.269 2.61
45.2 -1.34 0.259 2.61
45.3 -1.3 0.25 2.6
45.4 -1.26 0.242 2.59
45.5 -1.22 0.233 2.59
45.6 -1.19 0.224 2.58
45.7 -1.15 0.213 2.57
45.8 -1.11 0.202 2.56
45.9 -1.07 0.188 2.55
46.0 -1.03 0.172 2.54
46.1 -0.986 0.154 2.53
46.2 -0.945 0.133 2.51
46.3 -0.907 0.11 2.5
46.4 -0.872 0.0893 2.49
46.5 -0.841 0.0698 2.48
46.6 -0.813 0.0523 2.46
46.7 -0.788 0.0366 2.45
46.8 -0.766 0.0229 2.44
46.9 -0.745 0.0113 2.43
47.0 -0.727 0.00157 2.41
47.1 -0.71 -0.00639 2.4
47.2 -0.694 -0.0126 2.39
47.3 -0.679 -0.0173 2.38
47.4 -0.663 -0.0208 2.37
47.5 -0.647 -0.0235 2.36
47.6 -0.631 -0.0257 2.36
47.7 -0.614 -0.0279 2.35
47.8 -0.596 -0.0306 2.34
47.9 -0.579 -0.0338 2.34
48.0 -0.561 -0.0379 2.33
48.1 -0.543 -0.043 2.32
48.2 -0.526 -0.0492 2.32
48.3 -0.509 -0.0567 2.31
48.4 -0.492 -0.0653 2.31
48.5 -0.477 -0.0749 2.3
48.6 -0.464 -0.0854 2.3
48.7 -0.451 -0.0966 2.3
48.8 -0.44 -0.108 2.29
48.9 -0.43 -0.121 2.29
49.0 -0.422 -0.133 2.29
49.1 -0.416 -0.145 2.28
49.2 -0.41 -0.157 2.28
49.3 -0.407 -0.169 2.28
49.4 -0.404 -0.18 2.28
49.5 -0.402 -0.191 2.27
49.6 -0.401 -0.201 2.27
49.7 -0.401 -0.21 2.27
49.8 -0.401 -0.219 2.27
49.9 -0.402 -0.226 2.27
