0.0 0.0
0.1 -2.98e-17
0.2 -2.98e-17
0.3 -2.98e-17
0.4 -2.98e-17
0.5 -2.98e-17
0.6 -2.98e-17
0.7 -2.98e-17
0.8 0.000977
0.9 0.000977
1.0 0.00122
1.1 0.00122
1.2 0.00122
1.3 0.00114
1.4 0.00114
1.5 0.00114
1.6 0.00114
1.7 0.00102
1.8 0.00108
1.9 0.00107
2.0 0.00107
2.1 0.00106
2.2 0.00106
2.3 0.00105
2.4 0.00105
2.5 0.00104
2.6 0.000808
2.7 0.000801
2.8 0.000792
2.9 0.000706
3.0 0.000696
3.1 0.000656
3.2 0.000647
3.3 0.00055
3.4 0.000872
3.5 0.000783
3.6 0.000774
3.7 0.000736
3.8 0.00066
3.9 0.000598
4.0 0.000549
4.1 0.000466
4.2 0.000457
4.3 0.000412
4.4 0.000311
4.5 0.000319
4.6 0.00026
4.7 0.000249
4.8 0.000249
4.9 0.000233
5.0 0.000217
5.1 0.0002
5.2 0.00018
5.3 0.000156
5.4 0.000106
5.5 5.5e-05
5.6 -1.15e-05
5.7 -0.000107
5.8 -0.000123
5.9 -0.000173
6.0 -0.000293
6.1 -0.00032
6.2 -0.000346
6.3 -0.000414
6.4 -0.000441
6.5 -0.000458
6.6 -0.000507
6.7 -0.000516
6.8 -0.000528
6.9 -0.000539
7.0 -0.000512
7.1 -0.000529
7.2 -0.000545
7.3 -0.000563
7.4 -0.000547
7.5 -0.000578
7.6 -0.000683
7.7 -0.000692
7.8 -0.000698
7.9 -0.000689
8.0 -0.000648
8.1 -0.000657
8.2 -0.000765
8.3 -0.000895
8.4 -0.000903
8.5 -0.000923
8.6 -0.000931
8.7 -0.000938
8.8 -0.000935
8.9 -0.000952
9.0 -0.000957
9.1 -0.000953
9.2 -0.000965
9.3 -0.000968
9.4 -0.00112
9.5 -0.00117
9.6 -0.00117
9.7 -0.00117
9.8 -0.00117
9.9 -0.00116
10.0 -0.00115
10.1 -0.00116
10.2 -0.000633
10.3 0.0112
10.4 0.0132
10.5 0.0131
10.6 0.013
10.7 0.0128
10.8 0.0126
10.9 0.0123
11.0 0.0118
11.1 0.011
11.2 0.00985
11.3 0.00831
11.4 0.00629
11.5 0.00389
11.6 0.00484
11.7 0.00453
11.8 0.00252
11.9 0.00365
12.0 0.00171
12.1 0.00106
12.2 0.00109
12.3 0.00122
12.4 0.0043
12.5 0.00444
12.6 0.00488
12.7 0.00506
12.8 0.00416
12.9 0.00367
13.0 0.0053
13.1 -0.000391
13.2 0.000773
13.3 -4.54e-05
13.4 -0.00158
13.5 -0.00343
13.6 -0.00572
13.7 -0.00852
13.8 -0.0122
13.9 -0.0172
14.0 -0.0152
14.1 -0.0171
14.2 -0.000718
14.3 -0.000297
14.4 -0.00103
14.5 0.000911
14.6 -0.0349
14.7 -0.0337
14.8 -0.0359
14.9 -0.0334
15.0 -0.028
15.1 -0.00858
15.2 0.00235
15.3 0.00776
15.4 0.00972
15.5 0.0097
15.6 0.00878
15.7 0.00878
15.8 0.00547
15.9 0.00453
16.0 0.00289
16.1 0.00165
16.2 0.000887
16.3 0.000461
16.4 0.000241
16.5 0.000241
16.6 0.000241
16.7 0.000156
16.8 0.000113
16.9 8.59e-05
17.0 8.4e-05
17.1 0.000117
17.2 0.000117
17.3 0.000117
17.4 0.000117
17.5 0.000117
17.6 0.000117
17.7 0.000356
17.8 0.00035
17.9 0.000342
18.0 -0.00153
18.1 -0.000893
18.2 -0.000452
18.3 -0.000198
18.4 -3.55e-05
18.5 -4.18e-05
18.6 0.000136
18.7 0.00014
18.8 0.000114
18.9 0.0001
19.0 8.12e-05
19.1 5.82e-05
19.2 3.49e-05
19.3 1.96e-05
19.4 1e-05
19.5 5.3e-06
19.6 2.74e-06
19.7 0.000198
19.8 0.11
19.9 0.111
20.0 0.111
20.1 0.111
20.2 0.114
20.3 0.109
20.4 0.109
20.5 0.109
20.6 0.108
20.7 0.108
20.8 0.108
20.9 0.107
21.0 0.107
21.1 0.107
21.2 0.106
21.3 0.106
21.4 0.105
21.5 0.104
21.6 0.104
21.7 0.103
21.8 0.102
21.9 0.102
22.0 0.101
22.1 0.1
22.2 0.0992
22.3 0.0983
22.4 0.0973
22.5 0.0962
22.6 0.0952
22.7 0.0952
22.8 0.0941
22.9 0.093
23.0 0.0918
23.1 0.0907
23.2 0.0894
23.3 0.0882
23.4 0.0869
23.5 0.0856
23.6 0.0842
23.7 0.0829
23.8 0.0813
23.9 0.0798
24.0 0.0784
24.1 0.0769
24.2 0.0754
24.3 0.0738
24.4 0.0722
24.5 0.0705
24.6 0.0688
24.7 0.0671
24.8 0.0653
24.9 0.0653
25.0 0.0635
25.1 0.0617
25.2 0.0599
25.3 0.058
25.4 0.0562
25.5 0.0543
25.6 0.0524
25.7 0.0504
25.8 0.0484
25.9 0.0465
26.0 0.0444
26.1 0.0424
26.2 0.0404
26.3 0.0383
26.4 0.0362
26.5 0.0341
26.6 0.032
26.7 0.0299
26.8 0.0278
26.9 0.0256
27.0 0.0234
27.1 0.0213
27.2 0.0191
27.3 0.0169
27.4 0.0147
27.5 0.0125
27.6 0.0102
27.7 0.00802
27.8 0.00578
27.9 0.00355
28.0 0.00131
28.1 -0.000937
28.2 -0.00318
28.3 -0.00543
28.4 -0.00768
28.5 -0.00992
28.6 -0.0122
28.7 -0.0144
28.8 -0.0167
28.9 -0.0189
29.0 -0.0211
29.1 -0.0235
29.2 -0.0257
29.3 -0.0279
29.4 -0.0301
29.5 -0.0323
29.6 -0.0345
29.7 -0.0367
29.8 -0.0388
29.9 -0.041
30.0 -0.0431
30.1 -0.0452
30.2 -0.0474
30.3 -0.0495
30.4 -0.0515
30.5 -0.0536
30.6 -0.0557
30.7 -0.0577
30.8 -0.0597
30.9 -0.0617
31.0 -0.0636
31.1 -0.0656
31.2 -0.0675
31.3 -0.0694
31.4 -0.0713
31.5 -0.0731
31.6 -0.075
31.7 -0.0768
31.8 -0.0785
31.9 -0.0803
32.0 -0.082
32.1 -0.0837
32.2 -0.0854
32.3 -0.087
32.4 -0.0886
32.5 -0.0901
32.6 -0.0917
32.7 -0.0931
32.8 -0.0946
32.9 -0.096
33.0 -0.0974
33.1 -0.0986
33.2 -0.1
33.3 -0.101
33.4 -0.103
33.5 -0.104
33.6 -0.105
33.7 -0.107
33.8 -0.108
33.9 -0.108
34.0 -0.108
34.1 -0.109
34.2 -0.109
34.3 -0.109
34.4 -0.11
34.5 -0.11
34.6 -0.11
34.7 -0.11
34.8 -0.111
34.9 -0.112
35.0 -0.112
35.1 -0.113
35.2 -0.113
35.3 -0.114
35.4 -0.114
35.5 -0.115
35.6 -0.115
35.7 -0.115
35.8 -0.116
35.9 -0.116
36.0 -0.116
36.1 -0.116
36.2 -0.116
36.3 -0.116
36.4 -0.121
36.5 -0.128
36.6 -0.137
36.7 -0.147
36.8 -0.156
36.9 -0.166
37.0 -0.175
37.1 -0.184
37.2 -0.193
37.3 -0.202
37.4 -0.211
37.5 -0.22
37.6 -0.229
37.7 -0.238
37.8 -0.246
37.9 -0.255
38.0 -0.263
38.1 -0.272
38.2 -0.28
38.3 -0.288
38.4 -0.297
38.5 -0.305
38.6 -0.312
38.7 -0.32
38.8 -0.328
38.9 -0.336
39.0 -0.343
39.1 -0.35
39.2 -0.358
39.3 -0.365
39.4 -0.372
39.5 -0.379
39.6 -0.385
39.7 -0.392
39.8 -0.398
39.9 -0.405
40.0 -0.411
40.1 -0.417
40.2 -0.423
40.3 -0.428
40.4 -0.434
40.5 -0.439
40.6 -0.444
40.7 -0.45
40.8 -0.454
40.9 -0.459
41.0 -0.464
41.1 -0.468
41.2 -0.472
41.3 -0.476
41.4 -0.48
41.5 -0.484
41.6 -0.488
41.7 -0.491
41.8 -0.494
41.9 -0.497
42.0 -0.5
42.1 -0.502
42.2 -0.505
42.3 -0.507
42.4 -0.509
42.5 -0.511
42.6 -0.513
42.7 -0.514
42.8 -0.515
42.9 -0.517
43.0 -0.517
43.1 -0.518
43.2 -0.519
43.3 -0.519
43.4 -0.444
43.5 -0.447
43.6 -0.452
43.7 -0.461
43.8 -0.47
43.9 -0.479
44.0 -0.488
44.1 -0.496
44.2 -0.504
44.3 -0.512
44.4 -0.52
44.5 -0.528
44.6 -0.535
44.7 -0.543
44.8 -0.55
44.9 -0.557
45.0 -0.563
45.1 -0.57
45.2 -0.576
45.3 -0.582
45.4 -0.588
45.5 -0.593
45.6 -0.599
45.7 -0.604
45.8 -0.609
45.9 -0.613
46.0 -0.618
46.1 -0.622
46.2 -0.626
46.3 -0.63
46.4 -0.634
46.5 -0.637
46.6 -0.64
46.7 -0.643
46.8 -0.645
46.9 -0.645
47.0 -0.648
47.1 -0.649
47.2 -0.651
47.3 -0.653
47.4 -0.654
47.5 -0.655
47.6 -0.655
47.7 -0.656
47.8 -0.661
47.9 -0.668
48.0 -0.677
48.1 -0.686
48.2 -0.695
48.3 -0.703
48.4 -0.711
48.5 -0.719
48.6 -0.727
48.7 -0.734
48.8 -0.741
48.9 -0.748
49.0 -0.755
49.1 -0.761
49.2 -0.767
49.3 -0.773
49.4 -0.778
49.5 -0.784
49.6 -0.788
49.7 -0.793
49.8 -0.797
49.9 -0.801
