0.0 0.0 0.0 0.0
0.1 -8.71e-14 0.0 2.87e-14
0.2 -8.71e-14 0.0 2.87e-14
0.3 -8.71e-14 0.0 2.87e-14
0.4 -8.71e-14 0.0 2.87e-14
0.5 -8.71e-14 0.0 2.87e-14
0.6 -8.71e-14 0.0 2.87e-14
0.7 -32.8 33.1 0.00686
0.8 -32.8 33.1 0.00688
0.9 -32.8 33.1 0.00689
1.0 -32.5 29.3 1.02
1.1 -27.6 -5.47 10.5
1.2 -19.6 -27.4 23.9
1.3 -19.6 -27.4 23.9
1.4 -19.6 -27.4 23.9
1.5 -22.5 -2.1 26.1
1.6 -22.5 -2.1 26.1
1.7 -21.4 -0.613 25.8
1.8 -21.4 -0.613 25.8
1.9 -21.4 -0.613 25.8
2.0 -20.0 0.443 24.3
2.1 -20.0 0.443 24.3
2.2 -20.0 0.443 24.3
2.3 -19.1 0.81 22.4
2.4 -19.1 0.81 22.4
2.5 -18.6 0.793 19.8
2.6 -18.7 0.643 17.9
2.7 -18.7 0.643 17.9
2.8 -18.9 0.473 17.0
2.9 -19.0 0.347 16.4
3.0 -19.0 0.347 16.4
3.1 -19.2 0.231 16.2
3.2 -19.2 0.231 16.2
3.3 -19.3 0.167 16.1
3.4 -19.3 0.167 16.1
3.5 -19.3 0.167 16.1
3.6 -19.3 0.257 16.4
3.7 -19.3 0.257 16.4
3.8 -19.3 0.257 16.4
3.9 -19.3 0.313 16.6
4.0 -19.3 0.313 16.6
4.1 -19.3 0.313 16.6
4.2 -19.3 0.313 16.6
4.3 -19.3 0.338 16.9
4.4 -19.3 0.338 16.9
4.5 -19.3 0.338 16.9
4.6 -19.3 0.33 17.2
4.7 -19.3 0.33 17.2
4.8 -19.3 0.33 17.2
4.9 -19.3 0.307 17.4
5.0 -19.3 0.307 17.4
5.1 -19.3 0.307 17.4
5.2 -19.3 0.307 17.4
5.3 -19.3 0.282 17.6
5.4 -19.3 0.282 17.6
5.5 -19.3 0.282 17.6
5.6 -19.3 0.268 17.7
5.7 -19.3 0.268 17.7
5.8 -19.3 0.268 17.7
5.9 -19.3 0.268 17.7
6.0 -19.3 0.268 17.7
6.1 -19.3 0.268 17.7
6.2 -19.3 0.275 17.7
6.3 -19.3 0.275 17.7
6.4 -19.3 0.277 17.7
6.5 -19.3 0.277 17.7
6.6 -19.3 0.277 17.7
6.7 -19.2 0.214 17.7
6.8 -19.2 0.214 17.7
6.9 -19.2 0.213 17.7
7.0 -19.2 0.211 17.7
7.1 -19.2 0.209 17.7
7.2 -19.2 0.205 17.7
7.3 -19.2 0.201 17.7
7.4 -19.2 0.198 17.7
7.5 -19.2 0.129 17.6
7.6 -19.2 0.129 17.6
7.7 -19.2 0.123 17.5
7.8 -19.2 0.123 17.5
7.9 -19.2 0.123 17.5
8.0 -19.2 0.123 17.5
8.1 -19.2 0.143 17.5
8.2 -19.2 0.143 17.5
8.3 -19.6 0.0746 17.5
8.4 -19.6 0.0743 17.5
8.5 -20.0 -0.0301 17.7
8.6 -20.0 -0.0301 17.7
8.7 -20.0 -0.0301 17.7
8.8 -20.0 -0.03 17.7
8.9 -20.0 -0.0299 17.7
9.0 -20.0 -0.0297 17.7
9.1 -20.0 -0.0296 17.7
9.2 -20.0 -0.0295 17.7
9.3 -20.0 -0.0295 17.7
9.4 -19.6 0.132 17.9
9.5 -19.6 0.132 17.9
9.6 -19.3 0.22 18.1
9.7 -19.3 0.22 18.1
9.8 -19.3 0.22 18.1
9.9 -19.3 0.22 18.1
10.0 -19.4 0.181 18.1
10.1 -19.4 0.181 18.1
10.2 -19.4 0.181 18.1
10.3 -19.5 0.144 18.1
10.4 -19.5 0.144 18.1
10.5 -19.5 0.144 18.1
10.6 -19.5 0.122 18.1
10.7 -19.5 0.122 18.1
10.8 -19.5 0.122 18.1
10.9 -19.5 0.122 18.1
11.0 -19.6 0.116 18.1
11.1 -19.6 0.116 18.1
11.2 -19.6 0.116 18.1
11.3 -19.5 0.116 18.1
11.4 -19.5 0.116 18.1
11.5 -19.5 0.116 18.1
11.6 -19.5 0.116 18.1
11.7 -19.5 0.116 18.1
11.8 -19.5 0.116 18.1
11.9 -19.5 0.116 18.1
12.0 -19.5 0.116 18.1
12.1 -19.5 0.116 18.1
12.2 -19.5 0.116 18.1
12.3 -19.5 0.116 18.1
12.4 -19.5 0.116 18.1
12.5 -19.5 0.116 18.1
12.6 -19.5 0.135 18.1
12.7 -19.5 0.135 18.1
12.8 -19.5 0.142 18.1
12.9 -19.7 0.112 18.2
13.0 -22.3 -0.242 19.2
13.1 -27.1 -0.882 21.9
13.2 -27.8 -0.964 22.1
13.3 -28.0 -0.987 22.2
13.4 -27.9 -0.975 22.2
13.5 -27.8 -0.963 22.2
13.6 -27.4 -0.921 22.1
13.7 -23.9 -0.457 22.9
13.8 -23.9 -0.458 22.9
13.9 -23.5 -0.407 22.8
14.0 -23.7 -0.43 22.9
14.1 -24.0 -0.453 23.0
14.2 -24.2 -0.475 23.1
14.3 -24.4 -0.494 23.1
14.4 -24.6 -0.51 23.2
14.5 -24.7 -0.523 23.2
14.6 -24.8 -0.532 23.3
14.7 -22.2 -0.00646 23.0
14.8 -22.5 -0.0263 23.0
14.9 -22.8 -0.0501 23.1
15.0 -23.1 -0.0753 23.2
15.1 -23.4 -0.1 23.3
15.2 -23.8 -0.124 23.4
15.3 -24.1 -0.144 23.4
15.4 -20.9 0.0918 22.5
15.5 -18.3 0.275 21.7
15.6 -18.3 0.275 21.7
15.7 -17.0 0.358 21.0
15.8 -16.9 0.362 21.0
15.9 -16.9 0.364 20.9
16.0 -16.8 0.365 20.9
16.1 -16.8 0.365 20.8
16.2 -16.8 0.363 20.8
16.3 -16.8 0.363 20.8
16.4 -24.8 -0.409 20.0
16.5 -21.0 -0.131 18.3
16.6 -21.0 -0.131 18.3
16.7 -21.0 -0.131 18.3
16.8 -28.2 -0.993 16.2
16.9 -36.5 -1.6 17.0
17.0 -36.5 -1.6 17.0
17.1 -36.5 -1.6 17.0
17.2 -36.5 -1.6 17.0
17.3 -36.5 -1.6 17.0
17.4 -27.3 -0.869 16.9
17.5 -15.8 0.728 17.2
17.6 -9.97 1.02 17.3
17.7 -11.9 0.943 17.4
17.8 -13.5 0.879 17.4
17.9 -9.24 0.613 17.4
18.0 -9.25 0.613 17.4
18.1 -11.3 0.535 17.4
18.2 -23.7 -0.105 17.8
18.3 -33.7 -0.444 18.1
18.4 -36.5 -0.434 18.2
18.5 -36.5 -0.375 18.3
18.6 -36.5 -0.198 18.4
18.7 -36.5 2.89 19.8
18.8 -36.5 2.7 19.9
18.9 -34.2 1.52 19.8
19.0 -28.9 0.351 19.6
19.1 -29.1 0.352 19.7
19.2 -18.3 -0.877 19.2
19.3 -18.4 -0.877 19.2
19.4 -18.4 -0.877 19.2
19.5 -18.4 -0.877 19.2
19.6 -15.3 -0.747 19.0
19.7 -17.1 0.153 18.3
19.8 -20.8 0.408 18.3
19.9 -21.3 0.436 18.3
20.0 -21.9 0.486 18.4
20.1 -21.9 0.486 18.4
20.2 -27.7 2.27 16.6
20.3 -28.1 2.3 16.6
20.4 -28.1 2.3 16.6
20.5 -36.5 3.02 23.8
20.6 -36.5 3.02 23.8
20.7 -36.5 3.02 23.8
20.8 -36.5 3.02 23.8
20.9 -14.2 -3.76 16.3
21.0 -14.2 -3.76 16.3
21.1 -20.7 -0.493 17.9
21.2 -19.2 -0.775 17.6
21.3 -19.7 -0.762 17.7
21.4 -20.2 -0.756 17.7
21.5 -19.8 -0.718 17.8
21.6 -19.3 -0.672 17.8
21.7 -18.6 -0.645 17.8
21.8 -24.0 0.628 18.9
21.9 -24.2 0.651 19.0
22.0 -23.2 1.15 19.7
22.1 -23.4 1.19 19.7
22.2 -22.7 1.23 20.0
22.3 -22.9 1.31 20.2
22.4 -23.0 1.35 20.3
22.5 -22.8 1.37 20.4
22.6 -19.6 0.781 20.9
22.7 -19.6 0.792 20.9
22.8 -19.6 0.792 20.9
22.9 -19.6 0.792 20.9
23.0 -19.6 0.792 20.9
23.1 -19.6 0.792 20.9
23.2 -19.6 0.792 20.9
23.3 -22.9 0.696 20.3
23.4 -22.9 0.696 20.3
23.5 -22.9 0.696 20.3
23.6 -18.6 -0.331 17.6
23.7 -18.6 -0.331 17.6
23.8 -14.8 -1.23 15.5
23.9 -14.8 -1.23 15.5
24.0 -15.1 -1.1 15.7
24.1 -15.1 -1.1 15.7
24.2 -17.6 -0.472 17.1
24.3 -17.6 -0.472 17.1
24.4 -19.3 -0.0326 17.9
24.5 -19.3 -0.0326 17.9
24.6 -21.6 0.549 19.1
24.7 -21.6 0.549 19.1
24.8 -24.0 1.16 20.0
24.9 -24.0 1.16 20.0
25.0 -24.7 1.36 20.9
25.1 -24.7 1.36 20.9
25.2 -24.4 1.32 21.5
25.3 -22.8 0.937 21.2
25.4 -22.8 0.937 21.2
25.5 -15.0 -1.17 15.8
25.6 -15.0 -1.17 15.8
25.7 -15.0 -1.15 15.6
25.8 -15.0 -1.15 15.6
25.9 -17.2 -0.552 16.7
26.0 -17.2 -0.552 16.7
26.1 -17.2 -0.552 16.7
26.2 -19.4 0.00301 17.8
26.3 -19.4 0.00301 17.8
26.4 -19.6 0.0396 17.8
26.5 -20.1 0.148 18.0
26.6 -19.9 0.209 18.0
26.7 -19.7 0.132 18.0
26.8 -19.7 0.132 18.0
26.9 -19.7 0.132 18.0
27.0 -19.5 0.05 18.0
27.1 -19.5 0.05 18.0
27.2 -19.5 0.05 18.0
27.3 -19.3 -0.0205 18.0
27.4 -19.3 -0.0205 18.0
27.5 -19.3 -0.0205 18.0
27.6 -19.3 -0.0522 18.0
27.7 -19.3 -0.0522 18.0
27.8 -19.3 -0.0464 18.0
27.9 -19.3 -0.0464 18.0
28.0 -19.3 -0.0464 18.0
28.1 -19.3 -0.0464 18.0
28.2 -19.3 -0.0464 18.0
28.3 -19.3 -0.0464 18.0
28.4 -19.3 -0.0464 18.0
28.5 -19.4 -0.000533 17.9
28.6 -19.4 -0.000533 17.9
28.7 -19.4 0.0108 17.9
28.8 -19.4 0.0108 17.9
28.9 -19.4 0.0108 17.9
29.0 -19.4 0.0133 17.9
29.1 -19.4 0.0133 17.9
29.2 -19.4 0.0133 17.9
29.3 -19.4 0.00971 17.9
29.4 -19.4 0.00971 17.9
29.5 -19.4 0.00971 17.9
29.6 -19.4 0.00971 17.9
29.7 -19.4 0.00167 17.9
29.8 -19.4 0.00167 17.9
29.9 -19.4 0.00167 17.9
30.0 -19.4 0.00167 17.9
30.1 -19.4 0.00167 17.9
30.2 -19.4 0.00167 17.9
30.3 -19.4 0.00167 17.9
30.4 -21.2 0.302 18.3
30.5 -21.2 0.302 18.3
30.6 -21.2 0.302 18.3
30.7 -19.9 0.0983 18.2
30.8 -19.9 0.0983 18.2
30.9 -19.9 0.0983 18.2
31.0 -19.0 -0.0525 18.1
31.1 -19.0 -0.0525 18.1
31.2 -19.0 -0.0526 18.1
31.3 -19.0 -0.0526 18.1
31.4 -19.0 -0.0526 18.1
31.5 -19.0 -0.0773 18.0
31.6 -19.0 -0.0773 18.0
31.7 -19.0 -0.0642 17.9
31.8 -19.0 -0.0641 17.9
31.9 -19.0 -0.064 17.9
32.0 -19.0 -0.0639 17.9
32.1 -19.0 -0.0639 17.9
32.2 -19.5 0.0103 18.0
32.3 -20.4 0.162 18.2
32.4 -24.8 0.918 19.2
32.5 -25.0 0.967 19.2
32.6 -22.9 0.736 19.0
32.7 -22.9 0.729 19.0
32.8 -22.9 0.729 19.0
32.9 -19.1 -0.149 18.9
33.0 -18.0 -0.234 18.5
33.1 -17.9 -0.244 18.5
33.2 -17.8 -0.274 18.4
33.3 -17.8 -0.275 18.4
33.4 -17.8 -0.275 18.4
33.5 -17.8 -0.275 18.4
33.6 -18.9 -0.0791 17.6
33.7 -18.9 -0.0791 17.6
33.8 -19.0 -0.102 17.4
33.9 -19.0 -0.102 17.4
34.0 -19.0 -0.102 17.4
34.1 -18.9 -0.229 17.6
34.2 -19.0 -0.171 17.6
34.3 -19.2 -0.0603 17.6
34.4 -19.2 -0.0603 17.6
34.5 -19.7 0.11 17.7
34.6 -19.6 0.103 17.7
34.7 -19.6 0.103 17.7
34.8 -19.6 0.103 17.7
34.9 -19.5 0.0633 17.7
35.0 -19.5 0.0633 17.7
35.1 -19.5 0.0633 17.7
35.2 -19.4 0.0171 17.8
35.3 -19.4 0.0171 17.8
35.4 -19.4 0.0171 17.8
35.5 -19.4 0.0171 17.8
35.6 -19.4 0.0171 17.8
35.7 -19.4 0.0171 17.8
35.8 -19.4 0.0171 17.8
35.9 -19.4 -0.0134 17.8
36.0 -19.4 -0.0134 17.8
36.1 -19.4 -0.025 17.9
36.2 -19.4 -0.025 17.9
36.3 -19.4 -0.025 17.9
36.4 -19.4 -0.025 17.9
36.5 -19.4 -0.025 17.9
36.6 -19.4 -0.025 17.9
36.7 -19.4 -0.0113 17.9
36.8 -19.4 -0.0113 17.9
36.9 -19.4 -0.0113 17.9
37.0 -19.4 -0.000286 17.9
37.1 -19.4 -0.000286 17.9
37.2 -19.4 -0.000286 17.9
37.3 -19.4 -0.000286 17.9
37.4 -19.4 0.00385 18.0
37.5 -19.4 0.00385 18.0
37.6 -19.4 0.00385 18.0
37.7 -19.4 0.00598 17.9
37.8 -19.4 0.00598 17.9
37.9 -19.4 0.00598 17.9
38.0 -19.4 0.00496 17.9
38.1 -19.4 0.00496 17.9
38.2 -19.4 0.00496 17.9
38.3 -19.4 0.00496 17.9
38.4 -19.4 0.00496 17.9
38.5 -19.4 -0.000678 17.9
38.6 -19.4 -0.000678 17.9
38.7 -19.4 -0.000678 17.9
38.8 -19.4 -0.000678 17.9
38.9 -19.4 -0.00575 17.9
39.0 -19.4 -0.00575 17.9
39.1 -19.4 -0.0118 17.9
39.2 -19.4 -0.0118 17.9
39.3 -19.4 -0.0118 17.9
39.4 -19.4 -0.0118 17.9
39.5 -19.4 -0.0138 17.9
39.6 -19.4 -0.0138 17.9
39.7 -19.4 -0.0139 17.9
39.8 -19.4 -0.0173 17.9
39.9 -19.4 -0.0173 17.9
40.0 -19.4 -0.0239 17.9
40.1 -19.4 -0.026 17.9
40.2 -19.4 -0.028 17.9
40.3 -19.4 -0.028 17.9
40.4 -19.4 -0.028 17.9
40.5 -19.4 -0.028 17.9
40.6 -19.4 -0.0347 18.0
40.7 -19.4 -0.0347 18.0
40.8 -19.4 -0.0347 18.0
40.9 -19.4 -0.0347 18.0
41.0 -19.4 -0.0383 18.0
41.1 -19.4 -0.0383 18.0
41.2 -19.3 -0.0393 18.0
41.3 -19.3 -0.0393 18.0
41.4 -19.3 -0.0393 18.0
41.5 -19.3 -0.0393 18.0
41.6 -19.3 -0.0393 18.0
41.7 -19.3 -0.0392 18.0
41.8 -19.3 -0.0392 18.0
41.9 -19.3 -0.0392 18.0
42.0 -19.3 -0.0392 18.0
42.1 -19.3 -0.0392 18.0
42.2 -19.3 -0.0193 18.0
42.3 -19.3 -0.00885 18.0
42.4 -19.3 -0.0088 18.0
42.5 -19.3 -0.00878 18.0
42.6 -19.3 -0.00164 18.0
42.7 -19.3 -0.00162 18.0
42.8 -19.3 -0.00161 18.0
42.9 -19.3 0.00313 18.0
43.0 -19.3 0.00314 18.0
43.1 -19.3 0.00314 18.0
43.2 -19.3 0.00315 18.0
43.3 -19.3 0.00317 18.0
43.4 -19.3 0.00318 18.0
43.5 -19.3 0.031 18.0
43.6 -19.3 0.031 18.0
43.7 -19.3 0.0311 18.0
43.8 -19.3 0.0311 18.0
43.9 -19.3 0.0442 18.0
44.0 -19.3 0.0442 18.0
44.1 -19.3 0.0442 18.0
44.2 -19.3 0.0471 18.1
44.3 -19.3 0.0471 18.1
44.4 -19.3 0.0471 18.1
44.5 -19.3 0.0471 18.1
44.6 -19.3 0.0471 18.1
44.7 -19.4 0.0506 18.1
44.8 -19.4 0.0506 18.1
44.9 -19.4 0.0506 18.1
45.0 -19.4 0.0476 18.1
45.1 -19.4 0.0477 18.1
45.2 -19.4 0.0443 18.1
45.3 -19.4 0.0443 18.1
45.4 -19.4 0.0443 18.1
45.5 -19.4 0.0443 18.1
45.6 -19.4 0.0439 18.1
45.7 -19.4 0.0432 18.1
45.8 -18.7 -0.304 17.6
45.9 -18.7 -0.304 17.6
46.0 -18.7 -0.304 17.6
46.1 -18.7 -0.304 17.6
46.2 -18.8 -0.0411 17.3
46.3 -18.8 -0.0409 17.3
46.4 -19.1 0.314 17.1
46.5 -19.1 0.342 17.0
46.6 -19.1 0.342 17.0
46.7 -19.2 0.363 17.0
46.8 -19.2 0.363 17.0
46.9 -19.2 0.363 17.0
47.0 -19.3 0.398 17.1
47.1 -19.3 0.398 17.1
47.2 -19.3 0.398 17.1
47.3 -19.4 0.403 17.2
47.4 -19.4 0.403 17.2
47.5 -19.5 0.388 17.3
47.6 -19.5 0.388 17.3
47.7 -19.5 0.388 17.3
47.8 -19.5 0.361 17.3
47.9 -19.5 0.361 17.3
48.0 -19.5 0.361 17.3
48.1 -19.7 0.283 17.4
48.2 -19.7 0.283 17.4
48.3 -19.7 0.22 17.4
48.4 -19.7 0.22 17.4
48.5 -19.7 0.22 17.4
48.6 -19.7 0.22 17.4
48.7 -19.8 0.0705 17.4
48.8 -19.8 0.0704 17.4
48.9 -19.8 0.0704 17.4
49.0 -19.8 -0.0583 17.4
49.1 -19.8 -0.0584 17.4
49.2 -19.8 -0.0584 17.4
49.3 -19.8 -0.175 17.4
49.4 -19.8 -0.175 17.4
49.5 -19.8 -0.175 17.4
49.6 -19.8 -0.175 17.4
49.7 -19.7 -0.306 17.4
49.8 -19.7 -0.306 17.4
49.9 -19.7 -0.306 17.4
