0.0 0.104 -2.37e-30 -0.0562 0.119
0.1 0.201 -5.91e-29 -0.107 0.228
0.2 0.291 -4.09e-28 -0.152 0.328
0.3 0.374 -1.57e-27 -0.192 0.42
0.4 0.451 -4.36e-27 -0.228 0.505
0.5 0.522 -9.83e-27 -0.261 0.583
0.6 0.587 -2.06e-07 -0.29 0.655
0.7 0.648 7.12e-07 -0.315 0.721
0.8 0.705 3.64e-06 -0.338 0.782
0.9 0.736 -0.000295 -0.355 0.817
1.0 0.589 -0.00307 -0.339 0.68
1.1 0.453 -0.00505 -0.279 0.532
1.2 0.327 -0.00689 -0.224 0.397
1.3 0.211 -0.0086 -0.175 0.274
1.4 0.145 -0.00891 -0.125 0.192
1.5 0.0846 -0.0092 -0.0791 0.116
1.6 0.041 -0.00918 -0.0398 0.0579
1.7 0.000579 -0.00917 -0.0044 0.0102
1.8 -0.0369 -0.00916 0.0274 0.0468
1.9 -0.0489 -0.00953 0.05 0.0706
2.0 -0.0601 -0.00987 0.07 0.0928
2.1 -0.0704 -0.0102 0.0877 0.113
2.2 -0.0637 -0.0104 0.0962 0.116
2.3 -0.0575 -0.0106 0.104 0.119
2.4 -0.0418 -0.0108 0.1 0.109
2.5 -0.0278 -0.0109 0.09 0.0948
2.6 -0.0149 -0.0109 0.0807 0.0827
2.7 -0.00826 -0.0109 0.0694 0.0707
2.8 -0.00641 -0.0106 0.0574 0.0588
2.9 -0.00471 -0.0104 0.0466 0.048
3.0 -0.00638 -0.00972 0.0362 0.0381
3.1 -0.00793 -0.00907 0.0268 0.0294
3.2 -0.0106 -0.00895 0.0186 0.0232
3.3 -0.0132 -0.00883 0.0112 0.0194
3.4 -0.0155 -0.00872 0.00453 0.0183
3.5 -0.0178 -0.00899 -0.000288 0.02
3.6 -0.02 -0.00924 -0.00461 0.0225
3.7 -0.022 -0.00947 -0.00847 0.0254
3.8 -0.0231 -0.0097 -0.0109 0.0273
3.9 -0.0242 -0.00991 -0.013 0.0292
4.0 -0.0252 -0.0101 -0.0148 0.031
4.1 -0.0262 -0.0103 -0.0165 0.0326
4.2 -0.0261 -0.0103 -0.0167 0.0326
4.3 -0.026 -0.0103 -0.0168 0.0326
4.4 -0.0259 -0.0103 -0.0169 0.0326
4.5 -0.0252 -0.0102 -0.0158 0.0315
4.6 -0.0246 -0.0101 -0.0149 0.0304
4.7 -0.024 -0.0101 -0.0139 0.0295
4.8 -0.0233 -0.00988 -0.0123 0.0281
4.9 -0.0227 -0.00972 -0.0108 0.0269
5.0 -0.0221 -0.00957 -0.00939 0.0258
5.1 -0.0216 -0.00943 -0.00812 0.0249
5.2 -0.0212 -0.00933 -0.00646 0.024
5.3 -0.0209 -0.00923 -0.00494 0.0233
5.4 -0.0206 -0.00914 -0.00358 0.0228
5.5 -0.0205 -0.00907 -0.00202 0.0225
5.6 -0.0204 -0.009 -0.000615 0.0223
5.7 -0.0203 -0.00893 0.000655 0.0222
5.8 -0.0203 -0.00887 0.0018 0.0222
5.9 -0.0203 -0.00881 0.00282 0.0223
6.0 -0.0203 -0.00875 0.00376 0.0224
6.1 -0.0203 -0.00877 0.00467 0.0226
6.2 -0.0204 -0.0088 0.00548 0.0229
6.3 -0.0565 -0.00376 0.0175 0.0593
6.4 -0.111 0.00349 0.0342 0.116
6.5 -0.171 0.0115 0.0521 0.179
6.6 -0.249 0.0264 0.107 0.273
6.7 -0.32 0.04 0.156 0.359
6.8 -0.383 0.0522 0.199 0.435
6.9 -0.438 0.0629 0.237 0.502
7.0 -0.483 0.0721 0.27 0.558
7.1 -0.519 0.0796 0.298 0.604
7.2 -0.545 0.0855 0.321 0.638
7.3 -0.564 0.09 0.341 0.665
7.4 -0.515 0.0815 0.348 0.627
7.5 -0.471 0.0737 0.355 0.595
7.6 -0.457 0.0663 0.367 0.59
7.7 -0.444 0.0595 0.378 0.586
7.8 -0.431 0.0532 0.387 0.582
7.9 -0.42 0.0473 0.395 0.579
8.0 -0.444 0.0495 0.413 0.609
8.1 -0.468 0.0517 0.429 0.637
8.2 -0.481 0.0532 0.442 0.655
8.3 -0.494 0.0547 0.453 0.673
8.4 -0.486 0.0569 0.461 0.673
8.5 -0.48 0.0591 0.468 0.673
8.6 -0.474 0.0612 0.475 0.674
8.7 -0.469 0.0631 0.481 0.675
8.8 -0.465 0.065 0.487 0.676
8.9 -0.461 0.0668 0.492 0.677
9.0 -0.458 0.0684 0.496 0.678
9.1 -0.455 0.07 0.5 0.68
9.2 -0.452 0.0714 0.504 0.681
9.3 -0.423 0.0683 0.496 0.656
9.4 -0.399 0.0655 0.49 0.635
9.5 -0.34 0.0551 0.454 0.57
9.6 -0.289 0.0457 0.422 0.514
9.7 -0.243 0.0372 0.394 0.465
9.8 -0.203 0.0296 0.37 0.423
9.9 -0.165 0.0238 0.336 0.375
10.0 -0.132 0.0188 0.306 0.334
10.1 -0.106 0.0144 0.28 0.3
10.2 -0.0998 0.0127 0.252 0.271
10.3 -0.0962 0.0113 0.227 0.247
10.4 -0.0937 0.0102 0.206 0.226
10.5 -0.0994 0.0114 0.184 0.209
10.6 -0.106 0.0128 0.165 0.196
10.7 -0.115 0.0142 0.148 0.188
10.8 -0.124 0.0158 0.133 0.183
10.9 -0.132 0.0168 0.12 0.179
11.0 -0.141 0.018 0.109 0.179
11.1 -0.149 0.0191 0.0983 0.18
11.2 -0.15 0.0199 0.0887 0.176
11.3 -0.153 0.0207 0.0805 0.174
11.4 -0.158 0.0217 0.0733 0.175
11.5 -0.164 0.0228 0.0672 0.179
11.6 -0.172 0.0241 0.0621 0.184
11.7 -0.182 0.0255 0.0577 0.192
11.8 -0.193 0.027 0.0541 0.202
11.9 -0.205 0.0286 0.051 0.213
12.0 -0.217 0.0301 0.0483 0.225
12.1 -0.23 0.0317 0.0461 0.237
12.2 -0.243 0.0333 0.0441 0.249
12.3 -0.255 0.0348 0.0424 0.261
12.4 -0.267 0.0363 0.0408 0.272
12.5 -0.248 0.034 0.0385 0.253
12.6 -0.233 0.0321 0.0366 0.238
12.7 -0.232 0.0298 0.0354 0.237
12.8 -0.233 0.028 0.0342 0.237
12.9 -0.229 0.0282 0.0304 0.233
13.0 -0.251 0.0353 0.02 0.254
13.1 -0.271 0.0425 0.01 0.275
13.2 -0.291 0.0494 0.000825 0.295
13.3 -0.311 0.0558 -0.00738 0.316
13.4 -0.33 0.0617 -0.0147 0.336
13.5 -0.348 0.067 -0.0212 0.355
13.6 -0.354 0.068 -0.0319 0.362
13.7 -0.361 0.0689 -0.0416 0.37
13.8 -0.37 0.0696 -0.0502 0.38
13.9 -0.38 0.0704 -0.0581 0.391
14.0 -0.391 0.0714 -0.0656 0.402
14.1 -0.402 0.0724 -0.0726 0.415
14.2 -0.413 0.0735 -0.0791 0.427
14.3 -0.424 0.0747 -0.0852 0.439
14.4 -0.435 0.0758 -0.0909 0.451
14.5 -0.445 0.0769 -0.0962 0.462
14.6 -0.441 0.0721 -0.106 0.459
14.7 -0.439 0.0677 -0.116 0.459
14.8 -0.438 0.0638 -0.125 0.459
14.9 -0.438 0.0602 -0.133 0.462
15.0 -0.44 0.0571 -0.141 0.465
15.1 -0.443 0.0542 -0.149 0.47
15.2 -0.447 0.0517 -0.156 0.476
15.3 -0.431 0.047 -0.163 0.463
15.4 -0.393 0.0409 -0.168 0.43
15.5 -0.358 0.0352 -0.174 0.4
15.6 -0.314 0.0292 -0.179 0.362
15.7 -0.276 0.0236 -0.183 0.332
15.8 -0.246 0.0186 -0.188 0.31
15.9 -0.223 0.014 -0.192 0.295
16.0 -0.208 0.00987 -0.197 0.286
16.1 -0.199 0.0062 -0.202 0.283
16.2 -0.191 0.0028 -0.206 0.281
16.3 -0.178 0.00401 -0.236 0.296
16.4 -0.17 0.00537 -0.269 0.318
16.5 -0.163 0.00663 -0.298 0.339
16.6 -0.156 0.0078 -0.323 0.359
16.7 -0.237 0.0169 -0.347 0.42
16.8 -0.312 0.0345 -0.365 0.481
16.9 -0.381 0.0512 -0.381 0.542
17.0 -0.445 0.0674 -0.397 0.6
17.1 -0.505 0.0827 -0.411 0.656
17.2 -0.56 0.098 -0.424 0.709
17.3 -0.605 0.109 -0.428 0.749
17.4 -0.56 0.101 -0.403 0.698
17.5 -0.472 0.0851 -0.355 0.597
17.6 -0.393 0.0715 -0.313 0.507
17.7 -0.325 0.0601 -0.275 0.43
17.8 -0.231 0.0438 -0.227 0.327
17.9 -0.148 0.0288 -0.185 0.239
18.0 -0.09 0.0157 -0.147 0.173
18.1 -0.103 0.00939 -0.112 0.152
18.2 -0.17 0.0699 -0.0894 0.205
18.3 -0.248 0.139 -0.0714 0.293
18.4 -0.319 0.202 -0.0552 0.382
18.5 -0.384 0.254 -0.0403 0.463
18.6 -0.448 0.222 -0.0244 0.501
18.7 -0.507 0.187 -0.00931 0.54
18.8 -0.55 0.133 0.00756 0.566
18.9 -0.561 0.0705 0.0267 0.566
19.0 -0.572 0.0118 0.044 0.574
19.1 -0.524 -0.0172 0.0608 0.528
19.2 -0.48 -0.0441 0.0758 0.488
19.3 -0.44 -0.0692 0.0894 0.454
19.4 -0.403 -0.0925 0.102 0.425
19.5 -0.35 -0.0837 0.111 0.377
19.6 -0.309 0.00288 0.117 0.331
19.7 -0.29 0.0857 0.126 0.328
19.8 -0.273 0.16 0.134 0.344
19.9 -0.26 0.225 0.142 0.372
20.0 -0.248 0.285 0.149 0.406
20.1 -0.266 0.319 0.156 0.444
20.2 -0.284 0.351 0.162 0.479
20.3 -0.3 0.38 0.167 0.513
20.4 -0.368 0.34 0.205 0.541
20.5 -0.43 0.302 0.24 0.578
20.6 -0.488 0.267 0.27 0.618
20.7 -0.541 0.235 0.298 0.661
20.8 -0.476 0.138 0.299 0.579
20.9 -0.416 0.048 0.3 0.515
21.0 -0.396 -0.0175 0.299 0.496
21.1 -0.368 -0.0722 0.296 0.478
21.2 -0.344 -0.124 0.295 0.47
21.3 -0.323 -0.172 0.294 0.47
21.4 -0.296 -0.172 0.295 0.452
21.5 -0.265 -0.149 0.296 0.424
21.6 -0.227 -0.1 0.299 0.389
21.7 -0.216 -0.0191 0.307 0.376
21.8 -0.207 0.0549 0.314 0.38
21.9 -0.196 0.107 0.316 0.387
22.0 -0.188 0.149 0.318 0.398
22.1 -0.177 0.184 0.316 0.406
22.2 -0.17 0.201 0.314 0.409
22.3 -0.167 0.207 0.31 0.409
22.4 -0.168 0.191 0.305 0.397
22.5 -0.158 0.173 0.283 0.367
22.6 -0.148 0.157 0.263 0.34
22.7 -0.14 0.142 0.246 0.316
22.8 -0.132 0.128 0.23 0.294
22.9 -0.124 0.115 0.216 0.274
23.0 -0.117 0.103 0.203 0.256
23.1 -0.111 0.0914 0.192 0.24
23.2 -0.128 0.0909 0.163 0.226
23.3 -0.144 0.0904 0.137 0.218
23.4 -0.159 0.09 0.113 0.215
23.5 -0.146 0.0885 0.0921 0.194
23.6 -0.134 0.087 0.0729 0.176
23.7 -0.105 0.0646 0.0547 0.135
23.8 -0.0773 0.0438 0.0384 0.0968
23.9 -0.05 0.0265 0.0243 0.0616
24.0 -0.0249 0.0103 0.0118 0.0294
24.1 -0.0132 0.00283 0.00643 0.015
24.2 -0.00259 -0.00417 0.00166 0.00518
24.3 -0.000402 -0.00556 0.000956 0.00566
24.4 0.00161 -0.00686 0.000328 0.00705
24.5 -0.0119 -0.00393 0.00819 0.015
24.6 -0.0244 -0.0012 0.0152 0.0288
24.7 -0.0456 0.0155 0.0262 0.0548
24.8 -0.0652 0.031 0.0359 0.0806
24.9 -0.089 0.0425 0.045 0.108
25.0 -0.111 0.0532 0.0532 0.134
25.1 -0.131 0.0597 0.0604 0.156
25.2 -0.141 0.0665 0.0654 0.169
25.3 -0.149 0.0727 0.0698 0.18
25.4 -0.116 0.0671 0.0511 0.143
25.5 -0.0851 0.0618 0.0344 0.111
25.6 -0.0472 0.039 0.0181 0.0638
25.7 -0.0121 0.0177 0.00346 0.0217
25.8 0.00893 0.000158 -0.00413 0.00984
25.9 0.0284 -0.0162 -0.0109 0.0345
26.0 0.0464 -0.0313 -0.017 0.0586
26.1 0.0373 0.00139 -0.015 0.0402
26.2 0.0288 0.0318 -0.0131 0.0449
26.3 0.022 0.0598 -0.0116 0.0647
26.4 0.0184 0.0849 -0.0106 0.0875
26.5 0.0183 0.0855 -0.00995 0.088
26.6 0.0154 0.073 -0.00894 0.0752
26.7 0.0127 0.0614 -0.00805 0.0632
26.8 0.0102 0.0506 -0.00725 0.0521
26.9 0.00751 0.037 -0.00612 0.0383
27.0 0.00503 0.0244 -0.00512 0.0255
27.1 0.00274 0.0128 -0.00422 0.0137
27.2 0.00105 0.00354 -0.00325 0.00492
27.3 -0.000495 -0.00502 -0.00239 0.00558
27.4 -0.00191 -0.013 -0.00162 0.0132
27.5 -0.00232 -0.0158 -0.000948 0.016
27.6 -0.00267 -0.0184 -0.000357 0.0186
27.7 -0.00257 -0.0183 9.46e-05 0.0185
27.8 -0.00245 -0.0183 0.000491 0.0184
27.9 -0.00233 -0.0182 0.00084 0.0184
28.0 -0.0022 -0.0181 0.00114 0.0183
28.1 -0.00205 -0.018 0.00141 0.0182
28.2 -0.00191 -0.018 0.00164 0.0182
28.3 -0.00175 -0.0179 0.00183 0.0181
28.4 -0.00152 -0.0158 0.00174 0.016
28.5 -0.0013 -0.0138 0.00165 0.014
28.6 -0.00113 -0.0117 0.00139 0.0118
28.7 -0.000959 -0.00965 0.00115 0.00976
28.8 -0.00079 -0.00777 0.000935 0.00787
28.9 -0.000836 -0.00681 0.000567 0.00689
29.0 -0.000867 -0.00592 0.000231 0.00599
29.1 -0.000886 -0.00509 -7.66e-05 0.00517
29.2 -0.000888 -0.00467 -0.000426 0.00477
29.3 -0.00088 -0.00428 -0.000746 0.00443
29.4 -0.00086 -0.00391 -0.00104 0.00414
29.5 -0.000833 -0.00357 -0.00131 0.00389
29.6 -0.000822 -0.00383 -0.00166 0.00426
29.7 -0.000802 -0.00408 -0.00199 0.0046
29.8 -0.000774 -0.0043 -0.00229 0.00493
29.9 -0.000736 -0.0045 -0.00256 0.00523
30.0 -0.000693 -0.00469 -0.00282 0.00551
30.1 -0.000644 -0.00486 -0.00305 0.00577
30.2 -0.000592 -0.00501 -0.00327 0.00602
30.3 0.00314 0.00378 -0.00662 0.00825
30.4 0.00661 0.0119 -0.00963 0.0167
30.5 0.0098 0.0195 -0.0123 0.0251
30.6 0.0102 0.0204 -0.0143 0.0269
30.7 0.0105 0.0211 -0.016 0.0285
30.8 0.00913 0.0265 -0.018 0.0333
30.9 0.0072 0.0248 -0.0193 0.0322
31.0 0.00373 0.0281 -0.0209 0.0352
31.1 8.05e-05 0.0325 -0.0225 0.0395
31.2 -0.00378 0.0383 -0.024 0.0454
31.3 -0.00787 0.0457 -0.0256 0.0529
31.4 -0.00851 0.0424 -0.0261 0.0505
31.5 -0.00909 0.0393 -0.0266 0.0483
31.6 -0.0109 0.0338 -0.0274 0.0449
31.7 -0.0175 0.0323 -0.029 0.0468
31.8 -0.0285 0.0345 -0.0312 0.0546
31.9 -0.0411 0.0387 -0.0337 0.0658
32.0 -0.0543 0.0437 -0.0362 0.0785
32.1 -0.0647 0.0486 -0.0389 0.0897
32.2 -0.0698 0.0526 -0.0419 0.097
32.3 -0.0865 0.11 -0.0592 0.152
32.4 -0.1 0.163 -0.0749 0.206
32.5 -0.104 0.197 -0.0909 0.24
32.6 -0.106 0.226 -0.106 0.271
32.7 -0.108 0.253 -0.119 0.3
32.8 -0.0982 0.259 -0.14 0.31
32.9 -0.0753 0.228 -0.159 0.288
33.0 -0.0563 0.202 -0.176 0.274
33.1 -0.0485 0.194 -0.193 0.277
33.2 -0.0412 0.185 -0.208 0.281
33.3 -0.0344 0.176 -0.221 0.284
33.4 -0.0281 0.168 -0.233 0.289
33.5 -0.0149 0.0954 -0.259 0.276
33.6 -0.00265 0.0276 -0.282 0.283
33.7 0.00505 0.00347 -0.306 0.306
33.8 0.0122 -0.0189 -0.327 0.328
33.9 0.0187 -0.0397 -0.346 0.349
34.0 0.0257 -0.0367 -0.363 0.366
34.1 0.0298 -0.0317 -0.368 0.371
34.2 0.0293 -0.0239 -0.354 0.356
34.3 0.0288 -0.0166 -0.341 0.343
34.4 0.022 -0.0101 -0.248 0.249
34.5 0.017 -0.00644 -0.165 0.166
34.6 0.0123 -0.00307 -0.0904 0.0913
34.7 0.00796 5.8e-05 -0.0238 0.0251
34.8 0.00594 0.00309 0.0292 0.0299
34.9 0.00406 0.00591 0.0766 0.077
35.0 0.00232 0.00854 0.119 0.12
35.1 0.00253 0.0101 0.146 0.146
35.2 0.00274 0.0116 0.17 0.17
35.3 0.00294 0.013 0.191 0.192
35.4 0.00313 0.0143 0.21 0.211
35.5 0.00332 0.0155 0.227 0.228
35.6 0.00351 0.0166 0.243 0.243
35.7 0.0037 0.0177 0.257 0.257
35.8 0.00397 0.0169 0.253 0.254
35.9 0.00424 0.0163 0.25 0.251
36.0 0.00428 0.0149 0.235 0.236
36.1 0.00433 0.0137 0.221 0.222
36.2 0.0044 0.0125 0.209 0.209
36.3 0.00447 0.0115 0.198 0.198
36.4 0.00456 0.0106 0.188 0.188
36.5 0.00465 0.0097 0.179 0.179
36.6 0.0041 0.00908 0.162 0.163
36.7 0.00361 0.00854 0.148 0.148
36.8 0.00316 0.00805 0.135 0.135
36.9 0.00441 0.00706 0.118 0.118
37.0 0.00557 0.00618 0.102 0.103
37.1 0.00666 0.00539 0.0887 0.0891
37.2 0.00766 0.00468 0.0764 0.0769
37.3 0.0104 0.00387 0.0632 0.0641
37.4 0.013 0.00314 0.0513 0.053
37.5 0.0154 0.00251 0.0407 0.0436
37.6 0.0177 0.00259 0.0306 0.0355
37.7 0.0199 0.0027 0.0216 0.0295
37.8 0.0219 0.00285 0.0136 0.0259
37.9 0.0234 0.00368 0.00672 0.0246
38.0 0.0248 0.00448 0.000599 0.0252
38.1 0.0261 0.00527 -0.00487 0.0271
38.2 0.0273 0.00604 -0.00977 0.0296
38.3 0.0283 0.00681 -0.0142 0.0324
38.4 0.028 0.00823 -0.0168 0.0337
38.5 0.0276 0.00957 -0.0192 0.035
38.6 0.0273 0.0109 -0.0213 0.0363
38.7 0.027 0.0121 -0.0231 0.0375
38.8 0.0256 0.0136 -0.0234 0.0372
38.9 0.0243 0.0149 -0.0236 0.037
39.0 0.0224 0.0162 -0.0226 0.0358
39.1 0.0207 0.0175 -0.0217 0.0347
39.2 0.0191 0.0188 -0.0208 0.0339
39.3 0.0175 0.02 -0.02 0.0333
39.4 0.0159 0.0209 -0.0184 0.032
39.5 0.0143 0.0218 -0.0169 0.031
39.6 0.0234 0.044 -0.00965 0.0508
39.7 0.0503 0.115 0.0168 0.127
39.8 0.0787 0.191 0.0433 0.211
39.9 0.0834 0.247 0.083 0.273
40.0 0.0735 0.256 0.115 0.29
40.1 0.064 0.259 0.141 0.302
40.2 0.0552 0.262 0.165 0.315
40.3 0.0469 0.266 0.186 0.327
40.4 0.0391 0.268 0.205 0.34
40.5 0.0272 0.229 0.206 0.309
40.6 0.0153 0.196 0.207 0.285
40.7 0.00296 0.169 0.209 0.269
40.8 -0.0101 0.148 0.212 0.258
40.9 -0.0204 0.13 0.204 0.243
41.0 -0.0311 0.115 0.198 0.231
41.1 -0.0407 0.108 0.186 0.218
41.2 -0.0514 0.103 0.175 0.209
41.3 -0.0635 0.101 0.166 0.204
41.4 -0.0772 0.102 0.158 0.203
41.5 -0.0925 0.105 0.151 0.206
41.6 -0.109 0.11 0.146 0.213
41.7 -0.128 0.116 0.141 0.223
41.8 -0.147 0.124 0.137 0.236
41.9 -0.171 0.134 0.134 0.255
42.0 -0.193 0.143 0.131 0.274
42.1 -0.179 0.129 0.122 0.252
42.2 -0.15 0.106 0.11 0.214
42.3 -0.133 0.0874 0.099 0.188
42.4 -0.127 0.0711 0.0898 0.171
42.5 -0.139 0.0567 0.0796 0.17
42.6 -0.155 0.0435 0.0705 0.176
42.7 -0.172 0.0312 0.0624 0.186
42.8 -0.196 0.0182 0.0537 0.204
42.9 -0.22 0.0057 0.0459 0.225
43.0 -0.245 -0.00653 0.039 0.249
43.1 -0.271 -0.0187 0.0327 0.274
43.2 -0.298 -0.0311 0.0271 0.301
43.3 -0.325 -0.0438 0.0219 0.329
43.4 -0.301 -0.0579 0.0155 0.307
43.5 -0.28 -0.0721 0.00966 0.289
43.6 -0.262 -0.0865 0.00435 0.276
43.7 -0.246 -0.101 -0.000496 0.266
43.8 -0.257 -0.149 -0.00856 0.297
43.9 -0.268 -0.196 -0.0159 0.332
44.0 -0.279 -0.241 -0.0227 0.369
44.1 -0.253 -0.254 -0.0298 0.36
44.2 -0.23 -0.269 -0.0363 0.355
44.3 -0.208 -0.283 -0.0422 0.354
44.4 -0.189 -0.297 -0.0476 0.355
44.5 -0.171 -0.31 -0.0525 0.358
44.6 -0.146 -0.331 -0.0598 0.367
44.7 -0.123 -0.354 -0.0667 0.38
44.8 -0.101 -0.378 -0.0733 0.398
44.9 -0.0683 -0.39 -0.0814 0.404
45.0 -0.0376 -0.402 -0.0889 0.413
45.1 -0.00614 -0.401 -0.0966 0.413
45.2 0.0236 -0.402 -0.104 0.415
45.3 0.0519 -0.403 -0.11 0.421
45.4 0.0791 -0.406 -0.117 0.43
45.5 0.106 -0.41 -0.122 0.441
45.6 0.132 -0.415 -0.128 0.454
45.7 0.155 -0.37 -0.132 0.423
45.8 0.178 -0.329 -0.137 0.399
45.9 0.2 -0.291 -0.141 0.38
46.0 0.221 -0.256 -0.144 0.368
46.1 0.278 -0.236 -0.157 0.397
46.2 0.33 -0.217 -0.168 0.429
46.3 0.316 -0.185 -0.174 0.405
46.4 0.303 -0.148 -0.177 0.381
46.5 0.291 -0.115 -0.18 0.361
46.6 0.265 -0.0857 -0.177 0.33
46.7 0.24 -0.0586 -0.175 0.303
46.8 0.219 -0.0331 -0.173 0.281
46.9 0.176 -0.017 -0.16 0.238
47.0 0.136 -0.00182 -0.149 0.201
47.1 0.0995 0.0124 -0.138 0.171
47.2 0.116 0.0357 -0.129 0.177
47.3 0.132 0.058 -0.121 0.188
47.4 0.126 0.0677 -0.11 0.181
47.5 0.121 0.0769 -0.1 0.175
47.6 0.116 0.0857 -0.0916 0.171
47.7 0.11 0.0919 -0.0838 0.166
47.8 0.105 0.0989 -0.0771 0.164
47.9 0.101 0.107 -0.0714 0.164
48.0 0.0853 0.105 -0.0651 0.15
48.1 0.0706 0.104 -0.0596 0.139
48.2 0.0553 0.0967 -0.0538 0.124
48.3 0.0411 0.091 -0.0488 0.111
48.4 0.0276 0.0867 -0.0444 0.101
48.5 0.0146 0.0837 -0.0407 0.0942
48.6 0.00799 0.0684 -0.0353 0.0774
48.7 0.00138 0.0551 -0.0307 0.0631
48.8 -0.00485 0.0427 -0.0265 0.0505
48.9 -0.0111 0.0371 -0.0229 0.0449
49.0 -0.018 0.0327 -0.0199 0.0423
49.1 -0.026 0.0297 -0.0175 0.0432
49.2 -0.0296 0.0268 -0.0154 0.0428
49.3 -0.0335 0.0244 -0.0135 0.0436
49.4 -0.0377 0.0222 -0.0119 0.0453
49.5 -0.0415 0.0202 -0.0105 0.0474
49.6 -0.0381 0.017 -0.00871 0.0426
49.7 -0.0349 0.014 -0.00707 0.0383
49.8 -0.0321 0.0111 -0.00559 0.0344
49.9 -0.0326 0.00748 -0.00554 0.0339
