0.0 0.104 4.53e-26 -0.0563
0.1 0.201 3.72e-26 -0.107
0.2 0.291 -1.68e-24 -0.152
0.3 0.374 -9.63e-24 -0.193
0.4 0.45 -3.04e-23 -0.229
0.5 0.522 -7.31e-23 -0.261
0.6 0.411 0.172 -0.29
0.7 0.308 0.331 -0.316
0.8 0.213 0.479 -0.339
0.9 0.126 0.597 -0.356
1.0 0.073 0.526 -0.341
1.1 0.0662 0.347 -0.285
1.2 0.06 0.18 -0.234
1.3 0.0543 0.0255 -0.188
1.4 0.0337 0.0128 -0.139
1.5 0.0146 0.000979 -0.0946
1.6 0.00275 -0.00229 -0.0554
1.7 -0.00823 -0.00533 -0.0199
1.8 -0.0184 -0.00816 0.012
1.9 -0.0206 -0.00532 0.0359
2.0 -0.0226 -0.00267 0.0571
2.1 -0.0244 -0.000221 0.0759
2.2 -0.0213 0.00396 0.0864
2.3 -0.0184 0.00785 0.0955
2.4 -0.013 0.0114 0.0951
2.5 -0.00819 0.0139 0.0883
2.6 -0.00377 0.0162 0.082
2.7 -0.00081 0.0174 0.0734
2.8 0.00111 0.018 0.0637
2.9 0.00289 0.0185 0.0548
3.0 0.00366 0.0183 0.0458
3.1 0.00437 0.0182 0.0376
3.2 0.00435 0.0177 0.03
3.3 0.00432 0.0173 0.0232
3.4 0.0043 0.0169 0.0169
3.5 0.00411 0.017 0.0122
3.6 0.00394 0.0171 0.00787
3.7 0.00378 0.0172 0.00398
3.8 0.00365 0.0175 0.00126
3.9 0.00353 0.0179 -0.00117
4.0 0.00342 0.0182 -0.00335
4.1 0.00331 0.0185 -0.00529
4.2 0.00326 0.0189 -0.00607
4.3 0.00321 0.0193 -0.00675
4.4 0.00317 0.0196 -0.00735
4.5 0.00317 0.0199 -0.007
4.6 0.00318 0.0202 -0.00666
4.7 0.00319 0.0204 -0.00635
4.8 0.00324 0.0205 -0.00538
4.9 0.00328 0.0206 -0.00451
5.0 0.00333 0.0207 -0.00372
5.1 0.00337 0.0208 -0.003
5.2 0.00346 0.0207 -0.00186
5.3 0.00354 0.0207 -0.000851
5.4 0.00362 0.0206 6.89e-05
5.5 0.00373 0.0205 0.00123
5.6 0.00383 0.0204 0.00226
5.7 0.00392 0.0203 0.00319
5.8 0.004 0.0202 0.004
5.9 0.00408 0.0201 0.00473
6.0 0.00415 0.02 0.00536
6.1 0.00422 0.02 0.00606
6.2 0.00429 0.0199 0.00667
6.3 0.00441 0.0199 0.00727
6.4 0.00453 0.0199 0.0078
6.5 0.00465 0.0199 0.00827
6.6 0.00517 0.0195 0.00857
6.7 0.00565 0.0192 0.00884
6.8 0.00609 0.0189 0.00906
6.9 0.0065 0.0186 0.00923
7.0 0.00687 0.0183 0.00937
7.1 0.00721 0.018 0.00946
7.2 0.00752 0.0177 0.00951
7.3 0.0078 0.0174 0.00953
7.4 0.00798 0.0168 0.00925
7.5 0.00814 0.0162 0.00898
7.6 0.00821 0.0157 0.00852
7.7 0.00827 0.0151 0.00808
7.8 0.00831 0.0147 0.00769
7.9 0.00835 0.0142 0.00732
8.0 0.00833 0.0139 0.00684
8.1 0.0083 0.0136 0.0064
8.2 0.00656 0.0129 0.00618
8.3 0.00495 0.0123 0.00599
8.4 0.00106 0.0112 0.00634
8.5 -0.00254 0.0102 0.00665
8.6 -0.00589 0.00929 0.00693
8.7 -0.009 0.00841 0.00718
8.8 -0.0119 0.00759 0.0074
8.9 -0.0146 0.00683 0.00759
9.0 -0.0171 0.00613 0.00776
9.1 -0.0194 0.00548 0.00791
9.2 -0.0216 0.00487 0.00804
9.3 -0.0214 0.00514 0.00866
9.4 -0.0213 0.00539 0.00922
9.5 -0.0197 0.00607 0.0104
9.6 -0.0183 0.00671 0.0115
9.7 -0.0169 0.0073 0.0125
9.8 -0.0157 0.00785 0.0133
9.9 -0.015 0.00815 0.0142
10.0 -0.0144 0.00844 0.0149
10.1 -0.0139 0.0087 0.0155
10.2 -0.0139 0.00875 0.0161
10.3 -0.0138 0.00879 0.0166
10.4 -0.0138 0.00883 0.017
10.5 -0.014 0.00876 0.0174
10.6 -0.0142 0.00869 0.0177
10.7 -0.0144 0.00862 0.0179
10.8 -0.0145 0.00856 0.0181
10.9 -0.0147 0.00847 0.0182
11.0 -0.0149 0.00838 0.0183
11.1 -0.0151 0.0083 0.0184
11.2 -0.0153 0.00823 0.0183
11.3 -0.0154 0.00815 0.0183
11.4 -0.0156 0.00809 0.0183
11.5 -0.0157 0.00802 0.0182
11.6 -0.0159 0.00796 0.0182
11.7 -0.016 0.00791 0.0181
11.8 -0.0161 0.00785 0.018
11.9 -0.0163 0.0078 0.0179
12.0 -0.0164 0.00775 0.0178
12.1 -0.0166 0.0077 0.0177
12.2 -0.0168 0.00765 0.0176
12.3 -0.0169 0.00761 0.0175
12.4 -0.0171 0.00756 0.0174
12.5 -0.0171 0.00762 0.0172
12.6 -0.017 0.00766 0.0171
12.7 -0.0169 0.00774 0.017
12.8 -0.0181 0.00765 0.0172
12.9 -0.033 0.00573 0.0204
13.0 -0.073 0.00063 0.0319
13.1 -0.114 -0.00453 0.0429
13.2 -0.152 -0.00945 0.0529
13.3 -0.187 -0.014 0.0619
13.4 -0.22 -0.0181 0.0698
13.5 -0.247 -0.0217 0.0767
13.6 -0.254 -0.0227 0.0854
13.7 -0.261 -0.0236 0.093
13.8 -0.265 -0.0241 0.0996
13.9 -0.269 -0.0248 0.106
14.0 -0.275 -0.0255 0.111
14.1 -0.281 -0.0263 0.117
14.2 -0.288 -0.0271 0.121
14.3 -0.296 -0.0279 0.126
14.4 -0.304 -0.0288 0.13
14.5 -0.312 -0.0296 0.134
14.6 -0.305 -0.0277 0.136
14.7 -0.3 -0.026 0.138
14.8 -0.297 -0.0245 0.141
14.9 -0.296 -0.0233 0.143
15.0 -0.297 -0.0222 0.145
15.1 -0.299 -0.0214 0.147
15.2 -0.304 -0.0208 0.15
15.3 -0.29 -0.0189 0.149
15.4 -0.264 -0.0163 0.145
15.5 -0.239 -0.0138 0.142
15.6 -0.21 -0.0111 0.137
15.7 -0.182 -0.00854 0.133
15.8 -0.156 -0.00616 0.128
15.9 -0.132 -0.00395 0.124
16.0 -0.109 -0.00189 0.121
16.1 -0.0879 8.4e-06 0.117
16.2 -0.0684 0.00177 0.114
16.3 -0.0934 -0.000587 0.109
16.4 -0.096 -0.00134 0.0988
16.5 -0.0984 -0.00205 0.0896
16.6 -0.101 -0.0027 0.0813
16.7 -0.142 -0.00777 0.0675
16.8 -0.224 -0.0156 0.0576
16.9 -0.301 -0.0229 0.0488
17.0 -0.372 -0.0297 0.0409
17.1 -0.437 -0.036 0.0338
17.2 -0.498 -0.0419 0.0274
17.3 -0.505 -0.0435 0.0213
17.4 -0.45 -0.0367 0.0166
17.5 -0.367 -0.029 0.0128
17.6 -0.3 -0.0221 0.00954
17.7 -0.247 -0.0161 0.00681
17.8 -0.175 -0.0119 0.0042
17.9 -0.109 -0.00796 0.00185
18.0 -0.0582 -0.00472 -6.47e-05
18.1 -0.078 -0.00502 -0.000714
18.2 -0.15 -0.00705 -0.000216
18.3 -0.233 -0.00889 0.000593
18.4 -0.309 -0.0103 0.00157
18.5 -0.379 -0.0106 0.00279
18.6 -0.444 0.00504 0.00835
18.7 -0.505 0.0186 0.0134
18.8 -0.548 0.0251 0.0177
18.9 -0.56 0.0251 0.0211
19.0 -0.572 0.0251 0.0242
19.1 -0.525 0.0187 0.0257
19.2 -0.481 0.0128 0.027
19.3 -0.441 0.00731 0.0281
19.4 -0.404 0.00219 0.0292
19.5 -0.353 -0.0019 0.0294
19.6 -0.316 -0.00104 0.0274
19.7 -0.301 0.00107 0.0257
19.8 -0.29 0.00319 0.0242
19.9 -0.283 0.00541 0.0229
20.0 -0.276 0.00749 0.0218
20.1 -0.302 0.0186 0.015
20.2 -0.327 0.0292 0.00908
20.3 -0.351 0.039 0.00375
20.4 -0.418 0.0519 0.0217
20.5 -0.48 0.0638 0.0378
20.6 -0.537 0.0749 0.0522
20.7 -0.59 0.0851 0.0651
20.8 -0.519 0.0596 0.0532
20.9 -0.453 0.0359 0.0425
21.0 -0.427 0.0307 0.0379
21.1 -0.395 0.0245 0.0329
21.2 -0.368 0.0188 0.0286
21.3 -0.345 0.0135 0.0248
21.4 -0.322 0.00877 0.0215
21.5 -0.298 0.00461 0.0187
21.6 -0.272 0.000893 0.0161
21.7 -0.277 0.00403 0.0175
21.8 -0.283 0.00706 0.0188
21.9 -0.283 0.0125 0.0222
22.0 -0.284 0.0178 0.0254
22.1 -0.281 0.0228 0.0293
22.2 -0.279 0.028 0.0331
22.3 -0.278 0.033 0.0369
22.4 -0.276 0.0377 0.0409
22.5 -0.256 0.0391 0.0459
22.6 -0.239 0.0405 0.0504
22.7 -0.223 0.0417 0.0545
22.8 -0.208 0.0429 0.0582
22.9 -0.194 0.044 0.0615
23.0 -0.181 0.045 0.0644
23.1 -0.169 0.046 0.0671
23.2 -0.175 0.0463 0.0674
23.3 -0.181 0.0467 0.0676
23.4 -0.187 0.0471 0.0678
23.5 -0.169 0.042 0.0596
23.6 -0.152 0.0374 0.0523
23.7 -0.116 0.0284 0.0393
23.8 -0.0827 0.0201 0.0276
23.9 -0.0538 0.0131 0.0178
24.0 -0.0271 0.00651 0.00906
24.1 -0.0157 0.00366 0.00559
24.2 -0.00521 0.00102 0.00249
24.3 -0.0044 0.00084 0.00196
24.4 -0.00364 0.00067 0.00148
24.5 -0.0155 0.00353 0.00483
24.6 -0.0266 0.00618 0.00784
24.7 -0.0494 0.0118 0.0135
24.8 -0.0706 0.0171 0.0186
24.9 -0.094 0.0229 0.0259
25.0 -0.116 0.0284 0.0324
25.1 -0.134 0.0333 0.0401
25.2 -0.143 0.0358 0.0461
25.3 -0.151 0.0382 0.0514
25.4 -0.116 0.0295 0.0394
25.5 -0.0841 0.0214 0.0286
25.6 -0.0541 0.014 0.0181
25.7 -0.0264 0.00716 0.00875
25.8 -0.0127 0.00386 0.00406
25.9 5.52e-05 0.000795 -0.000143
26.0 0.0118 -0.00205 -0.00391
26.1 0.011 -0.00183 -0.00396
26.2 0.0102 -0.00162 -0.004
26.3 0.00849 -0.00123 -0.00391
26.4 0.00405 -0.000313 -0.00346
26.5 0.000764 0.000863 -0.00293
26.6 -0.00109 0.00156 -0.00241
26.7 -0.00281 0.00221 -0.00194
26.8 -0.00439 0.00282 -0.00153
26.9 -0.00465 0.00296 -0.00116
27.0 -0.0049 0.00309 -0.000841
27.1 -0.00512 0.00321 -0.00055
27.2 -0.00444 0.00296 -0.000332
27.3 -0.0038 0.00273 -0.000138
27.4 -0.00321 0.00252 3.53e-05
27.5 -0.00242 0.00215 0.000116
27.6 -0.00169 0.00182 0.000187
27.7 -0.00111 0.00153 0.000201
27.8 -0.000578 0.00126 0.000212
27.9 -8.3e-05 0.00102 0.000222
28.0 0.000371 0.000784 0.000232
28.1 0.000769 0.000572 0.000247
28.2 0.00113 0.000374 0.000261
28.3 0.00147 0.000189 0.000273
28.4 0.00131 0.000254 0.000223
28.5 0.00116 0.000314 0.000178
28.6 0.000904 0.000428 0.000104
28.7 0.000665 0.000533 3.74e-05
28.8 0.000443 0.00063 -2.27e-05
28.9 0.000256 0.000733 -0.000105
29.0 7.83e-05 0.000829 -0.000177
29.1 -0.000107 0.000919 -0.000236
29.2 -0.00023 0.000985 -0.0003
29.3 -0.000344 0.00105 -0.000358
29.4 -0.000449 0.0011 -0.00041
29.5 -0.000547 0.00115 -0.000458
29.6 -0.000542 0.00116 -0.000505
29.7 -0.000538 0.00116 -0.000548
29.8 -0.000535 0.00117 -0.000587
29.9 -0.000535 0.00117 -0.000621
30.0 -0.000556 0.00118 -0.000646
30.1 -0.000574 0.00118 -0.000668
30.2 -0.00059 0.00119 -0.000689
30.3 -0.0103 0.00274 0.000524
30.4 -0.0194 0.00419 0.00161
30.5 -0.0277 0.00552 0.00258
30.6 -0.0284 0.00572 0.00318
30.7 -0.0291 0.00589 0.00373
30.8 -0.0296 0.00606 0.0042
30.9 -0.0254 0.00542 0.00429
31.0 -0.0214 0.00483 0.00438
31.1 -0.0178 0.00429 0.00445
31.2 -0.0144 0.00378 0.00451
31.3 -0.0113 0.00331 0.00457
31.4 -0.00819 0.00275 0.00431
31.5 -0.00535 0.00222 0.00407
31.6 -0.0032 0.00181 0.00363
31.7 -0.00122 0.00142 0.00323
31.8 0.000607 0.00106 0.00287
31.9 0.00228 0.000735 0.00255
32.0 0.0038 0.000432 0.00227
32.1 0.00272 0.00054 0.00231
32.2 -0.00336 0.00143 0.00292
32.3 -0.0324 0.00617 0.0065
32.4 -0.0607 0.0108 0.00987
32.5 -0.0755 0.014 0.0121
32.6 -0.0889 0.0169 0.014
32.7 -0.101 0.0196 0.0157
32.8 -0.0927 0.0175 0.0172
32.9 -0.0785 0.0152 0.0171
33.0 -0.065 0.013 0.0171
33.1 -0.0517 0.0108 0.0167
33.2 -0.0393 0.00876 0.0164
33.3 -0.0279 0.00687 0.0161
33.4 -0.0173 0.00511 0.0158
33.5 -0.0135 0.0045 0.0129
33.6 -0.00995 0.00394 0.0103
33.7 -0.00733 0.0033 0.00753
33.8 -0.00487 0.00269 0.00501
33.9 -0.00257 0.00212 0.00273
34.0 0.000253 0.000937 0.00137
34.1 0.00225 0.000131 9.36e-05
34.2 0.0029 -4.87e-05 -0.0011
34.3 0.00354 -0.000222 -0.00217
34.4 0.00181 0.000499 -0.00303
34.5 0.000546 0.00113 -0.00374
34.6 -0.000622 0.00172 -0.00438
34.7 -0.0017 0.00226 -0.00496
34.8 -0.00212 0.00256 -0.00533
34.9 -0.00251 0.00284 -0.00566
35.0 -0.00288 0.0031 -0.00595
35.1 -0.00275 0.0031 -0.00604
35.2 -0.00263 0.0031 -0.0061
35.3 -0.00252 0.0031 -0.00616
35.4 -0.00242 0.00311 -0.00621
35.5 -0.00234 0.00311 -0.00625
35.6 -0.00228 0.00312 -0.00627
35.7 -0.00223 0.00312 -0.00629
35.8 -0.002 0.00297 -0.00608
35.9 -0.0018 0.00283 -0.00588
36.0 -0.00158 0.00263 -0.00553
36.1 -0.00138 0.00245 -0.0052
36.2 -0.00121 0.00228 -0.00491
36.3 -0.00106 0.00212 -0.00464
36.4 -0.000937 0.00197 -0.00439
36.5 -0.000833 0.00183 -0.00416
36.6 -0.000825 0.00177 -0.00385
36.7 -0.000835 0.0017 -0.00357
36.8 -0.000873 0.00163 -0.0033
36.9 -0.000941 0.00162 -0.00301
37.0 -0.00101 0.0016 -0.00275
37.1 -0.00109 0.00157 -0.00251
37.2 -0.00117 0.00154 -0.00229
37.3 -0.00123 0.00153 -0.00209
37.4 -0.00129 0.00152 -0.0019
37.5 -0.00136 0.00151 -0.00173
37.6 -0.00142 0.00149 -0.00159
37.7 -0.00149 0.00147 -0.00147
37.8 -0.00157 0.00143 -0.00135
37.9 -0.00164 0.00138 -0.00126
38.0 -0.00169 0.00133 -0.00118
38.1 -0.00174 0.00129 -0.00111
38.2 -0.00178 0.00124 -0.00105
38.3 -0.00182 0.00118 -0.000998
38.4 -0.00185 0.0011 -0.000982
38.5 -0.00187 0.00103 -0.000971
38.6 -0.00189 0.000954 -0.000962
38.7 -0.00191 0.000863 -0.000948
38.8 -0.00194 0.000746 -0.000963
38.9 -0.00196 0.000646 -0.000981
39.0 -0.00199 0.000519 -0.00102
39.1 -0.00202 0.000394 -0.00106
39.2 -0.00204 0.000271 -0.0011
39.3 -0.00206 0.000155 -0.00113
39.4 -0.00207 4.73e-05 -0.00118
39.5 -0.00207 -5.89e-05 -0.00123
39.6 -0.00207 -0.000191 -0.00126
39.7 -0.00204 -0.000312 -0.0013
39.8 -0.002 -0.000402 -0.00134
39.9 -0.00189 -0.000515 -0.00133
40.0 -0.0018 -0.000601 -0.00129
40.1 -0.00172 -0.000657 -0.00124
40.2 -0.00166 -0.000689 -0.0012
40.3 -0.00161 -0.000702 -0.00116
40.4 -0.00157 -0.000686 -0.00112
40.5 -0.0015 -0.000702 -0.00103
40.6 -0.00143 -0.000722 -0.000945
40.7 -0.00138 -0.000738 -0.000863
40.8 -0.00135 -0.000755 -0.000787
40.9 -0.0013 -0.000793 -0.000674
41.0 -0.00128 -0.000829 -0.000571
41.1 -0.00124 -0.000873 -0.000444
41.2 -0.00121 -0.000923 -0.000327
41.3 -0.0012 -0.000977 -0.00022
41.4 -0.0012 -0.00104 -0.000122
41.5 -0.00119 -0.00111 -2.71e-05
41.6 -0.00119 -0.00118 6.18e-05
41.7 -0.0012 -0.00126 0.000142
41.8 -0.00123 -0.00135 0.000215
41.9 -0.00127 -0.00143 0.00028
42.0 -0.00132 -0.00152 0.000339
42.1 -0.00127 -0.00152 0.000445
42.2 -0.00119 -0.00147 0.000573
42.3 -0.00111 -0.00145 0.000688
42.4 -0.00104 -0.00144 0.000798
42.5 -0.000939 -0.00141 0.000921
42.6 -0.00085 -0.0014 0.00103
42.7 -0.000771 -0.00141 0.00113
42.8 -0.0007 -0.00142 0.00124
42.9 -0.000635 -0.00144 0.00133
43.0 -0.000576 -0.00149 0.00142
43.1 -0.000522 -0.00155 0.00149
43.2 -0.000471 -0.00163 0.00156
43.3 -0.000409 -0.00172 0.00162
43.4 -0.00043 -0.00169 0.00172
43.5 -0.000442 -0.00168 0.00182
43.6 -0.000441 -0.00169 0.0019
43.7 -0.000429 -0.00173 0.00197
43.8 -0.000418 -0.00172 0.00207
43.9 -0.000388 -0.00173 0.00215
44.0 -0.000339 -0.00177 0.00222
44.1 -0.000337 -0.0018 0.00234
44.2 -0.000303 -0.00185 0.00245
44.3 -0.000245 -0.0019 0.00254
44.4 -0.00016 -0.00197 0.00262
44.5 -5.04e-05 -0.00205 0.0027
44.6 2.87e-05 -0.00212 0.00279
44.7 0.000138 -0.00219 0.00287
44.8 0.000277 -0.00227 0.00294
44.9 0.000376 -0.00236 0.00304
45.0 0.000505 -0.00243 0.00313
45.1 0.000625 -0.0025 0.00324
45.2 0.000776 -0.00257 0.00334
45.3 0.000957 -0.00262 0.00343
45.4 0.00116 -0.00265 0.0035
45.5 0.0014 -0.00267 0.00356
45.6 0.00166 -0.00267 0.00361
45.7 0.0055 -0.00444 0.00215
45.8 0.00909 -0.00605 0.000835
45.9 0.0124 -0.00751 -0.000349
46.0 0.0156 -0.00884 -0.00141
46.1 0.0179 -0.00867 -0.0032
46.2 0.0201 -0.00848 -0.0048
46.3 0.0206 -0.00642 -0.00705
46.4 0.021 -0.00431 -0.00929
46.5 0.0214 -0.00232 -0.0113
46.6 0.0215 -0.000304 -0.0131
46.7 0.0216 0.00161 -0.0148
46.8 0.0217 0.00344 -0.0162
46.9 0.021 0.00536 -0.0173
47.0 0.0204 0.00719 -0.0183
47.1 0.0198 0.00894 -0.0192
47.2 0.0187 0.0106 -0.0197
47.3 0.0176 0.0122 -0.0201
47.4 0.0162 0.0137 -0.0202
47.5 0.0148 0.0151 -0.0203
47.6 0.0135 0.0164 -0.0204
47.7 0.0119 0.0175 -0.0204
47.8 0.0104 0.0186 -0.0203
47.9 0.00892 0.0196 -0.0203
48.0 0.00689 0.0202 -0.0201
48.1 0.00496 0.0207 -0.02
48.2 0.00281 0.0209 -0.0197
48.3 0.000772 0.021 -0.0195
48.4 -0.00117 0.0212 -0.0193
48.5 -0.00302 0.0214 -0.0191
48.6 -0.00511 0.0207 -0.0189
48.7 -0.00709 0.0201 -0.0188
48.8 -0.00898 0.0195 -0.0186
48.9 -0.0108 0.0182 -0.0184
49.0 -0.0126 0.0171 -0.0183
49.1 -0.0143 0.0159 -0.0181
49.2 -0.0157 0.0142 -0.018
49.3 -0.017 0.0126 -0.0179
49.4 -0.0183 0.0111 -0.0178
49.5 -0.0195 0.00963 -0.0177
49.6 -0.0202 0.00754 -0.0176
49.7 -0.0208 0.00555 -0.0176
49.8 -0.0214 0.00365 -0.0175
49.9 -0.0213 0.00131 -0.0175
