0.0 0.0
0.1 -2.98e-17
0.2 -2.98e-17
0.3 -2.98e-17
0.4 -2.98e-17
0.5 -2.98e-17
0.6 -2.98e-17
0.7 0.00798
0.8 0.00798
0.9 0.00797
1.0 0.00809
1.1 0.00808
1.2 0.00807
1.3 0.00805
1.4 0.00804
1.5 0.00802
1.6 0.008
1.7 0.00794
1.8 0.00792
1.9 0.00789
2.0 0.00787
2.1 0.00783
2.2 0.00779
2.3 0.00775
2.4 0.00771
2.5 0.00767
2.6 0.00761
2.7 0.00756
2.8 0.00751
2.9 0.00745
3.0 0.00739
3.1 0.00733
3.2 0.00727
3.3 0.00718
3.4 0.00711
3.5 0.00704
3.6 0.00695
3.7 0.00687
3.8 0.00678
3.9 0.0067
4.0 0.00661
4.1 0.00652
4.2 0.00643
4.3 0.0063
4.4 0.00621
4.5 0.00611
4.6 0.006
4.7 0.0059
4.8 0.00579
4.9 0.00568
5.0 0.00557
5.1 0.00545
5.2 0.00534
5.3 0.00523
5.4 0.00511
5.5 0.00499
5.6 0.00488
5.7 0.00476
5.8 0.00463
5.9 0.0045
6.0 0.00437
6.1 0.00423
6.2 0.00409
6.3 0.00395
6.4 0.00381
6.5 0.00367
6.6 0.00353
6.7 0.00339
6.8 0.00323
6.9 0.00317
7.0 0.00304
7.1 0.00283
7.2 0.00262
7.3 0.00241
7.4 0.00228
7.5 0.00211
7.6 0.00196
7.7 0.00179
7.8 0.00168
7.9 0.00146
8.0 0.0012
8.1 0.00104
8.2 0.000953
8.3 0.000774
8.4 0.000584
8.5 0.000422
8.6 0.00027
8.7 0.000212
8.8 0.000129
8.9 -0.00014
9.0 -0.000299
9.1 -0.000642
9.2 -0.000647
9.3 -0.000826
9.4 -0.000992
9.5 -0.00124
9.6 -0.0014
9.7 -0.00148
9.8 -0.00166
9.9 -0.00178
10.0 -0.00191
10.1 -0.00206
10.2 -0.00222
10.3 -0.00238
10.4 -0.0025
10.5 -0.00265
10.6 -0.00282
10.7 -0.00298
10.8 -0.00314
10.9 -0.00329
11.0 -0.00344
11.1 -0.00366
11.2 -0.00381
11.3 -0.00395
11.4 -0.0041
11.5 -0.00424
11.6 -0.00439
11.7 -0.00453
11.8 -0.00467
11.9 -0.00481
12.0 -0.00495
12.1 -0.00509
12.2 -0.00506
12.3 -0.00514
12.4 -0.00546
12.5 -0.00571
12.6 -0.00584
12.7 -0.00597
12.8 -0.00609
12.9 -0.00621
13.0 -0.00632
13.1 -0.00643
13.2 -0.00652
13.3 -0.0067
13.4 -0.00681
13.5 -0.00692
13.6 -0.00699
13.7 -0.0071
13.8 -0.0072
13.9 -0.0073
14.0 -0.00743
14.1 -0.00753
14.2 -0.00762
14.3 -0.0077
14.4 -0.00778
14.5 -0.0079
14.6 -0.00797
14.7 -0.00806
14.8 -0.00812
14.9 -0.00819
15.0 -0.00826
15.1 -0.00833
15.2 -0.00846
15.3 -0.00851
15.4 -0.00856
15.5 -0.00861
15.6 -0.00854
15.7 -0.00859
15.8 -0.00863
15.9 -0.00865
16.0 -0.00869
16.1 -0.00872
16.2 -0.00876
16.3 -0.00876
16.4 -0.00875
16.5 -0.00877
16.6 -0.00877
16.7 -0.00877
16.8 -0.00878
16.9 -0.0125
17.0 -0.0123
17.1 0.0058
17.2 0.00676
17.3 0.0102
17.4 0.0102
17.5 0.0102
17.6 0.0102
17.7 0.0102
17.8 0.0101
17.9 0.0101
18.0 0.0101
18.1 0.0101
18.2 0.0101
18.3 0.0101
18.4 0.01
18.5 0.01
18.6 0.00997
18.7 0.00995
18.8 0.00992
18.9 0.00989
19.0 0.00982
19.1 0.00972
19.2 0.0097
19.3 0.00962
19.4 0.00955
19.5 0.00949
19.6 0.00943
19.7 0.00936
19.8 0.0093
19.9 0.00922
20.0 0.00914
20.1 0.00914
20.2 0.00907
20.3 0.00898
20.4 0.00898
20.5 0.00889
20.6 0.00889
20.7 0.00889
20.8 0.00889
20.9 0.00899
21.0 0.00885
21.1 0.00873
21.2 0.00861
21.3 0.0085
21.4 0.00837
21.5 0.00823
21.6 0.0081
21.7 0.00762
21.8 0.00746
21.9 0.00731
22.0 0.00716
22.1 0.00701
22.2 0.00684
22.3 0.00668
22.4 0.00652
22.5 0.00636
22.6 0.0062
22.7 0.00603
22.8 0.00603
22.9 0.00603
23.0 0.00603
23.1 0.00603
23.2 0.00603
23.3 0.00575
23.4 0.00575
23.5 0.00575
23.6 0.00552
23.7 0.00552
23.8 0.00533
23.9 0.00533
24.0 0.00512
24.1 0.00512
24.2 0.00493
24.3 0.00493
24.4 0.00473
24.5 0.00473
24.6 0.00451
24.7 0.00451
24.8 0.00426
24.9 0.00426
25.0 0.00403
25.1 0.00403
25.2 0.0038
25.3 0.00372
25.4 0.00372
25.5 0.00349
25.6 0.00349
25.7 0.00321
25.8 0.00321
25.9 0.00296
26.0 0.00273
26.1 0.00273
26.2 -0.00254
26.3 -0.00254
26.4 -0.00281
26.5 -0.00304
26.6 -0.00327
26.7 -0.0035
26.8 -0.00373
26.9 -0.00396
27.0 -0.00419
27.1 -0.00441
27.2 -0.00464
27.3 -0.00486
27.4 -0.00508
27.5 -0.00531
27.6 -0.00553
27.7 -0.00574
27.8 -0.00593
27.9 -0.00614
28.0 -0.00635
28.1 -0.00656
28.2 -0.00677
28.3 -0.00697
28.4 -0.00718
28.5 -0.00738
28.6 -0.00758
28.7 -0.00777
28.8 -0.00797
28.9 -0.00816
29.0 -0.00834
29.1 -0.00852
29.2 -0.00871
29.3 -0.00888
29.4 -0.00906
29.5 -0.00923
29.6 -0.0094
29.7 -0.00956
29.8 -0.00972
29.9 -0.00988
30.0 -0.01
30.1 -0.0102
30.2 -0.0103
30.3 -0.0105
30.4 -0.0106
30.5 -0.0108
30.6 -0.0109
30.7 -0.011
30.8 -0.0111
30.9 -0.0112
31.0 -0.0113
31.1 -0.0114
31.2 -0.0115
31.3 -0.0117
31.4 -0.0117
31.5 -0.0118
31.6 -0.0119
31.7 -0.012
31.8 -0.0121
31.9 -0.0121
32.0 -0.0122
32.1 -0.0123
32.2 -0.0124
32.3 -0.0125
32.4 -0.0125
32.5 -0.0126
32.6 -0.0126
32.7 -0.0127
32.8 -0.0127
32.9 -0.0127
33.0 -0.0127
33.1 -0.0128
33.2 -0.0129
33.3 -0.0129
33.4 -0.0129
33.5 -0.0177
33.6 -0.0253
33.7 -0.0265
33.8 -0.0361
33.9 -0.0361
34.0 -0.0361
34.1 -0.0485
34.2 -0.0581
34.3 -0.0676
34.4 -0.0676
34.5 -0.077
34.6 -0.0865
34.7 -0.0959
34.8 -0.105
34.9 -0.115
35.0 -0.124
35.1 -0.133
35.2 -0.142
35.3 -0.152
35.4 -0.161
35.5 -0.17
35.6 -0.179
35.7 -0.188
35.8 -0.197
35.9 -0.205
36.0 -0.214
36.1 -0.223
36.2 -0.232
36.3 -0.24
36.4 -0.249
36.5 -0.257
36.6 -0.265
36.7 -0.273
36.8 -0.282
36.9 -0.29
37.0 -0.297
37.1 -0.305
37.2 -0.313
37.3 -0.321
37.4 -0.328
37.5 -0.335
37.6 -0.343
37.7 -0.35
37.8 -0.357
37.9 -0.364
38.0 -0.37
38.1 -0.377
38.2 -0.383
38.3 -0.39
38.4 -0.396
38.5 -0.402
38.6 -0.408
38.7 -0.414
38.8 -0.419
38.9 -0.425
39.0 -0.43
39.1 -0.435
39.2 -0.44
39.3 -0.445
39.4 -0.45
39.5 -0.454
39.6 -0.459
39.7 -0.463
39.8 -0.467
39.9 -0.471
40.0 -0.474
40.1 -0.478
40.2 -0.481
40.3 -0.484
40.4 -0.487
40.5 -0.49
40.6 -0.492
40.7 -0.495
40.8 -0.497
40.9 -0.499
41.0 -0.501
41.1 -0.503
41.2 -0.504
41.3 -0.505
41.4 -0.506
41.5 -0.507
41.6 -0.508
41.7 -0.509
41.8 -0.509
41.9 -0.514
42.0 -0.462
42.1 -0.466
42.2 -0.475
42.3 -0.484
42.4 -0.493
42.5 -0.502
42.6 -0.51
42.7 -0.518
42.8 -0.526
42.9 -0.534
43.0 -0.542
43.1 -0.549
43.2 -0.556
43.3 -0.563
43.4 -0.57
43.5 -0.577
43.6 -0.583
43.7 -0.589
43.8 -0.595
43.9 -0.601
44.0 -0.607
44.1 -0.612
44.2 -0.617
44.3 -0.622
44.4 -0.627
44.5 -0.631
44.6 -0.635
44.7 -0.639
44.8 -0.643
44.9 -0.646
45.0 -0.649
45.1 -0.652
45.2 -0.655
45.3 -0.657
45.4 -0.66
45.5 -0.662
45.6 -0.663
45.7 -0.665
45.8 -0.666
45.9 -0.667
46.0 -0.668
46.1 -0.668
46.2 -0.669
46.3 -0.673
46.4 -0.68
46.5 -0.689
46.6 -0.698
46.7 -0.706
46.8 -0.714
46.9 -0.722
47.0 -0.73
47.1 -0.738
47.2 -0.745
47.3 -0.752
47.4 -0.758
47.5 -0.765
47.6 -0.771
47.7 -0.776
47.8 -0.782
47.9 -0.787
48.0 -0.792
48.1 -0.796
48.2 -0.801
48.3 -0.805
48.4 -0.808
48.5 -0.812
48.6 -0.815
48.7 -0.818
48.8 -0.82
48.9 -0.822
49.0 -0.824
49.1 -0.826
49.2 -0.827
49.3 -0.828
49.4 -0.829
49.5 -0.829
49.6 -0.834
49.7 -0.841
49.8 -0.85
49.9 -0.858
