0.0 2.51 -6.32e-22 0.997
0.1 2.52 -9.57e-21 0.989
0.2 2.55 -4.55e-20 0.976
0.3 2.58 -1.35e-19 0.959
0.4 2.62 -3.1e-19 0.938
0.5 2.67 -6.05e-19 0.913
0.6 2.72 2.71e-06 0.886
0.7 2.79 2.29e-05 0.855
0.8 2.85 8.03e-05 0.823
0.9 2.93 0.000179 0.788
1.0 2.99 0.000172 0.753
1.1 3.04 -5.02e-05 0.722
1.2 3.08 -0.000463 0.697
1.3 3.11 -0.00107 0.677
1.4 3.13 -0.00182 0.663
1.5 3.14 -0.00262 0.652
1.6 3.15 -0.00347 0.646
1.7 3.15 -0.00436 0.644
1.8 3.15 -0.0053 0.645
1.9 3.14 -0.00631 0.649
2.0 3.14 -0.00738 0.655
2.1 3.13 -0.00851 0.663
2.2 3.12 -0.00968 0.672
2.3 3.12 -0.0109 0.682
2.4 3.11 -0.0121 0.693
2.5 3.11 -0.0133 0.702
2.6 3.11 -0.0144 0.711
2.7 3.1 -0.0155 0.718
2.8 3.1 -0.0166 0.725
2.9 3.1 -0.0177 0.73
3.0 3.1 -0.0187 0.734
3.1 3.1 -0.0197 0.737
3.2 3.1 -0.0206 0.739
3.3 3.1 -0.0216 0.741
3.4 3.1 -0.0225 0.742
3.5 3.1 -0.0235 0.742
3.6 3.1 -0.0245 0.741
3.7 3.09 -0.0255 0.741
3.8 3.09 -0.0266 0.74
3.9 3.09 -0.0277 0.739
4.0 3.09 -0.0289 0.737
4.1 3.08 -0.03 0.736
4.2 3.08 -0.0312 0.734
4.3 3.08 -0.0324 0.732
4.4 3.08 -0.0336 0.731
4.5 3.07 -0.0348 0.729
4.6 3.07 -0.036 0.728
4.7 3.07 -0.0372 0.726
4.8 3.07 -0.0383 0.725
4.9 3.06 -0.0395 0.724
5.0 3.06 -0.0406 0.723
5.1 3.06 -0.0417 0.722
5.2 3.06 -0.0428 0.721
5.3 3.06 -0.0439 0.72
5.4 3.05 -0.045 0.72
5.5 3.05 -0.0461 0.72
5.6 3.05 -0.0472 0.72
5.7 3.05 -0.0482 0.72
5.8 3.05 -0.0493 0.72
5.9 3.04 -0.0504 0.72
6.0 3.04 -0.0514 0.72
6.1 3.04 -0.0525 0.721
6.2 3.04 -0.0536 0.721
6.3 3.03 -0.0546 0.722
6.4 3.03 -0.0554 0.725
6.5 3.01 -0.056 0.729
6.6 2.99 -0.0562 0.737
6.7 2.96 -0.0558 0.751
6.8 2.93 -0.0548 0.768
6.9 2.89 -0.0533 0.79
7.0 2.84 -0.0514 0.816
7.1 2.79 -0.0491 0.844
7.2 2.73 -0.0465 0.875
7.3 2.68 -0.0437 0.908
7.4 2.62 -0.0411 0.943
7.5 2.57 -0.0387 0.978
7.6 2.53 -0.0369 1.01
7.7 2.48 -0.0356 1.05
7.8 2.44 -0.0349 1.09
7.9 2.39 -0.0346 1.13
8.0 2.35 -0.0347 1.17
8.1 2.31 -0.0348 1.21
8.2 2.26 -0.035 1.25
8.3 2.21 -0.0353 1.3
8.4 2.16 -0.0354 1.35
8.5 2.11 -0.0352 1.39
8.6 2.06 -0.0347 1.44
8.7 2.02 -0.034 1.49
8.8 1.97 -0.0331 1.53
8.9 1.92 -0.032 1.58
9.0 1.87 -0.0307 1.63
9.1 1.83 -0.0292 1.68
9.2 1.78 -0.0275 1.73
9.3 1.74 -0.0257 1.78
9.4 1.7 -0.0239 1.83
9.5 1.66 -0.0223 1.88
9.6 1.63 -0.021 1.92
9.7 1.6 -0.02 1.96
9.8 1.58 -0.0193 2.0
9.9 1.56 -0.0188 2.04
10.0 1.54 -0.0184 2.07
10.1 1.53 -0.0182 2.1
10.2 1.52 -0.018 2.13
10.3 1.51 -0.018 2.15
10.4 1.5 -0.018 2.17
10.5 1.49 -0.0181 2.19
10.6 1.48 -0.018 2.21
10.7 1.47 -0.018 2.22
10.8 1.46 -0.0178 2.24
10.9 1.45 -0.0177 2.25
11.0 1.43 -0.0175 2.26
11.1 1.42 -0.0173 2.27
11.2 1.4 -0.017 2.28
11.3 1.39 -0.0166 2.29
11.4 1.37 -0.0162 2.3
11.5 1.36 -0.0158 2.3
11.6 1.34 -0.0152 2.31
11.7 1.32 -0.0147 2.32
11.8 1.3 -0.014 2.32
11.9 1.28 -0.0133 2.33
12.0 1.26 -0.0126 2.33
12.1 1.24 -0.0118 2.34
12.2 1.21 -0.011 2.34
12.3 1.19 -0.0101 2.35
12.4 1.16 -0.00914 2.35
12.5 1.14 -0.00815 2.35
12.6 1.11 -0.00718 2.36
12.7 1.09 -0.00631 2.36
12.8 1.07 -0.00561 2.37
12.9 1.04 -0.00494 2.37
13.0 1.02 -0.00395 2.37
13.1 0.993 -0.00239 2.37
13.2 0.964 -0.000277 2.37
13.3 0.934 0.00238 2.37
13.4 0.901 0.00553 2.37
13.5 0.867 0.00914 2.37
13.6 0.831 0.013 2.37
13.7 0.795 0.017 2.36
13.8 0.758 0.0211 2.36
13.9 0.72 0.0252 2.35
14.0 0.681 0.0294 2.35
14.1 0.641 0.0337 2.34
14.2 0.6 0.0381 2.33
14.3 0.558 0.0427 2.32
14.4 0.514 0.0473 2.32
14.5 0.47 0.0521 2.31
14.6 0.425 0.0568 2.3
14.7 0.381 0.0611 2.29
14.8 0.337 0.0651 2.27
14.9 0.293 0.0688 2.26
15.0 0.249 0.0722 2.25
15.1 0.204 0.0755 2.23
15.2 0.16 0.0785 2.22
15.3 0.116 0.0814 2.2
15.4 0.0743 0.0838 2.18
15.5 0.0365 0.086 2.17
15.6 0.00286 0.0878 2.15
15.7 -0.0267 0.0893 2.13
15.8 -0.0528 0.0904 2.11
15.9 -0.0763 0.0912 2.09
16.0 -0.0979 0.0917 2.07
16.1 -0.118 0.0919 2.05
16.2 -0.138 0.0918 2.03
16.3 -0.156 0.0917 2.01
16.4 -0.173 0.0918 1.99
16.5 -0.19 0.092 1.96
16.6 -0.206 0.0924 1.93
16.7 -0.226 0.0934 1.89
16.8 -0.253 0.0956 1.86
16.9 -0.288 0.0995 1.82
17.0 -0.329 0.105 1.78
17.1 -0.377 0.112 1.74
17.2 -0.43 0.121 1.7
17.3 -0.489 0.131 1.66
17.4 -0.547 0.142 1.62
17.5 -0.598 0.151 1.58
17.6 -0.642 0.159 1.54
17.7 -0.678 0.165 1.52
17.8 -0.705 0.17 1.49
17.9 -0.724 0.174 1.47
18.0 -0.736 0.176 1.45
18.1 -0.746 0.177 1.44
18.2 -0.76 0.181 1.43
18.3 -0.781 0.191 1.42
18.4 -0.809 0.208 1.42
18.5 -0.845 0.231 1.41
18.6 -0.887 0.254 1.41
18.7 -0.935 0.273 1.41
18.8 -0.988 0.288 1.41
18.9 -1.04 0.297 1.41
19.0 -1.1 0.3 1.41
19.1 -1.16 0.298 1.42
19.2 -1.21 0.294 1.42
19.3 -1.25 0.287 1.43
19.4 -1.29 0.277 1.44
19.5 -1.33 0.267 1.45
19.6 -1.36 0.262 1.46
19.7 -1.39 0.265 1.48
19.8 -1.42 0.276 1.49
19.9 -1.45 0.294 1.5
20.0 -1.48 0.318 1.52
20.1 -1.5 0.347 1.53
20.2 -1.53 0.379 1.55
20.3 -1.56 0.414 1.56
20.4 -1.6 0.448 1.58
20.5 -1.64 0.477 1.61
20.6 -1.69 0.503 1.63
20.7 -1.74 0.524 1.66
20.8 -1.79 0.539 1.69
20.9 -1.84 0.545 1.72
21.0 -1.88 0.543 1.75
21.1 -1.92 0.536 1.78
21.2 -1.95 0.523 1.81
21.3 -1.98 0.506 1.84
21.4 -2.01 0.486 1.87
21.5 -2.04 0.467 1.9
21.6 -2.06 0.453 1.93
21.7 -2.08 0.445 1.96
21.8 -2.11 0.444 1.99
21.9 -2.13 0.451 2.02
22.0 -2.15 0.461 2.05
22.1 -2.17 0.476 2.08
22.2 -2.19 0.493 2.11
22.3 -2.21 0.512 2.15
22.4 -2.22 0.53 2.18
22.5 -2.24 0.546 2.21
22.6 -2.26 0.561 2.23
22.7 -2.28 0.574 2.26
22.8 -2.29 0.585 2.28
22.9 -2.3 0.596 2.3
23.0 -2.32 0.605 2.33
23.1 -2.33 0.613 2.35
23.2 -2.34 0.621 2.36
23.3 -2.36 0.628 2.38
23.4 -2.37 0.635 2.39
23.5 -2.39 0.642 2.4
23.6 -2.41 0.649 2.41
23.7 -2.42 0.655 2.42
23.8 -2.43 0.659 2.42
23.9 -2.44 0.661 2.42
24.0 -2.44 0.663 2.42
24.1 -2.44 0.663 2.43
24.2 -2.44 0.663 2.43
24.3 -2.44 0.662 2.43
24.4 -2.44 0.662 2.43
24.5 -2.44 0.661 2.43
24.6 -2.44 0.66 2.43
24.7 -2.45 0.661 2.43
24.8 -2.45 0.662 2.43
24.9 -2.46 0.664 2.44
25.0 -2.47 0.668 2.44
25.1 -2.49 0.671 2.45
25.2 -2.5 0.675 2.45
25.3 -2.51 0.68 2.46
25.4 -2.53 0.684 2.47
25.5 -2.54 0.689 2.47
25.6 -2.55 0.693 2.47
25.7 -2.55 0.695 2.47
25.8 -2.55 0.696 2.47
25.9 -2.55 0.696 2.47
26.0 -2.55 0.694 2.47
26.1 -2.54 0.693 2.47
26.2 -2.54 0.695 2.47
26.3 -2.54 0.7 2.47
26.4 -2.54 0.708 2.47
26.5 -2.54 0.717 2.47
26.6 -2.53 0.725 2.47
26.7 -2.53 0.732 2.46
26.8 -2.53 0.737 2.46
26.9 -2.53 0.742 2.46
27.0 -2.53 0.745 2.46
27.1 -2.53 0.747 2.46
27.2 -2.53 0.748 2.46
27.3 -2.53 0.747 2.46
27.4 -2.53 0.747 2.46
27.5 -2.53 0.745 2.46
27.6 -2.53 0.743 2.46
27.7 -2.53 0.742 2.46
27.8 -2.53 0.74 2.46
27.9 -2.53 0.738 2.46
28.0 -2.53 0.736 2.46
28.1 -2.53 0.734 2.46
28.2 -2.53 0.732 2.46
28.3 -2.53 0.731 2.46
28.4 -2.53 0.729 2.46
28.5 -2.53 0.727 2.46
28.6 -2.53 0.726 2.46
28.7 -2.53 0.725 2.46
28.8 -2.53 0.724 2.46
28.9 -2.53 0.723 2.46
29.0 -2.53 0.723 2.46
29.1 -2.53 0.722 2.46
29.2 -2.53 0.722 2.46
29.3 -2.53 0.721 2.46
29.4 -2.53 0.721 2.46
29.5 -2.53 0.721 2.46
29.6 -2.53 0.72 2.46
29.7 -2.53 0.72 2.46
29.8 -2.53 0.719 2.46
29.9 -2.53 0.719 2.46
30.0 -2.53 0.718 2.46
30.1 -2.53 0.718 2.46
30.2 -2.53 0.717 2.46
30.3 -2.53 0.717 2.46
30.4 -2.53 0.718 2.46
30.5 -2.53 0.72 2.46
30.6 -2.53 0.722 2.46
30.7 -2.53 0.724 2.46
30.8 -2.53 0.727 2.45
30.9 -2.53 0.729 2.45
31.0 -2.53 0.732 2.45
31.1 -2.53 0.735 2.45
31.2 -2.53 0.739 2.44
31.3 -2.53 0.743 2.44
31.4 -2.53 0.747 2.44
31.5 -2.53 0.751 2.44
31.6 -2.53 0.754 2.43
31.7 -2.54 0.758 2.43
31.8 -2.54 0.761 2.43
31.9 -2.54 0.764 2.43
32.0 -2.55 0.768 2.42
32.1 -2.55 0.772 2.42
32.2 -2.56 0.776 2.41
32.3 -2.57 0.784 2.41
32.4 -2.58 0.797 2.4
32.5 -2.59 0.814 2.39
32.6 -2.6 0.834 2.38
32.7 -2.62 0.858 2.37
32.8 -2.63 0.883 2.36
32.9 -2.64 0.906 2.35
33.0 -2.65 0.928 2.33
33.1 -2.65 0.947 2.31
33.2 -2.66 0.966 2.29
33.3 -2.66 0.984 2.27
33.4 -2.67 1.0 2.25
33.5 -2.67 1.01 2.22
33.6 -2.67 1.02 2.19
33.7 -2.67 1.02 2.16
33.8 -2.67 1.02 2.13
33.9 -2.67 1.02 2.1
34.0 -2.66 1.01 2.06
34.1 -2.66 1.01 2.03
34.2 -2.66 1.01 1.99
34.3 -2.66 1.01 1.96
34.4 -2.65 1.0 1.93
34.5 -2.65 1.0 1.91
34.6 -2.65 1.0 1.89
34.7 -2.65 1.0 1.89
34.8 -2.65 1.0 1.89
34.9 -2.65 1.0 1.89
35.0 -2.65 1.0 1.9
35.1 -2.65 1.01 1.92
35.2 -2.65 1.01 1.93
35.3 -2.65 1.01 1.95
35.4 -2.65 1.01 1.97
35.5 -2.65 1.01 1.99
35.6 -2.64 1.01 2.02
35.7 -2.64 1.01 2.04
35.8 -2.64 1.02 2.07
35.9 -2.64 1.02 2.09
36.0 -2.64 1.02 2.12
36.1 -2.64 1.02 2.14
36.2 -2.64 1.02 2.16
36.3 -2.64 1.02 2.18
36.4 -2.64 1.02 2.2
36.5 -2.64 1.02 2.22
36.6 -2.64 1.02 2.24
36.7 -2.64 1.03 2.25
36.8 -2.64 1.03 2.27
36.9 -2.64 1.03 2.28
37.0 -2.64 1.03 2.29
37.1 -2.63 1.03 2.3
37.2 -2.63 1.03 2.31
37.3 -2.63 1.03 2.31
37.4 -2.63 1.03 2.32
37.5 -2.63 1.03 2.32
37.6 -2.63 1.03 2.33
37.7 -2.63 1.02 2.33
37.8 -2.63 1.02 2.33
37.9 -2.62 1.02 2.33
38.0 -2.62 1.02 2.33
38.1 -2.62 1.02 2.33
38.2 -2.62 1.02 2.33
38.3 -2.61 1.02 2.33
38.4 -2.61 1.02 2.33
38.5 -2.61 1.01 2.33
38.6 -2.61 1.01 2.33
38.7 -2.6 1.01 2.32
38.8 -2.6 1.01 2.32
38.9 -2.6 1.01 2.32
39.0 -2.6 1.01 2.32
39.1 -2.6 1.0 2.31
39.2 -2.59 1.0 2.31
39.3 -2.59 1.0 2.31
39.4 -2.59 1.0 2.31
39.5 -2.59 0.999 2.31
39.6 -2.58 0.998 2.3
39.7 -2.57 0.995 2.31
39.8 -2.56 0.989 2.31
39.9 -2.54 0.98 2.31
40.0 -2.51 0.97 2.32
40.1 -2.49 0.96 2.34
40.2 -2.46 0.949 2.35
40.3 -2.44 0.937 2.37
40.4 -2.42 0.925 2.39
40.5 -2.39 0.913 2.41
40.6 -2.37 0.903 2.43
40.7 -2.36 0.894 2.45
40.8 -2.35 0.886 2.47
40.9 -2.33 0.88 2.49
41.0 -2.32 0.874 2.51
41.1 -2.31 0.87 2.53
41.2 -2.3 0.866 2.55
41.3 -2.29 0.862 2.57
41.4 -2.28 0.858 2.58
41.5 -2.26 0.855 2.6
41.6 -2.25 0.851 2.61
41.7 -2.23 0.847 2.63
41.8 -2.22 0.841 2.64
41.9 -2.2 0.835 2.66
42.0 -2.18 0.828 2.67
42.1 -2.15 0.819 2.68
42.2 -2.14 0.81 2.69
42.3 -2.12 0.802 2.7
42.4 -2.11 0.795 2.71
42.5 -2.09 0.789 2.72
42.6 -2.08 0.783 2.73
42.7 -2.06 0.777 2.74
42.8 -2.05 0.771 2.74
42.9 -2.03 0.765 2.75
43.0 -2.0 0.758 2.75
43.1 -1.98 0.75 2.75
43.2 -1.95 0.739 2.76
43.3 -1.92 0.727 2.76
43.4 -1.89 0.715 2.76
43.5 -1.87 0.702 2.76
43.6 -1.84 0.691 2.76
43.7 -1.82 0.679 2.76
43.8 -1.79 0.669 2.76
43.9 -1.76 0.658 2.76
44.0 -1.73 0.647 2.76
44.1 -1.69 0.635 2.76
44.2 -1.66 0.624 2.75
44.3 -1.63 0.613 2.75
44.4 -1.59 0.602 2.75
44.5 -1.56 0.591 2.74
44.6 -1.53 0.579 2.74
44.7 -1.49 0.568 2.73
44.8 -1.45 0.555 2.72
44.9 -1.42 0.543 2.71
45.0 -1.38 0.531 2.71
45.1 -1.34 0.518 2.7
45.2 -1.3 0.505 2.69
45.3 -1.27 0.492 2.68
45.4 -1.23 0.478 2.66
45.5 -1.19 0.464 2.65
45.6 -1.15 0.447 2.64
45.7 -1.11 0.431 2.63
45.8 -1.07 0.417 2.61
45.9 -1.04 0.404 2.6
46.0 -1.01 0.392 2.59
46.1 -0.973 0.382 2.57
46.2 -0.936 0.373 2.55
46.3 -0.899 0.364 2.54
46.4 -0.865 0.355 2.52
46.5 -0.834 0.347 2.5
46.6 -0.805 0.339 2.48
46.7 -0.78 0.331 2.47
46.8 -0.758 0.324 2.45
46.9 -0.739 0.318 2.43
47.0 -0.724 0.313 2.42
47.1 -0.713 0.309 2.4
47.2 -0.702 0.306 2.39
47.3 -0.689 0.304 2.38
47.4 -0.675 0.301 2.36
47.5 -0.661 0.298 2.35
47.6 -0.647 0.295 2.34
47.7 -0.633 0.291 2.34
47.8 -0.619 0.287 2.33
47.9 -0.606 0.283 2.32
48.0 -0.592 0.278 2.31
48.1 -0.58 0.273 2.31
48.2 -0.569 0.269 2.3
48.3 -0.559 0.265 2.3
48.4 -0.551 0.261 2.29
48.5 -0.542 0.258 2.29
48.6 -0.535 0.255 2.28
48.7 -0.53 0.253 2.28
48.8 -0.525 0.251 2.28
48.9 -0.521 0.25 2.28
49.0 -0.517 0.249 2.27
49.1 -0.514 0.248 2.27
49.2 -0.51 0.248 2.27
49.3 -0.506 0.248 2.27
49.4 -0.501 0.248 2.27
49.5 -0.497 0.248 2.27
49.6 -0.492 0.247 2.27
49.7 -0.489 0.247 2.26
49.8 -0.485 0.246 2.26
49.9 -0.482 0.245 2.26
