0.0 3.01 -6.32e-22 0.997
0.1 3.02 -9.57e-21 0.989
0.2 3.05 -4.55e-20 0.976
0.3 3.08 -1.35e-19 0.959
0.4 3.12 -3.1e-19 0.938
0.5 3.17 -6.05e-19 0.913
0.6 3.22 0.00869 0.885
0.7 3.25 0.0339 0.855
0.8 3.28 0.0745 0.822
0.9 3.29 0.128 0.788
1.0 3.3 0.185 0.753
1.1 3.31 0.228 0.721
1.2 3.32 0.254 0.696
1.3 3.32 0.265 0.674
1.4 3.33 0.266 0.658
1.5 3.33 0.267 0.646
1.6 3.33 0.267 0.639
1.7 3.33 0.267 0.635
1.8 3.33 0.266 0.635
1.9 3.33 0.265 0.637
2.0 3.32 0.265 0.642
2.1 3.32 0.265 0.649
2.2 3.32 0.265 0.657
2.3 3.32 0.266 0.666
2.4 3.32 0.266 0.675
2.5 3.32 0.268 0.685
2.6 3.31 0.269 0.693
2.7 3.31 0.271 0.701
2.8 3.31 0.273 0.708
2.9 3.31 0.274 0.714
3.0 3.31 0.276 0.719
3.1 3.32 0.278 0.723
3.2 3.32 0.28 0.726
3.3 3.32 0.282 0.729
3.4 3.32 0.283 0.731
3.5 3.32 0.285 0.732
3.6 3.32 0.287 0.733
3.7 3.32 0.289 0.734
3.8 3.32 0.29 0.734
3.9 3.32 0.292 0.734
4.0 3.32 0.294 0.734
4.1 3.32 0.296 0.733
4.2 3.32 0.298 0.733
4.3 3.32 0.3 0.732
4.4 3.32 0.302 0.732
4.5 3.32 0.303 0.731
4.6 3.32 0.305 0.73
4.7 3.32 0.308 0.729
4.8 3.32 0.31 0.729
4.9 3.32 0.312 0.728
5.0 3.32 0.314 0.728
5.1 3.32 0.316 0.728
5.2 3.32 0.318 0.727
5.3 3.32 0.32 0.727
5.4 3.32 0.322 0.727
5.5 3.32 0.324 0.727
5.6 3.32 0.326 0.727
5.7 3.32 0.328 0.728
5.8 3.32 0.33 0.728
5.9 3.32 0.332 0.729
6.0 3.32 0.334 0.729
6.1 3.32 0.336 0.73
6.2 3.32 0.338 0.73
6.3 3.32 0.34 0.731
6.4 3.33 0.342 0.732
6.5 3.33 0.344 0.733
6.6 3.33 0.346 0.733
6.7 3.33 0.348 0.734
6.8 3.33 0.35 0.735
6.9 3.33 0.352 0.736
7.0 3.33 0.354 0.737
7.1 3.33 0.356 0.738
7.2 3.33 0.358 0.739
7.3 3.33 0.359 0.74
7.4 3.33 0.361 0.741
7.5 3.33 0.363 0.742
7.6 3.33 0.365 0.743
7.7 3.33 0.366 0.743
7.8 3.33 0.368 0.744
7.9 3.33 0.369 0.745
8.0 3.34 0.371 0.746
8.1 3.34 0.372 0.746
8.2 3.34 0.373 0.747
8.3 3.34 0.375 0.748
8.4 3.34 0.376 0.748
8.5 3.34 0.377 0.749
8.6 3.34 0.378 0.749
8.7 3.34 0.379 0.75
8.8 3.33 0.379 0.751
8.9 3.33 0.38 0.752
9.0 3.33 0.381 0.752
9.1 3.33 0.381 0.753
9.2 3.33 0.382 0.754
9.3 3.33 0.382 0.755
9.4 3.32 0.382 0.756
9.5 3.32 0.383 0.757
9.6 3.32 0.383 0.758
9.7 3.32 0.384 0.759
9.8 3.32 0.385 0.76
9.9 3.31 0.385 0.762
10.0 3.31 0.386 0.763
10.1 3.31 0.387 0.765
10.2 3.31 0.388 0.766
10.3 3.31 0.389 0.768
10.4 3.31 0.389 0.77
10.5 3.31 0.39 0.771
10.6 3.3 0.391 0.773
10.7 3.3 0.392 0.775
10.8 3.3 0.392 0.777
10.9 3.3 0.393 0.778
11.0 3.3 0.394 0.78
11.1 3.3 0.395 0.782
11.2 3.3 0.396 0.784
11.3 3.29 0.396 0.786
11.4 3.29 0.397 0.788
11.5 3.29 0.398 0.789
11.6 3.29 0.398 0.791
11.7 3.29 0.399 0.793
11.8 3.29 0.4 0.795
11.9 3.28 0.401 0.797
12.0 3.28 0.401 0.798
12.1 3.28 0.402 0.8
12.2 3.28 0.403 0.802
12.3 3.28 0.403 0.804
12.4 3.28 0.404 0.805
12.5 3.27 0.405 0.807
12.6 3.27 0.405 0.809
12.7 3.27 0.406 0.811
12.8 3.27 0.407 0.812
12.9 3.27 0.407 0.814
13.0 3.26 0.407 0.817
13.1 3.25 0.407 0.821
13.2 3.24 0.406 0.825
13.3 3.22 0.404 0.831
13.4 3.2 0.401 0.838
13.5 3.18 0.399 0.845
13.6 3.15 0.396 0.853
13.7 3.13 0.392 0.862
13.8 3.1 0.389 0.872
13.9 3.07 0.386 0.882
14.0 3.05 0.382 0.893
14.1 3.02 0.379 0.904
14.2 2.99 0.375 0.916
14.3 2.96 0.372 0.929
14.4 2.93 0.368 0.941
14.5 2.9 0.364 0.954
14.6 2.87 0.36 0.968
14.7 2.84 0.357 0.982
14.8 2.81 0.354 0.996
14.9 2.78 0.35 1.01
15.0 2.75 0.347 1.02
15.1 2.72 0.345 1.04
15.2 2.69 0.342 1.05
15.3 2.66 0.339 1.07
15.4 2.63 0.337 1.08
15.5 2.61 0.335 1.1
15.6 2.59 0.333 1.11
15.7 2.57 0.332 1.13
15.8 2.55 0.331 1.14
15.9 2.54 0.33 1.15
16.0 2.52 0.33 1.16
16.1 2.51 0.329 1.17
16.2 2.51 0.329 1.19
16.3 2.5 0.329 1.2
16.4 2.49 0.329 1.21
16.5 2.48 0.329 1.22
16.6 2.47 0.329 1.23
16.7 2.46 0.328 1.23
16.8 2.44 0.327 1.24
16.9 2.41 0.325 1.24
17.0 2.38 0.322 1.25
17.1 2.34 0.319 1.25
17.2 2.29 0.315 1.26
17.3 2.24 0.31 1.26
17.4 2.19 0.306 1.26
17.5 2.15 0.303 1.26
17.6 2.12 0.3 1.26
17.7 2.09 0.298 1.26
17.8 2.07 0.297 1.26
17.9 2.06 0.296 1.26
18.0 2.05 0.295 1.26
18.1 2.04 0.295 1.26
18.2 2.03 0.294 1.26
18.3 2.01 0.293 1.26
18.4 1.98 0.292 1.26
18.5 1.95 0.291 1.27
18.6 1.91 0.29 1.27
18.7 1.86 0.291 1.27
18.8 1.81 0.293 1.27
18.9 1.75 0.295 1.27
19.0 1.7 0.297 1.27
19.1 1.64 0.298 1.28
19.2 1.59 0.299 1.28
19.3 1.54 0.299 1.28
19.4 1.5 0.299 1.28
19.5 1.46 0.298 1.29
19.6 1.43 0.298 1.29
19.7 1.4 0.297 1.29
19.8 1.37 0.297 1.29
19.9 1.34 0.296 1.3
20.0 1.31 0.297 1.3
20.1 1.29 0.297 1.3
20.2 1.25 0.299 1.3
20.3 1.22 0.301 1.3
20.4 1.18 0.305 1.3
20.5 1.14 0.309 1.31
20.6 1.09 0.315 1.31
20.7 1.03 0.321 1.32
20.8 0.973 0.326 1.32
20.9 0.924 0.329 1.33
21.0 0.88 0.331 1.33
21.1 0.839 0.333 1.34
21.2 0.801 0.333 1.34
21.3 0.765 0.334 1.34
21.4 0.732 0.333 1.34
21.5 0.701 0.333 1.35
21.6 0.672 0.332 1.35
21.7 0.645 0.331 1.35
21.8 0.617 0.33 1.35
21.9 0.589 0.33 1.35
22.0 0.56 0.33 1.36
22.1 0.532 0.331 1.36
22.2 0.504 0.332 1.36
22.3 0.476 0.334 1.36
22.4 0.448 0.336 1.37
22.5 0.422 0.339 1.37
22.6 0.397 0.341 1.38
22.7 0.373 0.344 1.38
22.8 0.352 0.347 1.39
22.9 0.332 0.351 1.39
23.0 0.313 0.354 1.4
23.1 0.295 0.358 1.41
23.2 0.277 0.361 1.41
23.3 0.259 0.365 1.42
23.4 0.241 0.369 1.43
23.5 0.223 0.372 1.43
23.6 0.207 0.375 1.44
23.7 0.193 0.378 1.44
23.8 0.183 0.379 1.45
23.9 0.176 0.381 1.45
24.0 0.172 0.381 1.45
24.1 0.17 0.382 1.45
24.2 0.169 0.382 1.45
24.3 0.168 0.382 1.45
24.4 0.168 0.382 1.45
24.5 0.167 0.382 1.45
24.6 0.165 0.382 1.45
24.7 0.161 0.383 1.45
24.8 0.155 0.384 1.46
24.9 0.146 0.386 1.46
25.0 0.136 0.387 1.46
25.1 0.123 0.39 1.46
25.2 0.109 0.392 1.47
25.3 0.0941 0.395 1.47
25.4 0.0806 0.397 1.48
25.5 0.0704 0.399 1.48
25.6 0.0634 0.4 1.48
25.7 0.0593 0.401 1.49
25.8 0.0574 0.402 1.49
25.9 0.0567 0.402 1.49
26.0 0.0573 0.402 1.49
26.1 0.0585 0.402 1.49
26.2 0.0596 0.401 1.49
26.3 0.0605 0.401 1.49
26.4 0.0611 0.401 1.48
26.5 0.0614 0.401 1.48
26.6 0.0613 0.402 1.48
26.7 0.0611 0.402 1.48
26.8 0.0607 0.402 1.48
26.9 0.0603 0.402 1.48
27.0 0.0598 0.402 1.48
27.1 0.0592 0.403 1.48
27.2 0.0587 0.403 1.48
27.3 0.0583 0.403 1.48
27.4 0.0579 0.403 1.48
27.5 0.0577 0.404 1.48
27.6 0.0574 0.404 1.48
27.7 0.0573 0.404 1.48
27.8 0.0572 0.404 1.48
27.9 0.0571 0.404 1.48
28.0 0.0572 0.404 1.48
28.1 0.0572 0.404 1.48
28.2 0.0573 0.404 1.48
28.3 0.0574 0.405 1.48
28.4 0.0576 0.405 1.48
28.5 0.0577 0.405 1.48
28.6 0.0578 0.405 1.48
28.7 0.0579 0.405 1.48
28.8 0.0579 0.405 1.48
28.9 0.0579 0.405 1.48
29.0 0.058 0.405 1.48
29.1 0.0579 0.405 1.48
29.2 0.0579 0.405 1.48
29.3 0.0579 0.405 1.48
29.4 0.0578 0.405 1.48
29.5 0.0578 0.405 1.48
29.6 0.0577 0.406 1.48
29.7 0.0577 0.406 1.48
29.8 0.0576 0.406 1.48
29.9 0.0575 0.406 1.48
30.0 0.0575 0.406 1.48
30.1 0.0574 0.406 1.48
30.2 0.0574 0.406 1.48
30.3 0.0568 0.406 1.48
30.4 0.0553 0.407 1.48
30.5 0.0529 0.407 1.48
30.6 0.0501 0.407 1.48
30.7 0.0472 0.408 1.48
30.8 0.0442 0.408 1.48
30.9 0.0415 0.409 1.48
31.0 0.0391 0.409 1.49
31.1 0.0371 0.41 1.49
31.2 0.0355 0.41 1.49
31.3 0.0342 0.41 1.49
31.4 0.0332 0.411 1.49
31.5 0.0325 0.411 1.49
31.6 0.0321 0.411 1.49
31.7 0.0319 0.411 1.49
31.8 0.0319 0.411 1.49
31.9 0.032 0.411 1.49
32.0 0.0323 0.411 1.49
32.1 0.0326 0.411 1.49
32.2 0.0326 0.412 1.49
32.3 0.0308 0.412 1.49
32.4 0.0261 0.413 1.49
32.5 0.0192 0.414 1.49
32.6 0.011 0.415 1.49
32.7 0.00144 0.417 1.49
32.8 -0.00828 0.418 1.5
32.9 -0.0169 0.42 1.5
33.0 -0.024 0.421 1.5
33.1 -0.0299 0.422 1.5
33.2 -0.0344 0.423 1.5
33.3 -0.0378 0.424 1.5
33.4 -0.04 0.425 1.51
33.5 -0.0416 0.425 1.51
33.6 -0.0428 0.426 1.51
33.7 -0.0436 0.426 1.51
33.8 -0.0442 0.426 1.51
33.9 -0.0446 0.426 1.51
34.0 -0.0447 0.427 1.51
34.1 -0.0446 0.427 1.51
34.2 -0.0443 0.427 1.51
34.3 -0.044 0.427 1.51
34.4 -0.0437 0.427 1.51
34.5 -0.0436 0.427 1.51
34.6 -0.0436 0.427 1.51
34.7 -0.0437 0.427 1.51
34.8 -0.0439 0.427 1.51
34.9 -0.0441 0.428 1.51
35.0 -0.0444 0.428 1.51
35.1 -0.0446 0.428 1.51
35.2 -0.0449 0.429 1.51
35.3 -0.0451 0.429 1.51
35.4 -0.0453 0.429 1.51
35.5 -0.0455 0.43 1.5
35.6 -0.0457 0.43 1.5
35.7 -0.0459 0.43 1.5
35.8 -0.046 0.431 1.5
35.9 -0.0461 0.431 1.5
36.0 -0.0462 0.431 1.5
36.1 -0.0463 0.432 1.5
36.2 -0.0464 0.432 1.5
36.3 -0.0464 0.432 1.5
36.4 -0.0465 0.432 1.5
36.5 -0.0465 0.433 1.5
36.6 -0.0465 0.433 1.5
36.7 -0.0465 0.433 1.5
36.8 -0.0465 0.433 1.5
36.9 -0.0465 0.433 1.5
37.0 -0.0466 0.433 1.5
37.1 -0.0466 0.434 1.5
37.2 -0.0466 0.434 1.5
37.3 -0.0466 0.434 1.5
37.4 -0.0466 0.434 1.5
37.5 -0.0467 0.434 1.5
37.6 -0.0467 0.435 1.5
37.7 -0.0467 0.435 1.5
37.8 -0.0467 0.435 1.5
37.9 -0.0467 0.435 1.5
38.0 -0.0467 0.435 1.5
38.1 -0.0467 0.436 1.5
38.2 -0.0467 0.436 1.5
38.3 -0.0468 0.436 1.5
38.4 -0.0468 0.436 1.5
38.5 -0.0468 0.437 1.5
38.6 -0.0468 0.437 1.5
38.7 -0.0468 0.437 1.5
38.8 -0.0468 0.437 1.49
38.9 -0.0468 0.437 1.49
39.0 -0.0468 0.438 1.49
39.1 -0.0468 0.438 1.49
39.2 -0.0468 0.438 1.49
39.3 -0.0468 0.438 1.49
39.4 -0.0468 0.438 1.49
39.5 -0.0468 0.439 1.49
39.6 -0.0468 0.439 1.49
39.7 -0.0468 0.439 1.49
39.8 -0.0468 0.439 1.49
39.9 -0.0469 0.439 1.49
40.0 -0.0469 0.44 1.49
40.1 -0.0469 0.44 1.49
40.2 -0.0469 0.44 1.49
40.3 -0.0469 0.44 1.49
40.4 -0.0469 0.44 1.49
40.5 -0.0469 0.441 1.49
40.6 -0.0469 0.441 1.49
40.7 -0.0468 0.441 1.49
40.8 -0.0468 0.441 1.49
40.9 -0.0468 0.441 1.49
41.0 -0.0467 0.441 1.49
41.1 -0.0467 0.441 1.49
41.2 -0.0467 0.442 1.49
41.3 -0.0466 0.442 1.49
41.4 -0.0466 0.442 1.49
41.5 -0.0465 0.442 1.49
41.6 -0.0464 0.442 1.49
41.7 -0.0464 0.442 1.49
41.8 -0.0463 0.442 1.49
41.9 -0.0462 0.443 1.49
42.0 -0.0461 0.443 1.49
42.1 -0.046 0.443 1.49
42.2 -0.0458 0.443 1.49
42.3 -0.0457 0.443 1.49
42.4 -0.0456 0.443 1.49
42.5 -0.0455 0.444 1.49
42.6 -0.0454 0.444 1.49
42.7 -0.0453 0.444 1.49
42.8 -0.0451 0.444 1.49
42.9 -0.045 0.444 1.49
43.0 -0.0449 0.444 1.49
43.1 -0.0448 0.444 1.49
43.2 -0.0446 0.444 1.49
43.3 -0.0445 0.444 1.49
43.4 -0.0444 0.444 1.49
43.5 -0.0442 0.445 1.49
43.6 -0.0441 0.445 1.49
43.7 -0.0439 0.445 1.49
43.8 -0.0437 0.445 1.49
43.9 -0.0436 0.445 1.49
44.0 -0.0434 0.445 1.5
44.1 -0.0432 0.445 1.5
44.2 -0.043 0.445 1.5
44.3 -0.0428 0.445 1.5
44.4 -0.0426 0.445 1.5
44.5 -0.0424 0.445 1.5
44.6 -0.0422 0.445 1.5
44.7 -0.042 0.445 1.5
44.8 -0.0418 0.445 1.5
44.9 -0.0416 0.445 1.5
45.0 -0.0413 0.445 1.5
45.1 -0.0411 0.445 1.5
45.2 -0.0408 0.445 1.5
45.3 -0.0405 0.445 1.5
45.4 -0.0403 0.445 1.5
45.5 -0.04 0.445 1.5
45.6 -0.0397 0.444 1.5
45.7 -0.0392 0.444 1.5
45.8 -0.0383 0.444 1.5
45.9 -0.037 0.444 1.5
46.0 -0.0354 0.444 1.5
46.1 -0.0335 0.444 1.5
46.2 -0.0314 0.444 1.5
46.3 -0.0293 0.444 1.5
46.4 -0.0271 0.443 1.5
46.5 -0.025 0.443 1.5
46.6 -0.0229 0.443 1.5
46.7 -0.0207 0.443 1.49
46.8 -0.0186 0.442 1.49
46.9 -0.0164 0.442 1.49
47.0 -0.0142 0.442 1.49
47.1 -0.0121 0.442 1.49
47.2 -0.00992 0.442 1.49
47.3 -0.00778 0.442 1.48
47.4 -0.00565 0.441 1.48
47.5 -0.00354 0.441 1.48
47.6 -0.00143 0.441 1.48
47.7 0.000685 0.441 1.48
47.8 0.0028 0.441 1.47
47.9 0.00494 0.441 1.47
48.0 0.00707 0.44 1.47
48.1 0.00919 0.44 1.47
48.2 0.0113 0.44 1.47
48.3 0.0134 0.44 1.46
48.4 0.0155 0.44 1.46
48.5 0.0176 0.439 1.46
48.6 0.0198 0.439 1.46
48.7 0.0219 0.439 1.46
48.8 0.024 0.439 1.45
48.9 0.0261 0.439 1.45
49.0 0.0282 0.438 1.45
49.1 0.0304 0.438 1.45
49.2 0.0325 0.438 1.45
49.3 0.0346 0.438 1.45
49.4 0.0367 0.437 1.44
49.5 0.0388 0.437 1.44
49.6 0.041 0.437 1.44
49.7 0.0431 0.437 1.44
49.8 0.0453 0.436 1.44
49.9 0.0474 0.436 1.43
