0.0 0.00529 6.32e-22 0.00288
0.1 0.021 9.57e-21 0.0111
0.2 0.0466 4.55e-20 0.0242
0.3 0.0816 1.35e-19 0.0416
0.4 0.125 3.1e-19 0.0628
0.5 0.177 6.05e-19 0.0875
0.6 0.236 1.06e-18 0.115
0.7 0.302 1.68e-07 0.146
0.8 0.375 1.39e-06 0.179
0.9 0.443 4.27e-06 0.213
1.0 0.499 2.49e-05 0.246
1.1 0.542 3.75e-05 0.274
1.2 0.574 2.19e-05 0.293
1.3 0.596 1.88e-05 0.304
1.4 0.607 8.13e-05 0.308
1.5 0.61 0.000162 0.307
1.6 0.605 0.000259 0.3
1.7 0.593 0.000221 0.288
1.8 0.573 8.6e-05 0.272
1.9 0.547 0.000645 0.252
2.0 0.515 0.00144 0.229
2.1 0.478 0.00246 0.204
2.2 0.435 0.00369 0.176
2.3 0.388 0.00511 0.147
2.4 0.337 0.00672 0.116
2.5 0.282 0.00694 0.0838
2.6 0.224 0.00559 0.0546
2.7 0.165 0.00415 0.0308
2.8 0.111 0.00287 0.0124
2.9 0.0669 0.00186 0.000832
3.0 0.034 0.00112 0.00914
3.1 0.0107 0.00065 0.014
3.2 0.0041 0.000442 0.0169
3.3 0.0129 0.000358 0.018
3.4 0.0182 0.000274 0.0176
3.5 0.0209 0.000196 0.0175
3.6 0.0223 0.00013 0.019
3.7 0.0223 7.58e-05 0.0218
3.8 0.0222 3.69e-05 0.0252
3.9 0.023 1.68e-05 0.0287
4.0 0.0245 1.45e-05 0.032
4.1 0.0258 1.68e-05 0.0349
4.2 0.0259 1.19e-05 0.0369
4.3 0.0248 8.13e-08 0.0379
4.4 0.0239 1.03e-05 0.0381
4.5 0.0243 1.15e-05 0.0375
4.6 0.0253 8.63e-06 0.037
4.7 0.0261 5.99e-06 0.0373
4.8 0.0268 3.67e-06 0.0382
4.9 0.0273 1.71e-06 0.0395
5.0 0.0277 1.63e-07 0.0409
5.1 0.0278 9.31e-07 0.0422
5.2 0.0277 1.52e-06 0.0433
5.3 0.0274 1.56e-06 0.0441
5.4 0.0268 9.91e-07 0.0444
5.5 0.026 2.7e-07 0.0442
5.6 0.025 2.31e-06 0.0434
5.7 0.0247 3.61e-06 0.0419
5.8 0.026 2.87e-06 0.0397
5.9 0.0287 5.2e-07 0.0367
6.0 0.0314 1.31e-06 0.033
6.1 0.0325 8.21e-07 0.0285
6.2 0.0322 1.94e-06 0.0233
6.3 0.0316 4.29e-06 0.0174
6.4 0.0318 3.91e-06 0.0108
6.5 0.0327 1.3e-06 0.00363
6.6 0.0332 9.1e-08 0.00413
6.7 0.033 9.57e-07 0.0124
6.8 0.0329 2e-06 0.021
6.9 0.0324 4.17e-06 0.03
7.0 0.0312 9.11e-06 0.0392
7.1 0.0295 1.59e-05 0.0485
7.2 0.0278 2.3e-05 0.0578
7.3 0.0265 2.87e-05 0.0669
7.4 0.0264 3.11e-05 0.0758
7.5 0.0274 2.98e-05 0.0843
7.6 0.0285 2.58e-05 0.0923
7.7 0.0288 2.02e-05 0.0996
7.8 0.0283 1.31e-05 0.106
7.9 0.0271 4.84e-06 0.112
8.0 0.0263 4.96e-06 0.116
8.1 0.027 2.23e-05 0.119
8.2 0.0291 5.6e-05 0.121
8.3 0.0312 6.89e-05 0.121
8.4 0.032 2.71e-05 0.119
8.5 0.032 1.35e-05 0.116
8.6 0.0316 2.81e-05 0.11
8.7 0.0306 0.000213 0.102
8.8 0.0286 0.000513 0.0916
8.9 0.0257 0.000836 0.0788
9.0 0.0233 0.000906 0.0638
9.1 0.0225 0.000534 0.0481
9.2 0.0233 5.77e-05 0.0339
9.3 0.0253 0.000206 0.0218
9.4 0.0282 0.000275 0.0112
9.5 0.0311 0.000203 0.00378
9.6 0.033 4.2e-05 0.00102
9.7 0.0344 0.00019 0.00127
9.8 0.0356 0.000477 0.00306
9.9 0.0363 0.000811 0.00586
10.0 0.0363 0.00118 0.00919
10.1 0.0356 0.00161 0.0126
10.2 0.034 0.00209 0.0157
10.3 0.0315 0.00262 0.0181
10.4 0.0279 0.00318 0.0195
10.5 0.0232 0.00376 0.0198
10.6 0.0174 0.00435 0.0185
10.7 0.0105 0.00495 0.0157
10.8 0.00237 0.00554 0.0111
10.9 0.00691 0.00612 0.00458
11.0 0.0173 0.00668 0.0039
11.1 0.0289 0.00721 0.0144
11.2 0.0416 0.00771 0.027
11.3 0.0554 0.00817 0.0416
11.4 0.0702 0.00858 0.0583
11.5 0.0855 0.00886 0.0763
11.6 0.101 0.00895 0.095
11.7 0.115 0.00883 0.115
11.8 0.13 0.00852 0.135
11.9 0.144 0.00798 0.156
12.0 0.155 0.00811 0.179
12.1 0.159 0.00975 0.202
12.2 0.157 0.0128 0.226
12.3 0.15 0.017 0.251
12.4 0.141 0.0222 0.277
12.5 0.135 0.0281 0.303
12.6 0.131 0.0346 0.33
12.7 0.131 0.0415 0.358
12.8 0.134 0.0488 0.386
12.9 0.14 0.0565 0.413
13.0 0.149 0.0644 0.441
13.1 0.161 0.0725 0.469
13.2 0.176 0.0807 0.496
13.3 0.193 0.0889 0.523
13.4 0.212 0.0969 0.549
13.5 0.233 0.105 0.574
13.6 0.256 0.112 0.598
13.7 0.28 0.119 0.62
13.8 0.306 0.126 0.641
13.9 0.331 0.125 0.661
14.0 0.352 0.113 0.678
14.1 0.37 0.0897 0.694
14.2 0.384 0.0576 0.707
14.3 0.392 0.0263 0.718
14.4 0.393 0.00386 0.727
14.5 0.388 0.01 0.733
14.6 0.378 0.0157 0.736
14.7 0.363 0.0135 0.737
14.8 0.345 0.00408 0.734
14.9 0.324 0.0118 0.728
15.0 0.302 0.0336 0.719
15.1 0.279 0.0605 0.707
15.2 0.257 0.0917 0.691
15.3 0.237 0.126 0.672
15.4 0.221 0.162 0.65
15.5 0.209 0.199 0.624
15.6 0.202 0.236 0.594
15.7 0.202 0.262 0.561
15.8 0.213 0.268 0.525
15.9 0.236 0.256 0.485
16.0 0.268 0.227 0.441
16.1 0.308 0.186 0.393
16.2 0.354 0.133 0.342
16.3 0.397 0.0717 0.288
16.4 0.431 0.00566 0.23
16.5 0.455 0.0652 0.169
16.6 0.472 0.129 0.111
16.7 0.48 0.178 0.0597
16.8 0.481 0.214 0.0154
16.9 0.475 0.242 0.0232
17.0 0.463 0.261 0.0569
17.1 0.446 0.274 0.0864
17.2 0.423 0.28 0.112
17.3 0.394 0.281 0.135
17.4 0.362 0.27 0.155
17.5 0.324 0.24 0.173
17.6 0.283 0.197 0.189
17.7 0.238 0.149 0.204
17.8 0.19 0.106 0.217
17.9 0.139 0.0715 0.229
18.0 0.0883 0.0445 0.24
18.1 0.037 0.025 0.25
18.2 0.0142 0.0127 0.259
18.3 0.0645 0.00723 0.268
18.4 0.114 0.00808 0.276
18.5 0.163 0.0148 0.284
18.6 0.192 0.0223 0.291
18.7 0.188 0.027 0.298
18.8 0.154 0.0318 0.304
18.9 0.0923 0.0392 0.309
19.0 0.00704 0.0496 0.314
19.1 0.0985 0.0639 0.318
19.2 0.205 0.0893 0.322
19.3 0.296 0.112 0.326
19.4 0.373 0.119 0.329
19.5 0.437 0.114 0.331
19.6 0.489 0.0986 0.333
19.7 0.53 0.0748 0.334
19.8 0.56 0.0446 0.333
19.9 0.58 0.0084 0.332
20.0 0.591 0.0332 0.33
20.1 0.594 0.0783 0.327
20.2 0.589 0.125 0.323
20.3 0.577 0.161 0.317
20.4 0.558 0.175 0.311
20.5 0.532 0.17 0.303
20.6 0.501 0.147 0.295
20.7 0.464 0.115 0.285
20.8 0.422 0.0839 0.273
20.9 0.375 0.0563 0.261
21.0 0.324 0.0333 0.247
21.1 0.268 0.0137 0.232
21.2 0.21 0.00106 0.216
21.3 0.153 0.00925 0.198
21.4 0.103 0.0123 0.18
21.5 0.0638 0.0125 0.159
21.6 0.0345 0.0113 0.138
21.7 0.0143 0.00939 0.115
21.8 0.00114 0.00744 0.0916
21.9 0.00671 0.00602 0.0665
22.0 0.0113 0.00477 0.0423
22.1 0.0137 0.00353 0.0221
22.2 0.0143 0.00263 0.00694
22.3 0.0138 0.00206 0.00386
22.4 0.0125 0.00182 0.0108
22.5 0.0107 0.00219 0.0144
22.6 0.00914 0.00331 0.0154
22.7 0.00795 0.00454 0.0145
22.8 0.00706 0.00483 0.0132
22.9 0.0065 0.00431 0.0122
23.0 0.00635 0.00361 0.0115
23.1 0.00618 0.00301 0.0109
23.2 0.00569 0.00274 0.0105
23.3 0.005 0.00274 0.0102
23.4 0.00429 0.0026 0.0098
23.5 0.00381 0.00224 0.00926
23.6 0.00369 0.00203 0.00859
23.7 0.00365 0.00168 0.00787
23.8 0.00355 0.00129 0.00713
23.9 0.00336 0.00104 0.00638
24.0 0.00292 0.000765 0.00566
24.1 0.0023 0.00046 0.00503
24.2 0.00158 0.000133 0.00456
24.3 0.000821 9.72e-06 0.00409
24.4 0.000114 0.00022 0.00346
24.5 0.000428 0.000452 0.00265
24.6 0.000696 0.00044 0.00156
24.7 0.000654 0.000288 0.0002
24.8 0.000273 6.02e-06 0.00132
24.9 4.81e-05 4.04e-05 0.00313
25.0 0.000273 0.000452 0.00544
25.1 0.00107 0.000919 0.00754
25.2 0.00199 0.00147 0.00875
25.3 0.00297 0.00212 0.00908
25.4 0.00391 0.00235 0.00872
25.5 0.0048 0.00218 0.00809
25.6 0.00568 0.0021 0.00736
25.7 0.00645 0.00172 0.00691
25.8 0.00714 0.00113 0.00712
25.9 0.0078 0.000766 0.00784
26.0 0.00838 0.000609 0.00894
26.1 0.00885 0.000649 0.0103
26.2 0.00916 0.000873 0.0117
26.3 0.0093 0.00127 0.0132
26.4 0.00959 0.00152 0.0145
26.5 0.0103 0.00133 0.0156
26.6 0.0115 0.000729 0.0163
26.7 0.0125 0.000168 0.0168
26.8 0.013 4.7e-05 0.017
26.9 0.0135 4.79e-05 0.0172
27.0 0.0144 0.000116 0.0175
27.1 0.0151 0.000218 0.018
27.2 0.0156 0.000186 0.0189
27.3 0.0162 0.000154 0.0202
27.4 0.0169 0.000122 0.0216
27.5 0.0175 8.8e-05 0.0231
27.6 0.0182 5.19e-05 0.0244
27.7 0.0188 1.3e-05 0.0256
27.8 0.0194 2.9e-05 0.0264
27.9 0.0198 3.91e-05 0.0274
28.0 0.02 1.43e-05 0.0293
28.1 0.02 0.000127 0.0317
28.2 0.0202 0.000174 0.0343
28.3 0.021 4.37e-05 0.0366
28.4 0.0218 0.000112 0.0385
28.5 0.0222 0.000153 0.0399
28.6 0.0222 8.72e-05 0.0407
28.7 0.0223 2.58e-05 0.041
28.8 0.0226 3.77e-06 0.0412
28.9 0.0227 7.68e-05 0.0415
29.0 0.0225 0.000191 0.0417
29.1 0.0227 0.000242 0.0419
29.2 0.0234 0.000197 0.0424
29.3 0.0242 0.000127 0.043
29.4 0.0251 3.46e-05 0.0437
29.5 0.026 7.67e-05 0.0443
29.6 0.0269 0.000203 0.0449
29.7 0.0278 0.000342 0.0452
29.8 0.0286 0.00049 0.0454
29.9 0.0294 0.000643 0.0454
30.0 0.0301 0.000798 0.0452
30.1 0.0307 0.000952 0.0448
30.2 0.0311 0.0011 0.0442
30.3 0.0315 0.00125 0.0434
30.4 0.0316 0.00138 0.0425
30.5 0.0316 0.0015 0.0415
30.6 0.0315 0.00161 0.0405
30.7 0.0311 0.00169 0.0395
30.8 0.0309 0.00165 0.0386
30.9 0.0311 0.00135 0.0379
31.0 0.0316 0.000828 0.0375
31.1 0.0322 0.000316 0.0374
31.2 0.0325 3.79e-05 0.0378
31.3 0.0326 2.74e-05 0.0388
31.4 0.0325 9.99e-05 0.0404
31.5 0.0326 0.00015 0.0424
31.6 0.0329 0.000102 0.0441
31.7 0.0333 6.8e-05 0.0451
31.8 0.0338 5.68e-06 0.0453
31.9 0.0339 1.54e-05 0.0447
32.0 0.0341 1.2e-05 0.0436
32.1 0.0347 1.14e-06 0.0421
32.2 0.0352 3.69e-06 0.0403
32.3 0.0356 1.67e-05 0.038
32.4 0.0354 0.000547 0.0356
32.5 0.0325 0.00136 0.0329
32.6 0.025 0.00178 0.0299
32.7 0.0126 0.0026 0.0272
32.8 0.00434 0.00448 0.0254
32.9 0.0253 0.00662 0.0243
33.0 0.0499 0.00874 0.0237
33.1 0.0773 0.0112 0.0234
33.2 0.107 0.0145 0.0234
33.3 0.138 0.0189 0.0234
33.4 0.17 0.0241 0.0232
33.5 0.202 0.0301 0.0228
33.6 0.235 0.0376 0.0224
33.7 0.268 0.0481 0.0221
33.8 0.3 0.0621 0.022
33.9 0.331 0.0793 0.0226
34.0 0.357 0.103 0.0232
34.1 0.376 0.137 0.0234
34.2 0.387 0.18 0.0237
34.3 0.38 0.222 0.0237
34.4 0.345 0.253 0.0233
34.5 0.285 0.276 0.0229
34.6 0.203 0.285 0.0228
34.7 0.099 0.276 0.0234
34.8 0.00462 0.249 0.0248
34.9 0.0894 0.207 0.0274
35.0 0.156 0.16 0.0313
35.1 0.205 0.117 0.0365
35.2 0.238 0.0821 0.0433
35.3 0.255 0.0554 0.0517
35.4 0.258 0.036 0.0617
35.5 0.248 0.0222 0.0733
35.6 0.227 0.0128 0.0866
35.7 0.195 0.00639 0.101
35.8 0.158 0.0024 0.118
35.9 0.124 0.000256 0.136
36.0 0.0966 0.0007 0.155
36.1 0.076 0.000852 0.175
36.2 0.0613 0.00071 0.197
36.3 0.0519 0.000738 0.22
36.4 0.0464 0.00077 0.243
36.5 0.0434 0.000644 0.267
36.6 0.042 0.000465 0.292
36.7 0.0414 0.000317 0.317
36.8 0.0414 0.000275 0.342
36.9 0.0421 0.000417 0.367
37.0 0.0428 0.000558 0.391
37.1 0.0428 0.000519 0.416
37.2 0.0421 0.000374 0.439
37.3 0.0415 0.000209 0.462
37.4 0.0416 0.000131 0.484
37.5 0.0422 0.000248 0.504
37.6 0.0429 0.00038 0.523
37.7 0.0427 0.000337 0.54
37.8 0.042 0.000208 0.555
37.9 0.0413 5.42e-05 0.569
38.0 0.0412 2.76e-05 0.58
38.1 0.0417 9.56e-05 0.588
38.2 0.0422 0.000242 0.594
38.3 0.0421 0.000217 0.597
38.4 0.0415 0.000123 0.598
38.5 0.0405 6.24e-05 0.595
38.6 0.0397 1.93e-06 0.589
38.7 0.0398 3.72e-05 0.579
38.8 0.0401 6.65e-05 0.567
38.9 0.0403 0.000129 0.55
39.0 0.0404 9.74e-05 0.531
39.1 0.0404 0.000152 0.507
39.2 0.0403 0.000737 0.48
39.3 0.0402 0.00117 0.448
39.4 0.0401 0.00101 0.413
39.5 0.04 0.000519 0.374
39.6 0.04 5.33e-05 0.332
39.7 0.0401 0.000522 0.285
39.8 0.0403 0.000742 0.234
39.9 0.0403 0.000742 0.183
40.0 0.0402 0.000844 0.135
40.1 0.0401 0.00119 0.0946
40.2 0.0402 0.0016 0.0593
40.3 0.0405 0.0019 0.0287
40.4 0.0405 0.00193 0.00192
40.5 0.0402 0.00192 0.0217
40.6 0.0396 0.00177 0.0427
40.7 0.0387 0.00158 0.0617
40.8 0.0375 0.00178 0.0791
40.9 0.0363 0.00188 0.0952
41.0 0.0355 0.00177 0.11
41.1 0.0352 0.00169 0.125
41.2 0.035 0.0017 0.139
41.3 0.0347 0.00155 0.153
41.4 0.0345 0.00129 0.166
41.5 0.0345 0.0013 0.18
41.6 0.0345 0.00138 0.194
41.7 0.034 0.00135 0.207
41.8 0.0331 0.00141 0.221
41.9 0.0325 0.00176 0.235
42.0 0.0321 0.0022 0.249
42.1 0.0321 0.00253 0.264
42.2 0.0322 0.0025 0.278
42.3 0.0323 0.00228 0.292
42.4 0.0324 0.00199 0.306
42.5 0.0322 0.00143 0.32
42.6 0.032 0.000973 0.334
42.7 0.0318 0.000711 0.347
42.8 0.0313 0.000275 0.36
42.9 0.0305 3.11e-05 0.373
43.0 0.0294 0.000298 0.385
43.1 0.0284 0.000548 0.396
43.2 0.0277 0.000261 0.407
43.3 0.0267 0.000691 0.417
43.4 0.0252 0.00233 0.425
43.5 0.0232 0.00465 0.433
43.6 0.0217 0.00602 0.44
43.7 0.0214 0.00564 0.446
43.8 0.0217 0.00467 0.45
43.9 0.0224 0.00356 0.453
44.0 0.0236 0.00247 0.455
44.1 0.0246 0.00159 0.456
44.2 0.0247 0.00096 0.455
44.3 0.0241 0.000568 0.452
44.4 0.0232 0.000428 0.448
44.5 0.0222 0.000261 0.443
44.6 0.0213 0.000139 0.435
44.7 0.0207 0.000617 0.427
44.8 0.0203 0.00102 0.416
44.9 0.02 0.00122 0.404
45.0 0.0198 0.00122 0.39
45.1 0.0194 0.00105 0.375
45.2 0.019 0.000643 0.358
45.3 0.0188 0.000224 0.339
45.4 0.0188 0.00015 0.319
45.5 0.0184 0.000492 0.297
45.6 0.018 0.000809 0.273
45.7 0.0175 0.000965 0.248
45.8 0.0168 0.00113 0.221
45.9 0.0161 0.00122 0.193
46.0 0.0155 0.00115 0.163
46.1 0.0148 0.000807 0.131
46.2 0.0141 0.000699 0.0989
46.3 0.0134 0.000751 0.0682
46.4 0.0128 0.000542 0.043
46.5 0.0128 0.000485 0.0238
46.6 0.0129 0.000812 0.00998
46.7 0.0133 0.000996 0.000876
46.8 0.0137 0.000586 0.00419
46.9 0.0141 0.000167 0.00594
47.0 0.0141 0.000761 0.0061
47.1 0.0139 0.000991 0.00595
47.2 0.0138 0.00092 0.00555
47.3 0.0137 0.000613 0.00498
47.4 0.0136 0.000378 0.00434
47.5 0.013 0.000421 0.00373
47.6 0.0121 0.000679 0.00318
47.7 0.0113 0.000771 0.00272
47.8 0.0106 0.000684 0.00239
47.9 0.00995 0.0007 0.00217
48.0 0.00932 0.000807 0.00206
48.1 0.00886 0.00101 0.00208
48.2 0.00833 0.00106 0.00211
48.3 0.00758 0.000668 0.00206
48.4 0.00695 0.00028 0.00192
48.5 0.00667 0.000351 0.00166
48.6 0.00636 0.000556 0.0013
48.7 0.0058 0.000527 0.000865
48.8 0.00514 0.000211 0.000356
48.9 0.00455 1.68e-05 0.00015
49.0 0.00406 0.000191 0.00059
49.1 0.00369 0.000771 0.00098
49.2 0.00321 0.00127 0.00128
49.3 0.00248 0.00122 0.00144
49.4 0.00173 0.000556 0.0015
49.5 0.0011 9.53e-05 0.00145
49.6 0.000608 0.000173 0.00128
49.7 0.000211 0.000208 0.00103
49.8 0.000101 0.000937 0.000707
49.9 0.000336 0.0015 0.000356
