0.0 0.0 0.0 2.41e-19
0.1 0.0 0.0 9.22e-19
0.2 0.0 0.0 1.99e-18
0.3 0.0 0.0 3.39e-18
0.4 0.0 0.0 5.09e-18
0.5 0.0 0.0 7.04e-18
0.6 0.0 0.0 0.000183
0.7 0.0 0.0 0.000777
0.8 0.0 0.0 0.00188
0.9 0.0 0.0 0.00359
1.0 0.0 0.0 0.00596
1.1 0.0 0.0 0.00908
1.2 0.0 0.0 0.013
1.3 0.0 0.0 0.0178
1.4 0.0 0.0 0.0234
1.5 0.0 0.0 0.03
1.6 0.0 0.0 0.0375
1.7 0.0 0.0 0.0461
1.8 0.0 0.0 0.0556
1.9 0.0 0.0 0.0662
2.0 0.0 0.0 0.0778
2.1 0.0 0.0 0.0905
2.2 0.0 0.0 0.104
2.3 0.0 0.0 0.119
2.4 0.0 0.0 0.135
2.5 0.0 0.0 0.152
2.6 0.0 0.0 0.17
2.7 0.0 0.0 0.189
2.8 0.0 0.0 0.21
2.9 0.0 0.0 0.231
3.0 0.0 0.0 0.254
3.1 0.0 0.0 0.277
3.2 0.0 0.0 0.302
3.3 0.0 0.0 0.328
3.4 0.0 0.0 0.354
3.5 0.0 0.0 0.382
3.6 0.0 0.0 0.411
3.7 0.0 0.0 0.441
3.8 0.0 0.0 0.472
3.9 0.0 0.0 0.504
4.0 0.0 0.0 0.537
4.1 0.0 0.0 0.572
4.2 0.0 0.0 0.607
4.3 0.0 0.0 0.643
4.4 0.0 0.0 0.68
4.5 0.0 0.0 0.718
4.6 0.0 0.0 0.757
4.7 0.0 0.0 0.797
4.8 0.0 0.0 0.838
4.9 0.0 0.0 0.88
5.0 0.0 0.0 0.922
5.1 0.0 0.0 0.966
5.2 0.0 0.0 1.01
5.3 0.0 0.0 1.06
5.4 0.0 0.0 1.1
5.5 0.0 0.0 1.15
5.6 0.0 0.0 1.2
5.7 0.0 0.0 1.25
5.8 0.0 0.0 1.29
5.9 0.0 0.0 1.34
6.0 0.0 0.0 1.4
6.1 0.0 0.0 1.45
6.2 0.0 0.0 1.5
6.3 0.0 0.0 1.55
6.4 0.0 0.0 1.61
6.5 0.0 0.0 1.66
6.6 0.0 0.0 1.72
6.7 0.0 0.0 1.77
6.8 0.0 0.0 1.83
6.9 0.0 0.0 1.88
7.0 0.0 0.0 1.94
7.1 0.0 0.0 2.0
7.2 0.0 0.0 2.06
7.3 0.0 0.0 2.12
7.4 0.0 0.0 2.17
7.5 0.0 0.0 2.23
7.6 0.0 0.0 2.29
7.7 0.0 0.0 2.35
7.8 0.0 0.0 2.42
7.9 0.0 0.0 2.48
8.0 0.0 0.0 2.54
8.1 0.0 0.0 2.6
8.2 0.0 0.0 2.66
8.3 0.0 0.0 2.72
8.4 0.0 0.0 2.79
8.5 0.0 0.0 2.85
8.6 0.0 0.0 2.91
8.7 0.0 0.0 2.97
8.8 0.0 0.0 3.04
8.9 0.0 0.0 3.1
9.0 0.0 0.0 3.17
9.1 0.0 0.0 3.23
9.2 0.0 0.0 3.3
9.3 0.0 0.0 3.37
9.4 0.0 0.0 3.43
9.5 0.0 0.0 3.5
9.6 0.0 0.0 3.57
9.7 0.0 0.0 3.64
9.8 0.0 0.0 3.71
9.9 0.0 0.0 3.78
10.0 0.0 0.0 3.85
10.1 0.0 0.0 3.93
10.2 0.0 0.0 4.0
10.3 0.0 0.0 4.08
10.4 0.0 0.0 4.15
10.5 0.0 0.0 4.23
10.6 0.0 0.0 4.31
10.7 0.0 0.0 4.38
10.8 0.0 0.0 4.46
10.9 0.0 0.0 4.54
11.0 0.0 0.0 4.62
11.1 0.0 0.0 4.7
11.2 0.0 0.0 4.78
11.3 0.0 0.0 4.87
11.4 0.0 0.0 4.95
11.5 0.0 0.0 5.03
11.6 0.0 0.0 5.12
11.7 0.0 0.0 5.2
11.8 0.0 0.0 5.29
11.9 0.0 0.0 5.37
12.0 0.0 0.0 5.46
12.1 0.0 0.0 5.54
12.2 0.0 0.0 5.63
12.3 0.0 0.0 5.72
12.4 0.0 0.0 5.8
12.5 0.0 0.0 5.89
12.6 0.0 0.0 5.98
12.7 0.0 0.0 6.07
12.8 0.0 0.0 6.16
12.9 0.0 0.0 6.25
13.0 0.0 0.0 6.33
13.1 0.0 0.0 6.43
13.2 0.0 0.0 6.52
13.3 0.0 0.0 6.61
13.4 0.0 0.0 6.7
13.5 0.0 0.0 6.79
13.6 0.0 0.0 6.89
13.7 0.0 0.0 6.98
13.8 0.0 0.0 7.08
13.9 0.0 0.0 7.17
14.0 0.0 0.0 7.27
14.1 0.0 0.0 7.37
14.2 0.0 0.0 7.47
14.3 0.0 0.0 7.57
14.4 0.0 0.0 7.67
14.5 0.0 0.0 7.77
14.6 0.0 0.0 7.87
14.7 0.0 0.0 7.97
14.8 0.0 0.0 8.07
14.9 0.0 0.0 8.18
15.0 0.0 0.0 8.28
15.1 0.0 0.0 8.39
15.2 0.0 0.0 8.49
15.3 0.0 0.0 8.6
15.4 0.0 0.0 8.7
15.5 0.0 0.0 8.81
15.6 0.0 0.0 8.91
15.7 0.0 0.0 9.02
15.8 0.0 0.0 9.13
15.9 0.0 0.0 9.24
16.0 0.0 0.0 9.34
16.1 0.0 0.0 9.45
16.2 0.0 0.0 9.56
16.3 0.0 0.0 9.67
16.4 0.0 0.0 9.78
16.5 0.0 0.0 9.89
16.6 0.0 0.0 10.0
16.7 0.0 0.0 10.1
16.8 0.0 0.0 10.2
16.9 0.0 0.0 10.3
17.0 0.0 0.0 10.5
17.1 0.0 0.0 10.6
17.2 0.0 0.0 10.7
17.3 0.0 0.0 10.8
17.4 0.0 0.0 10.9
17.5 0.0 0.0 11.0
17.6 0.0 0.0 11.2
17.7 0.0 0.0 11.3
17.8 0.0 0.0 11.4
17.9 0.0 0.0 11.5
18.0 0.0 0.0 11.6
18.1 0.0 0.0 11.7
18.2 0.0 0.0 11.8
18.3 0.0 0.0 12.0
18.4 0.0 0.0 12.1
18.5 0.0 0.0 12.2
18.6 0.0 0.0 12.3
18.7 0.0 0.0 12.4
18.8 0.0 0.0 12.5
18.9 0.0 0.0 12.7
19.0 0.0 0.0 12.8
19.1 0.0 0.0 12.9
19.2 0.0 0.0 13.0
19.3 0.0 0.0 13.1
19.4 0.0 0.0 13.3
19.5 0.0 0.0 13.4
19.6 0.0 0.0 13.5
19.7 0.0 0.0 13.6
19.8 0.0 0.0 13.8
19.9 0.0 0.0 13.9
20.0 0.0 0.0 14.0
20.1 0.0 0.0 14.1
20.2 0.0 0.0 14.2
20.3 0.0 0.0 14.4
20.4 0.0 0.0 14.5
20.5 0.0 0.0 14.6
20.6 0.0 0.0 14.7
20.7 0.0 0.0 14.9
20.8 0.0 0.0 15.0
20.9 0.0 0.0 15.1
21.0 0.0 0.0 15.2
21.1 0.0 0.0 15.4
21.2 0.0 0.0 15.5
21.3 0.0 0.0 15.6
21.4 0.0 0.0 15.7
21.5 0.0 0.0 15.9
21.6 0.0 0.0 16.0
21.7 0.0 0.0 16.1
21.8 0.0 0.0 16.2
21.9 0.0 0.0 16.4
22.0 0.0 0.0 16.5
22.1 0.0 0.0 16.6
22.2 0.0 0.0 16.7
22.3 0.0 0.0 16.9
22.4 0.0 0.0 17.0
22.5 0.0 0.0 17.1
22.6 0.0 0.0 17.2
22.7 0.0 0.0 17.4
22.8 0.0 0.0 17.5
22.9 0.0 0.0 17.6
23.0 0.0 0.0 17.7
23.1 0.0 0.0 17.9
23.2 0.0 0.0 18.0
23.3 0.0 0.0 18.1
23.4 0.0 0.0 18.2
23.5 0.0 0.0 18.4
23.6 0.0 0.0 18.5
23.7 0.0 0.0 18.6
23.8 0.0 0.0 18.7
23.9 0.0 0.0 18.9
24.0 0.0 0.0 19.0
24.1 0.0 0.0 19.1
24.2 0.0 0.0 19.2
24.3 0.0 0.0 19.4
24.4 0.0 0.0 19.5
24.5 0.0 0.0 19.6
24.6 0.0 0.0 19.7
24.7 0.0 0.0 19.9
24.8 0.0 0.0 20.0
24.9 0.0 0.0 20.1
25.0 0.0 0.0 20.2
25.1 0.0 0.0 20.4
25.2 0.0 0.0 20.5
25.3 0.0 0.0 20.6
25.4 0.0 0.0 20.7
25.5 0.0 0.0 20.9
25.6 0.0 0.0 21.0
25.7 0.0 0.0 21.1
25.8 0.0 0.0 21.2
25.9 0.0 0.0 21.4
26.0 0.0 0.0 21.5
26.1 0.0 0.0 21.6
26.2 0.0 0.0 21.7
26.3 0.0 0.0 21.9
26.4 0.0 0.0 22.0
26.5 0.0 0.0 22.1
26.6 0.0 0.0 22.2
26.7 0.0 0.0 22.4
26.8 0.0 0.0 22.5
26.9 0.0 0.0 22.6
27.0 0.0 0.0 22.7
27.1 0.0 0.0 22.9
27.2 0.0 0.0 23.0
27.3 0.0 0.0 23.1
27.4 0.0 0.0 23.2
27.5 0.0 0.0 23.4
27.6 0.0 0.0 23.5
27.7 0.0 0.0 23.6
27.8 0.0 0.0 23.7
27.9 0.0 0.0 23.9
28.0 0.0 0.0 24.0
28.1 0.0 0.0 24.1
28.2 0.0 0.0 24.2
28.3 0.0 0.0 24.4
28.4 0.0 0.0 24.5
28.5 0.0 0.0 24.6
28.6 0.0 0.0 24.7
28.7 0.0 0.0 24.9
28.8 0.0 0.0 25.0
28.9 0.0 0.0 25.1
29.0 0.0 0.0 25.2
29.1 0.0 0.0 25.4
29.2 0.0 0.0 25.5
29.3 0.0 0.0 25.6
29.4 0.0 0.0 25.7
29.5 0.0 0.0 25.9
29.6 0.0 0.0 26.0
29.7 0.0 0.0 26.1
29.8 0.0 0.0 26.2
29.9 0.0 0.0 26.4
30.0 0.0 0.0 26.5
30.1 0.0 0.0 26.6
30.2 0.0 0.0 26.7
30.3 0.0 0.0 26.9
30.4 0.0 0.0 27.0
30.5 0.0 0.0 27.1
30.6 0.0 0.0 27.2
30.7 0.0 0.0 27.4
30.8 0.0 0.0 27.5
30.9 0.0 0.0 27.6
31.0 0.0 0.0 27.7
31.1 0.0 0.0 27.9
31.2 0.0 0.0 28.0
31.3 0.0 0.0 28.1
31.4 0.0 0.0 28.2
31.5 0.0 0.0 28.4
31.6 0.0 0.0 28.5
31.7 0.0 0.0 28.6
31.8 0.0 0.0 28.7
31.9 0.0 0.0 28.9
32.0 0.0 0.0 29.0
32.1 0.0 0.0 29.1
32.2 0.0 0.0 29.2
32.3 0.0 0.0 29.4
32.4 0.0 0.0 29.5
32.5 0.0 0.0 29.6
32.6 0.0 0.0 29.7
32.7 0.0 0.0 29.9
32.8 0.0 0.0 30.0
32.9 0.0 0.0 30.1
33.0 0.0 0.0 30.2
33.1 0.0 0.0 30.4
33.2 0.0 0.0 30.5
33.3 0.0 0.0 30.6
33.4 0.0 0.0 30.7
33.5 0.0 0.0 30.9
33.6 0.0 0.0 31.0
33.7 0.0 0.0 31.1
33.8 0.0 0.0 31.2
33.9 0.0 0.0 31.4
34.0 0.0 0.0 31.5
34.1 0.0 0.0 31.6
34.2 0.0 0.0 31.7
34.3 0.0 0.0 31.9
34.4 0.0 0.0 32.0
34.5 0.0 0.0 32.1
34.6 0.0 0.0 32.2
34.7 0.0 0.0 32.4
34.8 0.0 0.0 32.5
34.9 0.0 0.0 32.6
35.0 0.0 0.0 32.7
35.1 0.0 0.0 32.9
35.2 0.0 0.0 33.0
35.3 0.0 0.0 33.1
35.4 0.0 0.0 33.2
35.5 0.0 0.0 33.4
35.6 0.0 0.0 33.5
35.7 0.0 0.0 33.6
35.8 0.0 0.0 33.7
35.9 0.0 0.0 33.9
36.0 0.0 0.0 34.0
36.1 0.0 0.0 34.1
36.2 0.0 0.0 34.2
36.3 0.0 0.0 34.4
36.4 0.0 0.0 34.5
36.5 0.0 0.0 34.6
36.6 0.0 0.0 34.7
36.7 0.0 0.0 34.9
36.8 0.0 0.0 35.0
36.9 0.0 0.0 35.1
37.0 0.0 0.0 35.2
37.1 0.0 0.0 35.4
37.2 0.0 0.0 35.5
37.3 0.0 0.0 35.6
37.4 0.0 0.0 35.7
37.5 0.0 0.0 35.9
37.6 0.0 0.0 36.0
37.7 0.0 0.0 36.1
37.8 0.0 0.0 36.2
37.9 0.0 0.0 36.4
38.0 0.0 0.0 36.5
38.1 0.0 0.0 36.6
38.2 0.0 0.0 36.7
38.3 0.0 0.0 36.9
38.4 0.0 0.0 37.0
38.5 0.0 0.0 37.1
38.6 0.0 0.0 37.2
38.7 0.0 0.0 37.4
38.8 0.0 0.0 37.5
38.9 0.0 0.0 37.6
39.0 0.0 0.0 37.7
39.1 0.0 0.0 37.9
39.2 0.0 0.0 38.0
39.3 0.0 0.0 38.1
39.4 0.0 0.0 38.2
39.5 0.0 0.0 38.4
39.6 0.0 0.0 38.5
39.7 0.0 0.0 38.6
39.8 0.0 0.0 38.7
39.9 0.0 0.0 38.9
40.0 0.0 0.0 39.0
40.1 0.0 0.0 39.1
40.2 0.0 0.0 39.2
40.3 0.0 0.0 39.4
40.4 0.0 0.0 39.5
40.5 0.0 0.0 39.6
40.6 0.0 0.0 39.7
40.7 0.0 0.0 39.9
40.8 0.0 0.0 40.0
40.9 0.0 0.0 40.1
41.0 0.0 0.0 40.2
41.1 0.0 0.0 40.4
41.2 0.0 0.0 40.5
41.3 0.0 0.0 40.6
41.4 0.0 0.0 40.7
41.5 0.0 0.0 40.9
41.6 0.0 0.0 41.0
41.7 0.0 0.0 41.1
41.8 0.0 0.0 41.2
41.9 0.0 0.0 41.4
42.0 0.0 0.0 41.5
42.1 0.0 0.0 41.6
42.2 0.0 0.0 41.7
42.3 0.0 0.0 41.9
42.4 0.0 0.0 42.0
42.5 0.0 0.0 42.1
42.6 0.0 0.0 42.2
42.7 0.0 0.0 42.4
42.8 0.0 0.0 42.5
42.9 0.0 0.0 42.6
43.0 0.0 0.0 42.7
43.1 0.0 0.0 42.9
43.2 0.0 0.0 43.0
43.3 0.0 0.0 43.1
43.4 0.0 0.0 43.2
43.5 0.0 0.0 43.4
43.6 0.0 0.0 43.5
43.7 0.0 0.0 43.6
43.8 0.0 0.0 43.7
43.9 0.0 0.0 43.9
44.0 0.0 0.0 44.0
44.1 0.0 0.0 44.1
44.2 0.0 0.0 44.2
44.3 0.0 0.0 44.4
44.4 0.0 0.0 44.5
44.5 0.0 0.0 44.6
44.6 0.0 0.0 44.7
44.7 0.0 0.0 44.9
44.8 0.0 0.0 45.0
44.9 0.0 0.0 45.1
45.0 0.0 0.0 45.2
45.1 0.0 0.0 45.4
45.2 0.0 0.0 45.5
45.3 0.0 0.0 45.6
45.4 0.0 0.0 45.7
45.5 0.0 0.0 45.9
45.6 0.0 0.0 46.0
45.7 0.0 0.0 46.1
45.8 0.0 0.0 46.2
45.9 0.0 0.0 46.4
46.0 0.0 0.0 46.5
46.1 0.0 0.0 46.6
46.2 0.0 0.0 46.7
46.3 0.0 0.0 46.9
46.4 0.0 0.0 47.0
46.5 0.0 0.0 47.1
46.6 0.0 0.0 47.2
46.7 0.0 0.0 47.4
46.8 0.0 0.0 47.5
46.9 0.0 0.0 47.6
47.0 0.0 0.0 47.7
47.1 0.0 0.0 47.9
47.2 0.0 0.0 48.0
47.3 0.0 0.0 48.1
47.4 0.0 0.0 48.2
47.5 0.0 0.0 48.4
47.6 0.0 0.0 48.5
47.7 0.0 0.0 48.6
47.8 0.0 0.0 48.7
47.9 0.0 0.0 48.9
48.0 0.0 0.0 49.0
48.1 0.0 0.0 49.1
48.2 0.0 0.0 49.2
48.3 0.0 0.0 49.4
48.4 0.0 0.0 49.5
48.5 0.0 0.0 49.6
48.6 0.0 0.0 49.7
48.7 0.0 0.0 49.9
48.8 0.0 0.0 50.0
48.9 0.0 0.0 50.1
49.0 0.0 0.0 50.2
49.1 0.0 0.0 50.4
49.2 0.0 0.0 50.5
49.3 0.0 0.0 50.6
49.4 0.0 0.0 50.7
49.5 0.0 0.0 50.9
49.6 0.0 0.0 51.0
49.7 0.0 0.0 51.1
49.8 0.0 0.0 51.2
49.9 0.0 0.0 51.4
