0.0 0.104 2.73e-24 -0.0566
0.1 0.201 2.08e-23 -0.107
0.2 0.291 6.67e-23 -0.153
0.3 0.374 1.5e-22 -0.194
0.4 0.451 2.8e-22 -0.23
0.5 0.522 4.6e-22 -0.263
0.6 0.588 -8.55e-06 -0.292
0.7 0.65 -1.65e-05 -0.318
0.8 0.707 -2.38e-05 -0.341
0.9 0.562 -0.000823 -0.331
1.0 0.429 -0.00919 -0.237
1.1 0.305 -0.00919 -0.153
1.2 0.19 -0.0092 -0.0778
1.3 0.0836 -0.0092 -0.0098
1.4 -0.0148 -0.052 0.0512
1.5 -0.106 -0.0917 0.106
1.6 -0.19 -0.0602 0.154
1.7 -0.269 -0.031 0.198
1.8 -0.341 -0.00377 0.236
1.9 -0.408 -0.0448 0.271
2.0 -0.47 -0.0829 0.301
2.1 -0.528 -0.118 0.328
2.2 -0.581 -0.0878 0.352
2.3 -0.63 -0.0594 0.374
2.4 -0.676 -0.0879 0.359
2.5 -0.718 -0.0624 0.315
2.6 -0.757 -0.0387 0.275
2.7 -0.737 -0.0641 0.224
2.8 -0.653 -0.075 0.172
2.9 -0.575 -0.0852 0.126
3.0 -0.451 -0.0802 0.0952
3.1 -0.336 -0.0756 0.0678
3.2 -0.301 -0.0765 0.0742
3.3 -0.269 -0.0774 0.0799
3.4 -0.239 -0.0781 0.0851
3.5 -0.205 -0.0829 0.134
3.6 -0.173 -0.0872 0.178
3.7 -0.144 -0.0913 0.217
3.8 -0.173 -0.1 0.252
3.9 -0.2 -0.109 0.284
4.0 -0.225 -0.117 0.312
4.1 -0.249 -0.124 0.338
4.2 -0.209 -0.134 0.35
4.3 -0.173 -0.144 0.361
4.4 -0.139 -0.153 0.371
4.5 -0.17 -0.167 0.368
4.6 -0.198 -0.179 0.365
4.7 -0.224 -0.19 0.362
4.8 -0.193 -0.198 0.36
4.9 -0.164 -0.205 0.359
5.0 -0.137 -0.212 0.357
5.1 -0.112 -0.218 0.356
5.2 -0.133 -0.235 0.377
5.3 -0.153 -0.252 0.395
5.4 -0.171 -0.267 0.412
5.5 -0.138 -0.272 0.427
5.6 -0.108 -0.276 0.44
5.7 -0.08 -0.281 0.452
5.8 -0.0541 -0.285 0.463
5.9 -0.0302 -0.288 0.473
6.0 -0.00805 -0.292 0.481
6.1 -0.0314 -0.311 0.489
6.2 -0.0531 -0.329 0.496
6.3 -0.0311 -0.316 0.502
6.4 -0.0129 -0.285 0.507
6.5 0.00257 -0.249 0.512
6.6 0.0301 -0.262 0.517
6.7 0.0559 -0.276 0.521
6.8 0.0803 -0.29 0.524
6.9 0.104 -0.306 0.527
7.0 0.127 -0.322 0.53
7.1 0.149 -0.339 0.532
7.2 0.171 -0.355 0.535
7.3 0.193 -0.368 0.537
7.4 0.203 -0.297 0.538
7.5 0.211 -0.231 0.54
7.6 0.207 -0.226 0.541
7.7 0.203 -0.221 0.543
7.8 0.199 -0.216 0.544
7.9 0.195 -0.212 0.545
8.0 0.263 -0.177 0.546
8.1 0.324 -0.143 0.547
8.2 0.35 -0.151 0.547
8.3 0.374 -0.159 0.548
8.4 0.382 -0.135 0.549
8.5 0.388 -0.112 0.549
8.6 0.393 -0.0914 0.55
8.7 0.398 -0.0721 0.55
8.8 0.402 -0.0542 0.55
8.9 0.405 -0.0375 0.551
9.0 0.408 -0.022 0.551
9.1 0.41 -0.00773 0.551
9.2 0.413 0.00555 0.551
9.3 0.383 0.103 0.517
9.4 0.354 0.192 0.485
9.5 0.374 0.196 0.378
9.6 0.39 0.199 0.282
9.7 0.403 0.2 0.195
9.8 0.414 0.2 0.118
9.9 0.356 0.248 0.0521
10.0 0.3 0.29 -0.00737
10.1 0.247 0.326 -0.0615
10.2 0.251 0.326 -0.1
10.3 0.255 0.324 -0.135
10.4 0.257 0.322 -0.167
10.5 0.2 0.346 -0.192
10.6 0.147 0.367 -0.215
10.7 0.098 0.385 -0.237
10.8 0.0521 0.4 -0.256
10.9 0.0495 0.414 -0.287
11.0 0.0473 0.425 -0.314
11.1 0.0454 0.435 -0.339
11.2 -0.01 0.425 -0.361
11.3 -0.0608 0.415 -0.381
11.4 -0.107 0.403 -0.398
11.5 -0.149 0.391 -0.414
11.6 -0.186 0.377 -0.428
11.7 -0.219 0.363 -0.441
11.8 -0.248 0.349 -0.453
11.9 -0.274 0.335 -0.463
12.0 -0.297 0.32 -0.472
12.1 -0.317 0.307 -0.48
12.2 -0.334 0.294 -0.487
12.3 -0.35 0.281 -0.494
12.4 -0.364 0.27 -0.5
12.5 -0.364 0.176 -0.505
12.6 -0.362 0.0881 -0.51
12.7 -0.364 0.0596 -0.514
12.8 -0.361 0.0333 -0.518
12.9 -0.35 0.00997 -0.521
13.0 -0.358 -0.0296 -0.524
13.1 -0.363 -0.0652 -0.527
13.2 -0.365 -0.0975 -0.529
13.3 -0.366 -0.127 -0.531
13.4 -0.366 -0.154 -0.533
13.5 -0.366 -0.179 -0.535
13.6 -0.328 -0.22 -0.536
13.7 -0.293 -0.258 -0.537
13.8 -0.26 -0.291 -0.538
13.9 -0.229 -0.319 -0.54
14.0 -0.199 -0.343 -0.54
14.1 -0.17 -0.363 -0.541
14.2 -0.144 -0.38 -0.542
14.3 -0.119 -0.394 -0.543
14.4 -0.0967 -0.406 -0.543
14.5 -0.076 -0.416 -0.544
14.6 -0.0152 -0.402 -0.544
14.7 0.0402 -0.387 -0.544
14.8 0.0901 -0.371 -0.545
14.9 0.134 -0.353 -0.545
15.0 0.173 -0.334 -0.545
15.1 0.207 -0.315 -0.545
15.2 0.236 -0.295 -0.546
15.3 0.241 -0.27 -0.546
15.4 0.219 -0.241 -0.546
15.5 0.188 -0.211 -0.546
15.6 0.16 -0.189 -0.546
15.7 0.136 -0.167 -0.546
15.8 0.117 -0.146 -0.546
15.9 0.105 -0.124 -0.546
16.0 0.0965 -0.101 -0.546
16.1 0.0926 -0.078 -0.546
16.2 0.0889 -0.0565 -0.546
16.3 0.105 -0.0586 -0.523
16.4 0.168 -0.067 -0.411
16.5 0.225 -0.0748 -0.31
16.6 0.279 -0.0823 -0.22
16.7 0.404 -0.0427 -0.139
16.8 0.442 0.107 -0.0664
16.9 0.475 0.242 -0.0013
17.0 0.501 0.359 0.057
17.1 0.525 0.467 0.109
17.2 0.545 0.557 0.156
17.3 0.412 0.655 0.198
17.4 0.289 0.645 0.236
17.5 0.175 0.571 0.269
17.6 0.0701 0.49 0.299
17.7 -0.0273 0.403 0.326
17.8 -0.117 0.249 0.35
17.9 -0.201 0.103 0.372
18.0 -0.278 -0.0491 0.391
18.1 -0.349 -0.13 0.409
18.2 -0.415 -0.148 0.424
18.3 -0.456 -0.133 0.438
18.4 -0.48 -0.119 0.45
18.5 -0.495 -0.115 0.462
18.6 -0.516 -0.105 0.471
18.7 -0.533 -0.125 0.48
18.8 -0.509 -0.247 0.488
18.9 -0.484 -0.288 0.496
19.0 -0.459 -0.324 0.502
19.1 -0.398 -0.304 0.508
19.2 -0.34 -0.285 0.513
19.3 -0.287 -0.267 0.517
19.4 -0.238 -0.25 0.521
19.5 -0.196 -0.209 0.525
19.6 -0.147 -0.179 0.528
19.7 -0.149 -0.16 0.531
19.8 -0.146 -0.145 0.534
19.9 -0.136 -0.136 0.536
20.0 -0.126 -0.129 0.538
20.1 -0.0752 -0.141 0.54
20.2 -0.0303 -0.15 0.542
20.3 0.0111 -0.159 0.543
20.4 0.102 -0.199 0.544
20.5 0.186 -0.237 0.546
20.6 0.263 -0.273 0.547
20.7 0.335 -0.305 0.548
20.8 0.293 -0.234 0.539
20.9 0.254 -0.168 0.531
21.0 0.269 -0.0698 0.533
21.1 0.264 -0.03 0.536
21.2 0.253 0.00559 0.538
21.3 0.236 0.0366 0.539
21.4 0.211 0.0415 0.541
21.5 0.181 0.0357 0.541
21.6 0.15 0.0193 0.537
21.7 0.139 0.0496 0.489
21.8 0.127 0.0764 0.446
21.9 0.141 0.0902 0.394
22.0 0.148 0.106 0.348
22.1 0.121 0.127 0.305
22.2 0.0927 0.149 0.268
22.3 0.0656 0.169 0.235
22.4 0.0371 0.187 0.212
22.5 0.0267 0.175 0.215
22.6 0.0177 0.163 0.218
22.7 0.00958 0.152 0.221
22.8 0.00213 0.142 0.223
22.9 -0.00466 0.132 0.225
23.0 -0.0108 0.123 0.227
23.1 -0.0165 0.115 0.228
23.2 -0.0888 0.0902 0.174
23.3 -0.156 0.0671 0.125
23.4 -0.218 0.0458 0.0806
23.5 -0.231 0.0237 0.0723
23.6 -0.243 0.00327 0.0649
23.7 -0.215 -0.0122 0.107
23.8 -0.188 -0.0264 0.144
23.9 -0.143 -0.0324 0.172
24.0 -0.101 -0.0378 0.196
24.1 -0.0585 -0.0302 0.159
24.2 -0.0189 -0.023 0.125
24.3 -0.00554 -0.0146 0.0595
24.4 0.00675 -0.00662 0.000426
24.5 0.000323 0.00221 -0.0358
24.6 -0.00578 0.0105 -0.0683
24.7 -0.0113 0.0246 -0.0631
24.8 -0.0165 0.0377 -0.0585
24.9 -0.0177 0.0528 -0.0351
25.0 -0.019 0.0666 -0.0141
25.1 -0.0114 0.0733 -0.0102
25.2 0.00385 0.055 -0.0049
25.3 0.0179 0.0378 -0.000115
25.4 0.0372 -0.0132 0.0058
25.5 0.055 -0.0607 0.0111
25.6 0.0524 -0.0648 -0.000647
25.7 0.0499 -0.0687 -0.0112
25.8 0.00563 -0.0213 -0.0427
25.9 -0.0354 0.0226 -0.0709
26.0 -0.0734 0.0633 -0.0962
26.1 -0.109 0.0666 -0.118
26.2 -0.143 0.0695 -0.138
26.3 -0.174 0.0721 -0.156
26.4 -0.202 0.0744 -0.171
26.5 -0.108 0.0156 -0.17
26.6 -0.0745 -0.0248 -0.158
26.7 -0.0434 -0.0624 -0.147
26.8 -0.0147 -0.0974 -0.137
26.9 -0.0498 -0.097 -0.134
27.0 -0.0823 -0.0967 -0.131
27.1 -0.112 -0.0964 -0.128
27.2 -0.0733 -0.11 -0.147
27.3 -0.0369 -0.122 -0.163
27.4 -0.00324 -0.134 -0.178
27.5 -0.0266 -0.153 -0.213
27.6 -0.0482 -0.171 -0.245
27.7 -0.00977 -0.171 -0.277
27.8 0.0259 -0.17 -0.305
27.9 0.059 -0.169 -0.33
28.0 0.0897 -0.168 -0.353
28.1 0.118 -0.168 -0.373
28.2 0.145 -0.167 -0.392
28.3 0.169 -0.166 -0.408
28.4 0.145 -0.124 -0.392
28.5 0.123 -0.0847 -0.379
28.6 0.166 -0.0686 -0.36
28.7 0.206 -0.0536 -0.343
28.8 0.244 -0.0396 -0.328
28.9 0.225 -0.00896 -0.332
29.0 0.208 0.0195 -0.336
29.1 0.193 0.046 -0.34
29.2 0.203 0.0795 -0.361
29.3 0.212 0.111 -0.381
29.4 0.22 0.14 -0.398
29.5 0.228 0.167 -0.414
29.6 0.184 0.195 -0.428
29.7 0.144 0.221 -0.44
29.8 0.107 0.246 -0.451
29.9 0.0729 0.269 -0.461
30.0 0.041 0.29 -0.47
30.1 0.0114 0.309 -0.478
30.2 -0.016 0.327 -0.486
30.3 -0.0329 0.293 -0.492
30.4 -0.0485 0.26 -0.498
30.5 -0.0631 0.23 -0.503
30.6 -0.128 0.226 -0.508
30.7 -0.189 0.223 -0.512
30.8 -0.245 0.215 -0.516
30.9 -0.252 0.193 -0.519
31.0 -0.258 0.169 -0.522
31.1 -0.262 0.144 -0.525
31.2 -0.266 0.12 -0.527
31.3 -0.269 0.0952 -0.529
31.4 -0.306 0.0126 -0.531
31.5 -0.341 -0.0642 -0.533
31.6 -0.334 -0.0982 -0.534
31.7 -0.31 -0.13 -0.535
31.8 -0.269 -0.157 -0.537
31.9 -0.22 -0.18 -0.538
32.0 -0.17 -0.201 -0.539
32.1 -0.121 -0.218 -0.539
32.2 -0.0735 -0.234 -0.54
32.3 -0.0134 -0.303 -0.492
32.4 0.0405 -0.368 -0.448
32.5 0.0576 -0.362 -0.405
32.6 0.0725 -0.34 -0.367
32.7 0.0864 -0.319 -0.332
32.8 0.0963 -0.251 -0.284
32.9 0.0343 -0.201 -0.237
33.0 -0.0112 -0.156 -0.195
33.1 0.0124 -0.0983 -0.159
33.2 0.04 -0.0549 -0.127
33.3 0.0662 -0.0153 -0.0985
33.4 0.0901 0.0218 -0.0727
33.5 0.228 0.142 -0.0677
33.6 0.355 0.253 -0.0632
33.7 0.446 0.302 -0.0371
33.8 0.53 0.346 -0.0138
33.9 0.608 0.388 0.00706
34.0 0.788 0.437 0.0635
34.1 0.996 0.217 0.115
34.2 1.06 0.0129 0.161
34.3 1.12 -0.177 0.203
34.4 1.07 -0.35 0.24
34.5 0.895 -0.172 0.273
34.6 0.737 -0.00551 0.302
34.7 0.59 0.149 0.329
34.8 0.454 0.214 0.353
34.9 0.328 0.275 0.374
35.0 0.212 0.332 0.393
35.1 0.104 0.312 0.411
35.2 0.00345 0.294 0.426
35.3 -0.0892 0.277 0.44
35.4 -0.175 0.261 0.452
35.5 -0.255 0.246 0.463
35.6 -0.328 0.233 0.473
35.7 -0.396 0.22 0.482
35.8 -0.409 0.245 0.49
35.9 -0.42 0.268 0.497
36.0 -0.42 0.218 0.503
36.1 -0.42 0.171 0.509
36.2 -0.42 0.127 0.514
36.3 -0.42 0.0865 0.519
36.4 -0.419 0.0488 0.523
36.5 -0.419 0.0138 0.526
36.6 -0.406 -0.0718 0.53
36.7 -0.394 -0.151 0.533
36.8 -0.382 -0.225 0.535
36.9 -0.354 -0.245 0.538
37.0 -0.327 -0.263 0.54
37.1 -0.302 -0.28 0.542
37.2 -0.279 -0.295 0.543
37.3 -0.206 -0.345 0.545
37.4 -0.138 -0.391 0.546
37.5 -0.0747 -0.433 0.547
37.6 -0.0417 -0.431 0.548
37.7 -0.0111 -0.429 0.549
37.8 0.0172 -0.426 0.55
37.9 0.0864 -0.406 0.551
38.0 0.151 -0.388 0.552
38.1 0.21 -0.37 0.552
38.2 0.265 -0.354 0.553
38.3 0.316 -0.339 0.553
38.4 0.318 -0.283 0.553
38.5 0.32 -0.231 0.554
38.6 0.321 -0.182 0.554
38.7 0.323 -0.137 0.554
38.8 0.378 -0.077 0.555
38.9 0.429 -0.0212 0.555
39.0 0.427 0.0285 0.555
39.1 0.424 0.0747 0.555
39.2 0.422 0.118 0.555
39.3 0.42 0.157 0.555
39.4 0.362 0.204 0.555
39.5 0.309 0.247 0.555
39.6 0.24 0.274 0.555
39.7 0.203 0.292 0.555
39.8 0.162 0.301 0.553
39.9 0.112 0.355 0.479
40.0 0.104 0.362 0.372
40.1 0.0541 0.381 0.276
40.2 0.00795 0.398 0.191
40.3 -0.0347 0.414 0.114
40.4 -0.0741 0.428 0.0449
40.5 -0.138 0.395 -0.0169
40.6 -0.196 0.36 -0.0723
40.7 -0.248 0.324 -0.122
40.8 -0.292 0.287 -0.166
40.9 -0.295 0.27 -0.206
41.0 -0.295 0.253 -0.242
41.1 -0.323 0.194 -0.274
41.2 -0.347 0.138 -0.303
41.3 -0.365 0.085 -0.329
41.4 -0.379 0.0352 -0.352
41.5 -0.387 -0.0112 -0.372
41.6 -0.392 -0.0539 -0.391
41.7 -0.392 -0.0928 -0.407
41.8 -0.39 -0.128 -0.422
41.9 -0.382 -0.158 -0.435
42.0 -0.374 -0.185 -0.447
42.1 -0.261 -0.228 -0.458
42.2 -0.195 -0.265 -0.468
42.3 -0.128 -0.291 -0.476
42.4 -0.0634 -0.307 -0.484
42.5 -0.0534 -0.309 -0.491
42.6 -0.0434 -0.306 -0.497
42.7 -0.034 -0.302 -0.502
42.8 0.0224 -0.303 -0.507
42.9 0.0742 -0.301 -0.511
43.0 0.121 -0.298 -0.515
43.1 0.163 -0.292 -0.519
43.2 0.2 -0.284 -0.522
43.3 0.233 -0.275 -0.525
43.4 0.235 -0.228 -0.527
43.5 0.234 -0.183 -0.529
43.6 0.232 -0.14 -0.531
43.7 0.229 -0.101 -0.533
43.8 0.267 -0.0593 -0.535
43.9 0.3 -0.0208 -0.536
44.0 0.329 0.0147 -0.537
44.1 0.309 0.0403 -0.538
44.2 0.29 0.0636 -0.539
44.3 0.271 0.0847 -0.54
44.4 0.252 0.104 -0.541
44.5 0.235 0.121 -0.541
44.6 0.191 0.174 -0.542
44.7 0.148 0.221 -0.542
44.8 0.107 0.262 -0.543
44.9 0.105 0.267 -0.543
45.0 0.103 0.27 -0.544
45.1 0.0596 0.269 -0.544
45.2 0.0192 0.266 -0.544
45.3 -0.0178 0.262 -0.544
45.4 -0.0515 0.256 -0.544
45.5 -0.0818 0.249 -0.545
45.6 -0.109 0.241 -0.545
45.7 -0.114 0.2 -0.545
45.8 -0.119 0.16 -0.545
45.9 -0.123 0.124 -0.545
46.0 -0.125 0.0893 -0.545
46.1 -0.165 0.0861 -0.54
46.2 -0.202 0.0833 -0.536
46.3 -0.217 0.0276 -0.464
46.4 -0.233 0.0272 -0.384
46.5 -0.247 0.0269 -0.312
46.6 -0.241 -0.0145 -0.242
46.7 -0.235 -0.0526 -0.179
46.8 -0.228 -0.0875 -0.123
46.9 -0.189 -0.087 -0.0978
47.0 -0.153 -0.0862 -0.0751
47.1 -0.119 -0.0852 -0.0548
47.2 -0.0989 -0.122 -0.0572
47.3 -0.0798 -0.156 -0.0592
47.4 -0.073 -0.149 -0.0708
47.5 -0.0668 -0.143 -0.0812
47.6 -0.061 -0.136 -0.0905
47.7 -0.0178 -0.132 -0.0909
47.8 0.0218 -0.127 -0.091
47.9 0.0577 -0.121 -0.0906
48.0 0.0438 -0.126 -0.0732
48.1 0.0306 -0.13 -0.0574
48.2 0.0538 -0.107 -0.0354
48.3 0.0747 -0.0849 -0.0156
48.4 0.0931 -0.0641 0.00237
48.5 0.109 -0.0443 0.0187
48.6 0.0889 -0.0522 0.0224
48.7 0.0693 -0.0592 0.0259
48.8 0.0511 -0.0658 0.029
48.9 0.0494 -0.0235 0.0205
49.0 0.0464 0.0155 0.013
49.1 0.0417 0.0511 0.00671
49.2 0.0468 0.0292 -0.0044
49.3 0.051 0.0086 -0.0143
49.4 0.0545 -0.0109 -0.023
49.5 0.0577 -0.0291 -0.0309
49.6 0.0211 -0.00429 -0.0323
49.7 -0.0128 0.0187 -0.0336
49.8 -0.0441 0.0399 -0.0347
49.9 -0.0148 0.0266 -0.0248
