0.0 0.00529 6.32e-22 0.00288
0.1 0.021 9.57e-21 0.0111
0.2 0.0466 4.55e-20 0.0242
0.3 0.0816 1.35e-19 0.0416
0.4 0.125 3.1e-19 0.0628
0.5 0.177 6.05e-19 0.0875
0.6 0.236 3.95e-06 0.115
0.7 0.302 3.28e-05 0.146
0.8 0.375 0.000122 0.179
0.9 0.444 0.000333 0.213
1.0 0.499 0.00107 0.242
1.1 0.543 0.00226 0.262
1.2 0.575 0.00344 0.274
1.3 0.596 0.00457 0.279
1.4 0.608 0.00772 0.278
1.5 0.611 0.0148 0.272
1.6 0.606 0.0218 0.261
1.7 0.593 0.0254 0.245
1.8 0.573 0.0256 0.226
1.9 0.547 0.0257 0.204
2.0 0.515 0.029 0.178
2.1 0.477 0.0348 0.151
2.2 0.434 0.0396 0.121
2.3 0.387 0.0402 0.09
2.4 0.335 0.0392 0.0592
2.5 0.28 0.0367 0.032
2.6 0.222 0.0298 0.00978
2.7 0.163 0.0216 0.00706
2.8 0.11 0.0146 0.0179
2.9 0.0657 0.00908 0.0229
3.0 0.0314 0.00484 0.0231
3.1 0.0095 0.00209 0.0194
3.2 0.00467 0.000309 0.0135
3.3 0.0151 0.00118 0.0072
3.4 0.0222 0.00233 0.000244
3.5 0.0258 0.0028 0.00519
3.6 0.026 0.00224 0.00725
3.7 0.0232 0.000639 0.00647
3.8 0.0202 0.000972 0.00332
3.9 0.0197 0.00145 0.00178
4.0 0.0214 0.000639 0.00843
4.1 0.0251 0.00161 0.0163
4.2 0.0281 0.00356 0.0245
4.3 0.028 0.00339 0.0324
4.4 0.0253 0.00118 0.0397
4.5 0.0228 0.00112 0.0458
4.6 0.023 0.00153 0.05
4.7 0.0256 0.000148 0.0522
4.8 0.0281 0.00208 0.0527
4.9 0.0288 0.0024 0.0513
5.0 0.0278 0.00124 0.0481
5.1 0.0254 0.00128 0.0431
5.2 0.0236 0.0035 0.0375
5.3 0.024 0.00369 0.0323
5.4 0.0262 0.00167 0.0272
5.5 0.0285 0.000638 0.0222
5.6 0.0295 0.00133 0.017
5.7 0.0296 0.00059 0.0116
5.8 0.0288 0.0014 0.00587
5.9 0.0275 0.00445 0.000241
6.0 0.0258 0.00837 0.00678
6.1 0.0251 0.0109 0.0138
6.2 0.0262 0.00976 0.0213
6.3 0.0271 0.00702 0.0292
6.4 0.0253 0.00459 0.0376
6.5 0.0198 0.00243 0.0465
6.6 0.0129 0.00107 0.0557
6.7 0.0073 0.000705 0.0653
6.8 0.00332 0.000942 0.0751
6.9 0.00112 0.00141 0.0852
7.0 0.000881 0.00175 0.0953
7.1 0.00272 0.00161 0.105
7.2 0.00663 0.000689 0.116
7.3 0.0125 0.00126 0.125
7.4 0.0162 0.00264 0.135
7.5 0.0146 0.00151 0.144
7.6 0.0101 8.81e-06 0.152
7.7 0.00471 0.000316 0.16
7.8 0.00162 0.00242 0.167
7.9 0.00897 0.00625 0.173
8.0 0.0154 0.00831 0.178
8.1 0.0187 0.00583 0.181
8.2 0.019 0.00218 0.183
8.3 0.0168 0.000408 0.183
8.4 0.0136 0.000293 0.182
8.5 0.0108 0.000869 0.178
8.6 0.00824 0.00114 0.173
8.7 0.00586 0.000931 0.165
8.8 0.00363 6.26e-05 0.155
8.9 0.00149 0.00164 0.142
9.0 0.000541 0.00433 0.127
9.1 0.00248 0.00819 0.109
9.2 0.00431 0.0134 0.0874
9.3 0.00528 0.0155 0.0649
9.4 0.00538 0.0106 0.0425
9.5 0.00656 0.00379 0.0238
9.6 0.00972 0.000193 0.012
9.7 0.0143 5.64e-05 0.00573
9.8 0.0196 0.00358 0.00409
9.9 0.0239 0.00695 0.00592
10.0 0.0261 0.00647 0.0103
10.1 0.0267 0.00251 0.0165
10.2 0.027 0.00139 0.0236
10.3 0.0276 0.00189 0.0304
10.4 0.0279 0.00105 0.0367
10.5 0.0274 0.00417 0.0419
10.6 0.0262 0.00445 0.0457
10.7 0.0247 0.00233 0.0478
10.8 0.0233 0.00171 0.0482
10.9 0.0228 0.00522 0.0472
11.0 0.0237 0.00587 0.0454
11.1 0.0255 0.00338 0.0425
11.2 0.0269 0.00031 0.0384
11.3 0.0275 0.000882 0.0328
11.4 0.0276 0.000577 0.0257
11.5 0.0276 0.000811 0.017
11.6 0.0278 0.00286 0.00656
11.7 0.0281 0.00515 0.0055
11.8 0.0288 0.00727 0.0192
11.9 0.03 0.00884 0.0346
12.0 0.0315 0.0095 0.0516
12.1 0.0334 0.0089 0.07
12.2 0.0356 0.00676 0.0899
12.3 0.0381 0.00278 0.111
12.4 0.0408 0.00327 0.133
12.5 0.0412 0.00802 0.157
12.6 0.0379 0.00796 0.181
12.7 0.0329 0.00575 0.206
12.8 0.0274 0.00413 0.231
12.9 0.0211 0.00332 0.257
13.0 0.0146 0.00256 0.283
13.1 0.00905 0.00131 0.309
13.2 0.00446 8.66e-05 0.335
13.3 0.000859 0.00065 0.36
13.4 0.00172 0.000462 0.385
13.5 0.00329 0.00102 0.409
13.6 0.00496 0.00238 0.432
13.7 0.0074 0.00216 0.453
13.8 0.01 0.000761 0.474
13.9 0.0125 0.00133 0.492
14.0 0.0146 0.00367 0.509
14.1 0.0161 0.00579 0.524
14.2 0.017 0.00724 0.537
14.3 0.0173 0.00761 0.548
14.4 0.017 0.00649 0.556
14.5 0.0161 0.00352 0.561
14.6 0.0159 0.000441 0.564
14.7 0.0172 0.000897 0.564
14.8 0.0194 0.000812 0.561
14.9 0.022 0.00031 0.555
15.0 0.0248 0.00205 0.545
15.1 0.0274 0.00397 0.533
15.2 0.0298 0.00565 0.517
15.3 0.0328 0.00607 0.497
15.4 0.0384 0.00395 0.474
15.5 0.0481 0.00109 0.448
15.6 0.0622 0.00865 0.418
15.7 0.0804 0.018 0.384
15.8 0.102 0.0283 0.347
15.9 0.127 0.0387 0.306
16.0 0.155 0.0485 0.262
16.1 0.184 0.0572 0.214
16.2 0.213 0.0646 0.163
16.3 0.243 0.0721 0.11
16.4 0.27 0.0822 0.0595
16.5 0.293 0.0967 0.0167
16.6 0.312 0.116 0.0198
16.7 0.326 0.142 0.051
16.8 0.33 0.168 0.0775
16.9 0.324 0.192 0.1
17.0 0.308 0.215 0.12
17.1 0.284 0.242 0.136
17.2 0.253 0.274 0.151
17.3 0.219 0.305 0.163
17.4 0.185 0.331 0.174
17.5 0.16 0.353 0.184
17.6 0.143 0.371 0.192
17.7 0.135 0.382 0.2
17.8 0.136 0.386 0.208
17.9 0.148 0.379 0.214
18.0 0.167 0.36 0.221
18.1 0.188 0.33 0.227
18.2 0.203 0.293 0.232
18.3 0.211 0.255 0.238
18.4 0.21 0.221 0.243
18.5 0.203 0.19 0.248
18.6 0.19 0.164 0.253
18.7 0.173 0.142 0.257
18.8 0.154 0.12 0.261
18.9 0.134 0.0949 0.265
19.0 0.114 0.0721 0.269
19.1 0.0945 0.0536 0.272
19.2 0.0793 0.0407 0.274
19.3 0.0681 0.0321 0.276
19.4 0.0611 0.027 0.278
19.5 0.0586 0.0252 0.279
19.6 0.0614 0.026 0.279
19.7 0.0675 0.0294 0.279
19.8 0.0753 0.0362 0.277
19.9 0.0849 0.0451 0.275
20.0 0.0964 0.0552 0.272
20.1 0.109 0.0642 0.268
20.2 0.121 0.0701 0.263
20.3 0.132 0.0737 0.258
20.4 0.138 0.0735 0.251
20.5 0.137 0.0692 0.243
20.6 0.128 0.0632 0.233
20.7 0.111 0.0576 0.223
20.8 0.0937 0.0546 0.212
20.9 0.0831 0.0538 0.201
21.0 0.0773 0.0507 0.189
21.1 0.0732 0.0447 0.175
21.2 0.0699 0.0387 0.16
21.3 0.0676 0.0327 0.144
21.4 0.0663 0.0281 0.126
21.5 0.067 0.026 0.107
21.6 0.0702 0.0269 0.0873
21.7 0.0749 0.0285 0.0687
21.8 0.0792 0.0288 0.0534
21.9 0.082 0.0294 0.0416
22.0 0.0826 0.0314 0.0335
22.1 0.0824 0.0337 0.0287
22.2 0.0819 0.0346 0.0267
22.3 0.0805 0.0342 0.027
22.4 0.0779 0.0328 0.0289
22.5 0.0749 0.0318 0.0307
22.6 0.0727 0.0322 0.031
22.7 0.0713 0.0339 0.0299
22.8 0.0706 0.0365 0.0275
22.9 0.0706 0.0401 0.0239
23.0 0.0711 0.0442 0.019
23.1 0.0722 0.049 0.0129
23.2 0.0722 0.0509 0.00848
23.3 0.0689 0.0476 0.00829
23.4 0.0611 0.0403 0.0118
23.5 0.05 0.0316 0.0169
23.6 0.037 0.023 0.0219
23.7 0.0238 0.0157 0.0243
23.8 0.0123 0.0103 0.0217
23.9 0.00336 0.00644 0.0151
24.0 0.00228 0.0038 0.00505
24.1 0.0046 0.002 0.00516
24.2 0.00358 0.00067 0.0127
24.3 0.000593 0.000504 0.0159
24.4 0.00315 0.00144 0.0138
24.5 0.0069 0.00183 0.00769
24.6 0.0102 0.0012 0.00106
24.7 0.0134 0.000512 0.0104
24.8 0.0172 0.00321 0.0184
24.9 0.0218 0.00644 0.0242
25.0 0.0275 0.00967 0.0271
25.1 0.0339 0.012 0.0279
25.2 0.0393 0.0124 0.0275
25.3 0.0421 0.0107 0.0257
25.4 0.0402 0.0078 0.0227
25.5 0.0321 0.00493 0.0184
25.6 0.0204 0.00325 0.0135
25.7 0.00772 0.00305 0.00906
25.8 0.0023 0.00403 0.00589
25.9 0.0066 0.00486 0.00489
26.0 0.00583 0.00409 0.00575
26.1 0.00152 0.00211 0.00814
26.2 0.00523 0.000443 0.0118
26.3 0.0142 0.00439 0.0164
26.4 0.0248 0.0105 0.0218
26.5 0.0309 0.0157 0.027
26.6 0.0302 0.0169 0.0306
26.7 0.0268 0.0144 0.0321
26.8 0.0219 0.00836 0.0317
26.9 0.0182 0.00186 0.0296
27.0 0.0174 0.00144 0.0262
27.1 0.0184 0.00104 0.0214
27.2 0.019 0.000235 0.0164
27.3 0.0181 0.000686 0.0121
27.4 0.0164 0.00369 0.00833
27.5 0.0158 0.00594 0.00594
27.6 0.0169 0.00443 0.00578
27.7 0.0182 0.00179 0.00763
27.8 0.0188 0.000714 0.0113
27.9 0.0193 0.000879 0.0165
28.0 0.0202 0.00187 0.0229
28.1 0.022 0.00319 0.0302
28.2 0.0247 0.00433 0.0383
28.3 0.0286 0.00475 0.0469
28.4 0.0305 0.00401 0.0542
28.5 0.0274 0.00273 0.0589
28.6 0.0233 0.00224 0.0607
28.7 0.022 0.00255 0.0595
28.8 0.0235 0.00264 0.0555
28.9 0.0252 0.00223 0.0498
29.0 0.0246 0.00191 0.0433
29.1 0.0221 0.00186 0.036
29.2 0.0196 0.0022 0.0288
29.3 0.0187 0.00253 0.0226
29.4 0.0195 0.00214 0.0171
29.5 0.022 0.000354 0.0123
29.6 0.0244 0.00153 0.00785
29.7 0.0255 0.00186 0.00381
29.8 0.0262 0.000886 3.66e-05
29.9 0.0271 0.000982 0.00353
30.0 0.0288 0.00323 0.00695
30.1 0.0318 0.00526 0.0102
30.2 0.0361 0.00644 0.0134
30.3 0.0393 0.00598 0.0165
30.4 0.0389 0.00397 0.0195
30.5 0.0352 0.000971 0.0224
30.6 0.0309 0.000823 0.0251
30.7 0.0291 0.000291 0.0276
30.8 0.0301 0.00158 0.0298
30.9 0.0321 0.00283 0.0317
31.0 0.0328 0.00232 0.0332
31.1 0.0323 0.00035 0.0343
31.2 0.0305 0.00293 0.0348
31.3 0.0275 0.00739 0.0346
31.4 0.0249 0.00983 0.0336
31.5 0.0253 0.00803 0.0319
31.6 0.0274 0.00501 0.0291
31.7 0.0287 0.00273 0.0252
31.8 0.0278 0.000734 0.0202
31.9 0.024 0.00167 0.0138
32.0 0.0173 0.00507 0.00591
32.1 0.00842 0.0099 0.00352
32.2 0.0021 0.0164 0.0147
32.3 0.0114 0.0267 0.0251
32.4 0.0161 0.0416 0.0329
32.5 0.0178 0.057 0.0383
32.6 0.0198 0.0694 0.0419
32.7 0.023 0.0789 0.0442
32.8 0.0298 0.0858 0.0447
32.9 0.0427 0.0877 0.0429
33.0 0.062 0.0831 0.0395
33.1 0.0872 0.0777 0.0349
33.2 0.116 0.0757 0.0298
33.3 0.147 0.0775 0.0247
33.4 0.179 0.0831 0.02
33.5 0.208 0.099 0.0169
33.6 0.229 0.13 0.0166
33.7 0.24 0.17 0.0181
33.8 0.238 0.214 0.0206
33.9 0.225 0.257 0.0242
34.0 0.193 0.297 0.0275
34.1 0.139 0.317 0.0289
34.2 0.0762 0.302 0.0289
34.3 0.0175 0.254 0.0282
34.4 0.0256 0.178 0.0271
34.5 0.05 0.0989 0.0261
34.6 0.0637 0.0366 0.0254
34.7 0.0718 0.01 0.0255
34.8 0.0751 0.0443 0.0265
34.9 0.0739 0.0693 0.0286
35.0 0.0709 0.0855 0.0321
35.1 0.0652 0.0949 0.037
35.2 0.0553 0.0982 0.0434
35.3 0.0435 0.0956 0.0515
35.4 0.0317 0.0876 0.0612
35.5 0.0216 0.0749 0.0726
35.6 0.0147 0.0586 0.0856
35.7 0.0122 0.04 0.1
35.8 0.0145 0.0237 0.116
35.9 0.0209 0.0138 0.134
36.0 0.0278 0.00846 0.153
36.1 0.0326 0.0049 0.173
36.2 0.0356 0.00293 0.195
36.3 0.0373 0.00247 0.217
36.4 0.0381 0.00355 0.241
36.5 0.0384 0.00628 0.265
36.6 0.038 0.00812 0.289
36.7 0.0377 0.0068 0.314
36.8 0.0389 0.00309 0.339
36.9 0.0406 0.000306 0.364
37.0 0.0411 0.00138 0.388
37.1 0.0406 0.000184 0.412
37.2 0.0394 0.00332 0.436
37.3 0.0376 0.00603 0.459
37.4 0.0362 0.00527 0.48
37.5 0.0367 0.00195 0.5
37.6 0.0382 0.00116 0.519
37.7 0.0393 0.00197 0.536
37.8 0.04 0.000356 0.552
37.9 0.04 0.00154 0.565
38.0 0.0395 0.00172 0.576
38.1 0.0396 0.000705 0.584
38.2 0.0411 0.000814 0.59
38.3 0.0444 0.00203 0.593
38.4 0.047 0.00205 0.593
38.5 0.0462 0.000964 0.591
38.6 0.0426 0.000767 0.585
38.7 0.0368 0.00286 0.575
38.8 0.0319 0.00362 0.562
38.9 0.0311 0.00243 0.546
39.0 0.0325 0.000935 0.526
39.1 0.034 4.72e-07 0.503
39.2 0.0362 3.19e-05 0.475
39.3 0.0393 0.00153 0.444
39.4 0.0413 0.00326 0.409
39.5 0.0407 0.00352 0.37
39.6 0.0377 0.00212 0.327
39.7 0.0329 4.22e-05 0.281
39.8 0.027 0.00153 0.23
39.9 0.022 0.00423 0.18
40.0 0.019 0.00624 0.135
40.1 0.0168 0.00671 0.0957
40.2 0.0157 0.00738 0.0621
40.3 0.0164 0.00756 0.033
40.4 0.019 0.0065 0.00762
40.5 0.0219 0.00545 0.0147
40.6 0.0237 0.00607 0.0346
40.7 0.0251 0.00804 0.0526
40.8 0.0266 0.0109 0.069
40.9 0.0281 0.0122 0.0843
41.0 0.0286 0.00992 0.0987
41.1 0.0281 0.00674 0.113
41.2 0.0271 0.00516 0.126
41.3 0.0262 0.00476 0.139
41.4 0.0259 0.00505 0.152
41.5 0.0265 0.00548 0.166
41.6 0.028 0.00551 0.179
41.7 0.0305 0.00462 0.192
41.8 0.034 0.00229 0.206
41.9 0.038 0.00193 0.22
42.0 0.0423 0.00838 0.234
42.1 0.0435 0.0132 0.248
42.2 0.0409 0.0134 0.262
42.3 0.037 0.0105 0.276
42.4 0.0323 0.00494 0.29
42.5 0.0277 0.000544 0.303
42.6 0.0236 0.0031 0.317
42.7 0.0194 0.00269 0.33
42.8 0.015 0.00178 0.343
42.9 0.0114 0.00246 0.356
43.0 0.00882 0.00416 0.368
43.1 0.00778 0.00622 0.379
43.2 0.00839 0.00797 0.39
43.3 0.0107 0.00877 0.399
43.4 0.0122 0.00838 0.408
43.5 0.0109 0.00733 0.416
43.6 0.00707 0.00603 0.423
43.7 0.00123 0.00483 0.429
43.8 0.00418 0.00475 0.433
43.9 0.00669 0.006 0.436
44.0 0.00607 0.00753 0.438
44.1 0.00454 0.00819 0.439
44.2 0.00426 0.00763 0.438
44.3 0.00507 0.00599 0.435
44.4 0.00678 0.00337 0.431
44.5 0.00918 0.000202 0.426
44.6 0.012 0.00236 0.418
44.7 0.0142 0.00114 0.41
44.8 0.015 0.00279 0.399
44.9 0.0142 0.00627 0.387
45.0 0.0125 0.00654 0.373
45.1 0.011 0.00549 0.358
45.2 0.0102 0.00506 0.341
45.3 0.00972 0.00514 0.322
45.4 0.00903 0.00549 0.302
45.5 0.0079 0.00583 0.28
45.6 0.00616 0.00584 0.256
45.7 0.00561 0.00522 0.231
45.8 0.00788 0.0043 0.204
45.9 0.0125 0.00359 0.176
46.0 0.019 0.00348 0.146
46.1 0.0243 0.00401 0.115
46.2 0.026 0.00434 0.083
46.3 0.0257 0.00582 0.0534
46.4 0.0241 0.0076 0.0301
46.5 0.0204 0.00669 0.0131
46.6 0.016 0.00488 0.0019
46.7 0.0115 0.00407 0.00389
46.8 0.00623 0.00394 0.00491
46.9 0.00213 0.00333 0.003
47.0 0.00102 0.00182 0.000227
47.1 0.00253 5.3e-05 0.00458
47.2 0.00442 0.000519 0.00885
47.3 0.00433 0.000735 0.012
47.4 0.00323 0.00172 0.0135
47.5 0.00246 0.000917 0.0132
47.6 0.00216 0.00149 0.0111
47.7 0.00256 0.00339 0.00784
47.8 0.00331 0.00289 0.00387
47.9 0.00374 0.000191 0.000699
48.0 0.00326 0.00194 0.00493
48.1 0.00209 0.000998 0.00803
48.2 0.00114 0.000678 0.00971
48.3 0.000523 0.000805 0.00974
48.4 0.000285 0.00051 0.00826
48.5 0.00171 0.00308 0.00542
48.6 0.00341 0.00459 0.00191
48.7 0.00437 0.00318 0.0017
48.8 0.00413 0.000677 0.0054
48.9 0.00266 0.00392 0.00861
49.0 0.000745 0.00385 0.0109
49.1 0.000853 0.000644 0.0123
49.2 0.0014 0.00261 0.0127
49.3 0.00109 0.00305 0.0119
49.4 0.000576 0.000851 0.0102
49.5 0.000399 0.00372 0.0076
49.6 0.00124 0.00741 0.00449
49.7 0.00272 0.00716 0.00122
49.8 0.00379 0.00309 0.00219
49.9 0.00347 0.00111 0.00515
