0.0 0.0 0.0 0.0
0.1 -8.92e-14 0.0 2.65e-14
0.2 -8.92e-14 0.0 2.65e-14
0.3 -8.92e-14 0.0 2.65e-14
0.4 -8.92e-14 0.0 2.65e-14
0.5 -8.92e-14 0.0 2.65e-14
0.6 -8.92e-14 0.0 2.65e-14
0.7 -0.023 -7.76e-05 0.00621
0.8 -0.023 -7.82e-05 0.00623
0.9 -0.0231 -7.9e-05 0.00624
1.0 -3.98 -0.0588 1.04
1.1 -36.5 -0.542 10.9
1.2 -36.5 -0.427 25.4
1.3 -36.5 -0.427 25.4
1.4 -36.5 -0.427 25.4
1.5 -28.6 -0.181 26.9
1.6 -28.6 -0.181 26.9
1.7 -26.3 -0.126 26.4
1.8 -26.3 -0.126 26.4
1.9 -26.3 -0.126 26.4
2.0 -22.1 -0.199 24.6
2.1 -22.1 -0.199 24.6
2.2 -22.1 -0.199 24.6
2.3 -19.1 -0.183 22.3
2.4 -19.1 -0.183 22.3
2.5 -17.2 -0.192 19.3
2.6 -17.3 -0.162 17.1
2.7 -17.3 -0.162 17.1
2.8 -18.3 -0.147 16.2
2.9 -19.1 -0.106 15.7
3.0 -19.1 -0.106 15.7
3.1 -19.7 -0.0128 15.5
3.2 -19.7 -0.0128 15.5
3.3 -20.0 -0.105 15.6
3.4 -20.0 -0.105 15.6
3.5 -20.0 -0.105 15.6
3.6 -20.0 -0.177 16.0
3.7 -20.0 -0.177 16.0
3.8 -20.0 -0.177 16.0
3.9 -19.9 -0.18 16.3
4.0 -19.9 -0.18 16.3
4.1 -19.9 -0.18 16.3
4.2 -19.9 -0.18 16.3
4.3 -19.7 -0.149 16.7
4.4 -19.7 -0.149 16.7
4.5 -19.7 -0.149 16.7
4.6 -19.6 -0.132 17.0
4.7 -19.6 -0.132 17.0
4.8 -19.6 -0.132 17.0
4.9 -19.5 -0.113 17.3
5.0 -19.5 -0.113 17.3
5.1 -19.5 -0.113 17.3
5.2 -19.5 -0.113 17.3
5.3 -19.6 -0.119 17.4
5.4 -19.6 -0.119 17.4
5.5 -19.6 -0.119 17.4
5.6 -19.6 -0.122 17.5
5.7 -19.6 -0.122 17.5
5.8 -19.6 -0.122 17.5
5.9 -19.6 -0.122 17.5
6.0 -19.6 -0.122 17.5
6.1 -19.6 -0.122 17.5
6.2 -19.6 -0.139 17.6
6.3 -19.6 -0.139 17.6
6.4 -26.3 0.836 21.2
6.5 -30.1 1.33 23.1
6.6 -32.0 1.57 24.0
6.7 -36.1 3.02 36.5
6.8 -35.9 2.97 36.4
6.9 -35.3 2.89 36.3
7.0 -34.6 2.76 36.0
7.1 -33.7 2.62 35.7
7.2 -32.5 2.42 35.3
7.3 -31.2 2.19 34.9
7.4 -30.2 2.02 34.5
7.5 -18.0 -0.418 31.4
7.6 -18.2 -0.407 31.5
7.7 -23.0 -0.439 33.2
7.8 -23.1 -0.431 33.3
7.9 -23.1 -0.429 33.3
8.0 -23.1 -0.429 33.3
8.1 -29.6 1.06 36.5
8.2 -29.8 1.09 36.5
8.3 -28.1 0.972 36.1
8.4 -28.2 0.989 36.1
8.5 -24.6 1.17 35.3
8.6 -24.7 1.18 35.4
8.7 -24.8 1.19 35.4
8.8 -24.9 1.2 35.4
8.9 -24.9 1.21 35.5
9.0 -25.0 1.21 35.5
9.1 -25.0 1.22 35.5
9.2 -25.0 1.22 35.5
9.3 -25.0 1.22 35.5
9.4 -20.2 0.344 32.1
9.5 -20.6 0.382 32.3
9.6 -13.9 -1.14 22.4
9.7 -14.4 -1.08 22.7
9.8 -14.8 -1.02 22.9
9.9 -15.1 -0.977 23.1
10.0 -15.1 -0.731 19.2
10.1 -15.5 -0.677 19.5
10.2 -16.2 -0.612 19.7
10.3 -19.7 -0.15 18.2
10.4 -20.0 -0.109 18.4
10.5 -20.2 -0.0865 18.4
10.6 -21.7 0.359 17.8
10.7 -21.9 0.39 17.9
10.8 -22.3 0.43 18.0
10.9 -22.7 0.473 18.1
11.0 -22.4 0.399 18.1
11.1 -22.7 0.429 18.2
11.2 -22.8 0.446 18.2
11.3 -21.6 0.378 18.1
11.4 -21.8 0.409 18.2
11.5 -22.2 0.448 18.3
11.6 -22.6 0.491 18.4
11.7 -23.0 0.533 18.5
11.8 -23.4 0.574 18.6
11.9 -23.8 0.61 18.7
12.0 -24.1 0.643 18.7
12.1 -24.4 0.67 18.8
12.2 -24.6 0.692 18.8
12.3 -24.8 0.709 18.9
12.4 -24.9 0.722 18.9
12.5 -25.0 0.729 18.9
12.6 -19.4 0.0295 18.6
12.7 -19.9 0.0705 18.6
12.8 -22.3 -0.0397 18.8
12.9 -22.6 0.032 18.8
13.0 -21.8 0.394 17.9
13.1 -26.5 1.73 15.7
13.2 -26.5 1.84 15.5
13.3 -26.7 1.88 15.4
13.4 -26.9 1.88 15.4
13.5 -27.1 1.88 15.4
13.6 -27.3 1.84 15.5
13.7 -25.1 1.08 13.9
13.8 -25.4 1.09 13.9
13.9 -26.0 1.04 13.9
14.0 -26.2 1.08 13.9
14.1 -26.5 1.12 13.8
14.2 -26.7 1.16 13.7
14.3 -26.9 1.18 13.6
14.4 -27.1 1.21 13.5
14.5 -27.1 1.22 13.4
14.6 -27.2 1.23 13.4
14.7 -24.7 0.099 11.7
14.8 -24.9 0.122 11.6
14.9 -25.1 0.148 11.4
15.0 -25.4 0.174 11.3
15.1 -25.7 0.198 11.1
15.2 -25.9 0.219 11.0
15.3 -26.2 0.236 10.8
15.4 -22.6 -0.205 10.9
15.5 -18.3 -0.55 10.9
15.6 -18.3 -0.55 10.8
15.7 -16.0 -0.695 10.8
15.8 -16.7 -0.683 10.7
15.9 -17.5 -0.667 10.6
16.0 -18.5 -0.642 10.5
16.1 -19.5 -0.617 10.3
16.2 -20.6 -0.587 10.0
16.3 -20.6 -0.587 10.0
16.4 -19.6 0.258 1.61
16.5 -20.4 0.301 0.0
16.6 -20.4 0.301 0.0
16.7 -20.4 0.301 0.0
16.8 -36.5 1.84 2.57e-05
16.9 -36.5 3.61 0.896
17.0 -36.5 3.69 0.729
17.1 -36.5 3.81 0.538
17.2 -36.5 3.84 0.505
17.3 -36.5 4.07 0.305
17.4 -35.4 3.45 2.83
17.5 -19.4 -0.0312 11.7
17.6 -10.7 -1.75 20.0
17.7 -11.2 -1.49 19.9
17.8 -12.2 -1.25 19.8
17.9 -6.36 -2.35 23.9
18.0 -7.16 -2.32 23.9
18.1 -10.6 -2.16 23.9
18.2 -23.0 -1.02 24.5
18.3 -33.4 11.8 21.4
18.4 -36.1 14.2 20.8
18.5 -36.0 14.1 20.8
18.6 -35.9 12.9 20.9
18.7 -36.4 -2.7 21.7
18.8 -36.5 -3.8 21.9
18.9 -34.2 -7.72 23.0
19.0 -29.0 -10.3 24.3
19.1 -29.2 -10.4 24.3
19.2 -18.3 -5.42 24.7
19.3 -18.4 -5.42 24.7
19.4 -18.5 -5.43 24.7
19.5 -18.5 -5.43 24.8
19.6 -15.2 0.437 24.2
19.7 -16.5 15.6 23.6
19.8 -20.0 16.0 24.6
19.9 -20.3 15.6 24.7
20.0 -20.7 14.7 24.8
20.1 -20.7 14.7 24.8
20.2 -26.2 10.5 24.9
20.3 -26.3 10.5 25.0
20.4 -26.3 10.5 25.0
20.5 -36.0 -2.56 35.6
20.6 -36.0 -2.56 35.6
20.7 -36.0 -2.56 35.6
20.8 -36.0 -2.56 35.6
20.9 -14.7 -15.4 28.1
21.0 -14.7 -15.4 28.1
21.1 -21.4 -11.9 27.4
21.2 -19.6 -10.8 27.0
21.3 -20.0 -10.9 27.3
21.4 -20.4 -11.0 27.5
21.5 -18.8 -2.24 27.8
21.6 -17.6 2.15 28.1
21.7 -16.1 7.33 28.4
21.8 -20.5 14.4 30.3
21.9 -20.6 14.1 30.3
22.0 -20.3 10.9 29.1
22.1 -20.5 9.52 28.9
22.2 -19.9 8.9 27.8
22.3 -20.7 5.82 27.4
22.4 -21.1 4.06 27.2
22.5 -21.9 -0.322 26.4
22.6 -19.8 -0.728 21.0
22.7 -19.8 -0.709 21.0
22.8 -19.8 -0.709 21.0
22.9 -19.8 -0.709 21.0
23.0 -19.8 -0.709 21.0
23.1 -19.8 -0.709 21.0
23.2 -19.8 -0.709 21.0
23.3 -24.1 1.21 15.0
23.4 -24.1 1.21 15.0
23.5 -24.1 1.21 15.0
23.6 -19.1 1.0 14.8
23.7 -19.1 1.0 14.8
23.8 -15.7 -3.07 14.5
23.9 -15.7 -3.07 14.5
24.0 -15.3 -2.68 14.7
24.1 -15.3 -2.68 14.7
24.2 -17.5 -1.24 16.6
24.3 -17.5 -1.24 16.6
24.4 -18.9 -0.252 17.7
24.5 -18.9 -0.252 17.7
24.6 -21.8 0.547 20.4
24.7 -21.8 0.547 20.4
24.8 -23.6 3.28 21.9
24.9 -23.6 3.28 21.9
25.0 -24.6 2.71 22.0
25.1 -24.6 2.71 22.0
25.2 -24.7 2.07 22.0
25.3 -22.9 2.19 21.5
25.4 -22.9 2.19 21.5
25.5 -15.3 -0.0255 14.3
25.6 -15.3 -0.0255 14.3
25.7 -13.5 -3.5 13.9
25.8 -13.5 -3.5 13.9
25.9 -15.7 -3.08 15.6
26.0 -15.7 -3.08 15.6
26.1 -15.7 -3.08 15.6
26.2 -20.5 5.96 18.0
26.3 -20.5 5.96 18.0
26.4 -20.3 5.9 18.0
26.5 -19.8 5.74 17.9
26.6 -19.2 1.36 17.8
26.7 -19.7 -1.18 17.9
26.8 -19.7 -1.18 17.9
26.9 -19.7 -1.18 17.9
27.0 -19.8 -1.85 18.1
27.1 -19.8 -1.85 18.1
27.2 -19.8 -1.85 18.1
27.3 -19.7 -1.53 18.1
27.4 -19.7 -1.53 18.1
27.5 -19.7 -1.53 18.1
27.6 -19.5 -0.651 18.1
27.7 -19.5 -0.651 18.1
27.8 -19.5 -0.168 18.1
27.9 -19.5 -0.168 18.1
28.0 -19.5 -0.168 18.1
28.1 -19.5 -0.168 18.1
28.2 -19.5 -0.168 18.1
28.3 -19.5 -0.168 18.1
28.4 -19.5 -0.168 18.1
28.5 -19.4 0.229 18.0
28.6 -19.4 0.229 18.0
28.7 -19.5 0.295 18.0
28.8 -19.5 0.295 18.0
28.9 -19.5 0.295 18.0
29.0 -19.5 0.143 17.9
29.1 -19.5 0.143 17.9
29.2 -19.5 0.143 17.9
29.3 -19.5 0.0742 17.9
29.4 -19.5 0.0742 17.9
29.5 -19.5 0.0742 17.9
29.6 -19.5 0.0742 17.9
29.7 -19.5 -0.0379 17.9
29.8 -19.5 -0.0379 17.9
29.9 -19.5 -0.0379 17.9
30.0 -19.5 -0.0379 17.9
30.1 -19.5 -0.0379 17.9
30.2 -19.5 -0.0379 17.9
30.3 -19.5 -0.0379 17.9
30.4 -18.8 1.69 16.9
30.5 -18.8 1.69 16.9
30.6 -18.8 1.69 16.9
30.7 -19.3 0.48 17.0
30.8 -19.3 0.48 17.0
30.9 -19.6 1.38 16.9
31.0 -19.7 0.0858 17.0
31.1 -20.0 1.03 16.9
31.2 -20.1 1.3 16.9
31.3 -20.2 1.62 16.8
31.4 -20.3 2.0 16.8
31.5 -19.7 0.04 17.0
31.6 -19.7 0.04 17.0
31.7 -20.0 -0.464 16.9
31.8 -20.9 0.221 16.7
31.9 -21.8 0.925 16.4
32.0 -22.3 1.33 16.2
32.1 -22.5 1.56 16.2
32.2 -22.2 1.59 16.0
32.3 -21.4 1.49 15.8
32.4 -23.6 11.9 11.2
32.5 -23.3 11.8 11.1
32.6 -21.6 8.76 10.5
32.7 -21.4 8.44 10.3
32.8 -21.4 8.44 10.3
32.9 -19.2 4.54 7.52
33.0 -16.7 -2.33 7.47
33.1 -17.0 -1.75 7.43
33.2 -18.9 1.11 6.9
33.3 -18.8 0.983 6.99
33.4 -18.8 0.971 7.0
33.5 -18.8 0.97 7.0
33.6 -17.5 -11.7 2.13
33.7 -17.5 -11.7 2.13
33.8 -18.2 -4.22 1.12
33.9 -18.2 -4.22 1.12
34.0 -18.2 -4.22 1.12
34.1 -18.0 0.0868 1.3
34.2 -18.4 0.511 4.5
34.3 -19.2 1.13 10.4
34.4 -19.2 1.13 10.4
34.5 -20.4 1.08 36.5
34.6 -20.2 0.612 36.3
34.7 -20.2 0.612 36.3
34.8 -20.2 0.612 36.3
34.9 -19.8 0.637 34.1
35.0 -19.8 0.637 34.1
35.1 -19.8 0.637 34.1
35.2 -19.5 0.47 30.4
35.3 -19.5 0.47 30.4
35.4 -19.5 0.47 30.4
35.5 -19.5 0.47 30.4
35.6 -19.5 0.47 30.4
35.7 -19.5 0.47 30.4
35.8 -19.5 0.47 30.4
35.9 -19.4 0.136 25.4
36.0 -19.4 0.136 25.4
36.1 -19.5 -0.0106 21.3
36.2 -19.5 -0.0106 21.3
36.3 -19.5 -0.0106 21.3
36.4 -19.5 -0.0106 21.3
36.5 -19.5 -0.0106 21.3
36.6 -19.5 -0.0106 21.3
36.7 -19.6 0.019 18.7
36.8 -19.6 0.019 18.7
36.9 -19.6 0.019 18.7
37.0 -19.3 -0.091 17.0
37.1 -19.3 -0.091 17.0
37.2 -19.3 -0.091 17.0
37.3 -19.3 -0.091 17.0
37.4 -19.0 -0.128 16.3
37.5 -19.0 -0.128 16.3
37.6 -19.0 -0.128 16.3
37.7 -18.9 -0.00685 16.1
37.8 -18.9 -0.00685 16.1
37.9 -18.9 -0.00685 16.1
38.0 -19.0 0.118 16.3
38.1 -19.0 0.118 16.3
38.2 -19.0 0.118 16.3
38.3 -19.0 0.118 16.3
38.4 -19.0 0.118 16.3
38.5 -19.2 0.245 16.7
38.6 -19.2 0.245 16.7
38.7 -19.2 0.245 16.7
38.8 -19.2 0.245 16.7
38.9 -19.4 0.288 17.1
39.0 -19.4 0.288 17.1
39.1 -19.5 0.29 17.5
39.2 -19.5 0.29 17.5
39.3 -19.5 0.29 17.5
39.4 -19.5 0.29 17.5
39.5 -19.6 0.244 17.8
39.6 -19.6 0.244 17.8
39.7 -17.6 4.36 19.7
39.8 -14.2 14.0 26.0
39.9 -13.5 16.0 26.9
40.0 -17.5 13.1 32.0
40.1 -20.1 4.88 30.8
40.2 -20.2 3.93 30.1
40.3 -20.2 3.93 30.1
40.4 -20.2 3.93 30.1
40.5 -20.2 3.93 30.1
40.6 -21.0 -4.22 24.9
40.7 -21.2 -3.54 25.1
40.8 -21.4 -2.77 25.4
40.9 -21.7 -1.97 25.6
41.0 -21.4 -1.68 22.5
41.1 -21.5 -1.3 22.6
41.2 -21.5 -0.122 20.5
41.3 -21.8 0.327 20.6
41.4 -22.2 0.824 20.8
41.5 -22.6 1.32 20.9
41.6 -23.1 1.79 21.0
41.7 -23.6 2.18 21.1
41.8 -24.1 2.57 21.2
41.9 -24.5 2.81 21.3
42.0 -25.6 3.46 21.5
42.1 -25.6 3.46 21.5
42.2 -19.2 -0.78 19.5
42.3 -16.2 -2.76 18.0
42.4 -18.1 -2.32 18.2
42.5 -19.7 -2.03 18.3
42.6 -23.2 -1.87 17.7
42.7 -23.9 -1.83 17.7
42.8 -24.3 -1.83 17.7
42.9 -25.9 -2.1 17.3
43.0 -26.3 -2.16 17.3
43.1 -26.8 -2.26 17.3
43.2 -27.3 -2.41 17.3
43.3 -27.8 -2.6 17.3
43.4 -28.2 -2.81 17.3
43.5 -19.0 -3.23 16.7
43.6 -19.4 -3.43 16.7
43.7 -19.6 -3.64 16.6
43.8 -19.9 -3.84 16.6
43.9 -24.5 -10.6 15.4
44.0 -24.7 -10.8 15.4
44.1 -24.9 -11.2 15.4
44.2 -18.3 -5.78 15.0
44.3 -18.4 -6.02 15.0
44.4 -18.4 -6.19 15.0
44.5 -18.5 -6.34 14.9
44.6 -18.5 -6.46 14.9
44.7 -17.0 -8.12 14.0
44.8 -17.0 -8.63 13.9
44.9 -17.0 -9.31 13.8
45.0 -14.7 -7.21 13.1
45.1 -14.6 -7.45 13.0
45.2 -14.1 -5.16 12.7
45.3 -14.0 -5.38 12.6
45.4 -13.9 -5.63 12.5
45.5 -13.7 -5.9 12.5
45.6 -13.5 -6.16 12.4
45.7 -13.2 -6.41 12.3
45.8 -13.3 3.15 12.4
45.9 -13.1 3.03 12.4
46.0 -13.0 2.95 12.3
46.1 -12.9 2.9 12.3
46.2 -5.97 0.57 9.43
46.3 -5.99 0.576 9.44
46.4 -17.7 3.28 10.6
46.5 -17.7 4.54 11.3
46.6 -17.5 4.52 11.3
46.7 -20.5 4.06 13.0
46.8 -20.4 4.08 13.0
46.9 -20.2 4.11 12.9
47.0 -24.6 2.64 16.5
47.1 -24.5 2.67 16.5
47.2 -24.5 2.68 16.5
47.3 -15.1 4.61 16.5
47.4 -15.0 4.71 16.5
47.5 -18.8 2.58 17.5
47.6 -18.8 2.61 17.5
47.7 -18.7 2.64 17.5
47.8 -19.0 2.23 17.6
47.9 -18.9 2.47 17.5
48.0 -18.8 2.84 17.3
48.1 -21.0 0.874 17.7
48.2 -21.0 0.991 17.7
48.3 -21.3 -0.076 18.0
48.4 -21.3 0.0375 17.9
48.5 -21.3 0.246 17.9
48.6 -21.4 0.432 17.8
48.7 -20.4 -1.98 18.5
48.8 -20.4 -1.8 18.4
48.9 -20.5 -1.8 18.4
49.0 -20.5 -0.671 18.4
49.1 -20.7 -0.489 18.3
49.2 -21.0 -0.262 18.2
49.3 -20.3 -0.276 18.2
49.4 -20.4 -0.223 18.2
49.5 -20.5 -0.181 18.1
49.6 -20.5 -0.181 18.1
49.7 -19.1 -0.402 18.3
49.8 -19.1 -0.402 18.3
49.9 -19.1 -0.402 18.3
