0.0 0.0 0.0 2.41e-19
0.1 0.0 0.0 9.22e-19
0.2 0.0 0.0 1.99e-18
0.3 0.0 0.0 3.39e-18
0.4 0.0 0.0 5.09e-18
0.5 0.0 0.0 7.04e-18
0.6 0.0 0.0 9.21e-18
0.7 0.0 0.0 7.89e-06
0.8 0.0 0.0 3.02e-05
0.9 0.0 0.0 6.65e-05
1.0 0.0 0.0 0.000116
1.1 0.0 0.0 0.000178
1.2 0.0 0.0 0.000251
1.3 0.0 0.0 0.000336
1.4 0.0 0.0 0.000431
1.5 0.0 0.0 0.000535
1.6 0.0 0.0 0.000649
1.7 0.0 0.0 0.000774
1.8 0.0 0.0 0.000908
1.9 0.0 0.0 0.00105
2.0 0.0 0.0 0.00119
2.1 0.0 0.0 0.00134
2.2 0.0 0.0 0.00148
2.3 0.0 0.0 0.00162
2.4 0.0 0.0 0.00175
2.5 0.0 0.0 0.00188
2.6 0.0 0.0 0.002
2.7 0.0 0.0 0.00212
2.8 0.0 0.0 0.00224
2.9 0.0 0.0 0.00235
3.0 0.0 0.0 0.00246
3.1 0.0 0.0 0.00257
3.2 0.0 0.0 0.00267
3.3 0.0 0.0 0.00277
3.4 0.0 0.0 0.00287
3.5 0.0 0.0 0.00295
3.6 0.0 0.0 0.00304
3.7 0.0 0.0 0.00312
3.8 0.0 0.0 0.00319
3.9 0.0 0.0 0.00326
4.0 0.0 0.0 0.00333
4.1 0.0 0.0 0.00338
4.2 0.0 0.0 0.00344
4.3 0.0 0.0 0.00348
4.4 0.0 0.0 0.00352
4.5 0.0 0.0 0.00356
4.6 0.0 0.0 0.00359
4.7 0.0 0.0 0.00361
4.8 0.0 0.0 0.00363
4.9 0.0 0.0 0.00365
5.0 0.0 0.0 0.00366
5.1 0.0 0.0 0.00367
5.2 0.0 0.0 0.00367
5.3 0.0 0.0 0.00368
5.4 0.0 0.0 0.00367
5.5 0.0 0.0 0.00367
5.6 0.0 0.0 0.00365
5.7 0.0 0.0 0.00364
5.8 0.0 0.0 0.00362
5.9 0.0 0.0 0.00359
6.0 0.0 0.0 0.00356
6.1 0.0 0.0 0.00352
6.2 0.0 0.0 0.00348
6.3 0.0 0.0 0.00344
6.4 0.0 0.0 0.00339
6.5 0.0 0.0 0.00334
6.6 0.0 0.0 0.00329
6.7 0.0 0.0 0.00324
6.8 0.0 0.0 0.00318
6.9 0.0 0.0 0.00312
7.0 0.0 0.0 0.00306
7.1 0.0 0.0 0.00299
7.2 0.0 0.0 0.00293
7.3 0.0 0.0 0.00286
7.4 0.0 0.0 0.00279
7.5 0.0 0.0 0.00272
7.6 0.0 0.0 0.00265
7.7 0.0 0.0 0.00257
7.8 0.0 0.0 0.0025
7.9 0.0 0.0 0.00242
8.0 0.0 0.0 0.00235
8.1 0.0 0.0 0.00227
8.2 0.0 0.0 0.0022
8.3 0.0 0.0 0.00212
8.4 0.0 0.0 0.00204
8.5 0.0 0.0 0.00196
8.6 0.0 0.0 0.00188
8.7 0.0 0.0 0.0018
8.8 0.0 0.0 0.00171
8.9 0.0 0.0 0.00163
9.0 0.0 0.0 0.00154
9.1 0.0 0.0 0.00145
9.2 0.0 0.0 0.00136
9.3 0.0 0.0 0.00127
9.4 0.0 0.0 0.00117
9.5 0.0 0.0 0.00108
9.6 0.0 0.0 0.000977
9.7 0.0 0.0 0.000875
9.8 0.0 0.0 0.000771
9.9 0.0 0.0 0.000665
10.0 0.0 0.0 0.000556
10.1 0.0 0.0 0.000435
10.2 0.0 0.0 0.000317
10.3 0.0 0.0 0.000222
10.4 0.0 0.0 0.000149
10.5 0.0 0.0 9.56e-05
10.6 0.0 0.0 5.8e-05
10.7 0.0 0.0 3.3e-05
10.8 0.0 0.0 1.78e-05
10.9 0.0 0.0 9.24e-06
11.0 0.0 0.0 4.69e-06
11.1 0.0 0.0 2.34e-06
11.2 0.0 0.0 1.15e-06
11.3 0.0 0.0 5.68e-07
11.4 0.0 0.0 2.81e-07
11.5 0.0 0.0 1.39e-07
11.6 0.0 0.0 7.24e-08
11.7 0.0 0.0 4.57e-08
11.8 0.0 0.0 3.32e-08
11.9 0.0 0.0 2.49e-08
12.0 0.0 0.0 1.97e-08
12.1 0.0 0.0 5.21e-06
12.2 0.0 0.0 1.23e-05
12.3 0.0 0.0 1.47e-05
12.4 0.0 0.0 1.43e-05
12.5 0.0 0.0 1.26e-05
12.6 0.0 0.0 1.04e-05
12.7 0.0 0.0 8.16e-06
12.8 0.0 0.0 6.12e-06
12.9 0.0 0.0 4.43e-06
13.0 0.0 0.0 3.09e-06
13.1 0.0 0.0 2.07e-06
13.2 0.0 0.0 1.33e-06
13.3 0.0 0.0 8.17e-07
13.4 0.0 0.0 4.82e-07
13.5 0.0 0.0 2.69e-07
13.6 0.0 0.0 1.44e-07
13.7 0.0 0.0 7.99e-08
13.8 0.0 0.0 4.7e-08
13.9 0.0 0.0 2.64e-08
14.0 0.0 0.0 1.44e-08
14.1 0.0 0.0 8.28e-09
14.2 0.0 0.0 5.4e-09
14.3 0.0 0.0 8.52e-09
14.4 0.0 0.0 1.59e-08
14.5 0.0 0.0 3.51e-08
14.6 0.0 0.0 5.92e-08
14.7 0.0 0.0 7.26e-08
14.8 0.0 0.0 9.27e-08
14.9 0.0 0.0 1.22e-05
15.0 0.0 0.0 0.000105
15.1 0.0 0.0 0.000311
15.2 0.0 0.0 0.000636
15.3 0.0 0.0 0.00107
15.4 0.0 0.0 0.00157
15.5 0.0 0.0 0.00204
15.6 0.0 0.0 0.00244
15.7 0.0 0.0 0.00278
15.8 0.0 0.0 0.00304
15.9 0.0 0.0 0.00324
16.0 0.0 0.0 0.00342
16.1 0.0 0.0 0.00361
16.2 0.0 0.0 0.00377
16.3 0.0 0.0 0.00386
16.4 0.0 0.0 0.00391
16.5 0.0 0.0 0.00394
16.6 0.0 0.0 0.00394
16.7 0.0 0.0 0.00392
16.8 0.0 0.0 0.0039
16.9 0.0 0.0 0.00386
17.0 0.0 0.0 0.00384
17.1 0.0 0.0 0.00384
17.2 0.0 0.0 0.00388
17.3 0.0 0.0 0.00394
17.4 0.0 0.0 0.00401
17.5 0.0 0.0 0.00408
17.6 0.0 0.0 0.00413
17.7 0.0 0.0 0.00414
17.8 0.0 0.0 0.00411
17.9 0.0 0.0 0.00405
18.0 0.0 0.0 0.00401
18.1 0.0 0.0 0.00405
18.2 0.0 0.0 0.00416
18.3 0.0 0.0 0.00436
18.4 0.0 0.0 0.00462
18.5 0.0 0.0 0.00498
18.6 0.0 0.0 0.00547
18.7 0.0 0.0 0.00604
18.8 0.0 0.0 0.00669
18.9 0.0 0.0 0.00735
19.0 0.0 0.0 0.00795
19.1 0.0 0.0 0.00831
19.2 0.0 0.0 0.00833
19.3 0.0 0.0 0.00809
19.4 0.0 0.0 0.00756
19.5 0.0 0.0 0.00669
19.6 0.0 0.0 0.00542
19.7 0.0 0.0 0.00405
19.8 0.0 0.0 0.00287
19.9 0.0 0.0 0.00185
20.0 0.0 0.0 0.000923
20.1 0.0 0.0 0.000323
20.2 0.0 0.0 0.000155
20.3 0.0 0.0 0.000264
20.4 0.0 0.0 0.000628
20.5 0.0 0.0 0.00124
20.6 0.0 0.0 0.00212
20.7 0.0 0.0 0.00327
20.8 0.0 0.0 0.00466
20.9 0.0 0.0 0.00628
21.0 0.0 0.0 0.0081
21.1 0.0 0.0 0.0101
21.2 0.0 0.0 0.0123
21.3 0.0 0.0 0.0145
21.4 0.0 0.0 0.0169
21.5 0.0 0.0 0.0194
21.6 0.0 0.0 0.022
21.7 0.0 0.0 0.0247
21.8 0.0 0.0 0.0274
21.9 0.0 0.0 0.0301
22.0 0.0 0.0 0.0329
22.1 0.0 0.0 0.0358
22.2 0.0 0.0 0.0387
22.3 0.0 0.0 0.0416
22.4 0.0 0.0 0.0445
22.5 0.0 0.0 0.0474
22.6 0.0 0.0 0.0503
22.7 0.0 0.0 0.0533
22.8 0.0 0.0 0.0562
22.9 0.0 0.0 0.0592
23.0 0.0 0.0 0.0621
23.1 0.0 0.0 0.065
23.2 0.0 0.0 0.068
23.3 0.0 0.0 0.0709
23.4 0.0 0.0 0.0738
23.5 0.0 0.0 0.0766
23.6 0.0 0.0 0.0795
23.7 0.0 0.0 0.0823
23.8 0.0 0.0 0.0852
23.9 0.0 0.0 0.0879
24.0 0.0 0.0 0.0907
24.1 0.0 0.0 0.0935
24.2 0.0 0.0 0.0962
24.3 0.0 0.0 0.0988
24.4 0.0 0.0 0.101
24.5 0.0 0.0 0.104
24.6 0.0 0.0 0.107
24.7 0.0 0.0 0.109
24.8 0.0 0.0 0.112
24.9 0.0 0.0 0.114
25.0 0.0 0.0 0.117
25.1 0.0 0.0 0.119
25.2 0.0 0.0 0.121
25.3 0.0 0.0 0.124
25.4 0.0 0.0 0.126
25.5 0.0 0.0 0.128
25.6 0.0 0.0 0.131
25.7 0.0 0.0 0.133
25.8 0.0 0.0 0.135
25.9 0.0 0.0 0.137
26.0 0.0 0.0 0.139
26.1 0.0 0.0 0.141
26.2 0.0 0.0 0.143
26.3 0.0 0.0 0.145
26.4 0.0 0.0 0.147
26.5 0.0 0.0 0.148
26.6 0.0 0.0 0.15
26.7 0.0 0.0 0.152
26.8 0.0 0.0 0.153
26.9 0.0 0.0 0.155
27.0 0.0 0.0 0.156
27.1 0.0 0.0 0.158
27.2 0.0 0.0 0.159
27.3 0.0 0.0 0.161
27.4 0.0 0.0 0.162
27.5 0.0 0.0 0.163
27.6 0.0 0.0 0.164
27.7 0.0 0.0 0.165
27.8 0.0 0.0 0.166
27.9 0.0 0.0 0.167
28.0 0.0 0.0 0.168
28.1 0.0 0.0 0.169
28.2 0.0 0.0 0.17
28.3 0.0 0.0 0.171
28.4 0.0 0.0 0.171
28.5 0.0 0.0 0.172
28.6 0.0 0.0 0.172
28.7 0.0 0.0 0.173
28.8 0.0 0.0 0.173
28.9 0.0 0.0 0.174
29.0 0.0 0.0 0.174
29.1 0.0 0.0 0.174
29.2 0.0 0.0 0.174
29.3 0.0 0.0 0.174
29.4 0.0 0.0 0.174
29.5 0.0 0.0 0.174
29.6 0.0 0.0 0.174
29.7 0.0 0.0 0.174
29.8 0.0 0.0 0.174
29.9 0.0 0.0 0.174
30.0 0.0 0.0 0.173
30.1 0.0 0.0 0.173
30.2 0.0 0.0 0.172
30.3 0.0 0.0 0.172
30.4 0.0 0.0 0.171
30.5 0.0 0.0 0.171
30.6 0.0 0.0 0.17
30.7 0.0 0.0 0.169
30.8 0.0 0.0 0.168
30.9 0.0 0.0 0.167
31.0 0.0 0.0 0.166
31.1 0.0 0.0 0.165
31.2 0.0 0.0 0.164
31.3 0.0 0.0 0.163
31.4 0.0 0.0 0.162
31.5 0.0 0.0 0.16
31.6 0.0 0.0 0.159
31.7 0.0 0.0 0.157
31.8 0.0 0.0 0.156
31.9 0.0 0.0 0.154
32.0 0.0 0.0 0.153
32.1 0.0 0.0 0.151
32.2 0.0 0.0 0.149
32.3 0.0 0.0 0.148
32.4 0.0 0.0 0.146
32.5 0.0 0.0 0.144
32.6 0.0 0.0 0.142
32.7 0.0 0.0 0.14
32.8 0.0 0.0 0.138
32.9 0.0 0.0 0.136
33.0 0.0 0.0 0.133
33.1 0.0 0.0 0.131
33.2 0.0 0.0 0.129
33.3 0.0 0.0 0.126
33.4 0.0 0.0 0.124
33.5 0.0 0.0 0.121
33.6 0.0 0.0 0.119
33.7 0.0 0.0 0.116
33.8 0.0 0.0 0.113
33.9 0.0 0.0 0.11
34.0 0.0 0.0 0.107
34.1 0.0 0.0 0.104
34.2 0.0 0.0 0.101
34.3 0.0 0.0 0.0979
34.4 0.0 0.0 0.0945
34.5 0.0 0.0 0.0909
34.6 0.0 0.0 0.0873
34.7 0.0 0.0 0.0834
34.8 0.0 0.0 0.0793
34.9 0.0 0.0 0.0749
35.0 0.0 0.0 0.0703
35.1 0.0 0.0 0.0654
35.2 0.0 0.0 0.0603
35.3 0.0 0.0 0.055
35.4 0.0 0.0 0.0495
35.5 0.0 0.0 0.0439
35.6 0.0 0.0 0.0382
35.7 0.0 0.0 0.0323
35.8 0.0 0.0 0.0263
35.9 0.0 0.0 0.0202
36.0 0.0 0.0 0.0138
36.1 0.0 0.0 0.00719
36.2 0.0 0.0 0.000117
36.3 0.0 0.0 0.00747
36.4 0.0 0.0 0.0157
36.5 0.0 0.0 0.0245
36.6 0.0 0.0 0.0341
36.7 0.0 0.0 0.0445
36.8 0.0 0.0 0.0558
36.9 0.0 0.0 0.0679
37.0 0.0 0.0 0.081
37.1 0.0 0.0 0.0949
37.2 0.0 0.0 0.11
37.3 0.0 0.0 0.126
37.4 0.0 0.0 0.143
37.5 0.0 0.0 0.161
37.6 0.0 0.0 0.18
37.7 0.0 0.0 0.2
37.8 0.0 0.0 0.221
37.9 0.0 0.0 0.243
38.0 0.0 0.0 0.266
38.1 0.0 0.0 0.291
38.2 0.0 0.0 0.316
38.3 0.0 0.0 0.343
38.4 0.0 0.0 0.37
38.5 0.0 0.0 0.398
38.6 0.0 0.0 0.428
38.7 0.0 0.0 0.459
38.8 0.0 0.0 0.49
38.9 0.0 0.0 0.523
39.0 0.0 0.0 0.557
39.1 0.0 0.0 0.591
39.2 0.0 0.0 0.627
39.3 0.0 0.0 0.664
39.4 0.0 0.0 0.701
39.5 0.0 0.0 0.74
39.6 0.0 0.0 0.779
39.7 0.0 0.0 0.82
39.8 0.0 0.0 0.861
39.9 0.0 0.0 0.903
40.0 0.0 0.0 0.947
40.1 0.0 0.0 0.991
40.2 0.0 0.0 1.04
40.3 0.0 0.0 1.08
40.4 0.0 0.0 1.13
40.5 0.0 0.0 1.18
40.6 0.0 0.0 1.22
40.7 0.0 0.0 1.27
40.8 0.0 0.0 1.32
40.9 0.0 0.0 1.37
41.0 0.0 0.0 1.42
41.1 0.0 0.0 1.48
41.2 0.0 0.0 1.53
41.3 0.0 0.0 1.58
41.4 0.0 0.0 1.64
41.5 0.0 0.0 1.69
41.6 0.0 0.0 1.75
41.7 0.0 0.0 1.8
41.8 0.0 0.0 1.86
41.9 0.0 0.0 1.91
42.0 0.0 0.0 1.97
42.1 0.0 0.0 2.03
42.2 0.0 0.0 2.09
42.3 0.0 0.0 2.15
42.4 0.0 0.0 2.21
42.5 0.0 0.0 2.27
42.6 0.0 0.0 2.33
42.7 0.0 0.0 2.39
42.8 0.0 0.0 2.45
42.9 0.0 0.0 2.51
43.0 0.0 0.0 2.57
43.1 0.0 0.0 2.63
43.2 0.0 0.0 2.69
43.3 0.0 0.0 2.76
43.4 0.0 0.0 2.82
43.5 0.0 0.0 2.88
43.6 0.0 0.0 2.94
43.7 0.0 0.0 3.0
43.8 0.0 0.0 3.06
43.9 0.0 0.0 3.12
44.0 0.0 0.0 3.18
44.1 0.0 0.0 3.24
44.2 0.0 0.0 3.3
44.3 0.0 0.0 3.37
44.4 0.0 0.0 3.43
44.5 0.0 0.0 3.49
44.6 0.0 0.0 3.56
44.7 0.0 0.0 3.62
44.8 0.0 0.0 3.69
44.9 0.0 0.0 3.75
45.0 0.0 0.0 3.82
45.1 0.0 0.0 3.89
45.2 0.0 0.0 3.95
45.3 0.0 0.0 4.02
45.4 0.0 0.0 4.09
45.5 0.0 0.0 4.16
45.6 0.0 0.0 4.23
45.7 0.0 0.0 4.31
45.8 0.0 0.0 4.38
45.9 0.0 0.0 4.45
46.0 0.0 0.0 4.53
46.1 0.0 0.0 4.6
46.2 0.0 0.0 4.68
46.3 0.0 0.0 4.76
46.4 0.0 0.0 4.83
46.5 0.0 0.0 4.91
46.6 0.0 0.0 4.99
46.7 0.0 0.0 5.07
46.8 0.0 0.0 5.15
46.9 0.0 0.0 5.23
47.0 0.0 0.0 5.31
47.1 0.0 0.0 5.39
47.2 0.0 0.0 5.47
47.3 0.0 0.0 5.55
47.4 0.0 0.0 5.63
47.5 0.0 0.0 5.71
47.6 0.0 0.0 5.79
47.7 0.0 0.0 5.88
47.8 0.0 0.0 5.96
47.9 0.0 0.0 6.04
48.0 0.0 0.0 6.13
48.1 0.0 0.0 6.21
48.2 0.0 0.0 6.3
48.3 0.0 0.0 6.38
48.4 0.0 0.0 6.47
48.5 0.0 0.0 6.55
48.6 0.0 0.0 6.64
48.7 0.0 0.0 6.73
48.8 0.0 0.0 6.82
48.9 0.0 0.0 6.91
49.0 0.0 0.0 7.0
49.1 0.0 0.0 7.09
49.2 0.0 0.0 7.18
49.3 0.0 0.0 7.28
49.4 0.0 0.0 7.37
49.5 0.0 0.0 7.46
49.6 0.0 0.0 7.56
49.7 0.0 0.0 7.66
49.8 0.0 0.0 7.75
49.9 0.0 0.0 7.85
