0.0 0.104 4.53e-26 -0.0563 0.119
0.1 0.201 3.72e-26 -0.107 0.228
0.2 0.291 -1.68e-24 -0.152 0.328
0.3 0.374 -9.63e-24 -0.193 0.42
0.4 0.45 -3.04e-23 -0.229 0.505
0.5 0.522 -7.31e-23 -0.261 0.583
0.6 0.588 -1.5e-22 -0.29 0.655
0.7 0.649 5.45e-11 -0.316 0.721
0.8 0.705 4.62e-10 -0.339 0.782
0.9 0.757 0.00322 -0.358 0.838
1.0 0.806 0.00622 -0.375 0.889
1.1 0.854 0.0306 -0.276 0.898
1.2 0.899 0.0532 -0.186 0.919
1.3 0.94 0.0743 -0.106 0.949
1.4 0.978 0.0938 -0.033 0.983
1.5 1.01 0.112 0.0323 1.02
1.6 1.05 0.129 0.0906 1.06
1.7 0.877 0.115 0.128 0.893
1.8 0.719 0.102 0.161 0.744
1.9 0.574 0.0906 0.19 0.611
2.0 0.439 0.0797 0.215 0.496
2.1 0.314 0.0695 0.238 0.4
2.2 0.198 0.06 0.258 0.331
2.3 0.0912 0.0512 0.276 0.295
2.4 -0.00803 0.043 0.291 0.294
2.5 -0.0903 0.035 0.302 0.317
2.6 -0.0401 0.0252 0.267 0.271
2.7 0.00449 0.0162 0.235 0.236
2.8 0.0434 0.00822 0.205 0.21
2.9 0.0766 0.00114 0.178 0.194
3.0 0.107 -0.00543 0.153 0.187
3.1 0.0846 -0.00368 0.123 0.149
3.2 0.0635 -0.00205 0.0951 0.114
3.3 0.0447 -0.000597 0.0705 0.0835
3.4 0.0274 0.000752 0.0484 0.0556
3.5 0.015 0.00185 0.029 0.0327
3.6 0.0036 0.00287 0.0116 0.0125
3.7 -0.007 0.00382 -0.00397 0.00891
3.8 -0.0154 0.00464 -0.0175 0.0238
3.9 -0.0231 0.00539 -0.0297 0.038
4.0 -0.0303 0.0061 -0.0406 0.051
4.1 -0.0352 0.00665 -0.0498 0.0614
4.2 -0.0398 0.00717 -0.058 0.0707
4.3 -0.044 0.00764 -0.0654 0.0792
4.4 -0.0464 0.00796 -0.0713 0.0855
4.5 -0.0487 0.00825 -0.0766 0.0912
4.6 -0.0475 0.00808 -0.0793 0.0928
4.7 -0.0463 0.00792 -0.0818 0.0943
4.8 -0.0453 0.00778 -0.0839 0.0957
4.9 -0.0443 0.00765 -0.0859 0.0969
5.0 -0.0434 0.00752 -0.0876 0.098
5.1 -0.0425 0.0074 -0.0891 0.099
5.2 -0.0418 0.0073 -0.0904 0.0999
5.3 -0.0411 0.00719 -0.0916 0.101
5.4 -0.0404 0.0071 -0.0926 0.101
5.5 -0.0398 0.00701 -0.0935 0.102
5.6 -0.0392 0.00693 -0.0943 0.102
5.7 -0.038 0.00675 -0.0942 0.102
5.8 -0.0368 0.00659 -0.0941 0.101
5.9 -0.0357 0.00644 -0.094 0.101
6.0 -0.0341 0.00621 -0.0931 0.0994
6.1 -0.0325 0.00599 -0.0923 0.0981
6.2 -0.0311 0.00579 -0.0916 0.0969
6.3 -0.0293 0.00554 -0.0901 0.0949
6.4 -0.0276 0.0053 -0.0888 0.0931
6.5 -0.026 0.00508 -0.0875 0.0915
6.6 -0.0245 0.00487 -0.0862 0.0898
6.7 -0.0224 0.00457 -0.0838 0.0869
6.8 -0.0192 0.00414 -0.0793 0.0817
6.9 -0.0162 0.00373 -0.0752 0.077
7.0 -0.0135 0.00335 -0.0713 0.0727
7.1 -0.0109 0.003 -0.0677 0.0686
7.2 -0.00854 0.00267 -0.0643 0.0649
7.3 -0.00637 0.00237 -0.0609 0.0613
7.4 -0.00438 0.00208 -0.0577 0.0579
7.5 -0.00257 0.00182 -0.0547 0.0548
7.6 -0.00116 0.00163 -0.0508 0.0508
7.7 0.000118 0.00145 -0.0472 0.0472
7.8 0.00128 0.00128 -0.0439 0.0439
7.9 0.00232 0.00112 -0.0408 0.0409
8.0 0.00304 0.00102 -0.0375 0.0376
8.1 0.00367 0.000922 -0.0344 0.0346
8.2 0.00421 0.000829 -0.0316 0.0319
8.3 0.00444 0.000786 -0.0287 0.029
8.4 0.00461 0.000744 -0.0259 0.0263
8.5 -0.0372 -0.00108 -0.019 0.0417
8.6 -0.115 -0.00441 -0.00779 0.115
8.7 -0.198 -0.00796 0.00341 0.198
8.8 -0.277 -0.0114 0.0139 0.277
8.9 -0.349 -0.0146 0.0236 0.351
9.0 -0.417 -0.0179 0.0358 0.419
9.1 -0.442 -0.0188 0.0495 0.445
9.2 -0.43 -0.018 0.062 0.435
9.3 -0.42 -0.0172 0.073 0.427
9.4 -0.411 -0.0164 0.0828 0.419
9.5 -0.328 -0.0126 0.084 0.339
9.6 -0.254 -0.0092 0.0855 0.269
9.7 -0.218 -0.00717 0.0883 0.235
9.8 -0.186 -0.00536 0.091 0.207
9.9 -0.158 -0.00374 0.0936 0.183
10.0 -0.133 -0.00228 0.0959 0.164
10.1 -0.112 -0.00098 0.0983 0.149
10.2 -0.0927 0.000203 0.1 0.137
10.3 -0.0761 0.00126 0.102 0.127
10.4 -0.0616 0.00221 0.104 0.121
10.5 -0.0491 0.00306 0.106 0.117
10.6 -0.0383 0.00382 0.107 0.114
10.7 -0.0291 0.0045 0.109 0.113
10.8 -0.0213 0.0051 0.11 0.112
10.9 -0.0151 0.00563 0.112 0.113
11.0 -0.01 0.00609 0.113 0.113
11.1 -0.00619 0.00649 0.114 0.115
11.2 -0.00355 0.00684 0.115 0.116
11.3 -0.00197 0.00713 0.117 0.117
11.4 -0.00143 0.00736 0.118 0.118
11.5 -0.00901 0.00734 0.121 0.121
11.6 -0.0171 0.00729 0.123 0.125
11.7 -0.0259 0.00719 0.126 0.129
11.8 -0.0356 0.00704 0.128 0.134
11.9 -0.0485 0.00707 0.131 0.14
12.0 -0.121 -0.00184 0.171 0.21
12.1 -0.191 -0.0103 0.207 0.282
12.2 -0.257 -0.0182 0.239 0.352
12.3 -0.305 -0.0258 0.273 0.41
12.4 -0.303 -0.047 0.303 0.432
12.5 -0.28 -0.0688 0.33 0.438
12.6 -0.249 -0.0873 0.355 0.442
12.7 -0.219 -0.103 0.376 0.448
12.8 -0.194 -0.118 0.396 0.456
12.9 -0.172 -0.133 0.413 0.467
13.0 -0.154 -0.145 0.429 0.478
13.1 -0.138 -0.157 0.443 0.49
13.2 -0.126 -0.167 0.455 0.501
13.3 -0.117 -0.177 0.467 0.513
13.4 -0.11 -0.187 0.477 0.524
13.5 -0.107 -0.196 0.486 0.534
13.6 -0.106 -0.204 0.494 0.545
13.7 -0.107 -0.212 0.501 0.554
13.8 -0.111 -0.219 0.508 0.564
13.9 -0.196 -0.181 0.495 0.563
14.0 -0.274 -0.131 0.502 0.587
14.1 -0.347 -0.0878 0.509 0.622
14.2 -0.381 -0.0338 0.514 0.641
14.3 -0.446 0.158 0.519 0.703
14.4 -0.507 0.333 0.524 0.801
14.5 -0.562 0.482 0.525 0.908
14.6 -0.614 0.619 0.527 1.02
14.7 -0.662 0.744 0.531 1.13
14.8 -0.706 0.857 0.534 1.23
14.9 -0.747 0.959 0.537 1.33
15.0 -0.785 1.05 0.539 1.42
15.1 -0.82 1.13 0.541 1.5
15.2 -0.853 1.21 0.543 1.57
15.3 -0.866 1.22 0.516 1.58
15.4 -0.854 1.17 0.46 1.52
15.5 -0.832 1.09 0.395 1.43
15.6 -0.812 1.03 0.336 1.35
15.7 -0.787 0.894 0.272 1.22
15.8 -0.763 0.773 0.214 1.11
15.9 -0.74 0.659 0.163 1.0
16.0 -0.715 0.553 0.117 0.911
16.1 -0.692 0.453 0.0751 0.831
16.2 -0.67 0.361 0.0379 0.762
16.3 -0.647 0.275 0.00463 0.703
16.4 -0.626 0.195 -0.0252 0.656
16.5 -0.606 0.121 -0.0519 0.62
16.6 -0.528 0.0567 -0.0711 0.536
16.7 -0.396 0.0267 -0.0799 0.405
16.8 -0.273 -0.00113 -0.0878 0.287
16.9 -0.16 -0.027 -0.0948 0.188
17.0 -0.126 -0.0224 -0.0903 0.157
17.1 -0.0951 -0.0181 -0.0862 0.13
17.2 -0.0662 -0.0141 -0.0826 0.107
17.3 -0.0394 -0.0104 -0.0793 0.0892
17.4 -0.0264 -0.0075 -0.0601 0.0661
17.5 -0.0146 -0.00481 -0.0429 0.0456
17.6 -0.0722 -0.0114 -0.0309 0.0793
17.7 -0.143 -0.0375 -0.0267 0.15
17.8 -0.223 -0.0709 -0.0265 0.235
17.9 -0.295 -0.11 -0.0291 0.316
18.0 -0.361 -0.146 -0.0313 0.391
18.1 -0.427 -0.181 -0.0344 0.465
18.2 -0.488 -0.218 -0.0388 0.536
18.3 -0.544 -0.253 -0.0427 0.602
18.4 -0.596 -0.285 -0.0463 0.662
18.5 -0.644 -0.314 -0.0494 0.718
18.6 -0.677 -0.336 -0.052 0.758
18.7 -0.702 -0.357 -0.0564 0.79
18.8 -0.662 -0.379 -0.0856 0.767
18.9 -0.624 -0.399 -0.112 0.749
19.0 -0.572 -0.417 -0.142 0.722
19.1 -0.526 -0.435 -0.181 0.706
19.2 -0.483 -0.452 -0.216 0.696
19.3 -0.42 -0.435 -0.24 0.65
19.4 -0.372 -0.418 -0.261 0.617
19.5 -0.327 -0.402 -0.28 0.589
19.6 -0.286 -0.388 -0.297 0.566
19.7 -0.247 -0.373 -0.312 0.546
19.8 -0.212 -0.36 -0.326 0.53
19.9 -0.179 -0.348 -0.338 0.517
20.0 -0.148 -0.336 -0.349 0.507
20.1 -0.12 -0.325 -0.358 0.498
20.2 -0.0937 -0.314 -0.366 0.492
20.3 -0.066 -0.195 -0.321 0.382
20.4 -0.0404 -0.0837 -0.281 0.296
20.5 -0.0167 0.0194 -0.245 0.246
20.6 0.0041 0.109 -0.211 0.238
20.7 0.00117 0.0795 -0.168 0.186
20.8 -0.00129 0.053 -0.129 0.14
20.9 -0.00239 0.0336 -0.0941 0.0999
21.0 -0.00298 0.0185 -0.0626 0.0654
21.1 -0.00343 0.00495 -0.0346 0.0351
21.2 -0.00379 -0.00698 -0.00972 0.0126
21.3 -0.0342 0.00372 0.00918 0.0356
21.4 -0.0609 0.0183 0.026 0.0687
21.5 -0.0895 0.033 0.0405 0.104
21.6 -0.11 0.0443 0.0518 0.13
21.7 -0.133 0.0556 0.0607 0.156
21.8 -0.152 0.0656 0.0681 0.179
21.9 -0.171 0.0747 0.0739 0.2
22.0 -0.183 0.0811 0.078 0.215
22.1 -0.177 0.08 0.0788 0.21
22.2 -0.168 0.0773 0.0788 0.201
22.3 -0.154 0.0741 0.0771 0.188
22.4 -0.132 0.0732 0.0702 0.166
22.5 -0.111 0.0819 0.0525 0.147
22.6 -0.0909 0.09 0.0365 0.133
22.7 -0.09 0.0936 0.000986 0.13
22.8 -0.0894 0.0949 -0.0294 0.134
22.9 -0.0909 0.096 -0.0554 0.143
23.0 -0.0941 0.0979 -0.0786 0.157
23.1 -0.0925 0.094 -0.0954 0.163
23.2 -0.0918 0.0906 -0.11 0.17
23.3 -0.092 0.0879 -0.123 0.177
23.4 -0.0949 0.0858 -0.132 0.184
23.5 -0.0973 0.0832 -0.139 0.189
23.6 -0.1 0.0811 -0.145 0.194
23.7 -0.0993 0.077 -0.148 0.194
23.8 -0.0964 0.0719 -0.149 0.191
23.9 -0.0929 0.0666 -0.148 0.187
24.0 -0.0899 0.0619 -0.148 0.184
24.1 -0.0873 0.0577 -0.147 0.18
24.2 -0.0852 0.0539 -0.146 0.178
24.3 -0.0832 0.0504 -0.146 0.175
24.4 -0.0817 0.0473 -0.145 0.173
24.5 -0.0791 0.044 -0.144 0.17
24.6 -0.0769 0.0412 -0.142 0.167
24.7 -0.0755 0.0389 -0.141 0.165
24.8 -0.0741 0.0367 -0.14 0.163
24.9 -0.0718 0.0345 -0.138 0.159
25.0 -0.0673 0.0316 -0.134 0.153
25.1 -0.0591 0.0275 -0.128 0.144
25.2 -0.0516 0.0237 -0.122 0.135
25.3 -0.0446 0.0202 -0.117 0.127
25.4 -0.0397 0.0184 -0.111 0.12
25.5 -0.0344 0.0165 -0.105 0.112
25.6 -0.0294 0.0146 -0.0996 0.105
25.7 -0.0242 0.0126 -0.0933 0.0972
25.8 -0.0191 0.0107 -0.0871 0.0898
25.9 -0.0143 0.00885 -0.0816 0.0833
26.0 -0.00997 0.00716 -0.0766 0.0775
26.1 -0.00592 0.00559 -0.0721 0.0725
26.2 -0.00217 0.00413 -0.0681 0.0682
26.3 0.0013 0.00278 -0.0645 0.0645
26.4 0.00425 0.0016 -0.0609 0.061
26.5 0.00695 0.000525 -0.0576 0.058
26.6 0.00944 -0.000462 -0.0547 0.0555
26.7 0.0113 -0.00125 -0.0517 0.053
26.8 0.0131 -0.00198 -0.0491 0.0508
26.9 0.00725 0.00344 -0.0454 0.0461
27.0 0.00186 0.00848 -0.0422 0.0431
27.1 -0.00272 0.0126 -0.0389 0.041
27.2 -0.00653 0.0159 -0.0358 0.0397
27.3 -0.0101 0.0189 -0.0331 0.0394
27.4 -0.0133 0.0217 -0.0306 0.0398
27.5 -0.0163 0.0243 -0.0283 0.0408
27.6 -0.0191 0.0268 -0.0264 0.0421
27.7 -0.0217 0.029 -0.0246 0.0437
27.8 -0.024 0.031 -0.023 0.0455
27.9 -0.0242 0.0309 -0.0212 0.0446
28.0 -0.0244 0.0307 -0.0197 0.0439
28.1 -0.0246 0.0306 -0.0183 0.0432
28.2 -0.0239 0.0296 -0.0169 0.0417
28.3 -0.0233 0.0287 -0.0157 0.0402
28.4 -0.0223 0.0274 -0.0145 0.0382
28.5 -0.0213 0.0261 -0.0135 0.0363
28.6 -0.0204 0.025 -0.0126 0.0346
28.7 -0.0192 0.0234 -0.0117 0.0324
28.8 -0.0174 0.0214 -0.0108 0.0296
28.9 -0.0158 0.0195 -0.0101 0.0271
29.0 -0.0143 0.0178 -0.00936 0.0247
29.1 -0.0127 0.0159 -0.0087 0.0221
29.2 -0.0109 0.014 -0.00809 0.0195
29.3 -0.00936 0.0121 -0.00753 0.0171
29.4 -0.00789 0.0105 -0.00704 0.0149
29.5 -0.00654 0.0089 -0.00659 0.0129
29.6 -0.00528 0.00744 -0.00619 0.011
29.7 -0.00412 0.00609 -0.00584 0.00939
29.8 -0.00304 0.00483 -0.00552 0.00794
29.9 -0.00204 0.00366 -0.00524 0.00671
30.0 -0.00112 0.00257 -0.00499 0.00572
30.1 -0.000262 0.00156 -0.00476 0.00501
30.2 0.000529 0.000614 -0.00456 0.00463
30.3 0.00126 -0.000263 -0.00438 0.00456
30.4 0.00194 -0.00108 -0.00422 0.00476
30.5 0.00256 -0.00184 -0.00407 0.00515
30.6 0.00314 -0.00254 -0.00395 0.00565
30.7 0.00368 -0.0032 -0.00383 0.00621
30.8 0.00406 -0.00368 -0.00373 0.00663
30.9 0.0044 -0.00412 -0.00364 0.00704
31.0 0.00471 -0.00453 -0.00356 0.00744
31.1 0.00486 -0.00476 -0.00349 0.00765
31.2 0.00501 -0.00498 -0.00343 0.00785
31.3 0.00515 -0.00519 -0.00337 0.00805
31.4 0.00527 -0.00538 -0.00332 0.00823
31.5 0.00517 -0.00531 -0.00329 0.00811
31.6 0.00493 -0.00507 -0.00326 0.00779
31.7 0.00453 -0.00465 -0.00324 0.00726
31.8 0.00405 -0.00414 -0.00322 0.00663
31.9 0.0036 -0.00366 -0.00321 0.00606
32.0 0.00311 -0.00312 -0.0032 0.00545
32.1 0.00266 -0.00262 -0.0032 0.00492
32.2 0.00219 -0.00209 -0.0032 0.0044
32.3 0.00173 -0.00155 -0.0032 0.00395
32.4 0.00128 -0.00103 -0.00321 0.00361
32.5 0.000802 -0.000427 -0.00324 0.00337
32.6 0.000356 0.000134 -0.00327 0.00329
32.7 0.00235 0.000406 -0.0041 0.00474
32.8 0.00419 0.000658 -0.00485 0.00644
32.9 0.0055 0.000902 -0.00549 0.00783
33.0 0.00612 -0.000374 -0.00608 0.00863
33.1 0.00667 -0.00156 -0.00661 0.00952
33.2 0.00673 -0.00233 -0.00703 0.01
33.3 0.00677 -0.00305 -0.00742 0.0105
33.4 0.00631 -0.0033 -0.0077 0.0105
33.5 0.00588 -0.00352 -0.00796 0.0105
33.6 0.0054 -0.00366 -0.00818 0.0105
33.7 0.0048 -0.00361 -0.00836 0.0103
33.8 0.00425 -0.00356 -0.00853 0.0102
33.9 0.00374 -0.00353 -0.00869 0.0101
34.0 0.0305 0.027 -0.00599 0.0412
34.1 0.0553 0.0553 -0.00358 0.0783
34.2 0.0783 0.0816 -0.00142 0.113
34.3 0.064 0.0688 0.00122 0.094
34.4 0.0507 0.057 0.00358 0.0763
34.5 0.0383 0.0459 0.00569 0.0601
34.6 0.025 0.031 0.00327 0.04
34.7 0.0127 0.0171 0.0011 0.0213
34.8 0.00151 0.00438 -0.000864 0.00471
34.9 -0.00829 -0.00683 -0.00265 0.0111
35.0 -0.0166 -0.0165 -0.00425 0.0238
35.1 -0.0236 -0.0246 -0.00568 0.0345
35.2 -0.0291 -0.0311 -0.00696 0.0431
35.3 -0.0342 -0.0372 -0.0081 0.0511
35.4 -0.0377 -0.0416 -0.00909 0.0569
35.5 -0.0399 -0.0444 -0.00994 0.0605
35.6 -0.0407 -0.0458 -0.0106 0.0622
35.7 -0.0404 -0.0458 -0.0112 0.0621
35.8 -0.0394 -0.0449 -0.0117 0.0609
35.9 -0.0376 -0.0432 -0.0121 0.0586
36.0 -0.0354 -0.0409 -0.0124 0.0554
36.1 -0.0332 -0.0387 -0.0126 0.0525
36.2 -0.0305 -0.0357 -0.0127 0.0486
36.3 -0.0279 -0.0329 -0.0128 0.045
36.4 -0.0251 -0.0297 -0.0129 0.041
36.5 -0.0225 -0.0268 -0.0129 0.0373
36.6 -0.0198 -0.0237 -0.0129 0.0335
36.7 -0.0173 -0.0208 -0.0128 0.0299
36.8 -0.015 -0.0181 -0.0127 0.0267
36.9 -0.0128 -0.0156 -0.0127 0.0238
37.0 -0.0107 -0.013 -0.0126 0.021
37.1 -0.00872 -0.0107 -0.0125 0.0186
37.2 -0.00691 -0.00851 -0.0123 0.0165
37.3 -0.00524 -0.00641 -0.0122 0.0147
37.4 -0.00369 -0.00446 -0.012 0.0133
37.5 -0.00227 -0.00265 -0.0119 0.0124
37.6 -0.00103 -0.000991 -0.0117 0.0117
37.7 0.000125 0.000546 -0.0115 0.0115
37.8 0.00119 0.00197 -0.0113 0.0115
37.9 0.00204 0.0032 -0.0111 0.0117
38.0 0.00282 0.00433 -0.0109 0.012
38.1 0.00353 0.00539 -0.0107 0.0125
38.2 0.00404 0.00621 -0.0105 0.0128
38.3 0.0045 0.00698 -0.0102 0.0132
38.4 0.00492 0.00769 -0.01 0.0136
38.5 0.0053 0.00834 -0.00987 0.014
38.6 0.00548 0.00876 -0.00965 0.0141
38.7 0.00564 0.00914 -0.00944 0.0143
38.8 0.00562 0.0093 -0.00921 0.0142
38.9 0.00558 0.00943 -0.00898 0.0142
39.0 0.00555 0.00956 -0.00878 0.0141
39.1 0.00552 0.00967 -0.00859 0.0141
39.2 0.00549 0.00978 -0.00842 0.014
39.3 0.00531 0.00967 -0.00821 0.0137
39.4 0.00513 0.00956 -0.00802 0.0135
39.5 0.00491 0.00938 -0.00782 0.0132
39.6 0.00469 0.00919 -0.00764 0.0128
39.7 0.00444 0.00896 -0.00746 0.0125
39.8 0.00417 0.00868 -0.00727 0.0121
39.9 0.00256 0.00662 -0.00655 0.00966
40.0 0.00112 0.00472 -0.00584 0.00759
40.1 -0.000207 0.00295 -0.0052 0.00598
40.2 -0.00143 0.00131 -0.00464 0.00503
40.3 -0.00257 -0.000219 -0.00413 0.00487
40.4 -0.00352 -0.00155 -0.00365 0.0053
40.5 -0.00416 -0.00255 -0.00321 0.00584
40.6 -0.00459 -0.00332 -0.00281 0.00632
40.7 -0.00485 -0.0039 -0.00244 0.00668
40.8 -0.00509 -0.00444 -0.00211 0.00707
40.9 -0.00513 -0.00474 -0.00181 0.00722
41.0 -0.00505 -0.00491 -0.00155 0.00722
41.1 -0.00498 -0.00506 -0.00132 0.00722
41.2 -0.00465 -0.00491 -0.00112 0.00685
41.3 -0.00416 -0.00456 -0.000947 0.00624
41.4 -0.00363 -0.00415 -0.000799 0.00557
41.5 -0.00314 -0.00377 -0.000663 0.00495
41.6 -0.00269 -0.00341 -0.000542 0.00438
41.7 -0.00181 -0.00252 -0.000484 0.00314
41.8 -0.00103 -0.0017 -0.000436 0.00203
41.9 -0.000303 -0.000933 -0.000393 0.00106
42.0 0.000362 -0.000214 -0.000356 0.000551
42.1 0.000969 0.000461 -0.000323 0.00112
42.2 0.00143 0.001 -0.000297 0.00177
42.3 0.00178 0.00144 -0.000277 0.00231
42.4 0.00202 0.00179 -0.000259 0.00271
42.5 0.00223 0.00211 -0.000244 0.00308
42.6 0.00235 0.00234 -0.00023 0.00333
42.7 0.00238 0.00249 -0.000218 0.00345
42.8 0.00239 0.00262 -0.000208 0.00355
42.9 0.00233 0.00269 -0.000197 0.00356
43.0 0.00226 0.00274 -0.000188 0.00356
43.1 0.00212 0.00273 -0.000177 0.00346
43.2 0.00197 0.00271 -0.000167 0.00335
43.3 0.00183 0.00268 -0.000158 0.00325
43.4 0.00169 0.00265 -0.000145 0.00314
43.5 0.00155 0.0026 -0.000134 0.00303
43.6 0.000843 0.0024 -3.93e-05 0.00255
43.7 0.000191 0.0022 4.91e-05 0.00221
43.8 -0.000393 0.002 0.000133 0.00205
43.9 -0.000944 0.00181 0.000208 0.00205
44.0 -0.00146 0.00161 0.000273 0.00219
44.1 -0.00183 0.00146 0.000355 0.00237
44.2 -0.00217 0.0013 0.000432 0.00257
44.3 -0.00248 0.00114 0.0005 0.00278
44.4 -0.00277 0.000973 0.000561 0.00299
44.5 -0.00302 0.000819 0.00062 0.00319
44.6 -0.00324 0.000655 0.000673 0.00337
44.7 -0.00344 0.00048 0.000718 0.00355
44.8 -0.00363 0.000297 0.000758 0.00372
44.9 -0.0038 0.000106 0.000793 0.00388
45.0 -0.00391 0.0002 0.000916 0.00402
45.1 -0.00401 0.000266 0.00103 0.00415
45.2 -0.00409 0.000307 0.00112 0.00425
45.3 -0.00415 0.00031 0.00121 0.00434
45.4 -0.00421 0.000234 0.00131 0.00441
45.5 -0.00425 0.000139 0.00139 0.00447
45.6 -0.00427 8.17e-08 0.00147 0.00452
45.7 -0.00414 -0.000531 0.00144 0.00441
45.8 -0.00399 -0.00104 0.00141 0.00435
45.9 -0.00382 -0.00153 0.00139 0.00434
46.0 -0.00363 -0.00199 0.00136 0.00436
46.1 -0.00343 -0.00244 0.00133 0.00441
46.2 -0.00259 -0.00343 0.00106 0.00443
46.3 0.000121 -0.00581 -1.26e-05 0.00581
46.4 0.00327 -0.00834 -0.00136 0.00906
46.5 0.00637 -0.0107 -0.0027 0.0127
46.6 0.00927 -0.0128 -0.00389 0.0163
46.7 0.012 -0.0144 -0.00515 0.0195
46.8 0.0146 -0.0159 -0.00629 0.0225
46.9 0.0169 -0.0145 -0.00945 0.0242
47.0 0.0188 -0.0129 -0.0122 0.0259
47.1 0.0205 -0.0115 -0.0147 0.0278
47.2 0.0222 -0.0101 -0.0169 0.0297
47.3 0.0238 -0.0088 -0.0189 0.0317
47.4 0.0251 -0.00744 -0.0207 0.0334
47.5 0.0263 -0.00615 -0.0222 0.035
47.6 0.0275 -0.00492 -0.0236 0.0366
47.7 0.0282 -0.00356 -0.0247 0.0377
47.8 0.0287 -0.00209 -0.0256 0.0385
47.9 0.0291 -0.000694 -0.0264 0.0393
48.0 0.0295 0.000635 -0.0272 0.0401
48.1 0.0298 0.0019 -0.0278 0.0408
48.2 0.0296 0.00335 -0.0282 0.0411
48.3 0.0295 0.00473 -0.0286 0.0414
48.4 0.0289 0.00622 -0.0288 0.0413
48.5 0.0283 0.00764 -0.029 0.0413
48.6 0.0274 0.00912 -0.0291 0.041
48.7 0.0265 0.0105 -0.0291 0.0408
48.8 0.0257 0.0119 -0.0292 0.0406
48.9 0.0244 0.0132 -0.0291 0.0402
49.0 0.0231 0.0145 -0.029 0.0398
49.1 0.022 0.0157 -0.0289 0.0396
49.2 0.0204 0.0169 -0.0288 0.0391
49.3 0.0189 0.018 -0.0286 0.0388
49.4 0.0175 0.0191 -0.0285 0.0385
49.5 0.0158 0.02 -0.0283 0.0381
49.6 0.0141 0.0209 -0.0281 0.0377
49.7 0.0125 0.0217 -0.0279 0.0375
49.8 0.011 0.0225 -0.0277 0.0374
49.9 0.00918 0.023 -0.0275 0.037
