0.0 0.0 0.0 2.41e-19
0.1 0.0 0.0 9.22e-19
0.2 0.0 0.0 1.99e-18
0.3 0.0 0.0 3.39e-18
0.4 0.0 0.0 5.09e-18
0.5 0.0 0.0 7.04e-18
0.6 0.0 0.0 9.21e-18
0.7 0.0 0.0 7.89e-06
0.8 0.0 0.0 3.02e-05
0.9 0.0 0.0 6.73e-05
1.0 0.0 0.0 0.000119
1.1 0.0 0.0 0.000185
1.2 0.0 0.0 0.000261
1.3 0.0 0.0 0.000346
1.4 0.0 0.0 0.000439
1.5 0.0 0.0 0.000538
1.6 0.0 0.0 0.000643
1.7 0.0 0.0 0.000751
1.8 0.0 0.0 0.000862
1.9 0.0 0.0 0.000975
2.0 0.0 0.0 0.00109
2.1 0.0 0.0 0.00121
2.2 0.0 0.0 0.00133
2.3 0.0 0.0 0.00144
2.4 0.0 0.0 0.00156
2.5 0.0 0.0 0.00169
2.6 0.0 0.0 0.00182
2.7 0.0 0.0 0.00195
2.8 0.0 0.0 0.00209
2.9 0.0 0.0 0.00224
3.0 0.0 0.0 0.00238
3.1 0.0 0.0 0.00253
3.2 0.0 0.0 0.00268
3.3 0.0 0.0 0.00283
3.4 0.0 0.0 0.00298
3.5 0.0 0.0 0.00312
3.6 0.0 0.0 0.00325
3.7 0.0 0.0 0.00338
3.8 0.0 0.0 0.00351
3.9 0.0 0.0 0.00362
4.0 0.0 0.0 0.00374
4.1 0.0 0.0 0.00385
4.2 0.0 0.0 0.00395
4.3 0.0 0.0 0.00405
4.4 0.0 0.0 0.00414
4.5 0.0 0.0 0.00423
4.6 0.0 0.0 0.00431
4.7 0.0 0.0 0.00438
4.8 0.0 0.0 0.00445
4.9 0.0 0.0 0.00451
5.0 0.0 0.0 0.00457
5.1 0.0 0.0 0.00463
5.2 0.0 0.0 0.00468
5.3 0.0 0.0 0.00473
5.4 0.0 0.0 0.00477
5.5 0.0 0.0 0.00481
5.6 0.0 0.0 0.00484
5.7 0.0 0.0 0.00487
5.8 0.0 0.0 0.00489
5.9 0.0 0.0 0.0049
6.0 0.0 0.0 0.00491
6.1 0.0 0.0 0.00491
6.2 0.0 0.0 0.0049
6.3 0.0 0.0 0.00488
6.4 0.0 0.0 0.00486
6.5 0.0 0.0 0.00483
6.6 0.0 0.0 0.0048
6.7 0.0 0.0 0.00476
6.8 0.0 0.0 0.00471
6.9 0.0 0.0 0.00466
7.0 0.0 0.0 0.0046
7.1 0.0 0.0 0.00454
7.2 0.0 0.0 0.00448
7.3 0.0 0.0 0.00441
7.4 0.0 0.0 0.00433
7.5 0.0 0.0 0.00426
7.6 0.0 0.0 0.00418
7.7 0.0 0.0 0.00409
7.8 0.0 0.0 0.004
7.9 0.0 0.0 0.00391
8.0 0.0 0.0 0.00381
8.1 0.0 0.0 0.00371
8.2 0.0 0.0 0.0036
8.3 0.0 0.0 0.00348
8.4 0.0 0.0 0.00335
8.5 0.0 0.0 0.00322
8.6 0.0 0.0 0.00308
8.7 0.0 0.0 0.00294
8.8 0.0 0.0 0.0028
8.9 0.0 0.0 0.00265
9.0 0.0 0.0 0.00249
9.1 0.0 0.0 0.00233
9.2 0.0 0.0 0.00217
9.3 0.0 0.0 0.00201
9.4 0.0 0.0 0.00185
9.5 0.0 0.0 0.00168
9.6 0.0 0.0 0.00151
9.7 0.0 0.0 0.00134
9.8 0.0 0.0 0.00117
9.9 0.0 0.0 0.001
10.0 0.0 0.0 0.00083
10.1 0.0 0.0 0.00066
10.2 0.0 0.0 0.000271
10.3 0.0 0.0 0.000604
10.4 0.0 0.0 0.00206
10.5 0.0 0.0 0.00417
10.6 0.0 0.0 0.00702
10.7 0.0 0.0 0.0106
10.8 0.0 0.0 0.0151
10.9 0.0 0.0 0.0204
11.0 0.0 0.0 0.0267
11.1 0.0 0.0 0.0339
11.2 0.0 0.0 0.042
11.3 0.0 0.0 0.0512
11.4 0.0 0.0 0.0614
11.5 0.0 0.0 0.0729
11.6 0.0 0.0 0.0859
11.7 0.0 0.0 0.1
11.8 0.0 0.0 0.116
11.9 0.0 0.0 0.133
12.0 0.0 0.0 0.151
12.1 0.0 0.0 0.171
12.2 0.0 0.0 0.192
12.3 0.0 0.0 0.214
12.4 0.0 0.0 0.237
12.5 0.0 0.0 0.262
12.6 0.0 0.0 0.288
12.7 0.0 0.0 0.315
12.8 0.0 0.0 0.343
12.9 0.0 0.0 0.372
13.0 0.0 0.0 0.402
13.1 0.0 0.0 0.434
13.2 0.0 0.0 0.467
13.3 0.0 0.0 0.502
13.4 0.0 0.0 0.537
13.5 0.0 0.0 0.574
13.6 0.0 0.0 0.612
13.7 0.0 0.0 0.651
13.8 0.0 0.0 0.691
13.9 0.0 0.0 0.731
14.0 0.0 0.0 0.773
14.1 0.0 0.0 0.816
14.2 0.0 0.0 0.86
14.3 0.0 0.0 0.904
14.4 0.0 0.0 0.95
14.5 0.0 0.0 0.997
14.6 0.0 0.0 1.04
14.7 0.0 0.0 1.09
14.8 0.0 0.0 1.14
14.9 0.0 0.0 1.19
15.0 0.0 0.0 1.25
15.1 0.0 0.0 1.3
15.2 0.0 0.0 1.35
15.3 0.0 0.0 1.41
15.4 0.0 0.0 1.46
15.5 0.0 0.0 1.52
15.6 0.0 0.0 1.57
15.7 0.0 0.0 1.63
15.8 0.0 0.0 1.68
15.9 0.0 0.0 1.74
16.0 0.0 0.0 1.8
16.1 0.0 0.0 1.86
16.2 0.0 0.0 1.92
16.3 0.0 0.0 1.98
16.4 0.0 0.0 2.05
16.5 0.0 0.0 2.11
16.6 0.0 0.0 2.18
16.7 0.0 0.0 2.24
16.8 0.0 0.0 2.31
16.9 0.0 0.0 2.38
17.0 0.0 0.0 2.44
17.1 0.0 0.0 2.51
17.2 0.0 0.0 2.58
17.3 0.0 0.0 2.65
17.4 0.0 0.0 2.72
17.5 0.0 0.0 2.79
17.6 0.0 0.0 2.86
17.7 0.0 0.0 2.93
17.8 0.0 0.0 3.0
17.9 0.0 0.0 3.07
18.0 0.0 0.0 3.14
18.1 0.0 0.0 3.21
18.2 0.0 0.0 3.29
18.3 0.0 0.0 3.36
18.4 0.0 0.0 3.43
18.5 0.0 0.0 3.51
18.6 0.0 0.0 3.59
18.7 0.0 0.0 3.66
18.8 0.0 0.0 3.74
18.9 0.0 0.0 3.82
19.0 0.0 0.0 3.9
19.1 0.0 0.0 3.98
19.2 0.0 0.0 4.07
19.3 0.0 0.0 4.15
19.4 0.0 0.0 4.23
19.5 0.0 0.0 4.32
19.6 0.0 0.0 4.4
19.7 0.0 0.0 4.49
19.8 0.0 0.0 4.58
19.9 0.0 0.0 4.67
20.0 0.0 0.0 4.76
20.1 0.0 0.0 4.85
20.2 0.0 0.0 4.94
20.3 0.0 0.0 5.04
20.4 0.0 0.0 5.15
20.5 0.0 0.0 5.25
20.6 0.0 0.0 5.36
20.7 0.0 0.0 5.46
20.8 0.0 0.0 5.57
20.9 0.0 0.0 5.69
21.0 0.0 0.0 5.8
21.1 0.0 0.0 5.91
21.2 0.0 0.0 6.03
21.3 0.0 0.0 6.15
21.4 0.0 0.0 6.26
21.5 0.0 0.0 6.38
21.6 0.0 0.0 6.5
21.7 0.0 0.0 6.62
21.8 0.0 0.0 6.74
21.9 0.0 0.0 6.86
22.0 0.0 0.0 6.99
22.1 0.0 0.0 7.11
22.2 0.0 0.0 7.23
22.3 0.0 0.0 7.35
22.4 0.0 0.0 7.48
22.5 0.0 0.0 7.6
22.6 0.0 0.0 7.72
22.7 0.0 0.0 7.85
22.8 0.0 0.0 7.97
22.9 0.0 0.0 8.1
23.0 0.0 0.0 8.22
23.1 0.0 0.0 8.34
23.2 0.0 0.0 8.47
23.3 0.0 0.0 8.59
23.4 0.0 0.0 8.72
23.5 0.0 0.0 8.84
23.6 0.0 0.0 8.97
23.7 0.0 0.0 9.09
23.8 0.0 0.0 9.22
23.9 0.0 0.0 9.34
24.0 0.0 0.0 9.46
24.1 0.0 0.0 9.59
24.2 0.0 0.0 9.71
24.3 0.0 0.0 9.84
24.4 0.0 0.0 9.96
24.5 0.0 0.0 10.1
24.6 0.0 0.0 10.2
24.7 0.0 0.0 10.3
24.8 0.0 0.0 10.5
24.9 0.0 0.0 10.6
25.0 0.0 0.0 10.7
25.1 0.0 0.0 10.8
25.2 0.0 0.0 11.0
25.3 0.0 0.0 11.1
25.4 0.0 0.0 11.2
25.5 0.0 0.0 11.3
25.6 0.0 0.0 11.5
25.7 0.0 0.0 11.6
25.8 0.0 0.0 11.7
25.9 0.0 0.0 11.8
26.0 0.0 0.0 12.0
26.1 0.0 0.0 12.1
26.2 0.0 0.0 12.2
26.3 0.0 0.0 12.3
26.4 0.0 0.0 12.5
26.5 0.0 0.0 12.6
26.6 0.0 0.0 12.7
26.7 0.0 0.0 12.8
26.8 0.0 0.0 13.0
26.9 0.0 0.0 13.1
27.0 0.0 0.0 13.2
27.1 0.0 0.0 13.3
27.2 0.0 0.0 13.5
27.3 0.0 0.0 13.6
27.4 0.0 0.0 13.7
27.5 0.0 0.0 13.8
27.6 0.0 0.0 14.0
27.7 0.0 0.0 14.1
27.8 0.0 0.0 14.2
27.9 0.0 0.0 14.3
28.0 0.0 0.0 14.5
28.1 0.0 0.0 14.6
28.2 0.0 0.0 14.7
28.3 0.0 0.0 14.8
28.4 0.0 0.0 15.0
28.5 0.0 0.0 15.1
28.6 0.0 0.0 15.2
28.7 0.0 0.0 15.3
28.8 0.0 0.0 15.5
28.9 0.0 0.0 15.6
29.0 0.0 0.0 15.7
29.1 0.0 0.0 15.8
29.2 0.0 0.0 16.0
29.3 0.0 0.0 16.1
29.4 0.0 0.0 16.2
29.5 0.0 0.0 16.3
29.6 0.0 0.0 16.5
29.7 0.0 0.0 16.6
29.8 0.0 0.0 16.7
29.9 0.0 0.0 16.8
30.0 0.0 0.0 17.0
30.1 0.0 0.0 17.1
30.2 0.0 0.0 17.2
30.3 0.0 0.0 17.3
30.4 0.0 0.0 17.5
30.5 0.0 0.0 17.6
30.6 0.0 0.0 17.7
30.7 0.0 0.0 17.8
30.8 0.0 0.0 18.0
30.9 0.0 0.0 18.1
31.0 0.0 0.0 18.2
31.1 0.0 0.0 18.3
31.2 0.0 0.0 18.5
31.3 0.0 0.0 18.6
31.4 0.0 0.0 18.7
31.5 0.0 0.0 18.8
31.6 0.0 0.0 19.0
31.7 0.0 0.0 19.1
31.8 0.0 0.0 19.2
31.9 0.0 0.0 19.3
32.0 0.0 0.0 19.5
32.1 0.0 0.0 19.6
32.2 0.0 0.0 19.7
32.3 0.0 0.0 19.8
32.4 0.0 0.0 20.0
32.5 0.0 0.0 20.1
32.6 0.0 0.0 20.2
32.7 0.0 0.0 20.3
32.8 0.0 0.0 20.5
32.9 0.0 0.0 20.6
33.0 0.0 0.0 20.7
33.1 0.0 0.0 20.8
33.2 0.0 0.0 21.0
33.3 0.0 0.0 21.1
33.4 0.0 0.0 21.2
33.5 0.0 0.0 21.3
33.6 0.0 0.0 21.5
33.7 0.0 0.0 21.6
33.8 0.0 0.0 21.7
33.9 0.0 0.0 21.8
34.0 0.0 0.0 22.0
34.1 0.0 0.0 22.1
34.2 0.0 0.0 22.2
34.3 0.0 0.0 22.3
34.4 0.0 0.0 22.5
34.5 0.0 0.0 22.6
34.6 0.0 0.0 22.7
34.7 0.0 0.0 22.8
34.8 0.0 0.0 23.0
34.9 0.0 0.0 23.1
35.0 0.0 0.0 23.2
35.1 0.0 0.0 23.3
35.2 0.0 0.0 23.5
35.3 0.0 0.0 23.6
35.4 0.0 0.0 23.7
35.5 0.0 0.0 23.8
35.6 0.0 0.0 24.0
35.7 0.0 0.0 24.1
35.8 0.0 0.0 24.2
35.9 0.0 0.0 24.3
36.0 0.0 0.0 24.5
36.1 0.0 0.0 24.6
36.2 0.0 0.0 24.7
36.3 0.0 0.0 24.8
36.4 0.0 0.0 25.0
36.5 0.0 0.0 25.1
36.6 0.0 0.0 25.2
36.7 0.0 0.0 25.3
36.8 0.0 0.0 25.5
36.9 0.0 0.0 25.6
37.0 0.0 0.0 25.7
37.1 0.0 0.0 25.8
37.2 0.0 0.0 26.0
37.3 0.0 0.0 26.1
37.4 0.0 0.0 26.2
37.5 0.0 0.0 26.3
37.6 0.0 0.0 26.5
37.7 0.0 0.0 26.6
37.8 0.0 0.0 26.7
37.9 0.0 0.0 26.8
38.0 0.0 0.0 27.0
38.1 0.0 0.0 27.1
38.2 0.0 0.0 27.2
38.3 0.0 0.0 27.3
38.4 0.0 0.0 27.5
38.5 0.0 0.0 27.6
38.6 0.0 0.0 27.7
38.7 0.0 0.0 27.8
38.8 0.0 0.0 28.0
38.9 0.0 0.0 28.1
39.0 0.0 0.0 28.2
39.1 0.0 0.0 28.3
39.2 0.0 0.0 28.5
39.3 0.0 0.0 28.6
39.4 0.0 0.0 28.7
39.5 0.0 0.0 28.8
39.6 0.0 0.0 29.0
39.7 0.0 0.0 29.1
39.8 0.0 0.0 29.2
39.9 0.0 0.0 29.3
40.0 0.0 0.0 29.5
40.1 0.0 0.0 29.6
40.2 0.0 0.0 29.7
40.3 0.0 0.0 29.8
40.4 0.0 0.0 30.0
40.5 0.0 0.0 30.1
40.6 0.0 0.0 30.2
40.7 0.0 0.0 30.3
40.8 0.0 0.0 30.5
40.9 0.0 0.0 30.6
41.0 0.0 0.0 30.7
41.1 0.0 0.0 30.8
41.2 0.0 0.0 31.0
41.3 0.0 0.0 31.1
41.4 0.0 0.0 31.2
41.5 0.0 0.0 31.3
41.6 0.0 0.0 31.5
41.7 0.0 0.0 31.6
41.8 0.0 0.0 31.7
41.9 0.0 0.0 31.8
42.0 0.0 0.0 32.0
42.1 0.0 0.0 32.1
42.2 0.0 0.0 32.2
42.3 0.0 0.0 32.3
42.4 0.0 0.0 32.5
42.5 0.0 0.0 32.6
42.6 0.0 0.0 32.7
42.7 0.0 0.0 32.8
42.8 0.0 0.0 33.0
42.9 0.0 0.0 33.1
43.0 0.0 0.0 33.2
43.1 0.0 0.0 33.3
43.2 0.0 0.0 33.5
43.3 0.0 0.0 33.6
43.4 0.0 0.0 33.7
43.5 0.0 0.0 33.8
43.6 0.0 0.0 34.0
43.7 0.0 0.0 34.1
43.8 0.0 0.0 34.2
43.9 0.0 0.0 34.3
44.0 0.0 0.0 34.5
44.1 0.0 0.0 34.6
44.2 0.0 0.0 34.7
44.3 0.0 0.0 34.8
44.4 0.0 0.0 34.9
44.5 0.0 0.0 35.1
44.6 0.0 0.0 35.2
44.7 0.0 0.0 35.3
44.8 0.0 0.0 35.4
44.9 0.0 0.0 35.6
45.0 0.0 0.0 35.7
45.1 0.0 0.0 35.8
45.2 0.0 0.0 35.9
45.3 0.0 0.0 36.1
45.4 0.0 0.0 36.2
45.5 0.0 0.0 36.3
45.6 0.0 0.0 36.4
45.7 0.0 0.0 36.6
45.8 0.0 0.0 36.7
45.9 0.0 0.0 36.8
46.0 0.0 0.0 36.9
46.1 0.0 0.0 37.1
46.2 0.0 0.0 37.2
46.3 0.0 0.0 37.3
46.4 0.0 0.0 37.4
46.5 0.0 0.0 37.6
46.6 0.0 0.0 37.7
46.7 0.0 0.0 37.8
46.8 0.0 0.0 37.9
46.9 0.0 0.0 38.1
47.0 0.0 0.0 38.2
47.1 0.0 0.0 38.3
47.2 0.0 0.0 38.4
47.3 0.0 0.0 38.6
47.4 0.0 0.0 38.7
47.5 0.0 0.0 38.8
47.6 0.0 0.0 38.9
47.7 0.0 0.0 39.1
47.8 0.0 0.0 39.2
47.9 0.0 0.0 39.3
48.0 0.0 0.0 39.4
48.1 0.0 0.0 39.6
48.2 0.0 0.0 39.7
48.3 0.0 0.0 39.8
48.4 0.0 0.0 39.9
48.5 0.0 0.0 40.1
48.6 0.0 0.0 40.2
48.7 0.0 0.0 40.3
48.8 0.0 0.0 40.4
48.9 0.0 0.0 40.6
49.0 0.0 0.0 40.7
49.1 0.0 0.0 40.8
49.2 0.0 0.0 40.9
49.3 0.0 0.0 41.1
49.4 0.0 0.0 41.2
49.5 0.0 0.0 41.3
49.6 0.0 0.0 41.4
49.7 0.0 0.0 41.6
49.8 0.0 0.0 41.7
49.9 0.0 0.0 41.8
