0.0 2.01 -6.32e-22 0.997
0.1 2.02 -9.57e-21 0.989
0.2 2.05 -4.55e-20 0.976
0.3 2.08 -1.35e-19 0.958
0.4 2.12 -3.1e-19 0.937
0.5 2.17 -6.05e-19 0.913
0.6 2.22 -1.06e-18 0.885
0.7 2.29 1.68e-07 0.854
0.8 2.35 1.39e-06 0.821
0.9 2.42 -4.27e-06 0.788
1.0 2.47 -2.49e-05 0.755
1.1 2.5 -3.75e-05 0.728
1.2 2.53 -2.19e-05 0.71
1.3 2.54 1.88e-05 0.7
1.4 2.54 8.13e-05 0.696
1.5 2.54 0.000162 0.699
1.6 2.52 0.000259 0.708
1.7 2.5 0.000221 0.722
1.8 2.47 -8.6e-05 0.741
1.9 2.43 -0.000645 0.763
2.0 2.39 -0.00144 0.79
2.1 2.34 -0.00246 0.819
2.2 2.28 -0.00369 0.851
2.3 2.22 -0.00511 0.886
2.4 2.16 -0.00672 0.923
2.5 2.09 -0.00694 0.961
2.6 2.01 -0.00559 0.997
2.7 1.94 -0.00415 1.03
2.8 1.87 -0.00287 1.06
2.9 1.81 -0.00186 1.08
3.0 1.76 -0.00112 1.1
3.1 1.71 -0.00065 1.12
3.2 1.68 -0.000442 1.13
3.3 1.65 -0.000358 1.15
3.4 1.63 -0.000274 1.16
3.5 1.61 -0.000196 1.18
3.6 1.58 -0.00013 1.2
3.7 1.56 -7.58e-05 1.22
3.8 1.54 -3.69e-05 1.24
3.9 1.52 -1.68e-05 1.27
4.0 1.5 -1.45e-05 1.29
4.1 1.47 -1.68e-05 1.32
4.2 1.45 -1.19e-05 1.35
4.3 1.43 -8.13e-08 1.38
4.4 1.4 1.03e-05 1.41
4.5 1.38 1.15e-05 1.44
4.6 1.35 8.63e-06 1.47
4.7 1.32 5.99e-06 1.5
4.8 1.3 3.67e-06 1.54
4.9 1.27 1.71e-06 1.58
5.0 1.24 1.63e-07 1.62
5.1 1.22 -9.31e-07 1.66
5.2 1.19 -1.52e-06 1.71
5.3 1.16 -1.56e-06 1.75
5.4 1.13 -9.91e-07 1.8
5.5 1.11 2.7e-07 1.84
5.6 1.08 2.31e-06 1.89
5.7 1.05 3.61e-06 1.94
5.8 1.02 2.87e-06 1.99
5.9 0.986 5.2e-07 2.04
6.0 0.953 -1.31e-06 2.09
6.1 0.921 -8.21e-07 2.14
6.2 0.89 1.94e-06 2.19
6.3 0.859 4.29e-06 2.24
6.4 0.827 3.91e-06 2.3
6.5 0.794 1.3e-06 2.35
6.6 0.761 -9.1e-08 2.4
6.7 0.728 9.57e-07 2.45
6.8 0.695 2e-06 2.51
6.9 0.662 4.17e-06 2.56
7.0 0.63 9.11e-06 2.62
7.1 0.597 1.59e-05 2.67
7.2 0.565 2.3e-05 2.72
7.3 0.531 2.87e-05 2.78
7.4 0.497 3.11e-05 2.83
7.5 0.461 2.98e-05 2.89
7.6 0.424 2.58e-05 2.94
7.7 0.388 2.02e-05 3.0
7.8 0.353 1.31e-05 3.05
7.9 0.318 4.84e-06 3.11
8.0 0.282 4.96e-06 3.16
8.1 0.245 2.23e-05 3.21
8.2 0.206 5.6e-05 3.27
8.3 0.166 6.89e-05 3.32
8.4 0.128 2.71e-05 3.38
8.5 0.0906 1.35e-05 3.43
8.6 0.0532 -2.81e-05 3.49
8.7 0.0162 -0.000213 3.55
8.8 -0.0199 -0.000513 3.6
8.9 -0.0555 -0.000836 3.66
9.0 -0.0917 -0.000906 3.71
9.1 -0.13 -0.000534 3.76
9.2 -0.17 -5.77e-05 3.81
9.3 -0.211 0.000206 3.85
9.4 -0.253 0.000275 3.89
9.5 -0.295 0.000203 3.92
9.6 -0.337 4.2e-05 3.95
9.7 -0.378 -0.00019 3.97
9.8 -0.419 -0.000477 3.98
9.9 -0.46 -0.000811 3.98
10.0 -0.5 -0.00118 3.99
10.1 -0.54 -0.00161 3.99
10.2 -0.579 -0.00209 3.98
10.3 -0.617 -0.00262 3.98
10.4 -0.654 -0.00318 3.97
10.5 -0.69 -0.00376 3.95
10.6 -0.726 -0.00435 3.94
10.7 -0.76 -0.00495 3.92
10.8 -0.793 -0.00554 3.9
10.9 -0.825 -0.00612 3.88
11.0 -0.856 -0.00668 3.85
11.1 -0.886 -0.00721 3.83
11.2 -0.914 -0.00771 3.8
11.3 -0.942 -0.00817 3.78
11.4 -0.969 -0.00858 3.75
11.5 -0.995 -0.00886 3.71
11.6 -1.02 -0.00895 3.68
11.7 -1.05 -0.00883 3.64
11.8 -1.08 -0.00852 3.61
11.9 -1.1 -0.00798 3.57
12.0 -1.14 -0.00811 3.53
12.1 -1.17 -0.00975 3.48
12.2 -1.22 -0.0128 3.44
12.3 -1.27 -0.017 3.39
12.4 -1.32 -0.0222 3.35
12.5 -1.37 -0.0281 3.3
12.6 -1.41 -0.0346 3.25
12.7 -1.45 -0.0415 3.2
12.8 -1.49 -0.0488 3.15
12.9 -1.53 -0.0565 3.1
13.0 -1.56 -0.0644 3.05
13.1 -1.59 -0.0725 3.0
13.2 -1.62 -0.0807 2.95
13.3 -1.64 -0.0889 2.9
13.4 -1.67 -0.0969 2.85
13.5 -1.69 -0.105 2.8
13.6 -1.7 -0.112 2.74
13.7 -1.72 -0.119 2.69
13.8 -1.74 -0.126 2.64
13.9 -1.75 -0.125 2.58
14.0 -1.77 -0.113 2.53
14.1 -1.8 -0.0897 2.48
14.2 -1.83 -0.0576 2.42
14.3 -1.86 -0.0263 2.37
14.4 -1.9 -0.00386 2.32
14.5 -1.94 0.01 2.26
14.6 -2.0 0.0157 2.21
14.7 -2.05 0.0135 2.15
14.8 -2.11 0.00408 2.1
14.9 -2.17 -0.0118 2.05
15.0 -2.23 -0.0336 1.99
15.1 -2.3 -0.0605 1.94
15.2 -2.36 -0.0917 1.88
15.3 -2.42 -0.126 1.83
15.4 -2.48 -0.162 1.78
15.5 -2.53 -0.199 1.72
15.6 -2.57 -0.236 1.67
15.7 -2.61 -0.262 1.61
15.8 -2.64 -0.268 1.56
15.9 -2.66 -0.256 1.51
16.0 -2.66 -0.227 1.45
16.1 -2.66 -0.186 1.4
16.2 -2.65 -0.133 1.34
16.3 -2.65 -0.0717 1.29
16.4 -2.65 -0.00566 1.23
16.5 -2.67 0.0652 1.18
16.6 -2.69 0.129 1.13
16.7 -2.72 0.178 1.09
16.8 -2.75 0.214 1.07
16.9 -2.8 0.242 1.05
17.0 -2.84 0.261 1.04
17.1 -2.9 0.274 1.03
17.2 -2.96 0.28 1.03
17.3 -3.02 0.281 1.04
17.4 -3.09 0.27 1.05
17.5 -3.16 0.24 1.07
17.6 -3.24 0.197 1.09
17.7 -3.32 0.149 1.12
17.8 -3.4 0.106 1.14
17.9 -3.49 0.0715 1.17
18.0 -3.57 0.0445 1.21
18.1 -3.66 0.025 1.24
18.2 -3.74 0.0127 1.28
18.3 -3.83 0.00723 1.32
18.4 -3.91 0.00808 1.36
18.5 -3.99 0.0148 1.41
18.6 -4.05 0.0223 1.45
18.7 -4.08 0.027 1.5
18.8 -4.08 0.0318 1.54
18.9 -4.05 0.0392 1.59
19.0 -3.99 0.0496 1.64
19.1 -3.92 0.0639 1.69
19.2 -3.84 0.0893 1.74
19.3 -3.78 0.112 1.79
19.4 -3.73 0.119 1.84
19.5 -3.7 0.114 1.89
19.6 -3.67 0.0986 1.94
19.7 -3.66 0.0748 1.99
19.8 -3.66 0.0446 2.04
19.9 -3.66 0.0084 2.1
20.0 -3.68 -0.0332 2.15
20.1 -3.7 -0.0783 2.2
20.2 -3.74 -0.125 2.26
20.3 -3.77 -0.161 2.31
20.4 -3.82 -0.175 2.36
20.5 -3.87 -0.17 2.42
20.6 -3.92 -0.147 2.47
20.7 -3.99 -0.115 2.53
20.8 -4.05 -0.0839 2.58
20.9 -4.12 -0.0563 2.64
21.0 -4.2 -0.0333 2.69
21.1 -4.27 -0.0137 2.74
21.2 -4.35 0.00106 2.8
21.3 -4.43 0.00925 2.85
21.4 -4.5 0.0123 2.91
21.5 -4.56 0.0125 2.97
21.6 -4.61 0.0113 3.02
21.7 -4.65 0.00939 3.08
21.8 -4.68 0.00744 3.13
21.9 -4.71 0.00602 3.19
22.0 -4.73 0.00477 3.24
22.1 -4.75 0.00353 3.29
22.2 -4.77 0.00263 3.33
22.3 -4.79 0.00206 3.37
22.4 -4.8 0.00182 3.4
22.5 -4.81 0.00219 3.42
22.6 -4.83 0.00331 3.45
22.7 -4.84 0.00454 3.47
22.8 -4.85 0.00483 3.48
22.9 -4.87 0.00431 3.5
23.0 -4.88 0.00361 3.52
23.1 -4.89 0.00301 3.54
23.2 -4.9 0.00274 3.55
23.3 -4.91 0.00274 3.57
23.4 -4.92 0.0026 3.58
23.5 -4.93 0.00224 3.59
23.6 -4.94 0.00203 3.6
23.7 -4.95 0.00168 3.61
23.8 -4.96 0.00129 3.62
23.9 -4.96 0.00104 3.63
24.0 -4.97 0.000765 3.64
24.1 -4.98 0.00046 3.64
24.2 -4.98 0.000133 3.65
24.3 -4.98 -9.72e-06 3.66
24.4 -4.99 0.00022 3.66
24.5 -4.99 0.000452 3.66
24.6 -4.99 0.00044 3.67
24.7 -5.0 0.000288 3.67
24.8 -5.0 6.02e-06 3.67
24.9 -5.0 4.04e-05 3.67
25.0 -5.0 0.000452 3.67
25.1 -5.0 0.000919 3.66
25.2 -5.0 0.00147 3.66
25.3 -4.99 0.00212 3.66
25.4 -4.99 0.00235 3.66
25.5 -4.99 0.00218 3.65
25.6 -4.98 0.0021 3.65
25.7 -4.98 0.00172 3.65
25.8 -4.97 0.00113 3.64
25.9 -4.97 0.000766 3.63
26.0 -4.96 0.000609 3.62
26.1 -4.95 0.000649 3.61
26.2 -4.94 0.000873 3.6
26.3 -4.94 0.00127 3.59
26.4 -4.93 0.00152 3.58
26.5 -4.92 0.00133 3.57
26.6 -4.91 0.000729 3.55
26.7 -4.89 0.000168 3.54
26.8 -4.88 4.7e-05 3.52
26.9 -4.87 4.79e-05 3.51
27.0 -4.86 -0.000116 3.49
27.1 -4.85 -0.000218 3.47
27.2 -4.83 -0.000186 3.45
27.3 -4.82 -0.000154 3.43
27.4 -4.8 -0.000122 3.41
27.5 -4.79 -8.8e-05 3.39
27.6 -4.77 -5.19e-05 3.36
27.7 -4.75 -1.3e-05 3.34
27.8 -4.74 2.9e-05 3.31
27.9 -4.72 3.91e-05 3.28
28.0 -4.7 -1.43e-05 3.25
28.1 -4.68 -0.000127 3.22
28.2 -4.67 -0.000174 3.19
28.3 -4.65 -4.37e-05 3.15
28.4 -4.63 0.000112 3.12
28.5 -4.6 0.000153 3.08
28.6 -4.58 8.72e-05 3.05
28.7 -4.56 2.58e-05 3.01
28.8 -4.54 -3.77e-06 2.97
28.9 -4.52 -7.68e-05 2.94
29.0 -4.5 -0.000191 2.9
29.1 -4.47 -0.000242 2.85
29.2 -4.45 -0.000197 2.81
29.3 -4.43 -0.000127 2.77
29.4 -4.4 -3.46e-05 2.72
29.5 -4.38 7.67e-05 2.68
29.6 -4.35 0.000203 2.63
29.7 -4.32 0.000342 2.58
29.8 -4.3 0.00049 2.53
29.9 -4.27 0.000643 2.48
30.0 -4.24 0.000798 2.43
30.1 -4.21 0.000952 2.38
30.2 -4.19 0.0011 2.33
30.3 -4.16 0.00125 2.28
30.4 -4.13 0.00138 2.23
30.5 -4.1 0.0015 2.18
30.6 -4.07 0.00161 2.13
30.7 -4.04 0.00169 2.07
30.8 -4.01 0.00165 2.02
30.9 -3.98 0.00135 1.97
31.0 -3.95 0.000828 1.91
31.1 -3.92 0.000316 1.86
31.2 -3.89 3.79e-05 1.81
31.3 -3.86 -2.74e-05 1.75
31.4 -3.83 9.99e-05 1.7
31.5 -3.79 0.00015 1.65
31.6 -3.76 0.000102 1.59
31.7 -3.73 6.8e-05 1.54
31.8 -3.69 5.68e-06 1.5
31.9 -3.66 -1.54e-05 1.45
32.0 -3.63 -1.2e-05 1.4
32.1 -3.59 -1.14e-06 1.36
32.2 -3.56 3.69e-06 1.32
32.3 -3.52 1.67e-05 1.28
32.4 -3.49 0.000547 1.24
32.5 -3.46 0.00136 1.21
32.6 -3.43 0.00178 1.18
32.7 -3.4 0.0026 1.15
32.8 -3.39 0.00448 1.12
32.9 -3.37 0.00662 1.09
33.0 -3.36 0.00874 1.07
33.1 -3.35 0.0112 1.05
33.2 -3.34 0.0145 1.03
33.3 -3.34 0.0189 1.01
33.4 -3.33 0.0241 0.998
33.5 -3.33 0.0301 0.988
33.6 -3.32 0.0376 0.982
33.7 -3.31 0.0481 0.978
33.8 -3.31 0.0621 0.978
33.9 -3.3 0.0793 0.981
34.0 -3.29 0.103 0.987
34.1 -3.27 0.137 0.998
34.2 -3.24 0.18 1.01
34.3 -3.19 0.222 1.03
34.4 -3.12 0.253 1.05
34.5 -3.02 0.276 1.08
34.6 -2.9 0.285 1.1
34.7 -2.76 0.276 1.13
34.8 -2.61 0.249 1.17
34.9 -2.49 0.207 1.2
35.0 -2.38 0.16 1.24
35.1 -2.29 0.117 1.28
35.2 -2.22 0.0821 1.32
35.3 -2.16 0.0554 1.37
35.4 -2.12 0.036 1.41
35.5 -2.08 0.0222 1.46
35.6 -2.07 0.0128 1.5
35.7 -2.06 0.00639 1.55
35.8 -2.05 0.0024 1.6
35.9 -2.04 0.000256 1.65
36.0 -2.03 -0.0007 1.7
36.1 -2.01 -0.000852 1.75
36.2 -1.98 -0.00071 1.8
36.3 -1.95 -0.000738 1.85
36.4 -1.91 -0.00077 1.9
36.5 -1.88 -0.000644 1.95
36.6 -1.84 -0.000465 2.01
36.7 -1.79 -0.000317 2.06
36.8 -1.75 -0.000275 2.11
36.9 -1.71 -0.000417 2.17
37.0 -1.67 -0.000558 2.22
37.1 -1.63 -0.000519 2.28
37.2 -1.58 -0.000374 2.33
37.3 -1.54 -0.000209 2.38
37.4 -1.5 -0.000131 2.44
37.5 -1.46 -0.000248 2.49
37.6 -1.42 -0.00038 2.55
37.7 -1.37 -0.000337 2.6
37.8 -1.33 -0.000208 2.66
37.9 -1.29 -5.42e-05 2.71
38.0 -1.25 2.76e-05 2.77
38.1 -1.21 -9.56e-05 2.82
38.2 -1.16 -0.000242 2.88
38.3 -1.12 -0.000217 2.93
38.4 -1.08 -0.000123 2.99
38.5 -1.04 -6.24e-05 3.04
38.6 -0.999 -1.93e-06 3.1
38.7 -0.958 3.72e-05 3.15
38.8 -0.916 6.65e-05 3.21
38.9 -0.874 0.000129 3.26
39.0 -0.833 9.74e-05 3.32
39.1 -0.791 -0.000152 3.38
39.2 -0.75 -0.000737 3.43
39.3 -0.709 -0.00117 3.49
39.4 -0.668 -0.00101 3.54
39.5 -0.627 -0.000519 3.6
39.6 -0.586 5.33e-05 3.65
39.7 -0.545 0.000522 3.71
39.8 -0.505 0.000742 3.76
39.9 -0.464 0.000742 3.82
40.0 -0.424 0.000844 3.86
40.1 -0.384 0.00119 3.9
40.2 -0.343 0.0016 3.92
40.3 -0.303 0.0019 3.94
40.4 -0.263 0.00193 3.95
40.5 -0.224 0.00192 3.95
40.6 -0.185 0.00177 3.95
40.7 -0.147 0.00158 3.94
40.8 -0.109 0.00178 3.92
40.9 -0.0709 0.00188 3.91
41.0 -0.0329 0.00177 3.88
41.1 0.00541 0.00169 3.86
41.2 0.0436 0.0017 3.83
41.3 0.0815 0.00155 3.8
41.4 0.119 0.00129 3.77
41.5 0.157 0.0013 3.73
41.6 0.195 0.00138 3.69
41.7 0.232 0.00135 3.65
41.8 0.268 0.00141 3.61
41.9 0.304 0.00176 3.57
42.0 0.34 0.0022 3.53
42.1 0.377 0.00253 3.48
42.2 0.413 0.0025 3.43
42.3 0.449 0.00228 3.39
42.4 0.485 0.00199 3.34
42.5 0.52 0.00143 3.29
42.6 0.555 0.000973 3.24
42.7 0.59 0.000711 3.19
42.8 0.624 0.000275 3.14
42.9 0.657 3.11e-05 3.09
43.0 0.69 0.000298 3.04
43.1 0.723 0.000548 2.99
43.2 0.756 0.000261 2.94
43.3 0.788 -0.000691 2.88
43.4 0.819 -0.00233 2.83
43.5 0.85 -0.00465 2.78
43.6 0.88 -0.00602 2.72
43.7 0.912 -0.00564 2.67
43.8 0.944 -0.00467 2.62
43.9 0.976 -0.00356 2.56
44.0 1.01 -0.00247 2.51
44.1 1.04 -0.00159 2.46
44.2 1.07 -0.00096 2.4
44.3 1.1 -0.000568 2.35
44.4 1.13 -0.000428 2.3
44.5 1.15 -0.000261 2.24
44.6 1.18 0.000139 2.19
44.7 1.21 0.000617 2.13
44.8 1.24 0.00102 2.08
44.9 1.26 0.00122 2.02
45.0 1.29 0.00122 1.97
45.1 1.32 0.00105 1.92
45.2 1.34 0.000643 1.86
45.3 1.37 0.000224 1.81
45.4 1.39 0.00015 1.75
45.5 1.42 0.000492 1.7
45.6 1.44 0.000809 1.64
45.7 1.47 0.000965 1.59
45.8 1.49 0.00113 1.53
45.9 1.51 0.00122 1.48
46.0 1.54 0.00115 1.43
46.1 1.56 0.000807 1.37
46.2 1.58 0.000699 1.32
46.3 1.6 0.000751 1.27
46.4 1.62 0.000542 1.22
46.5 1.64 0.000485 1.18
46.6 1.66 0.000812 1.15
46.7 1.68 0.000996 1.13
46.8 1.7 0.000586 1.11
46.9 1.72 -0.000167 1.1
47.0 1.74 -0.000761 1.08
47.1 1.75 -0.000991 1.07
47.2 1.77 -0.00092 1.06
47.3 1.79 -0.000613 1.06
47.4 1.8 -0.000378 1.05
47.5 1.82 -0.000421 1.04
47.6 1.83 -0.000679 1.04
47.7 1.84 -0.000771 1.03
47.8 1.86 -0.000684 1.02
47.9 1.87 -0.0007 1.02
48.0 1.88 -0.000807 1.02
48.1 1.89 -0.00101 1.01
48.2 1.9 -0.00106 1.01
48.3 1.91 -0.000668 1.01
48.4 1.92 -0.00028 1.01
48.5 1.93 -0.000351 1.0
48.6 1.94 -0.000556 1.0
48.7 1.95 -0.000527 1.0
48.8 1.96 -0.000211 1.0
48.9 1.97 1.68e-05 1.0
49.0 1.97 -0.000191 1.0
49.1 1.98 -0.000771 1.0
49.2 1.98 -0.00127 1.0
49.3 1.99 -0.00122 1.0
49.4 1.99 -0.000556 1.0
49.5 1.99 9.53e-05 1.0
49.6 2.0 0.000173 1.0
49.7 2.0 -0.000208 1.0
49.8 2.0 -0.000937 1.0
49.9 2.0 -0.0015 1.0
