0.0 0.0
0.1 0.0
0.2 0.0
0.3 0.0
0.4 0.0
0.5 0.0
0.6 0.0
0.7 5.62
0.8 5.62
0.9 5.62
1.0 4.62
1.1 -3.53
1.2 -1.74
1.3 -1.74
1.4 -1.74
1.5 -2.53
1.6 -2.53
1.7 -1.81
1.8 -1.81
1.9 -1.81
2.0 -0.692
2.1 -0.692
2.2 -0.692
2.3 0.045
2.4 0.045
2.5 0.466
2.6 0.429
2.7 0.429
2.8 0.268
2.9 0.166
3.0 0.166
3.1 0.0821
3.2 0.0821
3.3 -0.0138
3.4 -0.0138
3.5 -0.0138
3.6 -0.182
3.7 -0.182
3.8 -0.182
3.9 -0.196
4.0 -0.196
4.1 -0.196
4.2 -0.196
4.3 -0.0365
4.4 -0.0365
4.5 -0.0365
4.6 -0.0444
4.7 -0.0444
4.8 -0.0444
4.9 -0.15
5.0 -0.15
5.1 -0.15
5.2 -0.15
5.3 -0.191
5.4 -0.191
5.5 -0.191
5.6 -0.149
5.7 -0.149
5.8 -0.149
5.9 -0.149
6.0 -0.149
6.1 -0.149
6.2 -0.147
6.3 -0.147
6.4 -0.166
6.5 -0.167
6.6 -0.167
6.7 -0.161
6.8 -0.161
6.9 -0.16
7.0 -0.158
7.1 -0.155
7.2 -0.15
7.3 -0.145
7.4 -0.143
7.5 -0.142
7.6 -0.142
7.7 -0.167
7.8 -0.167
7.9 -0.167
8.0 -0.167
8.1 -0.162
8.2 -0.162
8.3 -0.145
8.4 -0.145
8.5 -0.123
8.6 -0.123
8.7 -0.123
8.8 -0.123
8.9 -0.123
9.0 -0.123
9.1 -0.123
9.2 -0.123
9.3 -0.123
9.4 -0.175
9.5 -0.175
9.6 -0.189
9.7 -0.189
9.8 -0.188
9.9 -0.188
10.0 -0.167
10.1 -0.167
10.2 -0.167
10.3 -0.155
10.4 -0.155
10.5 -0.155
10.6 -0.153
10.7 -0.153
10.8 -0.153
10.9 -0.153
11.0 -0.151
11.1 -0.151
11.2 -0.151
11.3 -0.15
11.4 -0.15
11.5 -0.15
11.6 -0.15
11.7 -0.15
11.8 -0.15
11.9 -0.15
12.0 -0.15
12.1 -0.15
12.2 -0.151
12.3 -0.151
12.4 -0.151
12.5 -0.151
12.6 -0.157
12.7 -0.157
12.8 -0.16
12.9 -0.16
13.0 -0.161
13.1 -0.162
13.2 -0.162
13.3 -0.162
13.4 -0.162
13.5 -0.162
13.6 -0.162
13.7 -0.16
13.8 -0.16
13.9 -0.16
14.0 -0.16
14.1 -0.16
14.2 -0.16
14.3 -0.16
14.4 -0.16
14.5 -0.16
14.6 -0.16
14.7 -0.152
14.8 -0.152
14.9 -0.152
15.0 -0.152
15.1 -0.152
15.2 -0.152
15.3 -0.152
15.4 -0.152
15.5 -0.152
15.6 -0.152
15.7 -0.153
15.8 -0.153
15.9 -0.153
16.0 -0.153
16.1 -0.153
16.2 -0.154
16.3 -0.154
16.4 -0.203
16.5 -0.181
16.6 -0.181
16.7 -0.181
16.8 0.371
16.9 0.43
17.0 0.43
17.1 0.43
17.2 0.43
17.3 0.43
17.4 0.427
17.5 0.343
17.6 0.257
17.7 0.257
17.8 0.257
17.9 0.162
18.0 0.162
18.1 0.161
18.2 0.116
18.3 0.105
18.4 0.105
18.5 0.105
18.6 0.105
18.7 0.112
18.8 0.112
18.9 0.117
19.0 0.12
19.1 0.12
19.2 0.116
19.3 0.116
19.4 0.116
19.5 0.116
19.6 0.112
19.7 0.0921
19.8 0.0895
19.9 0.0894
20.0 0.0893
20.1 0.0893
20.2 0.991
20.3 0.989
20.4 0.989
20.5 -0.491
20.6 -0.491
20.7 -0.491
20.8 -0.491
20.9 33.0
21.0 33.0
21.1 4.21
21.2 2.74
21.3 3.07
21.4 3.34
21.5 2.41
21.6 1.47
21.7 0.664
21.8 5.19
21.9 5.38
22.0 4.54
22.1 4.68
22.2 3.95
22.3 4.14
22.4 4.25
22.5 4.07
22.6 0.676
22.7 0.731
22.8 0.731
22.9 0.731
23.0 0.731
23.1 0.731
23.2 0.731
23.3 3.89
23.4 3.89
23.5 3.89
23.6 -1.33
23.7 -1.33
23.8 -5.82
23.9 -5.82
24.0 -4.98
24.1 -4.98
24.2 -2.07
24.3 -2.07
24.4 -0.493
24.5 -0.493
24.6 2.01
24.7 2.01
24.8 4.71
24.9 4.71
25.0 5.67
25.1 5.67
25.2 5.55
25.3 3.84
25.4 3.84
25.5 -5.6
25.6 -5.6
25.7 -3.6
25.8 -3.6
25.9 -0.995
26.0 -0.995
26.1 -0.995
26.2 -0.622
26.3 -0.622
26.4 -0.622
26.5 -0.622
26.6 0.593
26.7 0.422
26.8 0.422
26.9 0.422
27.0 0.185
27.1 0.185
27.2 0.185
27.3 -0.0251
27.4 -0.0251
27.5 -0.0251
27.6 -0.108
27.7 -0.108
27.8 -0.106
27.9 -0.106
28.0 -0.106
28.1 -0.106
28.2 -0.106
28.3 -0.106
28.4 -0.106
28.5 0.0214
28.6 0.0214
28.7 0.0551
28.8 0.0551
28.9 0.0551
29.0 0.0549
29.1 0.0549
29.2 0.0549
29.3 0.0431
29.4 0.0431
29.5 0.0431
29.6 0.0431
29.7 0.0215
29.8 0.0215
29.9 0.0215
30.0 0.0215
30.1 0.0215
30.2 0.0215
30.3 0.0215
30.4 0.0108
30.5 0.0108
30.6 0.0108
30.7 0.00904
30.8 0.00904
30.9 0.00904
31.0 0.0106
31.1 0.0106
31.2 0.0106
31.3 0.0106
31.4 0.0106
31.5 0.0136
31.6 0.0136
31.7 0.0147
31.8 0.0148
31.9 0.0148
32.0 0.0148
32.1 0.0148
32.2 0.0148
32.3 0.0148
32.4 0.0206
32.5 0.0206
32.6 0.796
32.7 0.819
32.8 0.819
32.9 1.46
33.0 0.804
33.1 0.765
33.2 0.581
33.3 0.559
33.4 0.556
33.5 0.556
33.6 -2.11
33.7 -2.11
33.8 -0.8
33.9 -0.8
34.0 -0.8
34.1 -0.214
34.2 -0.0572
34.3 0.174
34.4 0.174
34.5 0.477
34.6 0.341
34.7 0.341
34.8 0.341
34.9 0.144
35.0 0.144
35.1 0.144
35.2 -0.00906
35.3 -0.00906
35.4 -0.00906
35.5 -0.00906
35.6 -0.00906
35.7 -0.00906
35.8 -0.00906
35.9 -0.0448
36.0 -0.0448
36.1 -0.0448
36.2 -0.0448
36.3 -0.0448
36.4 -0.0448
36.5 -0.0448
36.6 -0.0448
36.7 -0.00149
36.8 -0.00149
36.9 -0.00149
37.0 0.0228
37.1 0.0228
37.2 0.0228
37.3 0.0228
37.4 0.0286
37.5 0.0286
37.6 0.0286
37.7 0.0244
37.8 0.0244
37.9 0.0244
38.0 0.0213
38.1 0.0213
38.2 0.0213
38.3 0.0213
38.4 0.0213
38.5 0.018
38.6 0.018
38.7 0.018
38.8 0.018
38.9 0.0176
39.0 0.0176
39.1 0.0176
39.2 0.0176
39.3 0.0176
39.4 0.0176
39.5 0.0188
39.6 0.0188
39.7 0.0189
39.8 0.0225
39.9 0.0225
40.0 0.0268
40.1 0.0245
40.2 0.0237
40.3 0.0237
40.4 0.0237
40.5 0.0237
40.6 0.0233
40.7 0.0233
40.8 0.0233
40.9 0.0233
41.0 0.0243
41.1 0.0243
41.2 0.0247
41.3 0.0247
41.4 0.0247
41.5 0.0247
41.6 0.0247
41.7 0.0247
41.8 0.0247
41.9 0.0247
42.0 0.0247
42.1 0.0247
42.2 0.0269
42.3 0.0277
42.4 0.0277
42.5 0.0277
42.6 0.029
42.7 0.029
42.8 0.029
42.9 0.029
43.0 0.029
43.1 0.029
43.2 0.029
43.3 0.029
43.4 0.029
43.5 0.0278
43.6 0.0278
43.7 0.0278
43.8 0.0278
43.9 0.0287
44.0 0.0287
44.1 0.0287
44.2 0.03
44.3 0.03
44.4 0.03
44.5 0.03
44.6 0.03
44.7 0.0299
44.8 0.0299
44.9 0.0299
45.0 0.0296
45.1 0.0296
45.2 0.03
45.3 0.03
45.4 0.03
45.5 0.03
45.6 0.03
45.7 0.03
45.8 0.0306
45.9 0.0306
46.0 0.0306
46.1 0.0306
46.2 0.0316
46.3 0.0316
46.4 0.0337
46.5 0.0334
46.6 0.0334
46.7 0.0334
46.8 0.0334
46.9 0.0334
47.0 0.0341
47.1 0.0341
47.2 0.0341
47.3 0.0356
47.4 0.0356
47.5 0.0369
47.6 0.0369
47.7 0.0369
47.8 0.0378
47.9 0.0378
48.0 0.0378
48.1 0.0389
48.2 0.0389
48.3 0.0391
48.4 0.0391
48.5 0.0391
48.6 0.0391
48.7 0.0393
48.8 0.0393
48.9 0.0393
49.0 0.0396
49.1 0.0396
49.2 0.0396
49.3 0.0401
49.4 0.0401
49.5 0.0401
49.6 0.0401
49.7 0.0401
49.8 0.0401
49.9 0.0401
