0.0 0.0
0.1 -2.98e-17
0.2 -2.98e-17
0.3 -2.98e-17
0.4 -2.98e-17
0.5 -2.98e-17
0.6 -2.98e-17
0.7 -0.0226
0.8 -0.0322
0.9 -0.0418
1.0 -0.0514
1.1 -0.061
1.2 -0.0705
1.3 -0.08
1.4 -0.0895
1.5 -0.0991
1.6 -0.109
1.7 -0.118
1.8 -0.127
1.9 -0.137
2.0 -0.146
2.1 -0.155
2.2 -0.165
2.3 -0.174
2.4 -0.183
2.5 -0.192
2.6 -0.201
2.7 -0.21
2.8 -0.219
2.9 -0.227
3.0 -0.236
3.1 -0.245
3.2 -0.253
3.3 -0.261
3.4 -0.27
3.5 -0.278
3.6 -0.286
3.7 -0.294
3.8 -0.302
3.9 -0.31
4.0 -0.318
4.1 -0.325
4.2 -0.333
4.3 -0.34
4.4 -0.347
4.5 -0.355
4.6 -0.362
4.7 -0.369
4.8 -0.375
4.9 -0.382
5.0 -0.388
5.1 -0.395
5.2 -0.401
5.3 -0.407
5.4 -0.413
5.5 -0.419
5.6 -0.424
5.7 -0.43
5.8 -0.435
5.9 -0.44
6.0 -0.445
6.1 -0.45
6.2 -0.455
6.3 -0.459
6.4 -0.463
6.5 -0.468
6.6 -0.472
6.7 -0.475
6.8 -0.479
6.9 -0.483
7.0 -0.486
7.1 -0.489
7.2 -0.492
7.3 -0.495
7.4 -0.497
7.5 -0.499
7.6 -0.502
7.7 -0.504
7.8 -0.506
7.9 -0.507
8.0 -0.509
8.1 -0.51
8.2 -0.511
8.3 -0.512
8.4 -0.513
8.5 -0.513
8.6 -0.513
8.7 -0.518
8.8 -0.526
8.9 -0.534
9.0 -0.543
9.1 -0.552
9.2 -0.561
9.3 -0.569
9.4 -0.577
9.5 -0.585
9.6 -0.593
9.7 -0.601
9.8 -0.608
9.9 -0.615
10.0 -0.622
10.1 -0.629
10.2 -0.635
10.3 -0.641
10.4 -0.647
10.5 -0.653
10.6 -0.659
10.7 -0.664
10.8 -0.669
10.9 -0.674
11.0 -0.678
11.1 -0.682
11.2 -0.686
11.3 -0.69
11.4 -0.694
11.5 -0.697
11.6 -0.7
11.7 -0.703
11.8 -0.705
11.9 -0.707
12.0 -0.709
12.1 -0.711
12.2 -0.713
12.3 -0.714
12.4 -0.715
12.5 -0.715
12.6 -0.716
12.7 -0.72
12.8 -0.728
12.9 -0.736
13.0 -0.745
13.1 -0.754
13.2 -0.762
13.3 -0.77
13.4 -0.777
13.5 -0.785
13.6 -0.792
13.7 -0.799
13.8 -0.805
13.9 -0.812
14.0 -0.817
14.1 -0.823
14.2 -0.828
14.3 -0.833
14.4 -0.838
14.5 -0.842
14.6 -0.847
14.7 -0.85
14.8 -0.854
14.9 -0.857
15.0 -0.86
15.1 -0.862
15.2 -0.864
15.3 -0.866
15.4 -0.867
15.5 -0.869
15.6 -0.869
15.7 -0.87
15.8 -0.875
15.9 -0.882
16.0 -0.891
16.1 -0.9
16.2 -0.908
16.3 -0.908
16.4 -0.915
16.5 -0.923
16.6 -0.923
16.7 -0.923
16.8 -0.928
16.9 -0.937
17.0 -0.979
17.1 -0.983
17.2 -0.984
17.3 -0.911
17.4 -0.915
17.5 -0.918
17.6 -0.921
17.7 -0.924
17.8 -0.927
17.9 -0.929
18.0 -0.932
18.1 -0.934
18.2 -0.935
18.3 -0.936
18.4 -0.937
18.5 -0.937
18.6 -0.942
18.7 -0.949
18.8 -0.957
18.9 -0.966
19.0 -0.974
19.1 -0.982
19.2 -0.989
19.3 -0.996
19.4 -1.0
19.5 -1.0
19.6 -1.0
19.7 -1.0
19.8 -1.0
19.9 -1.0
20.0 -1.0
20.1 -1.0
20.2 -1.0
20.3 -1.0
20.4 -1.0
20.5 -1.0
20.6 -1.0
20.7 -1.0
20.8 -1.0
20.9 -1.0
21.0 -1.0
21.1 -1.0
21.2 -1.0
21.3 -1.0
21.4 -1.0
21.5 -1.0
21.6 -1.0
21.7 -1.0
21.8 -1.0
21.9 -1.0
22.0 -1.0
22.1 -1.0
22.2 -1.0
22.3 -1.0
22.4 -1.0
22.5 -1.0
22.6 -1.0
22.7 -1.0
22.8 -1.0
22.9 -1.0
23.0 -1.0
23.1 -1.0
23.2 -1.0
23.3 -1.0
23.4 -1.0
23.5 -1.0
23.6 -1.0
23.7 -1.0
23.8 -1.0
23.9 -1.0
24.0 -1.0
24.1 -1.0
24.2 -1.0
24.3 -1.0
24.4 -1.0
24.5 -1.0
24.6 -1.0
24.7 -1.0
24.8 -1.0
24.9 -1.0
25.0 -1.0
25.1 -1.0
25.2 -1.0
25.3 -1.0
25.4 -1.0
25.5 -1.0
25.6 -1.0
25.7 -1.0
25.8 -1.0
25.9 -1.0
26.0 -1.0
26.1 -1.0
26.2 -1.0
26.3 -1.0
26.4 -1.0
26.5 -1.0
26.6 -1.0
26.7 -1.0
26.8 -1.0
26.9 -1.0
27.0 -1.0
27.1 -1.0
27.2 -1.0
27.3 -1.0
27.4 -1.0
27.5 -1.0
27.6 -1.0
27.7 -1.0
27.8 -1.0
27.9 -1.0
28.0 -1.0
28.1 -1.0
28.2 -1.0
28.3 -1.0
28.4 -1.0
28.5 -1.0
28.6 -1.0
28.7 -1.0
28.8 -1.0
28.9 -1.0
29.0 -1.0
29.1 -1.0
29.2 -1.0
29.3 -1.0
29.4 -1.0
29.5 -1.0
29.6 -1.0
29.7 -1.0
29.8 -1.0
29.9 -1.0
30.0 -1.0
30.1 -1.0
30.2 -1.0
30.3 -1.0
30.4 -1.0
30.5 -1.0
30.6 -1.0
30.7 -1.0
30.8 -1.0
30.9 -1.0
31.0 -1.0
31.1 -1.0
31.2 -1.0
31.3 -1.0
31.4 -1.0
31.5 -1.0
31.6 -1.0
31.7 -1.0
31.8 -1.0
31.9 -1.0
32.0 -1.0
32.1 -1.0
32.2 -1.0
32.3 -1.0
32.4 -1.0
32.5 -1.0
32.6 -1.0
32.7 -1.0
32.8 -1.0
32.9 -1.0
33.0 -1.0
33.1 -1.0
33.2 -1.0
33.3 -1.0
33.4 -1.0
33.5 -1.0
33.6 -1.0
33.7 -1.0
33.8 -1.0
33.9 -1.0
34.0 -1.0
34.1 -1.0
34.2 -1.0
34.3 -1.0
34.4 -1.0
34.5 -1.0
34.6 -1.0
34.7 -1.0
34.8 -1.0
34.9 -1.0
35.0 -1.0
35.1 -1.0
35.2 -1.0
35.3 -1.0
35.4 -1.0
35.5 -1.0
35.6 -1.0
35.7 -1.0
35.8 -1.0
35.9 -1.0
36.0 -1.0
36.1 -1.0
36.2 -1.0
36.3 -1.0
36.4 -1.0
36.5 -1.0
36.6 -1.0
36.7 -1.0
36.8 -1.0
36.9 -1.0
37.0 -1.0
37.1 -1.0
37.2 -1.0
37.3 -1.0
37.4 -1.0
37.5 -1.0
37.6 -1.0
37.7 -1.0
37.8 -1.0
37.9 -1.0
38.0 -1.0
38.1 -1.0
38.2 -1.0
38.3 -1.0
38.4 -1.0
38.5 -1.0
38.6 -1.0
38.7 -1.0
38.8 -1.0
38.9 -1.0
39.0 -1.0
39.1 -1.0
39.2 -1.0
39.3 -1.0
39.4 -1.0
39.5 -1.0
39.6 -1.0
39.7 -1.0
39.8 -1.0
39.9 -1.0
40.0 -1.0
40.1 -1.0
40.2 -1.0
40.3 -1.0
40.4 -1.0
40.5 -1.0
40.6 -1.0
40.7 -1.0
40.8 -1.0
40.9 -1.0
41.0 -1.0
41.1 -1.0
41.2 -1.0
41.3 -1.0
41.4 -1.0
41.5 -1.0
41.6 -1.0
41.7 -1.0
41.8 -1.0
41.9 -1.0
42.0 -1.0
42.1 -1.0
42.2 -1.0
42.3 -1.0
42.4 -1.0
42.5 -1.0
42.6 -1.0
42.7 -1.0
42.8 -1.0
42.9 -1.0
43.0 -1.0
43.1 -1.0
43.2 -1.0
43.3 -1.0
43.4 -1.0
43.5 -1.0
43.6 -1.0
43.7 -1.0
43.8 -1.0
43.9 -1.0
44.0 -1.0
44.1 -1.0
44.2 -1.0
44.3 -1.0
44.4 -1.0
44.5 -1.0
44.6 -1.0
44.7 -1.0
44.8 -1.0
44.9 -1.0
45.0 -1.0
45.1 -1.0
45.2 -1.0
45.3 -1.0
45.4 -1.0
45.5 -1.0
45.6 -1.0
45.7 -1.0
45.8 -1.0
45.9 -1.0
46.0 -1.0
46.1 -1.0
46.2 -1.0
46.3 -1.0
46.4 -1.0
46.5 -1.0
46.6 -1.0
46.7 -1.0
46.8 -1.0
46.9 -1.0
47.0 -1.0
47.1 -1.0
47.2 -1.0
47.3 -1.0
47.4 -1.0
47.5 -1.0
47.6 -1.0
47.7 -1.0
47.8 -1.0
47.9 -1.0
48.0 -1.0
48.1 -1.0
48.2 -1.0
48.3 -1.0
48.4 -1.0
48.5 -1.0
48.6 -1.0
48.7 -1.0
48.8 -1.0
48.9 -1.0
49.0 -1.0
49.1 -1.0
49.2 -1.0
49.3 -1.0
49.4 -1.0
49.5 -1.0
49.6 -1.0
49.7 -1.0
49.8 -1.0
49.9 -1.0
