0.0 0.0
0.1 0.0
0.2 0.0
0.3 0.0
0.4 0.0
0.5 0.0
0.6 0.0
0.7 0.0
0.8 0.0
0.9 0.0
1.0 -0.705
1.1 -0.705
1.2 -2.66
1.3 -2.66
1.4 -2.66
1.5 -2.66
1.6 -2.66
1.7 -2.66
1.8 0.395
1.9 0.395
2.0 0.395
2.1 0.395
2.2 0.395
2.3 0.395
2.4 0.395
2.5 0.395
2.6 0.407
2.7 0.341
2.8 0.331
2.9 0.314
3.0 0.291
3.1 0.291
3.2 -0.0909
3.3 -0.0909
3.4 -0.0829
3.5 -0.0829
3.6 -0.0732
3.7 -0.0732
3.8 -0.0732
3.9 -0.0537
4.0 -0.0537
4.1 -0.0537
4.2 -0.0128
4.3 -0.0128
4.4 -0.0128
4.5 0.0569
4.6 0.057
4.7 0.195
4.8 0.195
4.9 0.195
5.0 0.195
5.1 0.195
5.2 0.195
5.3 0.195
5.4 0.195
5.5 0.195
5.6 0.195
5.7 0.195
5.8 0.187
5.9 0.187
6.0 0.187
6.1 0.174
6.2 0.174
6.3 0.174
6.4 0.151
6.5 0.151
6.6 0.151
6.7 0.145
6.8 0.0506
6.9 -0.147
7.0 -0.149
7.1 -0.15
7.2 -0.157
7.3 -0.163
7.4 -0.172
7.5 -0.188
7.6 -0.188
7.7 -0.296
7.8 -0.296
7.9 -0.296
8.0 -0.296
8.1 -0.317
8.2 -0.317
8.3 -0.317
8.4 -0.301
8.5 -0.301
8.6 -0.237
8.7 -0.168
8.8 -0.166
8.9 -0.165
9.0 -0.148
9.1 -0.0686
9.2 0.222
9.3 0.36
9.4 0.36
9.5 0.36
9.6 0.446
9.7 0.446
9.8 0.428
9.9 0.428
10.0 0.429
10.1 0.429
10.2 0.439
10.3 0.439
10.4 0.439
10.5 0.438
10.6 0.438
10.7 0.438
10.8 0.438
10.9 0.437
11.0 0.437
11.1 0.436
11.2 0.436
11.3 0.436
11.4 0.435
11.5 0.435
11.6 0.425
11.7 0.423
11.8 0.423
11.9 0.422
12.0 0.314
12.1 8.55
12.2 8.55
12.3 8.54
12.4 4.16
12.5 -2.87
12.6 -7.42
12.7 -9.82
12.8 -10.6
12.9 -10.7
13.0 -10.7
13.1 -10.7
13.2 -10.7
13.3 -10.6
13.4 -10.6
13.5 -10.6
13.6 -10.6
13.7 -10.6
13.8 -10.6
13.9 -10.6
14.0 -13.2
14.1 -17.0
14.2 -15.4
14.3 -9.23
14.4 14.5
14.5 14.5
14.6 14.8
14.7 14.7
14.8 14.8
14.9 14.8
15.0 14.9
15.1 15.0
15.2 14.8
15.3 14.8
15.4 24.4
15.5 33.2
15.6 36.5
15.7 36.5
15.8 24.6
15.9 24.5
16.0 24.2
16.1 23.2
16.2 23.1
16.3 22.8
16.4 21.9
16.5 21.9
16.6 21.9
16.7 -4.45
16.8 -36.5
16.9 -36.5
17.0 -36.5
17.1 -17.9
17.2 -17.9
17.3 -17.9
17.4 -17.9
17.5 -0.643
17.6 -0.549
17.7 -0.454
17.8 -0.253
17.9 0.0208
18.0 0.0791
18.1 0.0827
18.2 0.858
18.3 1.1
18.4 1.1
18.5 1.1
18.6 1.1
18.7 1.08
18.8 0.997
18.9 -1.13
19.0 -1.13
19.1 -1.58
19.2 -2.84
19.3 -2.84
19.4 -1.86
19.5 -1.86
19.6 -1.84
19.7 -1.84
19.8 -1.82
19.9 -1.82
20.0 -1.82
20.1 -1.82
20.2 -1.79
20.3 -1.78
20.4 5.31
20.5 5.31
20.6 5.31
20.7 4.9
20.8 -2.09
20.9 -2.05
21.0 -1.59
21.1 -1.25
21.2 -1.18
21.3 -1.09
21.4 0.305
21.5 0.365
21.6 0.377
21.7 0.365
21.8 0.326
21.9 0.309
22.0 0.274
22.1 0.234
22.2 0.181
22.3 0.172
22.4 0.138
22.5 0.443
22.6 1.94
22.7 1.94
22.8 2.54
22.9 2.15
23.0 1.89
23.1 1.89
23.2 0.865
23.3 0.839
23.4 0.839
23.5 0.442
23.6 0.219
23.7 0.218
23.8 -0.0314
23.9 -0.213
24.0 -0.331
24.1 -0.331
24.2 -0.331
24.3 -0.331
24.4 -0.335
24.5 -0.335
24.6 -0.364
24.7 -0.364
24.8 -0.364
24.9 -0.364
25.0 -0.375
25.1 -0.377
25.2 -0.377
25.3 -0.377
25.4 -0.377
25.5 -0.37
25.6 -0.358
25.7 -0.358
25.8 -0.331
25.9 -0.317
26.0 -0.317
26.1 -0.317
26.2 -0.317
26.3 -0.317
26.4 -0.317
26.5 -0.283
26.6 -0.283
26.7 -0.283
26.8 -0.231
26.9 -0.231
27.0 -0.163
27.1 -0.163
27.2 -0.0872
27.3 -0.0263
27.4 -0.0263
27.5 -0.0263
27.6 -0.0263
27.7 -0.0263
27.8 -0.0263
27.9 -0.0263
28.0 0.16
28.1 0.16
28.2 0.16
28.3 0.217
28.4 0.217
28.5 0.249
28.6 0.249
28.7 0.249
28.8 0.269
28.9 0.284
29.0 0.284
29.1 0.284
29.2 0.27
29.3 0.252
29.4 0.252
29.5 0.252
29.6 0.252
29.7 0.252
29.8 0.252
29.9 0.252
30.0 0.252
30.1 0.252
30.2 0.252
30.3 0.252
30.4 0.252
30.5 0.252
30.6 0.252
30.7 0.252
30.8 0.252
30.9 0.151
31.0 0.151
31.1 0.151
31.2 0.0569
31.3 0.0569
31.4 0.0569
31.5 0.0569
31.6 -0.0631
31.7 -0.14
31.8 -0.204
31.9 -0.242
32.0 -0.242
32.1 -0.255
32.2 -0.255
32.3 -0.242
32.4 -0.219
32.5 -0.199
32.6 -0.01
32.7 -0.00991
32.8 0.276
32.9 0.276
33.0 0.288
33.1 0.0988
33.2 0.099
33.3 0.145
33.4 0.146
33.5 0.195
33.6 0.195
33.7 0.202
33.8 0.213
33.9 0.213
34.0 0.213
34.1 5.37
34.2 5.37
34.3 5.37
34.4 -0.763
34.5 -0.763
34.6 -0.763
34.7 -2.13
34.8 -2.13
34.9 -2.1
35.0 -2.0
35.1 -1.88
35.2 -1.74
35.3 -1.58
35.4 -1.58
35.5 -1.37
35.6 -1.15
35.7 -0.941
35.8 -0.739
35.9 -0.59
36.0 -0.452
36.1 -0.321
36.2 -0.321
36.3 -0.167
36.4 -0.167
36.5 -0.0813
36.6 -0.0812
36.7 -0.0143
36.8 -0.0143
36.9 -0.0143
37.0 -0.0142
37.1 0.0246
37.2 0.0246
37.3 0.0246
37.4 0.0497
37.5 0.0497
37.6 0.0497
37.7 0.0656
37.8 0.0656
37.9 0.0656
38.0 0.0779
38.1 0.0779
38.2 0.0779
38.3 0.0892
38.4 0.0892
38.5 0.0892
38.6 0.0893
38.7 0.104
38.8 0.104
38.9 0.119
39.0 0.119
39.1 0.119
39.2 0.119
39.3 0.119
39.4 0.138
39.5 0.138
39.6 0.146
39.7 0.147
39.8 0.152
39.9 0.157
40.0 0.327
40.1 0.325
40.2 0.325
40.3 0.325
40.4 0.325
40.5 0.305
40.6 0.254
40.7 0.217
40.8 0.185
40.9 0.185
41.0 0.137
41.1 0.106
41.2 0.106
41.3 0.0229
41.4 -0.0422
41.5 -0.0688
41.6 -0.0691
41.7 -0.0692
41.8 -0.333
41.9 -0.329
42.0 -0.329
42.1 -0.329
42.2 -0.329
42.3 -0.313
42.4 -0.302
42.5 -0.288
42.6 -0.288
42.7 -0.275
42.8 -0.259
42.9 -0.259
43.0 -0.245
43.1 -0.245
43.2 -0.225
43.3 -0.225
43.4 -0.225
43.5 -0.225
43.6 -0.225
43.7 0.0526
43.8 0.0508
43.9 0.0452
44.0 0.0452
44.1 0.0451
44.2 0.0234
44.3 0.0231
44.4 0.0229
44.5 0.0229
44.6 0.0234
44.7 0.0234
44.8 0.0234
44.9 0.0235
45.0 0.0235
45.1 0.165
45.2 0.165
45.3 0.165
45.4 0.166
45.5 0.171
45.6 0.172
45.7 0.176
45.8 0.183
45.9 0.183
46.0 0.183
46.1 0.183
46.2 0.183
46.3 0.191
46.4 0.212
46.5 0.216
46.6 0.215
46.7 0.215
46.8 0.203
46.9 0.203
47.0 0.125
47.1 0.116
47.2 0.116
47.3 0.116
47.4 0.116
47.5 0.107
47.6 0.107
47.7 0.107
47.8 0.0876
47.9 0.0687
48.0 0.0687
48.1 0.0687
48.2 0.0687
48.3 0.0331
48.4 0.0331
48.5 0.000948
48.6 0.000946
48.7 -0.0291
48.8 -0.0291
48.9 -0.0291
49.0 -0.0666
49.1 -0.0666
49.2 -0.0666
49.3 -0.0972
49.4 -0.0972
49.5 -0.0972
49.6 -0.125
49.7 -0.125
49.8 -0.125
49.9 -0.125
