0.0 0.0 0.0 0.0
0.1 -1.69e-12 0.0 4.79e-13
0.2 -1.69e-12 0.0 4.79e-13
0.3 -1.69e-12 0.0 4.79e-13
0.4 -1.69e-12 0.0 4.79e-13
0.5 -1.69e-12 0.0 4.79e-13
0.6 -1.69e-12 0.0 4.79e-13
0.7 -1.69e-12 0.0 4.79e-13
0.8 1.71e-05 0.0 3.08e-05
0.9 1.71e-05 0.0 3.08e-05
1.0 -36.5 -0.0328 10.3
1.1 -36.5 -0.0328 10.3
1.2 -36.5 0.0523 36.5
1.3 -36.5 0.0523 36.5
1.4 -36.5 0.0523 36.5
1.5 -36.5 0.0523 36.5
1.6 -36.5 0.0523 36.5
1.7 -36.5 0.0523 36.5
1.8 -36.5 -0.505 36.5
1.9 -36.5 -0.505 36.5
2.0 -36.5 -0.505 36.5
2.1 -36.5 -0.505 36.5
2.2 -36.5 -0.505 36.5
2.3 -36.5 -0.505 36.5
2.4 -36.5 -0.505 36.5
2.5 -36.5 -0.505 36.5
2.6 -36.5 5.42 33.2
2.7 -36.5 0.734 16.2
2.8 -27.7 0.0906 14.9
2.9 -13.9 -0.271 13.6
3.0 -8.57 -0.413 13.2
3.1 -8.57 -0.413 13.2
3.2 -10.2 -0.458 20.4
3.3 -10.2 -0.458 20.4
3.4 -17.4 0.0106 22.3
3.5 -17.4 0.0106 22.3
3.6 -20.8 -0.0058 32.6
3.7 -20.8 -0.0058 32.6
3.8 -20.8 -0.0058 32.6
3.9 -24.8 -0.0106 30.7
4.0 -24.8 -0.0106 30.7
4.1 -24.8 -0.0106 30.7
4.2 -21.3 0.0223 29.2
4.3 -21.3 0.0223 29.2
4.4 -21.3 0.0223 29.2
4.5 -25.9 0.0091 30.4
4.6 -25.9 0.0091 30.4
4.7 -23.5 0.0161 36.5
4.8 -23.5 0.0161 36.5
4.9 -23.5 0.0161 36.5
5.0 -23.5 0.0161 36.5
5.1 -23.5 0.0161 36.5
5.2 -23.5 0.0161 36.5
5.3 -23.5 0.0161 36.5
5.4 -23.5 0.0161 36.5
5.5 -23.5 0.0161 36.5
5.6 -23.5 0.0161 36.5
5.7 -23.5 0.0162 36.5
5.8 -27.0 0.0234 36.5
5.9 -27.0 0.0234 36.5
6.0 -27.0 0.0234 36.5
6.1 -21.8 0.0104 36.5
6.2 -21.8 0.0104 36.5
6.3 -21.8 0.0104 36.5
6.4 -25.7 0.0143 36.5
6.5 -25.7 0.0143 36.5
6.6 -25.7 0.0143 36.5
6.7 -22.2 0.0135 36.5
6.8 -24.2 0.0136 36.5
6.9 -24.9 0.0131 36.5
7.0 -23.1 0.0132 36.5
7.1 -23.1 0.0131 36.5
7.2 -24.0 0.0128 36.5
7.3 -24.8 0.0122 36.5
7.4 -26.0 0.0111 36.5
7.5 -26.9 0.00964 36.5
7.6 -26.9 0.00964 36.5
7.7 -23.4 0.00149 36.5
7.8 -23.4 0.00151 36.5
7.9 -23.4 0.00155 36.5
8.0 -23.4 0.00161 36.5
8.1 -27.6 0.0473 36.5
8.2 -27.6 0.0473 36.5
8.3 -27.6 0.0473 36.5
8.4 -23.0 -0.103 36.5
8.5 -22.9 -0.102 36.5
8.6 -24.3 0.201 36.5
8.7 -24.2 -0.3 36.5
8.8 -23.2 -0.262 36.5
8.9 -22.9 -0.235 36.5
9.0 -23.7 0.0642 36.5
9.1 -27.1 0.823 33.7
9.2 -28.5 0.876 25.2
9.3 -27.4 -0.342 17.8
9.4 -27.3 -0.34 17.6
9.5 -27.0 -0.338 17.5
9.6 -24.1 -0.19 3.25
9.7 -23.5 -0.183 2.87
9.8 -25.2 -0.143 7.73
9.9 -24.7 -0.138 7.46
10.0 -24.3 -0.132 7.23
10.1 -24.0 -0.127 7.03
10.2 -23.7 -0.182 6.93
10.3 -23.4 -0.175 6.78
10.4 -23.1 -0.154 6.59
10.5 -22.9 -0.128 6.39
10.6 -22.7 -0.113 6.22
10.7 -22.5 -0.0992 6.06
10.8 -22.3 -0.0838 5.9
10.9 -22.1 -0.069 5.73
11.0 -22.0 -0.0511 5.54
11.1 -21.8 -0.0344 5.34
11.2 -21.7 -0.0187 5.15
11.3 -21.6 -0.000191 4.91
11.4 -21.6 0.0174 4.67
11.5 -21.5 0.0358 4.4
11.6 -23.3 0.322 0.231
11.7 -24.1 0.375 2.23e-16
11.8 -23.8 0.384 4.17e-17
11.9 -23.6 0.401 3.72e-18
12.0 -23.8 0.546 6.56e-05
12.1 -36.5 -2.95 1.51e-17
12.2 -36.1 -2.92 0.0
12.3 -35.7 -2.9 7.47e-18
12.4 -33.2 -2.61 0.00238
12.5 -25.5 -2.18 4.49e-17
12.6 -21.4 -2.04 4.6e-18
12.7 -19.7 -1.76 2.02e-17
12.8 -19.1 -1.72 5.76e-20
12.9 -19.1 -1.76 1.54e-17
13.0 -19.0 -1.56 9.78e-18
13.1 -18.9 -1.49 1.86e-06
13.2 -18.8 -1.38 9.6e-18
13.3 -18.8 -1.17 9.06e-18
13.4 -18.9 -0.941 1.13e-17
13.5 -18.9 -0.728 1.02e-17
13.6 -19.0 -0.527 6.93e-18
13.7 -19.0 -0.306 7.22e-18
13.8 -19.1 -0.0761 4.01e-08
13.9 -19.2 0.158 2.12e-17
14.0 -28.2 23.4 0.128
14.1 -28.8 23.7 5.07e-16
14.2 -27.9 22.3 0.00199
14.3 -32.2 18.1 1.96e-15
14.4 -36.5 -12.4 2.99e-20
14.5 -35.8 -12.9 7.2e-18
14.6 -35.9 -13.9 2.37e-17
14.7 -35.3 -14.3 3.25e-16
14.8 -34.3 -14.3 2.12e-15
14.9 -33.1 -14.1 0.0154
15.0 -31.4 -13.6 1.81e-16
15.1 -29.5 -13.5 0.255
15.2 -27.4 -12.3 9.85e-17
15.3 -25.3 -11.4 0.197
15.4 -22.5 -9.7 0.256
15.5 -19.9 -7.05 9.71e-18
15.6 -17.5 -5.05 0.379
15.7 -17.5 -5.05 0.379
15.8 -6.67 36.5 2.11e-16
15.9 -2.19 34.3 2.33e-17
16.0 -2.11 34.9 9.87e-19
16.1 -4.3 29.4 4.15e-17
16.2 -5.93 29.3 9.34e-18
16.3 -8.82 26.4 2.39e-07
16.4 -36.5 18.4 6.37e-07
16.5 -36.5 18.4 6.37e-07
16.6 -36.5 18.4 6.37e-07
16.7 -36.5 -24.7 36.5
16.8 -36.5 -18.0 36.5
16.9 -36.5 -14.0 36.5
17.0 -36.5 -12.8 36.5
17.1 -36.5 -10.1 36.5
17.2 -36.5 -10.1 36.5
17.3 -36.5 -10.1 36.5
17.4 -36.5 -10.1 36.5
17.5 -36.5 -36.5 36.5
17.6 -36.5 -36.5 36.5
17.7 -36.5 -25.3 36.5
17.8 -36.5 -3.08 36.5
17.9 -36.5 8.43 36.5
18.0 -31.5 10.5 36.5
18.1 -31.2 10.5 36.5
18.2 -31.5 10.8 36.5
18.3 -29.2 11.5 36.5
18.4 -28.8 11.5 36.5
18.5 -28.8 11.5 36.5
18.6 -28.0 11.3 36.5
18.7 36.5 -6.29 36.5
18.8 35.3 -3.14 36.5
18.9 31.8 4.05 36.4
19.0 30.3 6.35 36.5
19.1 29.6 6.22 36.5
19.2 23.2 11.0 36.4
19.3 -36.5 35.2 35.8
19.4 -36.5 -36.5 36.5
19.5 -36.5 -20.5 34.3
19.6 -36.5 -21.0 36.5
19.7 -36.5 -21.0 36.5
19.8 -36.5 -15.6 36.5
19.9 -36.5 -15.6 36.5
20.0 -36.5 -15.5 36.5
20.1 -36.5 -15.5 36.5
20.2 -36.5 -9.39 36.5
20.3 -36.5 -8.78 36.5
20.4 -36.5 36.5 36.5
20.5 -36.5 36.5 36.5
20.6 -36.5 36.5 36.5
20.7 -36.5 31.4 36.5
20.8 -36.5 10.1 36.5
20.9 -36.5 -1.57 36.5
21.0 -36.5 -4.88 36.5
21.1 -36.5 -4.67 36.5
21.2 -36.5 -1.46 36.5
21.3 -33.1 -10.9 36.5
21.4 -20.3 -9.97 36.5
21.5 -11.3 -7.3 36.5
21.6 -9.1 -2.98 36.5
21.7 -6.65 -2.29 36.5
21.8 -10.4 -1.35 36.5
21.9 -11.7 0.514 36.5
22.0 -14.6 0.792 36.1
22.1 -17.8 -0.661 23.5
22.2 -17.3 0.289 14.7
22.3 -18.6 0.616 14.2
22.4 -19.5 0.373 14.1
22.5 -18.6 0.723 13.9
22.6 -20.9 1.56 14.8
22.7 -20.9 1.56 14.8
22.8 -21.1 -0.666 17.9
22.9 -20.9 -2.49 21.6
23.0 -21.1 -0.382 21.8
23.1 -20.9 -0.317 21.8
23.2 -19.4 0.595 20.5
23.3 -19.6 0.489 20.5
23.4 -19.6 0.493 20.5
23.5 -20.1 -1.04 19.1
23.6 -20.4 0.272 18.9
23.7 -20.4 0.271 18.9
23.8 -19.3 -0.833 18.8
23.9 -19.7 0.541 18.6
24.0 -19.0 -0.175 18.3
24.1 -19.0 -0.175 18.3
24.2 -19.0 -0.174 18.3
24.3 -19.0 -0.173 18.3
24.4 -19.0 0.608 16.9
24.5 -19.0 0.606 16.9
24.6 -19.3 -0.673 16.2
24.7 -19.3 -0.338 15.6
24.8 -19.3 -0.338 15.6
24.9 -19.3 -0.338 15.6
25.0 -17.6 1.13 14.1
25.1 -16.9 -0.276 13.7
25.2 -17.9 -0.0149 17.7
25.3 -17.9 -0.0149 17.7
25.4 -17.9 -0.0149 17.7
25.5 -18.3 -1.86 16.6
25.6 -17.8 -0.13 15.0
25.7 -17.8 -0.13 15.0
25.8 -18.2 -1.56 12.2
25.9 -17.6 0.0312 11.9
26.0 -17.6 0.0312 11.9
26.1 -17.6 0.0312 11.9
26.2 -17.6 0.0312 11.9
26.3 -17.6 0.0312 11.9
26.4 -17.6 0.0311 11.9
26.5 -16.5 -1.35 12.0
26.6 -16.5 -1.34 12.0
26.7 -16.5 -1.34 12.0
26.8 -17.7 0.438 11.1
26.9 -17.7 0.438 11.1
27.0 -16.2 -0.91 9.46
27.1 -16.2 -0.91 9.46
27.2 -17.7 0.155 7.88
27.3 -16.4 -0.558 7.16
27.4 -16.4 -0.558 7.16
27.5 -16.4 -0.558 7.16
27.6 -16.4 -0.558 7.16
27.7 -16.4 -0.558 7.16
27.8 -16.4 -0.558 7.16
27.9 -16.4 -0.558 7.16
28.0 -16.5 -0.673 2.7
28.1 -16.5 -0.673 2.7
28.2 -16.5 -0.673 2.7
28.3 -14.9 -0.493 4.17
28.4 -14.9 -0.493 4.17
28.5 -16.6 -0.741 4.56
28.6 -16.6 -0.741 4.56
28.7 -16.6 -0.741 4.56
28.8 -14.7 -0.682 3.33
28.9 -16.1 -0.713 1.71
29.0 -16.1 -0.713 1.71
29.1 -16.1 -0.713 1.7
29.2 -13.9 -0.709 0.221
29.3 -15.2 -0.721 0.0
29.4 -15.2 -0.721 0.0
29.5 -15.2 -0.721 0.0
29.6 -15.2 -0.721 0.0
29.7 -15.2 -0.721 5.42e-21
29.8 -15.2 -0.721 5.42e-21
29.9 -15.2 -0.721 5.42e-21
30.0 -15.2 -0.721 5.28e-21
30.1 -15.2 -0.721 2.15e-20
30.2 -15.2 -0.721 2.15e-20
30.3 -15.2 -0.721 2.1e-20
30.4 -15.2 -0.721 2.1e-20
30.5 -15.2 -0.721 3.73e-20
30.6 -15.2 -0.721 4.81e-20
30.7 -15.2 -0.721 4.69e-20
30.8 -15.2 -0.721 4.69e-20
30.9 -14.1 -1.36 0.0
31.0 -14.1 -1.36 1.08e-20
31.1 -14.1 -1.36 1.06e-20
31.2 -14.9 -0.311 5.69e-19
31.3 -14.9 -0.311 5.55e-19
31.4 -14.9 -0.311 5.41e-19
31.5 -14.9 -0.311 1.12e-05
31.6 -13.0 -1.6 2.82
31.7 -15.1 -0.369 4.92
31.8 -13.4 -1.09 7.03
31.9 -14.9 -0.55 8.13
32.0 -14.9 -0.55 8.13
32.1 -13.5 -0.813 9.32
32.2 -13.5 -0.813 9.32
32.3 -15.1 -0.57 10.8
32.4 -13.8 -0.682 11.9
32.5 -16.2 1.6 11.9
32.6 -21.8 -0.192 14.6
32.7 -24.2 0.252 14.5
32.8 -23.9 2.94 13.3
32.9 -23.7 2.89 13.3
33.0 -23.8 0.105 15.0
33.1 -22.8 1.58 17.6
33.2 -22.1 1.42 17.6
33.3 -20.9 2.9 21.0
33.4 -19.8 2.63 21.1
33.5 -19.4 2.09 24.7
33.6 -19.0 1.99 24.7
33.7 -17.9 5.5 25.3
33.8 -16.1 7.79 27.0
33.9 -16.1 7.79 27.0
34.0 -16.1 7.79 27.0
34.1 -0.401 20.3 32.6
34.2 -0.401 20.3 32.6
34.3 -0.401 20.3 32.6
34.4 36.5 -18.9 36.5
34.5 36.5 -18.9 36.5
34.6 36.5 -18.9 36.5
34.7 33.3 -36.5 36.5
34.8 33.3 -36.5 36.5
34.9 -36.5 -36.5 36.5
35.0 -36.5 -25.0 36.5
35.1 -36.5 -1.88 36.5
35.2 -36.5 9.2 36.5
35.3 -36.5 13.1 36.5
35.4 -36.5 13.1 36.5
35.5 -36.5 10.8 36.5
35.6 -36.5 8.52 36.5
35.7 -36.5 6.32 36.5
35.8 -35.3 4.6 36.5
35.9 -17.5 3.53 36.5
36.0 -8.3 2.29 36.5
36.1 -4.69 1.41 36.5
36.2 -4.69 1.41 36.5
36.3 -5.84 0.0786 36.5
36.4 -5.84 0.0796 36.5
36.5 -9.54 1.04 36.5
36.6 -9.54 1.04 36.5
36.7 -12.4 0.951 36.5
36.8 -12.4 0.951 36.5
36.9 -12.4 0.952 36.5
37.0 -12.4 0.952 36.5
37.1 -14.9 1.74 36.5
37.2 -14.9 1.74 36.5
37.3 -14.9 1.74 36.5
37.4 -12.6 1.99 36.5
37.5 -12.6 1.99 36.5
37.6 -12.6 1.99 36.5
37.7 -15.3 2.61 36.5
37.8 -15.3 2.61 36.5
37.9 -15.3 2.61 36.5
38.0 -13.1 3.23 36.5
38.1 -13.1 3.23 36.5
38.2 -13.1 3.23 36.5
38.3 -15.6 3.65 36.5
38.4 -15.6 3.65 36.5
38.5 -15.6 3.65 36.5
38.6 -15.6 3.65 36.5
38.7 -13.8 5.02 36.5
38.8 -13.8 5.02 36.5
38.9 -15.8 4.74 36.5
39.0 -15.8 4.74 36.5
39.1 -15.8 4.74 36.5
39.2 -15.8 4.74 36.5
39.3 -15.8 4.74 36.5
39.4 -17.4 6.4 36.5
39.5 -17.4 6.4 36.5
39.6 -17.3 6.15 36.5
39.7 -17.3 6.12 36.5
39.8 -17.3 5.96 36.5
39.9 -17.6 5.79 36.5
40.0 -18.5 5.51 19.1
40.1 -19.1 6.56 1.31e-15
40.2 -19.1 6.56 1.28e-15
40.3 -19.1 6.56 1.25e-15
40.4 -19.1 6.56 1.22e-15
40.5 -19.9 4.91 0.0
40.6 -20.8 5.94 5.14e-18
40.7 -19.9 5.19 5.3e-18
40.8 -21.7 5.77 1.77e-18
40.9 -22.1 5.04 0.0
41.0 -20.4 6.18 0.0
41.1 -22.0 6.46 0.0
41.2 -22.0 6.46 0.0
41.3 -23.1 4.53 0.0
41.4 -21.8 5.44 0.0
41.5 -23.8 5.0 1.08e-17
41.6 -23.8 4.72 2.46e-18
41.7 -23.7 4.33 8.57e-18
41.8 -23.2 2.34 0.0
41.9 -24.8 3.61 7.61e-18
42.0 -24.8 3.57 5.34e-18
42.1 -24.8 3.57 5.2e-18
42.2 -24.8 3.57 5.07e-18
42.3 -23.7 2.04 0.0
42.4 -25.6 2.6 0.0
42.5 -24.3 1.23 0.0
42.6 -24.3 1.23 0.0
42.7 -26.2 0.673 1.14e-18
42.8 -24.7 0.248 0.0
42.9 -24.2 -0.149 2.38e-17
43.0 -25.3 -1.42 7.32e-19
43.1 -24.9 -1.74 7.14e-19
43.2 -24.9 -0.0317 0.0
43.3 -24.5 -0.205 0.0
43.4 -23.0 -0.841 2.55e-17
43.5 -23.0 -0.843 2.06e-17
43.6 -23.0 -0.85 1.53e-17
43.7 -27.3 -6.17 1.54e-17
43.8 -25.9 -4.39 1.49e-17
43.9 -24.2 -3.58 2.75e-18
44.0 -24.2 -3.58 0.0
44.1 -24.2 -3.58 1.18e-18
44.2 -21.1 -3.3 0.0
44.3 -21.3 -3.32 8.96e-18
44.4 -21.4 -3.39 1.02e-17
44.5 -21.5 -3.44 5.51e-17
44.6 -21.6 -4.78 2.18e-17
44.7 -21.5 -4.73 2.33e-17
44.8 -21.3 -4.63 1.41e-17
44.9 -21.0 -4.45 0.0
45.0 -20.7 -4.19 4.14e-18
45.1 -19.9 -4.19 0.0
45.2 -19.8 -4.06 0.0
45.3 -19.8 -4.13 0.0
45.4 -19.4 -5.43 1.6e-17
45.5 -17.5 -4.16 0.0
45.6 -17.7 -4.28 0.0
45.7 -18.6 -3.55 1.58e-17
45.8 -17.5 -3.38 0.0
45.9 -17.5 -3.32 1.47e-17
46.0 -17.5 -3.17 8.52e-18
46.1 -17.4 -2.94 0.0
46.2 -17.4 -2.6 0.0
46.3 -15.4 -2.65 1.3
46.4 -17.3 -1.64 19.4
46.5 -16.6 -3.22 26.2
46.6 -15.4 -1.74 27.1
46.7 -15.4 -1.73 27.1
46.8 -17.0 -1.34 26.5
46.9 -17.0 -1.34 26.5
47.0 -16.6 0.0245 25.1
47.1 -15.9 0.627 18.2
47.2 -16.0 0.702 18.3
47.3 -16.1 0.828 18.3
47.4 -16.1 0.828 18.3
47.5 -17.9 1.17 18.0
47.6 -17.9 1.17 18.0
47.7 -17.9 1.17 18.0
47.8 -16.5 1.91 17.9
47.9 -18.1 1.46 18.0
48.0 -18.1 1.46 18.0
48.1 -18.1 1.46 18.0
48.2 -18.1 1.46 18.0
48.3 -19.3 2.52 18.6
48.4 -19.3 2.52 18.6
48.5 -18.5 0.882 18.8
48.6 -18.5 0.882 18.8
48.7 -20.2 1.59 18.7
48.8 -20.2 1.59 18.7
48.9 -20.2 1.59 18.7
49.0 -19.4 0.285 18.2
49.1 -19.4 0.285 18.2
49.2 -19.4 0.285 18.2
49.3 -21.2 0.474 17.8
49.4 -21.2 0.474 17.8
49.5 -21.2 0.474 17.8
49.6 -19.1 -0.674 17.7
49.7 -19.1 -0.674 17.7
49.8 -19.1 -0.674 17.7
49.9 -19.1 -0.674 17.7
