0.0 0.413 0.5
0.1 0.294 0.5
0.2 0.293 0.5
0.3 0.291 0.5
0.4 0.291 0.5
0.5 0.3 0.5
0.6 0.297 0.5
0.7 0.397 0.5
0.8 22.8 0.5
0.9 0.317 0.5
1.0 18.8 0.5
1.1 0.345 0.5
1.2 0.315 0.5
1.3 0.301 0.5
1.4 0.318 0.5
1.5 0.319 0.5
1.6 0.316 0.5
1.7 1.7 0.5
1.8 0.347 0.5
1.9 0.33 0.5
2.0 0.371 0.5
2.1 0.332 0.5
2.2 0.343 0.5
2.3 0.346 0.5
2.4 0.34 0.5
2.5 2.16 0.5
2.6 5.91 0.5
2.7 1.87 0.5
2.8 2.16 0.5
2.9 3.2 0.5
3.0 0.326 0.5
3.1 4.55 0.5
3.2 0.35 0.5
3.3 1.82 0.5
3.4 0.322 0.5
3.5 2.77 0.5
3.6 0.335 0.5
3.7 0.329 0.5
3.8 1.5 0.5
3.9 0.325 0.5
4.0 0.324 0.5
4.1 1.51 0.5
4.2 0.317 0.5
4.3 0.321 0.5
4.4 1.49 0.5
4.5 0.32 0.5
4.6 2.82 0.5
4.7 0.294 0.5
4.8 0.322 0.5
4.9 0.34 0.5
5.0 0.341 0.5
5.1 0.338 0.5
5.2 0.344 0.5
5.3 0.347 0.5
5.4 0.359 0.5
5.5 0.413 0.5
5.6 0.43 0.5
5.7 1.8 0.5
5.8 0.461 0.5
5.9 0.478 0.5
6.0 3.31 0.5
6.1 0.519 0.5
6.2 0.452 0.5
6.3 1.78 0.5
6.4 0.424 0.5
6.5 0.457 0.5
6.6 3.14 0.5
6.7 5.83 0.5
6.8 4.51 0.5
6.9 1.88 0.5
7.0 1.14 0.5
7.1 1.97 0.5
7.2 1.99 0.5
7.3 1.61 0.5
7.4 1.67 0.5
7.5 0.4 0.5
7.6 2.2 0.5
7.7 0.698 0.5
7.8 0.642 0.5
7.9 0.635 0.5
8.0 3.04 0.5
8.1 0.984 0.5
8.2 0.738 0.5
8.3 2.17 0.5
8.4 0.69 0.5
8.5 5.85 0.5
8.6 4.29 0.5
8.7 1.88 0.5
8.8 2.21 0.5
8.9 2.66 0.5
9.0 3.89 0.5
9.1 4.7 0.5
9.2 5.35 0.5
9.3 0.835 0.5
9.4 0.857 0.5
9.5 7.55 0.5
9.6 0.81 0.5
9.7 3.2 0.5
9.8 0.85 0.5
9.9 0.821 0.5
10.0 0.858 0.5
10.1 14.9 0.5
10.2 4.58 0.5
10.3 6.16 0.5
10.4 6.35 0.5
10.5 3.4 0.5
10.6 2.72 0.5
10.7 3.67 0.5
10.8 2.92 0.5
10.9 6.08 0.5
11.0 5.31 0.5
11.1 3.87 0.5
11.2 5.52 0.5
11.3 6.12 0.5
11.4 6.49 0.5
11.5 10.0 0.5
11.6 4.02 0.5
11.7 3.0 0.5
11.8 6.15 0.5
11.9 11.9 0.5
12.0 9.95 0.5
12.1 9.12 0.5
12.2 2.19 0.5
12.3 14.4 0.5
12.4 9.53 0.5
12.5 3.65 0.5
12.6 8.48 0.5
12.7 5.16 0.5
12.8 4.39 0.5
12.9 6.44 0.5
13.0 5.18 0.5
13.1 5.49 0.5
13.2 5.73 0.5
13.3 4.56 0.5
13.4 4.3 0.5
13.5 4.89 0.5
13.6 6.85 0.5
13.7 6.47 0.5
13.8 4.89 0.5
13.9 18.7 0.5
14.0 25.4 0.5
14.1 15.8 0.5
14.2 13.1 0.5
14.3 14.0 0.5
14.4 11.5 0.5
14.5 10.6 0.5
14.6 10.7 0.5
14.7 10.3 0.5
14.8 7.72 0.5
14.9 12.3 0.5
15.0 12.9 0.5
15.1 12.6 0.5
15.2 6.46 0.5
15.3 9.24 0.5
15.4 9.48 0.5
15.5 12.4 0.5
15.6 21.1 0.5
15.7 6.66 0.5
15.8 13.2 0.5
15.9 2.64 0.5
16.0 8.08 0.5
16.1 5.42 0.5
16.2 5.14 0.5
16.3 6.44 0.5
16.4 23.3 0.5
16.5 26.4 0.5
16.6 2.7 0.5
16.7 7.04 0.5
16.8 2.04 0.5
16.9 1.93 0.5
17.0 6.27 0.5
17.1 18.4 0.5
17.2 19.7 0.5
17.3 17.2 0.5
17.4 0.309 0.5
17.5 3.18 0.5
17.6 2.72 0.5
17.7 5.44 0.5
17.8 3.84 0.5
17.9 5.27 0.5
18.0 9.36 0.5
18.1 13.0 0.5
18.2 8.66 0.5
18.3 4.57 0.5
18.4 0.746 0.5
18.5 4.49 0.5
18.6 3.43 0.5
18.7 5.6 0.5
18.8 7.38 0.5
18.9 3.47 0.5
19.0 4.6 0.5
19.1 9.76 0.5
19.2 8.85 0.5
19.3 13.0 0.5
19.4 2.97 0.5
19.5 6.2 0.5
19.6 3.21 0.5
19.7 5.74 0.5
19.8 2.29 0.5
19.9 3.1 0.5
20.0 2.71 0.5
20.1 5.85 0.5
20.2 4.43 0.5
20.3 4.85 0.5
20.4 0.699 0.5
20.5 0.667 0.5
20.6 1.91 0.5
20.7 3.02 0.5
20.8 1.43 0.5
20.9 5.24 0.5
21.0 4.44 0.5
21.1 3.21 0.5
21.2 3.44 0.5
21.3 8.37 0.5
21.4 5.21 0.5
21.5 4.42 0.5
21.6 3.14 0.5
21.7 4.59 0.5
21.8 2.87 0.5
21.9 3.3 0.5
22.0 2.83 0.5
22.1 5.23 0.5
22.2 2.36 0.5
22.3 2.22 0.5
22.4 2.07 0.5
22.5 3.16 0.5
22.6 16.3 0.5
22.7 1.42 0.5
22.8 4.27 0.5
22.9 2.4 0.5
23.0 1.43 0.5
23.1 3.93 0.5
23.2 2.04 0.5
23.3 0.938 0.5
23.4 3.48 0.5
23.5 2.2 0.5
23.6 0.963 0.5
23.7 2.54 0.5
23.8 3.32 0.5
23.9 2.7 0.5
24.0 1.1 0.5
24.1 0.949 0.5
24.2 1.1 0.5
24.3 1.58 0.5
24.4 0.946 0.5
24.5 4.2 0.5
24.6 0.97 0.5
24.7 0.97 0.5
24.8 16.9 0.5
24.9 1.18 0.5
25.0 2.29 0.5
25.1 5.63 0.5
25.2 0.479 0.5
25.3 0.479 0.5
25.4 2.17 0.5
25.5 1.49 0.5
25.6 0.482 0.5
25.7 1.32 0.5
25.8 1.49 0.5
25.9 0.487 0.5
26.0 0.494 0.5
26.1 0.488 0.5
26.2 0.491 0.5
26.3 0.502 0.5
26.4 1.65 0.5
26.5 0.504 0.5
26.6 0.503 0.5
26.7 1.51 0.5
26.8 0.475 0.5
26.9 2.34 0.5
27.0 0.488 0.5
27.1 1.5 0.5
27.2 1.54 0.5
27.3 0.491 0.5
27.4 0.485 0.5
27.5 0.494 0.5
27.6 0.513 0.5
27.7 0.495 0.5
27.8 0.486 0.5
27.9 1.68 0.5
28.0 0.5 0.5
28.1 0.478 0.5
28.2 1.69 0.5
28.3 0.5 0.5
28.4 1.47 0.5
28.5 0.482 0.5
28.6 0.482 0.5
28.7 1.48 0.5
28.8 1.65 0.5
28.9 0.478 0.5
29.0 0.876 0.5
29.1 1.49 0.5
29.2 2.37 0.5
29.3 0.489 0.5
29.4 0.488 0.5
29.5 0.485 0.5
29.6 0.499 0.5
29.7 0.485 0.5
29.8 0.493 0.5
29.9 0.49 0.5
30.0 0.504 0.5
30.1 0.491 0.5
30.2 0.476 0.5
30.3 0.477 0.5
30.4 0.475 0.5
30.5 0.495 0.5
30.6 0.492 0.5
30.7 0.492 0.5
30.8 1.67 0.5
30.9 0.506 0.5
31.0 0.476 0.5
31.1 1.66 0.5
31.2 0.501 0.5
31.3 0.482 0.5
31.4 0.491 0.5
31.5 1.68 0.5
31.6 1.3 0.5
31.7 1.66 0.5
31.8 1.66 0.5
31.9 0.509 0.5
32.0 1.66 0.5
32.1 0.486 0.5
32.2 1.68 0.5
32.3 1.85 0.5
32.4 2.67 0.5
32.5 4.99 0.5
32.6 1.35 0.5
32.7 9.47 0.5
32.8 1.31 0.5
32.9 3.1 0.5
33.0 11.9 0.5
33.1 1.57 0.5
33.2 2.54 0.5
33.3 1.73 0.5
33.4 4.91 0.5
33.5 0.788 0.5
33.6 2.35 0.5
33.7 3.02 0.5
33.8 17.4 0.5
33.9 17.9 0.5
34.0 2.03 0.5
34.1 17.4 0.5
34.2 18.8 0.5
34.3 1.89 0.5
34.4 17.6 0.5
34.5 17.7 0.5
34.6 0.309 0.5
34.7 0.324 0.5
34.8 1.29 0.5
34.9 1.51 0.5
35.0 1.31 0.5
35.1 1.47 0.5
35.2 1.74 0.5
35.3 0.49 0.5
35.4 1.35 0.5
35.5 1.65 0.5
35.6 1.48 0.5
35.7 1.29 0.5
35.8 1.7 0.5
35.9 2.5 0.5
36.0 1.52 0.5
36.1 0.505 0.5
36.2 1.3 0.5
36.3 0.669 0.5
36.4 1.3 0.5
36.5 0.489 0.5
36.6 1.33 0.5
36.7 0.487 0.5
36.8 0.488 0.5
36.9 0.684 0.5
37.0 1.31 0.5
37.1 0.495 0.5
37.2 0.688 0.5
37.3 1.38 0.5
37.4 0.511 0.5
37.5 0.687 0.5
37.6 1.32 0.5
37.7 0.49 0.5
37.8 0.676 0.5
37.9 1.33 0.5
38.0 0.497 0.5
38.1 0.7 0.5
38.2 1.34 0.5
38.3 0.475 0.5
38.4 0.485 0.5
38.5 0.679 0.5
38.6 1.33 0.5
38.7 0.472 0.5
38.8 1.32 0.5
38.9 0.482 0.5
39.0 0.498 0.5
39.1 0.503 0.5
39.2 0.658 0.5
39.3 1.31 0.5
39.4 0.499 0.5
39.5 2.79 0.5
39.6 2.17 0.5
39.7 2.45 0.5
39.8 2.86 0.5
39.9 4.36 0.5
40.0 1.66 0.5
40.1 0.498 0.5
40.2 0.489 0.5
40.3 0.488 0.5
40.4 1.32 0.5
40.5 2.78 0.5
40.6 2.88 0.5
40.7 2.94 0.5
40.8 1.33 0.5
40.9 3.36 0.5
41.0 2.48 0.5
41.1 0.809 0.5
41.2 3.31 0.5
41.3 3.46 0.5
41.4 3.13 0.5
41.5 1.62 0.5
41.6 1.48 0.5
41.7 2.96 0.5
41.8 2.48 0.5
41.9 0.986 0.5
42.0 0.503 0.5
42.1 0.481 0.5
42.2 1.29 0.5
42.3 1.51 0.5
42.4 1.22 0.5
42.5 0.53 0.5
42.6 1.61 0.5
42.7 1.67 0.5
42.8 2.38 0.5
42.9 3.05 0.5
43.0 2.49 0.5
43.1 3.2 0.5
43.2 1.1 0.5
43.3 6.13 0.5
43.4 2.15 0.5
43.5 2.29 0.5
43.6 7.46 0.5
43.7 4.21 0.5
43.8 2.18 0.5
43.9 0.875 0.5
44.0 0.864 0.5
44.1 2.85 0.5
44.2 1.17 0.5
44.3 1.15 0.5
44.4 0.987 0.5
44.5 2.54 0.5
44.6 1.01 0.5
44.7 1.36 0.5
44.8 1.66 0.5
44.9 1.51 0.5
45.0 5.66 0.5
45.1 1.2 0.5
45.2 0.996 0.5
45.3 1.15 0.5
45.4 2.66 0.5
45.5 1.01 0.5
45.6 2.33 0.5
45.7 2.81 0.5
45.8 1.03 0.5
45.9 1.39 0.5
46.0 1.85 0.5
46.1 2.18 0.5
46.2 2.68 0.5
46.3 6.45 0.5
46.4 4.75 0.5
46.5 3.33 0.5
46.6 0.649 0.5
46.7 2.81 0.5
46.8 18.5 0.5
46.9 0.325 0.5
47.0 2.64 0.5
47.1 1.32 0.5
47.2 0.814 0.5
47.3 0.501 0.5
47.4 1.32 0.5
47.5 0.478 0.5
47.6 0.504 0.5
47.7 1.67 0.5
47.8 1.8 0.5
47.9 0.692 0.5
48.0 0.489 0.5
48.1 0.668 0.5
48.2 1.67 0.5
48.3 0.67 0.5
48.4 1.64 0.5
48.5 0.695 0.5
48.6 1.68 0.5
48.7 0.673 0.5
48.8 0.665 0.5
48.9 1.59 0.5
49.0 0.643 0.5
49.1 0.638 0.5
49.2 1.58 0.5
49.3 0.496 0.5
49.4 0.498 0.5
49.5 1.43 0.5
49.6 0.463 0.5
49.7 0.47 0.5
49.8 0.463 0.5
49.9 1.58 0.5
