0.0 0.268 0.5
0.1 0.157 0.5
0.2 0.144 0.5
0.3 0.112 0.5
0.4 0.197 0.5
0.5 0.226 0.5
0.6 1.15 0.5
0.7 0.141 0.5
0.8 0.245 0.5
0.9 1.41 0.5
1.0 2.08 0.5
1.1 1.68 0.5
1.2 0.423 0.5
1.3 0.392 0.5
1.4 1.61 0.5
1.5 0.223 0.5
1.6 0.789 0.5
1.7 0.231 0.5
1.8 0.231 0.5
1.9 1.1 0.5
2.0 0.252 0.5
2.1 0.224 0.5
2.2 0.806 0.5
2.3 0.217 0.5
2.4 0.807 0.5
2.5 1.07 0.5
2.6 0.273 0.5
2.7 0.855 0.5
2.8 0.967 0.5
2.9 0.165 0.5
3.0 1.07 0.5
3.1 0.238 0.5
3.2 1.01 0.5
3.3 0.239 0.5
3.4 0.252 0.5
3.5 1.03 0.5
3.6 0.233 0.5
3.7 0.201 0.5
3.8 0.943 0.5
3.9 0.181 0.5
4.0 0.25 0.5
4.1 0.207 0.5
4.2 0.729 0.5
4.3 0.208 0.5
4.4 0.224 0.5
4.5 1.04 0.5
4.6 0.246 0.5
4.7 0.252 0.5
4.8 1.21 0.5
4.9 0.257 0.5
5.0 0.159 0.5
5.1 0.259 0.5
5.2 0.859 0.5
5.3 0.241 0.5
5.4 0.133 0.5
5.5 0.753 0.5
5.6 0.263 0.5
5.7 0.264 0.5
5.8 0.171 0.5
5.9 0.223 0.5
6.0 0.196 0.5
6.1 0.768 0.5
6.2 0.196 0.5
6.3 2.73 0.5
6.4 1.46 0.5
6.5 1.55 0.5
6.6 3.24 0.5
6.7 0.653 0.5
6.8 0.714 0.5
6.9 0.883 0.5
7.0 0.916 0.5
7.1 0.715 0.5
7.2 0.599 0.5
7.3 0.794 0.5
7.4 1.33 0.5
7.5 0.635 0.5
7.6 1.05 0.5
7.7 0.547 0.5
7.8 0.172 0.5
7.9 0.276 0.5
8.0 1.07 0.5
8.1 0.743 0.5
8.2 2.04 0.5
8.3 0.937 0.5
8.4 0.969 0.5
8.5 0.45 0.5
8.6 0.661 0.5
8.7 0.536 0.5
8.8 0.501 0.5
8.9 0.566 0.5
9.0 0.35 0.5
9.1 0.829 0.5
9.2 0.62 0.5
9.3 1.69 0.5
9.4 0.562 0.5
9.5 1.46 0.5
9.6 0.644 0.5
9.7 0.767 0.5
9.8 0.312 0.5
9.9 0.824 0.5
10.0 0.282 0.5
10.1 0.5 0.5
10.2 1.39 0.5
10.3 0.775 0.5
10.4 0.491 0.5
10.5 0.674 0.5
10.6 0.577 0.5
10.7 0.586 0.5
10.8 0.35 0.5
10.9 1.08 0.5
11.0 0.533 0.5
11.1 0.405 0.5
11.2 1.0 0.5
11.3 0.472 0.5
11.4 0.384 0.5
11.5 0.354 0.5
11.6 0.367 0.5
11.7 0.269 0.5
11.8 0.331 0.5
11.9 0.33 0.5
12.0 0.582 0.5
12.1 0.601 0.5
12.2 0.497 0.5
12.3 0.4 0.5
12.4 0.613 0.5
12.5 1.06 0.5
12.6 0.771 0.5
12.7 1.13 0.5
12.8 0.418 0.5
12.9 0.569 0.5
13.0 1.4 0.5
13.1 0.773 0.5
13.2 0.571 0.5
13.3 0.94 0.5
13.4 1.05 0.5
13.5 0.928 0.5
13.6 1.11 0.5
13.7 0.484 0.5
13.8 1.06 0.5
13.9 0.403 0.5
14.0 0.38 0.5
14.1 0.541 0.5
14.2 0.546 0.5
14.3 0.397 0.5
14.4 0.537 0.5
14.5 0.534 0.5
14.6 1.25 0.5
14.7 0.501 0.5
14.8 0.584 0.5
14.9 0.649 0.5
15.0 0.659 0.5
15.1 0.712 0.5
15.2 0.803 0.5
15.3 2.07 0.5
15.4 1.23 0.5
15.5 0.327 0.5
15.6 0.875 0.5
15.7 0.809 0.5
15.8 0.925 0.5
15.9 0.762 0.5
16.0 1.1 0.5
16.1 1.15 0.5
16.2 5.94 0.5
16.3 0.0892 0.5
16.4 2.2 0.5
16.5 5.93 0.5
16.6 5.88 0.5
16.7 0.125 0.5
16.8 2.91 0.5
16.9 1.37 0.5
17.0 2.08 0.5
17.1 1.45 0.5
17.2 2.21 0.5
17.3 3.4 0.5
17.4 1.54 0.5
17.5 1.72 0.5
17.6 2.74 0.5
17.7 0.813 0.5
17.8 1.93 0.5
17.9 0.955 0.5
18.0 1.32 0.5
18.1 2.07 0.5
18.2 2.13 0.5
18.3 2.08 0.5
18.4 0.933 0.5
18.5 1.29 0.5
18.6 2.14 0.5
18.7 1.35 0.5
18.8 1.3 0.5
18.9 1.48 0.5
19.0 0.637 0.5
19.1 1.1 0.5
19.2 0.553 0.5
19.3 0.353 0.5
19.4 0.318 0.5
19.5 1.56 0.5
19.6 2.09 0.5
19.7 2.19 0.5
19.8 0.862 0.5
19.9 1.38 0.5
20.0 6.3 0.5
20.1 1.66 0.5
20.2 0.839 0.5
20.3 7.83 0.5
20.4 1.84 0.5
20.5 8.44 0.5
20.6 10.5 0.5
20.7 8.41 0.5
20.8 0.551 0.5
20.9 0.123 0.5
21.0 1.94 0.5
21.1 1.32 0.5
21.2 1.32 0.5
21.3 0.906 0.5
21.4 2.35 0.5
21.5 2.03 0.5
21.6 1.98 0.5
21.7 2.13 0.5
21.8 0.764 0.5
21.9 1.46 0.5
22.0 0.953 0.5
22.1 1.99 0.5
22.2 1.36 0.5
22.3 1.15 0.5
22.4 1.09 0.5
22.5 3.14 0.5
22.6 0.446 0.5
22.7 5.77 0.5
22.8 6.46 0.5
22.9 5.89 0.5
23.0 6.9 0.5
23.1 5.76 0.5
23.2 0.085 0.5
23.3 7.72 0.5
23.4 7.13 0.5
23.5 0.0866 0.5
23.6 5.11 0.5
23.7 0.0764 0.5
23.8 5.17 0.5
23.9 0.079 0.5
24.0 7.21 0.5
24.1 0.148 0.5
24.2 6.28 0.5
24.3 0.0992 0.5
24.4 7.16 0.5
24.5 0.124 0.5
24.6 9.89 0.5
24.7 0.181 0.5
24.8 11.5 0.5
24.9 0.199 0.5
25.0 10.7 0.5
25.1 0.259 0.5
25.2 1.53 0.5
25.3 9.57 0.5
25.4 0.144 0.5
25.5 11.8 0.5
25.6 0.134 0.5
25.7 10.3 0.5
25.8 0.184 0.5
25.9 0.194 0.5
26.0 13.2 0.5
26.1 0.485 0.5
26.2 0.156 0.5
26.3 0.441 0.5
26.4 0.641 0.5
26.5 2.47 0.5
26.6 1.34 0.5
26.7 0.272 0.5
26.8 0.566 0.5
26.9 2.05 0.5
27.0 0.335 0.5
27.1 0.249 0.5
27.2 1.02 0.5
27.3 0.447 0.5
27.4 0.437 0.5
27.5 1.3 0.5
27.6 0.301 0.5
27.7 1.77 0.5
27.8 0.236 0.5
27.9 0.31 0.5
28.0 0.142 0.5
28.1 0.149 0.5
28.2 0.145 0.5
28.3 0.143 0.5
28.4 0.553 0.5
28.5 0.226 0.5
28.6 0.709 0.5
28.7 0.156 0.5
28.8 0.173 0.5
28.9 0.803 0.5
29.0 0.133 0.5
29.1 0.128 0.5
29.2 0.574 0.5
29.3 0.145 0.5
29.4 0.132 0.5
29.5 0.186 0.5
29.6 0.678 0.5
29.7 0.242 0.5
29.8 0.182 0.5
29.9 0.176 0.5
30.0 0.196 0.5
30.1 0.136 0.5
30.2 0.181 0.5
30.3 1.28 0.5
30.4 0.129 0.5
30.5 0.119 0.5
30.6 0.513 0.5
30.7 0.194 0.5
30.8 0.407 0.5
30.9 1.4 0.5
31.0 0.446 0.5
31.1 0.397 0.5
31.2 0.245 0.5
31.3 0.226 0.5
31.4 0.551 0.5
31.5 0.138 0.5
31.6 1.29 0.5
31.7 0.546 0.5
31.8 0.551 0.5
31.9 0.465 0.5
32.0 0.301 0.5
32.1 0.352 0.5
32.2 0.264 0.5
32.3 1.03 0.5
32.4 0.885 0.5
32.5 1.6 0.5
32.6 0.795 0.5
32.7 4.85 0.5
32.8 0.432 0.5
32.9 1.35 0.5
33.0 0.846 0.5
33.1 2.61 0.5
33.2 0.432 0.5
33.3 0.198 0.5
33.4 0.221 0.5
33.5 2.89 0.5
33.6 0.784 0.5
33.7 1.25 0.5
33.8 5.45 0.5
33.9 5.08 0.5
34.0 0.0813 0.5
34.1 0.589 0.5
34.2 0.425 0.5
34.3 4.71 0.5
34.4 0.0844 0.5
34.5 0.797 0.5
34.6 0.123 0.5
34.7 0.115 0.5
34.8 0.475 0.5
34.9 0.123 0.5
35.0 0.128 0.5
35.1 0.424 0.5
35.2 0.131 0.5
35.3 0.14 0.5
35.4 0.127 0.5
35.5 0.12 0.5
35.6 0.123 0.5
35.7 0.127 0.5
35.8 0.424 0.5
35.9 0.125 0.5
36.0 0.464 0.5
36.1 0.135 0.5
36.2 0.13 0.5
36.3 0.128 0.5
36.4 0.127 0.5
36.5 0.122 0.5
36.6 0.466 0.5
36.7 0.114 0.5
36.8 0.115 0.5
36.9 0.481 0.5
37.0 0.121 0.5
37.1 0.113 0.5
37.2 0.119 0.5
37.3 0.481 0.5
37.4 0.114 0.5
37.5 0.137 0.5
37.6 0.603 0.5
37.7 0.126 0.5
37.8 0.14 0.5
37.9 0.465 0.5
38.0 0.127 0.5
38.1 0.124 0.5
38.2 0.126 0.5
38.3 0.123 0.5
38.4 0.5 0.5
38.5 0.163 0.5
38.6 0.176 0.5
38.7 0.183 0.5
38.8 1.0 0.5
38.9 0.286 0.5
39.0 0.595 0.5
39.1 0.18 0.5
39.2 0.18 0.5
39.3 0.173 0.5
39.4 0.657 0.5
39.5 0.121 0.5
39.6 0.918 0.5
39.7 2.29 0.5
39.8 0.317 0.5
39.9 0.846 0.5
40.0 0.885 0.5
40.1 0.923 0.5
40.2 0.129 0.5
40.3 0.128 0.5
40.4 0.122 0.5
40.5 3.12 0.5
40.6 1.2 0.5
40.7 2.94 0.5
40.8 1.0 0.5
40.9 2.31 0.5
41.0 0.345 0.5
41.1 1.33 0.5
41.2 0.413 0.5
41.3 0.503 0.5
41.4 0.433 0.5
41.5 1.28 0.5
41.6 1.05 0.5
41.7 0.353 0.5
41.8 0.51 0.5
41.9 3.08 0.5
42.0 0.993 0.5
42.1 1.12 0.5
42.2 1.19 0.5
42.3 0.819 0.5
42.4 0.74 0.5
42.5 1.63 0.5
42.6 0.653 0.5
42.7 0.78 0.5
42.8 1.43 0.5
42.9 0.706 0.5
43.0 0.647 0.5
43.1 0.53 0.5
43.2 0.519 0.5
43.3 0.347 0.5
43.4 0.798 0.5
43.5 0.9 0.5
43.6 0.74 0.5
43.7 0.8 0.5
43.8 1.84 0.5
43.9 0.843 0.5
44.0 0.664 0.5
44.1 1.68 0.5
44.2 0.67 0.5
44.3 0.488 0.5
44.4 0.527 0.5
44.5 0.206 0.5
44.6 0.637 0.5
44.7 0.39 0.5
44.8 0.386 0.5
44.9 1.01 0.5
45.0 0.606 0.5
45.1 0.89 0.5
45.2 0.57 0.5
45.3 0.418 0.5
45.4 0.392 0.5
45.5 0.652 0.5
45.6 0.755 0.5
45.7 2.05 0.5
45.8 0.721 0.5
45.9 0.67 0.5
46.0 0.38 0.5
46.1 1.05 0.5
46.2 0.549 0.5
46.3 1.47 0.5
46.4 1.53 0.5
46.5 0.5 0.5
46.6 1.15 0.5
46.7 0.59 0.5
46.8 0.802 0.5
46.9 1.66 0.5
47.0 0.422 0.5
47.1 0.523 0.5
47.2 1.43 0.5
47.3 0.722 0.5
47.4 1.84 0.5
47.5 1.12 0.5
47.6 0.787 0.5
47.7 2.37 0.5
47.8 1.19 0.5
47.9 0.971 0.5
48.0 1.72 0.5
48.1 0.605 0.5
48.2 1.65 0.5
48.3 0.534 0.5
48.4 0.457 0.5
48.5 0.45 0.5
48.6 2.28 0.5
48.7 0.539 0.5
48.8 0.222 0.5
48.9 1.28 0.5
49.0 0.447 0.5
49.1 0.448 0.5
49.2 1.09 0.5
49.3 0.561 0.5
49.4 0.363 0.5
49.5 0.294 0.5
49.6 1.01 0.5
49.7 0.373 0.5
49.8 0.475 0.5
49.9 2.54 0.5
