0.0 0.5 0.5 1.1
0.1 0.5 0.5 1.05
0.2 0.5 0.5 0.965
0.3 0.5 0.5 0.862
0.4 0.5 0.5 0.748
0.5 0.5 0.5 0.63
0.6 0.5 0.5 0.513
0.7 0.5 0.5 0.399
0.8 0.5 0.5 0.289
0.9 0.51 0.5 0.185
1.0 0.538 0.501 0.0985
1.1 0.573 0.512 0.0968
1.2 0.606 0.542 0.176
1.3 0.637 0.59 0.27
1.4 0.665 0.655 0.368
1.5 0.692 0.735 0.469
1.6 0.716 0.829 0.574
1.7 0.741 0.924 0.673
1.8 0.768 1.01 0.757
1.9 0.797 1.08 0.828
2.0 0.829 1.15 0.887
2.1 0.862 1.2 0.935
2.2 0.898 1.25 0.974
2.3 0.935 1.29 1.01
2.4 0.973 1.32 1.03
2.5 1.01 1.34 1.05
2.6 1.06 1.36 1.07
2.7 1.12 1.37 1.09
2.8 1.19 1.38 1.12
2.9 1.25 1.38 1.15
3.0 1.32 1.38 1.18
3.1 1.37 1.38 1.21
3.2 1.41 1.38 1.23
3.3 1.45 1.38 1.24
3.4 1.47 1.38 1.25
3.5 1.49 1.38 1.25
3.6 1.51 1.39 1.25
3.7 1.53 1.4 1.24
3.8 1.55 1.4 1.23
3.9 1.57 1.41 1.22
4.0 1.58 1.42 1.21
4.1 1.6 1.43 1.2
4.2 1.62 1.44 1.19
4.3 1.63 1.45 1.17
4.4 1.65 1.46 1.16
4.5 1.67 1.47 1.15
4.6 1.69 1.48 1.14
4.7 1.72 1.49 1.13
4.8 1.74 1.5 1.13
4.9 1.77 1.51 1.12
5.0 1.8 1.52 1.11
5.1 1.84 1.53 1.11
5.2 1.87 1.54 1.1
5.3 1.91 1.55 1.1
5.4 1.95 1.56 1.09
5.5 1.99 1.57 1.09
5.6 2.04 1.57 1.09
5.7 2.08 1.58 1.08
5.8 2.13 1.59 1.08
5.9 2.18 1.59 1.07
6.0 2.24 1.6 1.07
6.1 2.29 1.61 1.06
6.2 2.34 1.61 1.05
6.3 2.4 1.62 1.05
6.4 2.46 1.62 1.04
6.5 2.52 1.63 1.03
6.6 2.58 1.63 1.03
6.7 2.63 1.64 1.02
6.8 2.68 1.66 1.01
6.9 2.71 1.68 1.01
7.0 2.74 1.72 1.0
7.1 2.76 1.76 0.997
7.2 2.78 1.8 0.992
7.3 2.79 1.85 0.989
7.4 2.79 1.91 0.985
7.5 2.8 1.97 0.983
7.6 2.8 2.04 0.981
7.7 2.8 2.1 0.979
7.8 2.8 2.16 0.978
7.9 2.8 2.22 0.978
8.0 2.8 2.28 0.978
8.1 2.8 2.35 0.978
8.2 2.8 2.41 0.979
8.3 2.8 2.48 0.979
8.4 2.8 2.54 0.98
8.5 2.8 2.6 0.979
8.6 2.8 2.65 0.973
8.7 2.8 2.69 0.959
8.8 2.8 2.73 0.938
8.9 2.8 2.75 0.91
9.0 2.8 2.77 0.877
9.1 2.8 2.78 0.84
9.2 2.8 2.79 0.803
9.3 2.8 2.79 0.768
9.4 2.8 2.79 0.735
9.5 2.8 2.79 0.708
9.6 2.8 2.79 0.688
9.7 2.8 2.8 0.674
9.8 2.8 2.8 0.663
9.9 2.8 2.8 0.656
10.0 2.8 2.8 0.651
10.1 2.8 2.8 0.649
10.2 2.8 2.8 0.648
10.3 2.8 2.8 0.65
10.4 2.8 2.8 0.653
10.5 2.8 2.8 0.658
10.6 2.8 2.8 0.664
10.7 2.8 2.8 0.671
10.8 2.8 2.8 0.678
10.9 2.8 2.8 0.687
11.0 2.8 2.8 0.696
11.1 2.8 2.8 0.705
11.2 2.8 2.8 0.714
11.3 2.8 2.8 0.724
11.4 2.8 2.8 0.734
11.5 2.8 2.8 0.743
11.6 2.79 2.8 0.753
11.7 2.79 2.8 0.762
11.8 2.79 2.8 0.77
11.9 2.79 2.8 0.778
12.0 2.79 2.8 0.785
12.1 2.79 2.8 0.79
12.2 2.79 2.8 0.794
12.3 2.79 2.8 0.799
12.4 2.79 2.8 0.807
12.5 2.79 2.8 0.822
12.6 2.79 2.8 0.843
12.7 2.79 2.8 0.87
12.8 2.79 2.8 0.902
12.9 2.79 2.8 0.937
13.0 2.79 2.8 0.976
13.1 2.79 2.8 1.02
13.2 2.79 2.8 1.06
13.3 2.79 2.8 1.11
13.4 2.79 2.8 1.16
13.5 2.79 2.8 1.21
13.6 2.79 2.8 1.26
13.7 2.79 2.8 1.31
13.8 2.79 2.8 1.36
13.9 2.79 2.8 1.42
14.0 2.79 2.8 1.47
14.1 2.79 2.8 1.52
14.2 2.79 2.79 1.58
14.3 2.79 2.79 1.64
14.4 2.79 2.79 1.69
14.5 2.79 2.79 1.75
14.6 2.79 2.79 1.82
14.7 2.79 2.8 1.88
14.8 2.79 2.8 1.95
14.9 2.79 2.8 2.03
15.0 2.79 2.8 2.12
15.1 2.78 2.8 2.21
15.2 2.78 2.8 2.3
15.3 2.78 2.8 2.4
15.4 2.78 2.8 2.5
15.5 2.77 2.8 2.58
15.6 2.77 2.8 2.64
15.7 2.77 2.8 2.7
15.8 2.76 2.79 2.73
15.9 2.73 2.79 2.76
16.0 2.7 2.79 2.77
16.1 2.66 2.79 2.77
16.2 2.61 2.78 2.76
16.3 2.56 2.78 2.74
16.4 2.53 2.77 2.71
16.5 2.5 2.77 2.67
16.6 2.47 2.76 2.63
16.7 2.46 2.76 2.6
16.8 2.46 2.75 2.57
16.9 2.46 2.75 2.55
17.0 2.46 2.75 2.54
17.1 2.47 2.74 2.52
17.2 2.49 2.74 2.52
17.3 2.51 2.73 2.51
17.4 2.54 2.72 2.51
17.5 2.58 2.72 2.51
17.6 2.63 2.73 2.51
17.7 2.67 2.74 2.51
17.8 2.71 2.75 2.51
17.9 2.74 2.76 2.52
18.0 2.76 2.77 2.53
18.1 2.77 2.77 2.54
18.2 2.78 2.78 2.56
18.3 2.79 2.78 2.57
18.4 2.79 2.78 2.59
18.5 2.78 2.78 2.61
18.6 2.76 2.77 2.64
18.7 2.71 2.76 2.66
18.8 2.62 2.76 2.69
18.9 2.52 2.76 2.71
19.0 2.39 2.76 2.74
19.1 2.24 2.76 2.75
19.2 2.1 2.77 2.77
19.3 1.98 2.77 2.77
19.4 1.89 2.77 2.78
19.5 1.83 2.78 2.78
19.6 1.8 2.78 2.78
19.7 1.79 2.78 2.77
19.8 1.81 2.78 2.76
19.9 1.86 2.79 2.75
20.0 1.93 2.79 2.74
20.1 2.03 2.79 2.72
20.2 2.14 2.78 2.7
20.3 2.25 2.78 2.68
20.4 2.35 2.77 2.67
20.5 2.43 2.76 2.65
20.6 2.48 2.74 2.64
20.7 2.53 2.73 2.63
20.8 2.58 2.72 2.62
20.9 2.63 2.72 2.61
21.0 2.67 2.71 2.6
21.1 2.71 2.7 2.6
21.2 2.74 2.69 2.6
21.3 2.76 2.69 2.6
21.4 2.78 2.71 2.6
21.5 2.78 2.72 2.61
21.6 2.79 2.74 2.62
21.7 2.79 2.76 2.63
21.8 2.79 2.78 2.64
21.9 2.8 2.79 2.66
22.0 2.8 2.79 2.68
22.1 2.8 2.8 2.7
22.2 2.8 2.8 2.72
22.3 2.8 2.8 2.73
22.4 2.8 2.8 2.75
22.5 2.8 2.8 2.76
22.6 2.8 2.8 2.78
22.7 2.8 2.8 2.78
22.8 2.8 2.8 2.79
22.9 2.8 2.8 2.79
23.0 2.8 2.8 2.8
23.1 2.8 2.8 2.8
23.2 2.8 2.8 2.8
23.3 2.8 2.8 2.79
23.4 2.8 2.8 2.79
23.5 2.8 2.8 2.79
23.6 2.8 2.8 2.79
23.7 2.8 2.8 2.78
23.8 2.8 2.8 2.78
23.9 2.8 2.8 2.78
24.0 2.8 2.8 2.77
24.1 2.8 2.8 2.77
24.2 2.8 2.8 2.77
24.3 2.8 2.8 2.77
24.4 2.8 2.8 2.76
24.5 2.8 2.8 2.76
24.6 2.79 2.8 2.76
24.7 2.79 2.8 2.76
24.8 2.79 2.8 2.76
24.9 2.79 2.8 2.76
25.0 2.78 2.8 2.76
25.1 2.78 2.8 2.75
25.2 2.77 2.8 2.75
25.3 2.77 2.8 2.75
25.4 2.76 2.8 2.75
25.5 2.76 2.8 2.75
25.6 2.76 2.8 2.74
25.7 2.75 2.8 2.74
25.8 2.75 2.79 2.74
25.9 2.74 2.79 2.73
26.0 2.73 2.79 2.73
26.1 2.73 2.79 2.73
26.2 2.72 2.79 2.72
26.3 2.71 2.79 2.72
26.4 2.7 2.79 2.71
26.5 2.69 2.79 2.71
26.6 2.68 2.79 2.7
26.7 2.66 2.79 2.7
26.8 2.65 2.79 2.69
26.9 2.63 2.79 2.69
27.0 2.62 2.79 2.68
27.1 2.6 2.79 2.68
27.2 2.59 2.79 2.68
27.3 2.57 2.78 2.68
27.4 2.55 2.78 2.68
27.5 2.53 2.77 2.68
27.6 2.51 2.77 2.68
27.7 2.49 2.76 2.68
27.8 2.47 2.75 2.68
27.9 2.45 2.75 2.69
28.0 2.42 2.74 2.69
28.1 2.4 2.74 2.69
28.2 2.37 2.73 2.69
28.3 2.34 2.73 2.7
28.4 2.31 2.73 2.7
28.5 2.28 2.72 2.7
28.6 2.25 2.72 2.7
28.7 2.22 2.72 2.7
28.8 2.19 2.72 2.7
28.9 2.16 2.71 2.71
29.0 2.12 2.71 2.71
29.1 2.09 2.71 2.71
29.2 2.06 2.71 2.71
29.3 2.03 2.71 2.71
29.4 1.99 2.71 2.71
29.5 1.96 2.71 2.71
29.6 1.93 2.71 2.71
29.7 1.89 2.71 2.71
29.8 1.86 2.71 2.71
29.9 1.83 2.71 2.7
30.0 1.8 2.71 2.7
30.1 1.77 2.71 2.7
30.2 1.74 2.7 2.7
30.3 1.72 2.7 2.7
30.4 1.69 2.71 2.7
30.5 1.66 2.71 2.7
30.6 1.64 2.71 2.7
30.7 1.62 2.71 2.7
30.8 1.6 2.71 2.7
30.9 1.58 2.71 2.7
31.0 1.56 2.71 2.7
31.1 1.54 2.71 2.7
31.2 1.53 2.71 2.7
31.3 1.52 2.71 2.7
31.4 1.51 2.71 2.7
31.5 1.5 2.71 2.7
31.6 1.5 2.71 2.7
31.7 1.49 2.71 2.7
31.8 1.49 2.71 2.7
31.9 1.49 2.71 2.7
32.0 1.49 2.71 2.7
32.1 1.49 2.71 2.7
32.2 1.49 2.71 2.7
32.3 1.49 2.71 2.7
32.4 1.49 2.71 2.7
32.5 1.5 2.71 2.7
32.6 1.5 2.71 2.7
32.7 1.51 2.7 2.7
32.8 1.51 2.7 2.7
32.9 1.51 2.7 2.69
33.0 1.51 2.7 2.69
33.1 1.5 2.69 2.69
33.2 1.49 2.69 2.69
33.3 1.48 2.68 2.69
33.4 1.46 2.68 2.69
33.5 1.44 2.67 2.69
33.6 1.42 2.67 2.69
33.7 1.39 2.66 2.68
33.8 1.35 2.66 2.68
33.9 1.31 2.65 2.68
34.0 1.27 2.65 2.68
34.1 1.2 2.64 2.67
34.2 1.12 2.64 2.66
34.3 1.04 2.64 2.65
34.4 0.938 2.64 2.64
34.5 0.834 2.63 2.63
34.6 0.734 2.62 2.62
34.7 0.659 2.61 2.62
34.8 0.631 2.61 2.62
34.9 0.654 2.61 2.62
35.0 0.705 2.6 2.62
35.1 0.764 2.6 2.62
35.2 0.82 2.6 2.62
35.3 0.869 2.59 2.62
35.4 0.908 2.58 2.63
35.5 0.938 2.58 2.63
35.6 0.959 2.57 2.63
35.7 0.972 2.56 2.63
35.8 0.981 2.55 2.64
35.9 0.99 2.54 2.64
36.0 1.0 2.53 2.64
36.1 1.01 2.52 2.64
36.2 1.03 2.51 2.64
36.3 1.05 2.5 2.64
36.4 1.07 2.49 2.64
36.5 1.09 2.49 2.64
36.6 1.12 2.48 2.64
36.7 1.14 2.47 2.64
36.8 1.17 2.47 2.64
36.9 1.2 2.47 2.64
37.0 1.23 2.46 2.63
37.1 1.26 2.46 2.63
37.2 1.29 2.46 2.63
37.3 1.32 2.46 2.63
37.4 1.35 2.46 2.63
37.5 1.38 2.46 2.63
37.6 1.42 2.47 2.62
37.7 1.46 2.47 2.62
37.8 1.49 2.47 2.62
37.9 1.53 2.48 2.62
38.0 1.57 2.48 2.62
38.1 1.61 2.49 2.61
38.2 1.65 2.49 2.61
38.3 1.69 2.5 2.61
38.4 1.74 2.51 2.61
38.5 1.78 2.51 2.61
38.6 1.82 2.52 2.61
38.7 1.86 2.52 2.61
38.8 1.91 2.53 2.6
38.9 1.95 2.54 2.6
39.0 2.0 2.54 2.6
39.1 2.04 2.55 2.6
39.2 2.09 2.56 2.6
39.3 2.14 2.57 2.6
39.4 2.19 2.57 2.59
39.5 2.23 2.58 2.59
39.6 2.28 2.59 2.59
39.7 2.34 2.59 2.59
39.8 2.39 2.59 2.59
39.9 2.44 2.58 2.59
40.0 2.49 2.58 2.58
40.1 2.53 2.57 2.58
40.2 2.57 2.57 2.58
40.3 2.61 2.57 2.58
40.4 2.64 2.56 2.58
40.5 2.67 2.56 2.58
40.6 2.7 2.56 2.58
40.7 2.73 2.56 2.57
40.8 2.75 2.55 2.57
40.9 2.77 2.54 2.57
41.0 2.78 2.53 2.57
41.1 2.79 2.51 2.57
41.2 2.79 2.5 2.57
41.3 2.79 2.49 2.57
41.4 2.79 2.47 2.57
41.5 2.8 2.46 2.57
41.6 2.8 2.45 2.57
41.7 2.8 2.43 2.57
41.8 2.8 2.42 2.57
41.9 2.8 2.41 2.57
42.0 2.8 2.4 2.57
42.1 2.8 2.39 2.57
42.2 2.8 2.37 2.57
42.3 2.79 2.35 2.57
42.4 2.79 2.34 2.57
42.5 2.79 2.32 2.57
42.6 2.79 2.31 2.57
42.7 2.79 2.29 2.56
42.8 2.79 2.28 2.56
42.9 2.79 2.27 2.56
43.0 2.79 2.25 2.56
43.1 2.79 2.24 2.56
43.2 2.79 2.22 2.56
43.3 2.79 2.21 2.56
43.4 2.79 2.19 2.56
43.5 2.79 2.18 2.56
43.6 2.79 2.16 2.56
43.7 2.79 2.14 2.55
43.8 2.79 2.12 2.55
43.9 2.8 2.1 2.55
44.0 2.8 2.08 2.55
44.1 2.8 2.05 2.55
44.2 2.8 2.02 2.55
44.3 2.8 2.0 2.55
44.4 2.8 1.97 2.55
44.5 2.8 1.94 2.55
44.6 2.8 1.92 2.55
44.7 2.8 1.89 2.55
44.8 2.8 1.86 2.54
44.9 2.8 1.84 2.54
45.0 2.8 1.81 2.54
45.1 2.8 1.78 2.54
45.2 2.8 1.76 2.54
45.3 2.8 1.73 2.54
45.4 2.8 1.7 2.54
45.5 2.8 1.67 2.54
45.6 2.8 1.63 2.54
45.7 2.8 1.6 2.54
45.8 2.8 1.57 2.54
45.9 2.8 1.55 2.54
46.0 2.8 1.52 2.54
46.1 2.8 1.49 2.54
46.2 2.8 1.47 2.54
46.3 2.8 1.44 2.54
46.4 2.8 1.43 2.54
46.5 2.8 1.41 2.53
46.6 2.8 1.39 2.53
46.7 2.8 1.38 2.53
46.8 2.8 1.37 2.53
46.9 2.8 1.36 2.52
47.0 2.8 1.35 2.52
47.1 2.8 1.34 2.52
47.2 2.8 1.33 2.51
47.3 2.8 1.32 2.51
47.4 2.8 1.31 2.5
47.5 2.8 1.31 2.5
47.6 2.79 1.3 2.49
47.7 2.79 1.29 2.49
47.8 2.79 1.28 2.48
47.9 2.78 1.27 2.48
48.0 2.77 1.27 2.48
48.1 2.77 1.26 2.47
48.2 2.76 1.26 2.47
48.3 2.75 1.25 2.46
48.4 2.75 1.25 2.46
48.5 2.74 1.25 2.45
48.6 2.73 1.26 2.45
48.7 2.73 1.26 2.44
48.8 2.73 1.26 2.44
48.9 2.72 1.27 2.44
49.0 2.72 1.27 2.43
49.1 2.72 1.28 2.43
49.2 2.72 1.29 2.43
49.3 2.72 1.3 2.42
49.4 2.72 1.3 2.42
49.5 2.72 1.31 2.41
49.6 2.72 1.32 2.41
49.7 2.72 1.33 2.41
49.8 2.72 1.33 2.4
49.9 2.72 1.34 2.4
