0.0 2.41 2.46 3.0
0.1 2.42 2.47 2.98
0.2 2.43 2.49 2.95
0.3 2.46 2.51 2.91
0.4 2.48 2.53 2.88
0.5 2.51 2.56 2.84
0.6 2.55 2.6 2.81
0.7 2.58 2.63 2.8
0.8 2.62 2.67 2.79
0.9 2.67 2.7 2.79
1.0 2.71 2.75 2.8
1.1 2.74 2.78 2.82
1.2 2.76 2.81 2.82
1.3 2.78 2.83 2.83
1.4 2.79 2.85 2.84
1.5 2.79 2.86 2.85
1.6 2.79 2.87 2.85
1.7 2.79 2.87 2.86
1.8 2.78 2.87 2.87
1.9 2.77 2.87 2.88
2.0 2.75 2.86 2.89
2.1 2.74 2.85 2.9
2.2 2.73 2.85 2.91
2.3 2.71 2.84 2.92
2.4 2.7 2.83 2.93
2.5 2.69 2.82 2.94
2.6 2.68 2.81 2.95
2.7 2.68 2.8 2.96
2.8 2.68 2.8 2.98
2.9 2.69 2.79 2.99
3.0 2.69 2.79 3.0
3.1 2.7 2.78 3.0
3.2 2.7 2.78 3.01
3.3 2.7 2.78 3.01
3.4 2.7 2.78 3.01
3.5 2.7 2.78 3.01
3.6 2.7 2.78 3.01
3.7 2.69 2.78 3.0
3.8 2.68 2.78 2.99
3.9 2.68 2.78 2.99
4.0 2.67 2.78 2.98
4.1 2.66 2.78 2.97
4.2 2.65 2.79 2.97
4.3 2.64 2.79 2.96
4.4 2.62 2.79 2.96
4.5 2.61 2.79 2.96
4.6 2.6 2.79 2.96
4.7 2.59 2.8 2.96
4.8 2.58 2.8 2.96
4.9 2.57 2.8 2.96
5.0 2.56 2.8 2.96
5.1 2.55 2.8 2.96
5.2 2.54 2.8 2.97
5.3 2.52 2.8 2.97
5.4 2.51 2.8 2.98
5.5 2.5 2.8 2.98
5.6 2.49 2.81 2.98
5.7 2.48 2.81 2.99
5.8 2.46 2.81 2.99
5.9 2.45 2.81 2.99
6.0 2.43 2.81 2.99
6.1 2.41 2.81 2.99
6.2 2.4 2.81 3.0
6.3 2.38 2.81 3.0
6.4 2.35 2.81 2.99
6.5 2.32 2.81 2.99
6.6 2.28 2.8 2.99
6.7 2.23 2.8 2.99
6.8 2.18 2.79 2.99
6.9 2.12 2.79 2.99
7.0 2.07 2.78 2.99
7.1 2.01 2.77 2.99
7.2 1.95 2.76 2.98
7.3 1.89 2.75 2.98
7.4 1.83 2.74 2.98
7.5 1.77 2.73 2.98
7.6 1.71 2.72 2.98
7.7 1.65 2.71 2.98
7.8 1.59 2.69 2.98
7.9 1.53 2.68 2.98
8.0 1.47 2.67 2.98
8.1 1.41 2.65 2.98
8.2 1.35 2.64 2.99
8.3 1.29 2.63 2.99
8.4 1.22 2.62 2.99
8.5 1.16 2.6 2.99
8.6 1.1 2.59 2.99
8.7 1.04 2.57 2.99
8.8 0.977 2.56 2.99
8.9 0.915 2.54 2.99
9.0 0.854 2.53 2.99
9.1 0.793 2.51 2.99
9.2 0.732 2.5 2.99
9.3 0.673 2.49 2.99
9.4 0.615 2.47 2.99
9.5 0.564 2.46 2.99
9.6 0.523 2.44 2.99
9.7 0.492 2.43 2.99
9.8 0.471 2.41 2.99
9.9 0.456 2.4 2.99
10.0 0.448 2.38 2.98
10.1 0.444 2.37 2.98
10.2 0.445 2.36 2.98
10.3 0.451 2.35 2.98
10.4 0.46 2.34 2.98
10.5 0.473 2.33 2.98
10.6 0.487 2.32 2.98
10.7 0.503 2.32 2.98
10.8 0.521 2.31 2.98
10.9 0.54 2.31 2.98
11.0 0.563 2.3 2.98
11.1 0.589 2.3 2.98
11.2 0.617 2.3 2.98
11.3 0.646 2.3 2.98
11.4 0.677 2.3 2.98
11.5 0.708 2.3 2.98
11.6 0.741 2.3 2.98
11.7 0.774 2.3 2.98
11.8 0.808 2.3 2.98
11.9 0.843 2.3 2.98
12.0 0.878 2.3 2.98
12.1 0.914 2.3 2.97
12.2 0.95 2.3 2.97
12.3 0.986 2.31 2.97
12.4 1.02 2.31 2.97
12.5 1.06 2.31 2.97
12.6 1.09 2.31 2.97
12.7 1.13 2.32 2.97
12.8 1.16 2.32 2.97
12.9 1.2 2.32 2.97
13.0 1.23 2.32 2.97
13.1 1.27 2.31 2.97
13.2 1.3 2.31 2.97
13.3 1.33 2.31 2.96
13.4 1.37 2.31 2.96
13.5 1.4 2.3 2.96
13.6 1.43 2.3 2.96
13.7 1.46 2.3 2.95
13.8 1.49 2.3 2.95
13.9 1.52 2.3 2.95
14.0 1.55 2.3 2.94
14.1 1.58 2.3 2.94
14.2 1.61 2.31 2.94
14.3 1.64 2.31 2.93
14.4 1.67 2.31 2.93
14.5 1.7 2.31 2.93
14.6 1.73 2.32 2.92
14.7 1.76 2.32 2.92
14.8 1.78 2.32 2.92
14.9 1.81 2.33 2.91
15.0 1.84 2.34 2.91
15.1 1.87 2.34 2.91
15.2 1.89 2.35 2.9
15.3 1.92 2.36 2.9
15.4 1.95 2.37 2.9
15.5 1.98 2.37 2.9
15.6 2.01 2.38 2.89
15.7 2.04 2.39 2.89
15.8 2.07 2.4 2.89
15.9 2.1 2.41 2.88
16.0 2.13 2.42 2.88
16.1 2.16 2.44 2.87
16.2 2.19 2.45 2.87
16.3 2.23 2.46 2.87
16.4 2.26 2.48 2.86
16.5 2.29 2.5 2.86
16.6 2.32 2.51 2.86
16.7 2.34 2.53 2.86
16.8 2.36 2.56 2.86
16.9 2.38 2.58 2.86
17.0 2.4 2.6 2.87
17.1 2.42 2.62 2.87
17.2 2.44 2.64 2.88
17.3 2.45 2.67 2.89
17.4 2.45 2.69 2.9
17.5 2.46 2.71 2.91
17.6 2.46 2.74 2.91
17.7 2.45 2.76 2.92
17.8 2.45 2.78 2.92
17.9 2.43 2.79 2.93
18.0 2.41 2.8 2.93
18.1 2.39 2.81 2.93
18.2 2.37 2.82 2.93
18.3 2.34 2.82 2.94
18.4 2.31 2.83 2.94
18.5 2.27 2.83 2.95
18.6 2.21 2.83 2.97
18.7 2.12 2.82 2.98
18.8 1.95 2.81 2.99
18.9 1.67 2.8 3.01
19.0 1.27 2.79 3.03
19.1 0.783 2.78 3.05
19.2 0.316 2.77 3.06
19.3 -0.0482 2.75 3.08
19.4 -0.26 2.73 3.09
19.5 -0.31 2.72 3.11
19.6 -0.229 2.7 3.12
19.7 -0.0555 2.69 3.13
19.8 0.173 2.68 3.14
19.9 0.415 2.66 3.15
20.0 0.639 2.65 3.16
20.1 0.829 2.64 3.17
20.2 0.979 2.63 3.19
20.3 1.1 2.62 3.2
20.4 1.18 2.6 3.22
20.5 1.24 2.58 3.24
20.6 1.28 2.56 3.27
20.7 1.29 2.53 3.3
20.8 1.27 2.51 3.32
20.9 1.23 2.48 3.33
21.0 1.19 2.45 3.33
21.1 1.14 2.42 3.33
21.2 1.09 2.39 3.33
21.3 1.04 2.36 3.32
21.4 0.985 2.33 3.32
21.5 0.933 2.3 3.32
21.6 0.883 2.27 3.31
21.7 0.835 2.24 3.31
21.8 0.79 2.21 3.3
21.9 0.75 2.18 3.3
22.0 0.714 2.15 3.29
22.1 0.683 2.13 3.29
22.2 0.654 2.1 3.28
22.3 0.628 2.08 3.27
22.4 0.605 2.05 3.27
22.5 0.582 2.03 3.26
22.6 0.56 2.0 3.25
22.7 0.539 1.98 3.25
22.8 0.518 1.96 3.24
22.9 0.497 1.94 3.23
23.0 0.476 1.92 3.22
23.1 0.455 1.9 3.22
23.2 0.436 1.89 3.21
23.3 0.422 1.87 3.2
23.4 0.412 1.86 3.19
23.5 0.406 1.85 3.19
23.6 0.403 1.84 3.18
23.7 0.4 1.84 3.17
23.8 0.394 1.83 3.17
23.9 0.386 1.83 3.17
24.0 0.374 1.83 3.17
24.1 0.36 1.82 3.16
24.2 0.347 1.82 3.16
24.3 0.337 1.82 3.16
24.4 0.334 1.82 3.16
24.5 0.336 1.82 3.16
24.6 0.341 1.82 3.16
24.7 0.348 1.82 3.16
24.8 0.352 1.81 3.16
24.9 0.352 1.81 3.16
25.0 0.347 1.81 3.15
25.1 0.338 1.8 3.15
25.2 0.327 1.79 3.14
25.3 0.315 1.79 3.14
25.4 0.305 1.78 3.13
25.5 0.3 1.78 3.13
25.6 0.3 1.78 3.13
25.7 0.303 1.77 3.12
25.8 0.307 1.77 3.12
25.9 0.311 1.77 3.12
26.0 0.315 1.77 3.12
26.1 0.318 1.77 3.12
26.2 0.32 1.77 3.12
26.3 0.322 1.77 3.12
26.4 0.322 1.77 3.12
26.5 0.326 1.78 3.12
26.6 0.332 1.78 3.12
26.7 0.339 1.78 3.12
26.8 0.345 1.78 3.12
26.9 0.349 1.79 3.12
27.0 0.351 1.79 3.12
27.1 0.351 1.79 3.11
27.2 0.351 1.79 3.11
27.3 0.352 1.79 3.11
27.4 0.354 1.79 3.11
27.5 0.356 1.79 3.11
27.6 0.359 1.79 3.11
27.7 0.362 1.78 3.11
27.8 0.368 1.78 3.11
27.9 0.374 1.78 3.11
28.0 0.381 1.78 3.11
28.1 0.388 1.78 3.11
28.2 0.395 1.78 3.11
28.3 0.401 1.78 3.11
28.4 0.408 1.78 3.11
28.5 0.415 1.78 3.1
28.6 0.422 1.78 3.1
28.7 0.426 1.78 3.1
28.8 0.425 1.78 3.1
28.9 0.424 1.78 3.1
29.0 0.422 1.78 3.1
29.1 0.421 1.78 3.1
29.2 0.419 1.78 3.1
29.3 0.415 1.78 3.1
29.4 0.408 1.78 3.1
29.5 0.398 1.78 3.1
29.6 0.387 1.78 3.1
29.7 0.375 1.78 3.1
29.8 0.363 1.78 3.1
29.9 0.351 1.78 3.09
30.0 0.336 1.78 3.09
30.1 0.32 1.78 3.09
30.2 0.301 1.78 3.09
30.3 0.281 1.78 3.09
30.4 0.266 1.78 3.09
30.5 0.256 1.78 3.09
30.6 0.249 1.77 3.09
30.7 0.245 1.77 3.09
30.8 0.241 1.77 3.09
30.9 0.24 1.77 3.09
31.0 0.24 1.77 3.09
31.1 0.244 1.77 3.09
31.2 0.252 1.77 3.09
31.3 0.264 1.78 3.09
31.4 0.283 1.78 3.09
31.5 0.309 1.78 3.09
31.6 0.339 1.78 3.09
31.7 0.37 1.79 3.09
31.8 0.405 1.79 3.09
31.9 0.445 1.8 3.09
32.0 0.49 1.8 3.09
32.1 0.538 1.81 3.09
32.2 0.591 1.82 3.09
32.3 0.652 1.82 3.09
32.4 0.723 1.83 3.09
32.5 0.795 1.85 3.09
32.6 0.863 1.86 3.09
32.7 0.928 1.87 3.09
32.8 0.987 1.88 3.09
32.9 1.04 1.9 3.09
33.0 1.08 1.91 3.09
33.1 1.11 1.93 3.09
33.2 1.15 1.94 3.09
33.3 1.18 1.96 3.09
33.4 1.22 1.98 3.09
33.5 1.24 2.0 3.08
33.6 1.27 2.01 3.08
33.7 1.29 2.03 3.08
33.8 1.31 2.04 3.08
33.9 1.32 2.06 3.08
34.0 1.34 2.07 3.08
34.1 1.34 2.09 3.08
34.2 1.35 2.1 3.08
34.3 1.36 2.12 3.08
34.4 1.36 2.13 3.08
34.5 1.36 2.14 3.08
34.6 1.35 2.15 3.08
34.7 1.34 2.15 3.08
34.8 1.33 2.15 3.08
34.9 1.31 2.14 3.08
35.0 1.3 2.14 3.08
35.1 1.28 2.13 3.08
35.2 1.26 2.12 3.08
35.3 1.24 2.12 3.08
35.4 1.22 2.11 3.08
35.5 1.19 2.09 3.08
35.6 1.17 2.08 3.08
35.7 1.14 2.07 3.08
35.8 1.11 2.06 3.08
35.9 1.09 2.04 3.08
36.0 1.06 2.03 3.08
36.1 1.04 2.02 3.08
36.2 1.01 2.01 3.07
36.3 0.985 2.0 3.07
36.4 0.96 1.99 3.07
36.5 0.935 1.98 3.07
36.6 0.91 1.97 3.07
36.7 0.886 1.96 3.07
36.8 0.863 1.96 3.07
36.9 0.841 1.95 3.07
37.0 0.82 1.94 3.07
37.1 0.799 1.94 3.07
37.2 0.78 1.93 3.07
37.3 0.761 1.93 3.07
37.4 0.742 1.92 3.07
37.5 0.725 1.92 3.07
37.6 0.709 1.92 3.07
37.7 0.693 1.92 3.07
37.8 0.679 1.91 3.07
37.9 0.665 1.91 3.07
38.0 0.652 1.91 3.07
38.1 0.639 1.91 3.07
38.2 0.627 1.9 3.07
38.3 0.618 1.9 3.06
38.4 0.608 1.9 3.06
38.5 0.599 1.9 3.06
38.6 0.588 1.9 3.06
38.7 0.578 1.9 3.06
38.8 0.568 1.9 3.06
38.9 0.561 1.9 3.06
39.0 0.556 1.9 3.06
39.1 0.552 1.9 3.06
39.2 0.55 1.89 3.06
39.3 0.549 1.89 3.06
39.4 0.548 1.89 3.06
39.5 0.547 1.89 3.06
39.6 0.545 1.89 3.06
39.7 0.537 1.88 3.06
39.8 0.523 1.87 3.06
39.9 0.506 1.85 3.05
40.0 0.49 1.83 3.05
40.1 0.477 1.81 3.05
40.2 0.468 1.78 3.05
40.3 0.463 1.76 3.05
40.4 0.462 1.73 3.05
40.5 0.465 1.71 3.05
40.6 0.473 1.68 3.05
40.7 0.484 1.66 3.05
40.8 0.5 1.64 3.05
40.9 0.518 1.63 3.05
41.0 0.539 1.61 3.05
41.1 0.562 1.59 3.05
41.2 0.587 1.58 3.05
41.3 0.613 1.56 3.05
41.4 0.641 1.55 3.05
41.5 0.67 1.53 3.04
41.6 0.701 1.52 3.04
41.7 0.732 1.51 3.04
41.8 0.763 1.49 3.04
41.9 0.794 1.47 3.04
42.0 0.824 1.46 3.04
42.1 0.851 1.44 3.04
42.2 0.877 1.43 3.04
42.3 0.906 1.41 3.04
42.4 0.936 1.4 3.04
42.5 0.968 1.39 3.04
42.6 1.0 1.38 3.04
42.7 1.03 1.37 3.04
42.8 1.07 1.36 3.03
42.9 1.1 1.35 3.03
43.0 1.12 1.34 3.03
43.1 1.15 1.33 3.03
43.2 1.18 1.31 3.03
43.3 1.21 1.3 3.03
43.4 1.24 1.29 3.03
43.5 1.26 1.28 3.03
43.6 1.29 1.26 3.03
43.7 1.31 1.26 3.03
43.8 1.34 1.25 3.03
43.9 1.36 1.24 3.03
44.0 1.39 1.23 3.02
44.1 1.41 1.22 3.02
44.2 1.43 1.21 3.02
44.3 1.46 1.2 3.02
44.4 1.48 1.19 3.02
44.5 1.5 1.18 3.02
44.6 1.52 1.18 3.02
44.7 1.55 1.17 3.02
44.8 1.57 1.16 3.02
44.9 1.59 1.16 3.02
45.0 1.61 1.15 3.01
45.1 1.64 1.15 3.01
45.2 1.66 1.14 3.01
45.3 1.68 1.14 3.01
45.4 1.7 1.13 3.01
45.5 1.72 1.13 3.01
45.6 1.75 1.13 3.01
45.7 1.77 1.13 3.01
45.8 1.79 1.12 3.01
45.9 1.81 1.13 3.01
46.0 1.83 1.13 3.0
46.1 1.85 1.13 3.0
46.2 1.88 1.13 3.0
46.3 1.9 1.14 3.0
46.4 1.92 1.14 3.0
46.5 1.95 1.15 3.0
46.6 1.97 1.15 3.0
46.7 1.99 1.16 3.0
46.8 2.01 1.16 3.0
46.9 2.03 1.17 2.99
47.0 2.04 1.18 2.99
47.1 2.06 1.19 2.99
47.2 2.07 1.19 2.99
47.3 2.09 1.2 2.99
47.4 2.1 1.2 2.99
47.5 2.11 1.21 2.99
47.6 2.12 1.21 2.99
47.7 2.13 1.22 2.99
47.8 2.14 1.22 2.99
47.9 2.15 1.23 2.99
48.0 2.16 1.23 2.99
48.1 2.17 1.23 2.99
48.2 2.17 1.24 2.99
48.3 2.18 1.24 2.99
48.4 2.18 1.24 2.99
48.5 2.19 1.24 2.99
48.6 2.19 1.25 2.99
48.7 2.2 1.25 2.99
48.8 2.2 1.25 2.98
48.9 2.2 1.25 2.98
49.0 2.2 1.26 2.98
49.1 2.21 1.26 2.98
49.2 2.21 1.26 2.98
49.3 2.21 1.26 2.98
49.4 2.21 1.26 2.98
49.5 2.21 1.27 2.98
49.6 2.22 1.27 2.98
49.7 2.22 1.27 2.98
49.8 2.22 1.27 2.98
49.9 2.22 1.27 2.98
