0.0 2.41 2.46 3.0
0.1 2.42 2.47 2.98
0.2 2.43 2.49 2.95
0.3 2.46 2.51 2.91
0.4 2.48 2.53 2.88
0.5 2.51 2.56 2.84
0.6 2.55 2.6 2.81
0.7 2.58 2.63 2.79
0.8 2.62 2.67 2.77
0.9 2.67 2.71 2.76
1.0 2.71 2.76 2.76
1.1 2.75 2.8 2.77
1.2 2.78 2.83 2.79
1.3 2.81 2.86 2.8
1.4 2.82 2.88 2.82
1.5 2.82 2.9 2.84
1.6 2.82 2.92 2.86
1.7 2.81 2.94 2.89
1.8 2.8 2.95 2.91
1.9 2.78 2.95 2.92
2.0 2.77 2.95 2.94
2.1 2.74 2.94 2.95
2.2 2.72 2.93 2.96
2.3 2.69 2.92 2.97
2.4 2.66 2.9 2.97
2.5 2.63 2.88 2.97
2.6 2.61 2.85 2.97
2.7 2.59 2.83 2.98
2.8 2.58 2.81 2.98
2.9 2.57 2.79 2.99
3.0 2.57 2.78 3.0
3.1 2.57 2.77 3.0
3.2 2.57 2.75 3.0
3.3 2.57 2.75 3.01
3.4 2.56 2.74 3.0
3.5 2.56 2.74 3.0
3.6 2.55 2.74 3.0
3.7 2.54 2.74 2.99
3.8 2.54 2.75 2.98
3.9 2.53 2.75 2.98
4.0 2.52 2.76 2.97
4.1 2.51 2.77 2.96
4.2 2.5 2.78 2.96
4.3 2.49 2.79 2.96
4.4 2.48 2.8 2.95
4.5 2.47 2.81 2.95
4.6 2.45 2.82 2.95
4.7 2.44 2.83 2.96
4.8 2.43 2.84 2.96
4.9 2.42 2.85 2.96
5.0 2.4 2.87 2.97
5.1 2.39 2.88 2.98
5.2 2.37 2.89 2.98
5.3 2.36 2.9 2.99
5.4 2.34 2.91 3.0
5.5 2.33 2.93 3.0
5.6 2.31 2.94 3.01
5.7 2.3 2.95 3.02
5.8 2.28 2.96 3.02
5.9 2.27 2.97 3.03
6.0 2.25 2.99 3.03
6.1 2.24 3.0 3.04
6.2 2.22 3.01 3.04
6.3 2.2 3.02 3.05
6.4 2.19 3.03 3.05
6.5 2.17 3.04 3.05
6.6 2.15 3.05 3.06
6.7 2.12 3.06 3.06
6.8 2.09 3.07 3.06
6.9 2.05 3.08 3.06
7.0 2.0 3.09 3.06
7.1 1.94 3.1 3.07
7.2 1.88 3.11 3.07
7.3 1.82 3.12 3.07
7.4 1.76 3.13 3.07
7.5 1.7 3.15 3.07
7.6 1.64 3.16 3.08
7.7 1.58 3.17 3.08
7.8 1.52 3.18 3.08
7.9 1.46 3.19 3.08
8.0 1.4 3.2 3.09
8.1 1.33 3.21 3.09
8.2 1.27 3.23 3.09
8.3 1.21 3.24 3.1
8.4 1.15 3.25 3.1
8.5 1.09 3.27 3.1
8.6 1.03 3.27 3.1
8.7 0.965 3.27 3.1
8.8 0.904 3.26 3.09
8.9 0.842 3.24 3.08
9.0 0.782 3.21 3.07
9.1 0.723 3.18 3.06
9.2 0.668 3.14 3.05
9.3 0.619 3.09 3.03
9.4 0.573 3.05 3.02
9.5 0.535 3.0 3.01
9.6 0.505 2.96 3.0
9.7 0.481 2.92 2.99
9.8 0.463 2.89 2.98
9.9 0.449 2.85 2.97
10.0 0.44 2.82 2.96
10.1 0.435 2.79 2.95
10.2 0.433 2.76 2.95
10.3 0.435 2.73 2.94
10.4 0.44 2.7 2.94
10.5 0.448 2.67 2.93
10.6 0.458 2.65 2.92
10.7 0.471 2.62 2.92
10.8 0.486 2.6 2.91
10.9 0.503 2.57 2.91
11.0 0.522 2.55 2.9
11.1 0.542 2.52 2.9
11.2 0.564 2.5 2.89
11.3 0.587 2.48 2.89
11.4 0.611 2.45 2.88
11.5 0.637 2.43 2.88
11.6 0.664 2.41 2.87
11.7 0.693 2.38 2.86
11.8 0.723 2.36 2.86
11.9 0.754 2.34 2.85
12.0 0.785 2.31 2.84
12.1 0.814 2.28 2.83
12.2 0.841 2.24 2.81
12.3 0.866 2.2 2.8
12.4 0.889 2.16 2.78
12.5 0.912 2.12 2.76
12.6 0.934 2.08 2.73
12.7 0.956 2.04 2.71
12.8 0.977 2.0 2.68
12.9 0.998 1.96 2.66
13.0 1.02 1.92 2.63
13.1 1.04 1.89 2.6
13.2 1.05 1.85 2.58
13.3 1.07 1.81 2.55
13.4 1.08 1.78 2.52
13.5 1.1 1.75 2.49
13.6 1.11 1.71 2.46
13.7 1.12 1.68 2.43
13.8 1.13 1.65 2.4
13.9 1.14 1.61 2.37
14.0 1.15 1.58 2.34
14.1 1.15 1.54 2.31
14.2 1.15 1.51 2.28
14.3 1.16 1.48 2.25
14.4 1.16 1.46 2.23
14.5 1.17 1.43 2.21
14.6 1.17 1.41 2.19
14.7 1.17 1.4 2.19
14.8 1.18 1.39 2.18
14.9 1.18 1.38 2.19
15.0 1.19 1.38 2.2
15.1 1.2 1.37 2.22
15.2 1.21 1.38 2.24
15.3 1.23 1.38 2.27
15.4 1.25 1.39 2.31
15.5 1.27 1.4 2.34
15.6 1.3 1.42 2.37
15.7 1.32 1.44 2.39
15.8 1.35 1.45 2.41
15.9 1.36 1.47 2.41
16.0 1.37 1.49 2.41
16.1 1.38 1.52 2.4
16.2 1.39 1.54 2.4
16.3 1.41 1.56 2.38
16.4 1.43 1.58 2.37
16.5 1.46 1.61 2.35
16.6 1.5 1.63 2.33
16.7 1.54 1.65 2.31
16.8 1.59 1.68 2.3
16.9 1.63 1.71 2.29
17.0 1.68 1.74 2.29
17.1 1.72 1.76 2.29
17.2 1.77 1.79 2.29
17.3 1.82 1.81 2.3
17.4 1.86 1.83 2.3
17.5 1.91 1.85 2.31
17.6 1.95 1.87 2.31
17.7 1.98 1.89 2.31
17.8 2.01 1.9 2.32
17.9 2.02 1.91 2.32
18.0 2.02 1.92 2.33
18.1 2.01 1.92 2.33
18.2 2.0 1.91 2.33
18.3 1.97 1.9 2.34
18.4 1.94 1.88 2.34
18.5 1.9 1.86 2.34
18.6 1.84 1.83 2.35
18.7 1.73 1.8 2.35
18.8 1.56 1.78 2.35
18.9 1.36 1.76 2.36
19.0 1.16 1.74 2.36
19.1 1.0 1.73 2.36
19.2 0.9 1.72 2.36
19.3 0.841 1.72 2.37
19.4 0.799 1.72 2.38
19.5 0.771 1.72 2.39
19.6 0.754 1.72 2.41
19.7 0.748 1.73 2.43
19.8 0.752 1.74 2.45
19.9 0.766 1.76 2.47
20.0 0.788 1.77 2.49
20.1 0.819 1.78 2.51
20.2 0.859 1.8 2.54
20.3 0.9 1.81 2.56
20.4 0.935 1.81 2.58
20.5 0.961 1.82 2.6
20.6 0.979 1.82 2.61
20.7 0.991 1.82 2.63
20.8 1.0 1.82 2.64
20.9 1.01 1.82 2.65
21.0 1.0 1.81 2.65
21.1 0.992 1.79 2.65
21.2 0.974 1.76 2.65
21.3 0.95 1.74 2.65
21.4 0.921 1.73 2.65
21.5 0.887 1.72 2.65
21.6 0.847 1.72 2.65
21.7 0.803 1.71 2.65
21.8 0.757 1.71 2.65
21.9 0.711 1.7 2.65
22.0 0.665 1.68 2.64
22.1 0.623 1.67 2.64
22.2 0.586 1.65 2.64
22.3 0.553 1.64 2.63
22.4 0.525 1.62 2.63
22.5 0.5 1.61 2.62
22.6 0.478 1.59 2.62
22.7 0.458 1.58 2.62
22.8 0.44 1.57 2.62
22.9 0.423 1.56 2.62
23.0 0.407 1.56 2.63
23.1 0.392 1.55 2.64
23.2 0.378 1.55 2.65
23.3 0.365 1.55 2.66
23.4 0.353 1.55 2.67
23.5 0.341 1.55 2.68
23.6 0.331 1.55 2.7
23.7 0.322 1.55 2.71
23.8 0.314 1.55 2.72
23.9 0.307 1.55 2.74
24.0 0.3 1.56 2.75
24.1 0.294 1.56 2.76
24.2 0.288 1.56 2.77
24.3 0.283 1.57 2.79
24.4 0.279 1.57 2.8
24.5 0.275 1.57 2.81
24.6 0.272 1.58 2.82
24.7 0.27 1.58 2.83
24.8 0.269 1.59 2.85
24.9 0.268 1.6 2.86
25.0 0.267 1.6 2.87
25.1 0.267 1.61 2.88
25.2 0.267 1.62 2.89
25.3 0.267 1.63 2.9
25.4 0.268 1.64 2.91
25.5 0.27 1.64 2.92
25.6 0.272 1.65 2.92
25.7 0.275 1.66 2.93
25.8 0.278 1.67 2.94
25.9 0.283 1.68 2.94
26.0 0.287 1.69 2.95
26.1 0.293 1.7 2.95
26.2 0.298 1.71 2.96
26.3 0.304 1.72 2.96
26.4 0.309 1.73 2.97
26.5 0.314 1.74 2.97
26.6 0.319 1.75 2.97
26.7 0.324 1.76 2.97
26.8 0.329 1.77 2.98
26.9 0.334 1.78 2.98
27.0 0.34 1.79 2.98
27.1 0.346 1.79 2.98
27.2 0.354 1.8 2.99
27.3 0.362 1.8 2.99
27.4 0.37 1.81 2.99
27.5 0.378 1.81 2.99
27.6 0.387 1.82 3.0
27.7 0.396 1.82 3.0
27.8 0.404 1.82 3.0
27.9 0.413 1.82 3.0
28.0 0.423 1.82 3.01
28.1 0.433 1.83 3.01
28.2 0.443 1.83 3.01
28.3 0.453 1.83 3.01
28.4 0.463 1.83 3.01
28.5 0.473 1.84 3.02
28.6 0.482 1.84 3.02
28.7 0.492 1.84 3.02
28.8 0.502 1.84 3.02
28.9 0.511 1.85 3.02
29.0 0.521 1.85 3.02
29.1 0.531 1.85 3.02
29.2 0.54 1.86 3.03
29.3 0.549 1.86 3.03
29.4 0.557 1.86 3.03
29.5 0.565 1.86 3.03
29.6 0.572 1.87 3.03
29.7 0.579 1.87 3.03
29.8 0.585 1.87 3.03
29.9 0.589 1.88 3.03
30.0 0.593 1.88 3.03
30.1 0.596 1.88 3.03
30.2 0.599 1.88 3.03
30.3 0.601 1.89 3.03
30.4 0.602 1.89 3.03
30.5 0.603 1.89 3.03
30.6 0.604 1.9 3.03
30.7 0.604 1.9 3.03
30.8 0.605 1.9 3.03
30.9 0.606 1.9 3.03
31.0 0.606 1.91 3.03
31.1 0.608 1.91 3.03
31.2 0.611 1.91 3.03
31.3 0.616 1.92 3.03
31.4 0.623 1.92 3.03
31.5 0.631 1.92 3.03
31.6 0.64 1.92 3.03
31.7 0.65 1.93 3.03
31.8 0.662 1.93 3.03
31.9 0.674 1.93 3.03
32.0 0.687 1.93 3.03
32.1 0.701 1.93 3.03
32.2 0.716 1.93 3.03
32.3 0.731 1.94 3.03
32.4 0.748 1.94 3.03
32.5 0.77 1.94 3.03
32.6 0.795 1.94 3.03
32.7 0.823 1.94 3.03
32.8 0.853 1.95 3.03
32.9 0.884 1.96 3.03
33.0 0.914 1.97 3.03
33.1 0.945 1.99 3.03
33.2 0.975 2.0 3.03
33.3 1.01 2.02 3.03
33.4 1.04 2.04 3.03
33.5 1.06 2.06 3.03
33.6 1.09 2.08 3.03
33.7 1.12 2.1 3.03
33.8 1.15 2.12 3.03
33.9 1.19 2.14 3.03
34.0 1.22 2.17 3.03
34.1 1.26 2.19 3.03
34.2 1.3 2.22 3.02
34.3 1.33 2.24 3.02
34.4 1.36 2.27 3.01
34.5 1.39 2.29 3.01
34.6 1.42 2.31 3.01
34.7 1.44 2.32 3.0
34.8 1.46 2.33 3.0
34.9 1.47 2.33 3.0
35.0 1.48 2.33 3.0
35.1 1.48 2.33 3.0
35.2 1.48 2.33 3.01
35.3 1.47 2.32 3.01
35.4 1.46 2.3 3.01
35.5 1.43 2.29 3.01
35.6 1.41 2.27 3.01
35.7 1.38 2.25 3.01
35.8 1.34 2.23 3.01
35.9 1.31 2.21 3.01
36.0 1.27 2.19 3.02
36.1 1.24 2.17 3.02
36.2 1.21 2.14 3.02
36.3 1.17 2.12 3.02
36.4 1.14 2.1 3.02
36.5 1.11 2.08 3.02
36.6 1.07 2.05 3.02
36.7 1.04 2.03 3.02
36.8 1.01 2.01 3.02
36.9 0.973 1.99 3.02
37.0 0.94 1.97 3.02
37.1 0.907 1.95 3.02
37.2 0.875 1.93 3.01
37.3 0.842 1.91 3.01
37.4 0.811 1.9 3.01
37.5 0.78 1.88 3.01
37.6 0.749 1.86 3.01
37.7 0.719 1.84 3.01
37.8 0.69 1.83 3.01
37.9 0.661 1.81 3.01
38.0 0.633 1.8 3.01
38.1 0.605 1.78 3.01
38.2 0.579 1.77 3.01
38.3 0.553 1.76 3.01
38.4 0.527 1.74 3.01
38.5 0.502 1.73 3.01
38.6 0.478 1.72 3.01
38.7 0.454 1.71 3.01
38.8 0.432 1.69 3.01
38.9 0.41 1.68 3.01
39.0 0.389 1.67 3.01
39.1 0.369 1.66 3.01
39.2 0.349 1.65 3.01
39.3 0.331 1.64 3.01
39.4 0.313 1.63 3.01
39.5 0.297 1.62 3.01
39.6 0.284 1.61 3.01
39.7 0.273 1.6 3.01
39.8 0.266 1.59 3.01
39.9 0.26 1.59 3.01
40.0 0.26 1.58 3.01
40.1 0.265 1.58 3.01
40.2 0.276 1.58 3.01
40.3 0.293 1.57 3.01
40.4 0.316 1.57 3.01
40.5 0.343 1.58 3.01
40.6 0.374 1.58 3.01
40.7 0.406 1.58 3.01
40.8 0.439 1.58 3.01
40.9 0.471 1.57 3.01
41.0 0.504 1.57 3.01
41.1 0.536 1.56 3.01
41.2 0.569 1.56 3.01
41.3 0.602 1.55 3.01
41.4 0.635 1.54 3.01
41.5 0.668 1.53 3.01
41.6 0.702 1.52 3.01
41.7 0.737 1.52 3.01
41.8 0.773 1.51 3.01
41.9 0.809 1.5 3.01
42.0 0.845 1.49 3.01
42.1 0.88 1.48 3.01
42.2 0.913 1.47 3.0
42.3 0.946 1.46 3.0
42.4 0.978 1.45 3.0
42.5 1.01 1.44 3.0
42.6 1.04 1.43 3.0
42.7 1.07 1.42 3.0
42.8 1.1 1.41 3.0
42.9 1.14 1.4 3.0
43.0 1.17 1.39 3.0
43.1 1.2 1.38 3.0
43.2 1.23 1.37 3.0
43.3 1.25 1.36 3.0
43.4 1.28 1.34 3.0
43.5 1.3 1.33 3.0
43.6 1.32 1.32 3.0
43.7 1.35 1.31 3.0
43.8 1.38 1.3 3.0
43.9 1.4 1.29 3.0
44.0 1.43 1.28 2.99
44.1 1.45 1.27 2.99
44.2 1.48 1.26 2.99
44.3 1.5 1.25 2.99
44.4 1.52 1.24 2.99
44.5 1.54 1.23 2.99
44.6 1.56 1.23 2.99
44.7 1.58 1.22 2.99
44.8 1.6 1.21 2.99
44.9 1.62 1.2 2.99
45.0 1.64 1.2 2.99
45.1 1.66 1.19 2.99
45.2 1.68 1.19 2.99
45.3 1.7 1.18 2.99
45.4 1.71 1.18 2.99
45.5 1.73 1.18 2.99
45.6 1.75 1.17 2.99
45.7 1.77 1.17 2.99
45.8 1.79 1.17 2.99
45.9 1.81 1.17 2.99
46.0 1.83 1.17 2.99
46.1 1.85 1.17 2.98
46.2 1.86 1.17 2.98
46.3 1.88 1.17 2.98
46.4 1.9 1.18 2.98
46.5 1.91 1.18 2.98
46.6 1.93 1.18 2.98
46.7 1.94 1.19 2.98
46.8 1.96 1.2 2.98
46.9 1.97 1.2 2.98
47.0 1.98 1.21 2.98
47.1 1.99 1.21 2.98
47.2 2.01 1.22 2.98
47.3 2.02 1.23 2.98
47.4 2.03 1.23 2.98
47.5 2.04 1.24 2.97
47.6 2.05 1.24 2.97
47.7 2.06 1.25 2.97
47.8 2.06 1.25 2.97
47.9 2.07 1.26 2.97
48.0 2.07 1.26 2.97
48.1 2.08 1.27 2.97
48.2 2.08 1.27 2.97
48.3 2.09 1.28 2.97
48.4 2.09 1.28 2.97
48.5 2.09 1.28 2.97
48.6 2.09 1.29 2.97
48.7 2.09 1.29 2.97
48.8 2.09 1.3 2.97
48.9 2.09 1.3 2.97
49.0 2.09 1.3 2.98
49.1 2.09 1.31 2.98
49.2 2.1 1.31 2.98
49.3 2.1 1.32 2.98
49.4 2.1 1.32 2.98
49.5 2.1 1.32 2.98
49.6 2.1 1.33 2.98
49.7 2.1 1.33 2.98
49.8 2.1 1.33 2.98
49.9 2.1 1.34 2.98
