0.0 0.5 0.5 1.1
0.1 0.5 0.5 1.05
0.2 0.5 0.5 0.965
0.3 0.5 0.5 0.862
0.4 0.5 0.5 0.748
0.5 0.5 0.5 0.63
0.6 0.5 0.491 0.518
0.7 0.5 0.466 0.419
0.8 0.5 0.43 0.34
0.9 0.508 0.39 0.287
1.0 0.525 0.362 0.268
1.1 0.541 0.351 0.271
1.2 0.556 0.346 0.279
1.3 0.57 0.34 0.282
1.4 0.586 0.334 0.282
1.5 0.606 0.33 0.282
1.6 0.63 0.328 0.281
1.7 0.658 0.327 0.28
1.8 0.69 0.328 0.28
1.9 0.728 0.329 0.28
2.0 0.771 0.332 0.283
2.1 0.819 0.335 0.29
2.2 0.874 0.339 0.301
2.3 0.934 0.342 0.316
2.4 1.0 0.346 0.337
2.5 1.07 0.35 0.36
2.6 1.14 0.353 0.386
2.7 1.22 0.355 0.414
2.8 1.29 0.358 0.441
2.9 1.35 0.361 0.466
3.0 1.4 0.363 0.489
3.1 1.44 0.366 0.508
3.2 1.47 0.369 0.522
3.3 1.5 0.372 0.531
3.4 1.53 0.375 0.534
3.5 1.55 0.379 0.533
3.6 1.57 0.382 0.529
3.7 1.6 0.386 0.521
3.8 1.62 0.39 0.511
3.9 1.65 0.393 0.501
4.0 1.68 0.397 0.491
4.1 1.71 0.401 0.482
4.2 1.74 0.406 0.474
4.3 1.78 0.41 0.468
4.4 1.81 0.414 0.463
4.5 1.84 0.418 0.46
4.6 1.88 0.422 0.458
4.7 1.92 0.426 0.458
4.8 1.96 0.431 0.46
4.9 1.99 0.435 0.463
5.0 2.03 0.439 0.466
5.1 2.07 0.443 0.471
5.2 2.11 0.447 0.477
5.3 2.15 0.45 0.483
5.4 2.19 0.454 0.489
5.5 2.24 0.458 0.495
5.6 2.28 0.462 0.502
5.7 2.33 0.466 0.508
5.8 2.38 0.47 0.513
5.9 2.42 0.474 0.518
6.0 2.47 0.477 0.522
6.1 2.52 0.481 0.526
6.2 2.57 0.485 0.528
6.3 2.63 0.49 0.53
6.4 2.67 0.497 0.532
6.5 2.71 0.508 0.533
6.6 2.74 0.524 0.534
6.7 2.76 0.544 0.534
6.8 2.77 0.57 0.534
6.9 2.78 0.602 0.535
7.0 2.79 0.64 0.535
7.1 2.8 0.683 0.536
7.2 2.8 0.732 0.537
7.3 2.8 0.784 0.538
7.4 2.8 0.838 0.54
7.5 2.8 0.889 0.541
7.6 2.8 0.939 0.543
7.7 2.8 0.99 0.546
7.8 2.8 1.04 0.548
7.9 2.8 1.09 0.551
8.0 2.8 1.15 0.554
8.1 2.8 1.2 0.556
8.2 2.8 1.26 0.559
8.3 2.8 1.32 0.562
8.4 2.8 1.38 0.565
8.5 2.8 1.44 0.568
8.6 2.8 1.51 0.571
8.7 2.8 1.57 0.573
8.8 2.8 1.63 0.576
8.9 2.8 1.69 0.578
9.0 2.8 1.75 0.581
9.1 2.8 1.81 0.583
9.2 2.8 1.87 0.585
9.3 2.8 1.93 0.587
9.4 2.8 1.99 0.589
9.5 2.8 2.05 0.591
9.6 2.8 2.09 0.593
9.7 2.8 2.14 0.595
9.8 2.8 2.17 0.597
9.9 2.8 2.21 0.6
10.0 2.8 2.24 0.602
10.1 2.79 2.26 0.605
10.2 2.79 2.28 0.608
10.3 2.79 2.3 0.61
10.4 2.8 2.32 0.613
10.5 2.8 2.34 0.616
10.6 2.8 2.35 0.619
10.7 2.8 2.37 0.623
10.8 2.79 2.39 0.626
10.9 2.79 2.4 0.629
11.0 2.79 2.42 0.632
11.1 2.8 2.43 0.635
11.2 2.8 2.45 0.639
11.3 2.8 2.46 0.642
11.4 2.79 2.48 0.645
11.5 2.79 2.49 0.648
11.6 2.79 2.51 0.652
11.7 2.79 2.52 0.655
11.8 2.79 2.54 0.658
11.9 2.79 2.55 0.661
12.0 2.79 2.57 0.664
12.1 2.79 2.59 0.667
12.2 2.79 2.61 0.67
12.3 2.8 2.63 0.673
12.4 2.8 2.65 0.676
12.5 2.8 2.67 0.679
12.6 2.79 2.69 0.682
12.7 2.79 2.71 0.685
12.8 2.79 2.73 0.688
12.9 2.79 2.74 0.691
13.0 2.79 2.76 0.696
13.1 2.79 2.77 0.702
13.2 2.79 2.78 0.711
13.3 2.79 2.79 0.721
13.4 2.79 2.79 0.734
13.5 2.79 2.8 0.748
13.6 2.8 2.8 0.764
13.7 2.79 2.8 0.782
13.8 2.79 2.8 0.801
13.9 2.79 2.8 0.821
14.0 2.79 2.8 0.842
14.1 2.79 2.8 0.865
14.2 2.79 2.8 0.889
14.3 2.79 2.8 0.913
14.4 2.8 2.8 0.939
14.5 2.8 2.8 0.967
14.6 2.8 2.8 0.994
14.7 2.8 2.8 1.02
14.8 2.79 2.8 1.05
14.9 2.79 2.8 1.08
15.0 2.79 2.8 1.11
15.1 2.79 2.8 1.14
15.2 2.79 2.8 1.17
15.3 2.79 2.8 1.2
15.4 2.8 2.8 1.23
15.5 2.8 2.8 1.25
15.6 2.8 2.8 1.28
15.7 2.8 2.79 1.3
15.8 2.8 2.79 1.32
15.9 2.8 2.79 1.34
16.0 2.8 2.79 1.36
16.1 2.8 2.79 1.37
16.2 2.8 2.79 1.39
16.3 2.8 2.79 1.4
16.4 2.8 2.78 1.41
16.5 2.8 2.78 1.43
16.6 2.8 2.78 1.44
16.7 2.8 2.77 1.46
16.8 2.8 2.77 1.47
16.9 2.79 2.77 1.5
17.0 2.79 2.77 1.52
17.1 2.79 2.77 1.56
17.2 2.79 2.76 1.59
17.3 2.79 2.76 1.63
17.4 2.79 2.77 1.67
17.5 2.79 2.77 1.7
17.6 2.78 2.78 1.73
17.7 2.78 2.78 1.75
17.8 2.78 2.79 1.77
17.9 2.78 2.79 1.78
18.0 2.77 2.79 1.79
18.1 2.77 2.8 1.79
18.2 2.77 2.8 1.8
18.3 2.77 2.8 1.81
18.4 2.77 2.8 1.84
18.5 2.78 2.8 1.87
18.6 2.78 2.8 1.9
18.7 2.79 2.8 1.94
18.8 2.79 2.8 1.99
18.9 2.79 2.8 2.04
19.0 2.79 2.8 2.09
19.1 2.79 2.8 2.13
19.2 2.8 2.8 2.18
19.3 2.8 2.8 2.22
19.4 2.8 2.8 2.26
19.5 2.8 2.8 2.29
19.6 2.8 2.8 2.32
19.7 2.8 2.8 2.35
19.8 2.8 2.8 2.38
19.9 2.8 2.8 2.4
20.0 2.8 2.8 2.43
20.1 2.8 2.8 2.46
20.2 2.8 2.8 2.48
20.3 2.8 2.8 2.51
20.4 2.79 2.8 2.55
20.5 2.79 2.8 2.59
20.6 2.79 2.8 2.64
20.7 2.8 2.8 2.69
20.8 2.8 2.8 2.74
20.9 2.8 2.8 2.76
21.0 2.79 2.8 2.77
21.1 2.79 2.8 2.78
21.2 2.79 2.8 2.79
21.3 2.79 2.8 2.79
21.4 2.79 2.8 2.8
21.5 2.79 2.8 2.8
21.6 2.79 2.8 2.8
21.7 2.8 2.8 2.8
21.8 2.8 2.8 2.8
21.9 2.8 2.8 2.8
22.0 2.8 2.8 2.8
22.1 2.8 2.8 2.8
22.2 2.8 2.8 2.8
22.3 2.8 2.8 2.8
22.4 2.8 2.8 2.8
22.5 2.8 2.8 2.8
22.6 2.8 2.8 2.8
22.7 2.8 2.8 2.8
22.8 2.8 2.8 2.8
22.9 2.8 2.8 2.8
23.0 2.8 2.8 2.8
23.1 2.8 2.8 2.8
23.2 2.8 2.8 2.8
23.3 2.8 2.8 2.8
23.4 2.81 2.8 2.8
23.5 2.81 2.8 2.8
23.6 2.82 2.8 2.8
23.7 2.83 2.8 2.8
23.8 2.85 2.8 2.8
23.9 2.86 2.8 2.8
24.0 2.88 2.8 2.8
24.1 2.89 2.8 2.8
24.2 2.9 2.8 2.8
24.3 2.91 2.8 2.8
24.4 2.91 2.8 2.8
24.5 2.91 2.8 2.8
24.6 2.9 2.8 2.8
24.7 2.89 2.8 2.8
24.8 2.88 2.8 2.8
24.9 2.87 2.8 2.8
25.0 2.85 2.8 2.8
25.1 2.83 2.8 2.8
25.2 2.81 2.8 2.8
25.3 2.79 2.8 2.8
25.4 2.78 2.81 2.81
25.5 2.77 2.81 2.81
25.6 2.78 2.81 2.81
25.7 2.78 2.81 2.81
25.8 2.78 2.8 2.81
25.9 2.78 2.8 2.8
26.0 2.78 2.8 2.8
26.1 2.77 2.79 2.8
26.2 2.75 2.79 2.8
26.3 2.74 2.79 2.79
26.4 2.72 2.79 2.79
26.5 2.7 2.79 2.79
26.6 2.69 2.79 2.79
26.7 2.68 2.79 2.79
26.8 2.67 2.79 2.79
26.9 2.66 2.79 2.79
27.0 2.64 2.79 2.79
27.1 2.63 2.79 2.78
27.2 2.61 2.79 2.78
27.3 2.59 2.79 2.78
27.4 2.57 2.79 2.78
27.5 2.55 2.79 2.78
27.6 2.53 2.79 2.78
27.7 2.51 2.79 2.78
27.8 2.48 2.79 2.78
27.9 2.45 2.79 2.78
28.0 2.42 2.79 2.77
28.1 2.39 2.79 2.77
28.2 2.36 2.79 2.77
28.3 2.33 2.79 2.77
28.4 2.3 2.79 2.77
28.5 2.27 2.79 2.77
28.6 2.25 2.79 2.77
28.7 2.22 2.79 2.77
28.8 2.19 2.79 2.77
28.9 2.16 2.79 2.76
29.0 2.13 2.79 2.76
29.1 2.11 2.79 2.76
29.2 2.08 2.79 2.76
29.3 2.06 2.79 2.76
29.4 2.03 2.79 2.76
29.5 2.0 2.79 2.76
29.6 1.97 2.79 2.76
29.7 1.94 2.79 2.75
29.8 1.91 2.79 2.75
29.9 1.88 2.79 2.75
30.0 1.85 2.79 2.75
30.1 1.83 2.79 2.75
30.2 1.8 2.79 2.75
30.3 1.77 2.79 2.75
30.4 1.75 2.78 2.75
30.5 1.74 2.78 2.75
30.6 1.72 2.78 2.75
30.7 1.71 2.77 2.75
30.8 1.69 2.77 2.75
30.9 1.68 2.77 2.76
31.0 1.66 2.76 2.76
31.1 1.66 2.76 2.76
31.2 1.65 2.76 2.76
31.3 1.65 2.76 2.76
31.4 1.65 2.76 2.76
31.5 1.64 2.76 2.76
31.6 1.64 2.76 2.76
31.7 1.64 2.76 2.76
31.8 1.64 2.76 2.76
31.9 1.64 2.76 2.75
32.0 1.65 2.77 2.75
32.1 1.66 2.77 2.75
32.2 1.67 2.78 2.75
32.3 1.68 2.78 2.75
32.4 1.68 2.79 2.76
32.5 1.68 2.79 2.76
32.6 1.68 2.79 2.77
32.7 1.68 2.8 2.77
32.8 1.68 2.8 2.78
32.9 1.69 2.8 2.79
33.0 1.69 2.8 2.79
33.1 1.7 2.79 2.79
33.2 1.7 2.79 2.8
33.3 1.69 2.79 2.8
33.4 1.69 2.79 2.79
33.5 1.67 2.78 2.79
33.6 1.63 2.78 2.79
33.7 1.58 2.77 2.79
33.8 1.52 2.76 2.79
33.9 1.45 2.75 2.79
34.0 1.38 2.74 2.79
34.1 1.3 2.73 2.79
34.2 1.24 2.72 2.79
34.3 1.21 2.71 2.79
34.4 1.21 2.7 2.79
34.5 1.23 2.7 2.79
34.6 1.25 2.7 2.79
34.7 1.27 2.69 2.79
34.8 1.28 2.69 2.78
34.9 1.28 2.69 2.78
35.0 1.29 2.7 2.78
35.1 1.29 2.7 2.78
35.2 1.29 2.7 2.78
35.3 1.28 2.7 2.78
35.4 1.27 2.7 2.78
35.5 1.26 2.71 2.77
35.6 1.24 2.71 2.77
35.7 1.23 2.72 2.77
35.8 1.22 2.72 2.77
35.9 1.23 2.73 2.77
36.0 1.23 2.73 2.77
36.1 1.24 2.74 2.77
36.2 1.26 2.74 2.76
36.3 1.27 2.75 2.76
36.4 1.29 2.75 2.76
36.5 1.31 2.75 2.76
36.6 1.32 2.76 2.76
36.7 1.34 2.76 2.76
36.8 1.36 2.77 2.76
36.9 1.39 2.77 2.76
37.0 1.41 2.77 2.76
37.1 1.44 2.77 2.75
37.2 1.47 2.78 2.75
37.3 1.5 2.78 2.75
37.4 1.53 2.78 2.75
37.5 1.57 2.78 2.75
37.6 1.6 2.78 2.75
37.7 1.64 2.78 2.75
37.8 1.68 2.77 2.75
37.9 1.72 2.77 2.74
38.0 1.77 2.77 2.74
38.1 1.81 2.77 2.74
38.2 1.86 2.76 2.74
38.3 1.91 2.76 2.74
38.4 1.96 2.76 2.74
38.5 2.01 2.76 2.74
38.6 2.06 2.75 2.74
38.7 2.1 2.75 2.74
38.8 2.15 2.75 2.73
38.9 2.21 2.74 2.73
39.0 2.26 2.74 2.73
39.1 2.32 2.74 2.73
39.2 2.38 2.73 2.73
39.3 2.44 2.73 2.73
39.4 2.5 2.73 2.73
39.5 2.55 2.72 2.73
39.6 2.61 2.72 2.72
39.7 2.66 2.71 2.72
39.8 2.7 2.7 2.72
39.9 2.73 2.68 2.72
40.0 2.75 2.66 2.72
40.1 2.77 2.63 2.72
40.2 2.78 2.62 2.72
40.3 2.79 2.6 2.72
40.4 2.79 2.58 2.72
40.5 2.79 2.56 2.71
40.6 2.79 2.55 2.71
40.7 2.79 2.54 2.71
40.8 2.79 2.54 2.71
40.9 2.79 2.53 2.71
41.0 2.79 2.53 2.71
41.1 2.79 2.53 2.71
41.2 2.79 2.53 2.71
41.3 2.79 2.52 2.71
41.4 2.79 2.52 2.7
41.5 2.79 2.51 2.7
41.6 2.79 2.51 2.7
41.7 2.79 2.5 2.7
41.8 2.79 2.49 2.7
41.9 2.79 2.48 2.7
42.0 2.79 2.46 2.7
42.1 2.79 2.45 2.7
42.2 2.78 2.44 2.7
42.3 2.78 2.43 2.69
42.4 2.78 2.42 2.69
42.5 2.78 2.41 2.69
42.6 2.78 2.4 2.69
42.7 2.79 2.39 2.69
42.8 2.79 2.38 2.69
42.9 2.79 2.37 2.69
43.0 2.79 2.35 2.69
43.1 2.79 2.33 2.69
43.2 2.79 2.31 2.68
43.3 2.79 2.28 2.68
43.4 2.79 2.26 2.68
43.5 2.79 2.24 2.68
43.6 2.79 2.21 2.68
43.7 2.79 2.19 2.68
43.8 2.79 2.17 2.68
43.9 2.79 2.15 2.68
44.0 2.79 2.12 2.68
44.1 2.79 2.09 2.67
44.2 2.79 2.06 2.67
44.3 2.79 2.03 2.67
44.4 2.8 2.0 2.67
44.5 2.8 1.97 2.67
44.6 2.8 1.94 2.67
44.7 2.79 1.91 2.67
44.8 2.79 1.87 2.67
44.9 2.79 1.84 2.67
45.0 2.79 1.8 2.66
45.1 2.79 1.77 2.66
45.2 2.8 1.73 2.66
45.3 2.8 1.7 2.66
45.4 2.8 1.66 2.66
45.5 2.8 1.63 2.66
45.6 2.8 1.59 2.66
45.7 2.8 1.55 2.66
45.8 2.8 1.52 2.65
45.9 2.8 1.49 2.65
46.0 2.8 1.46 2.65
46.1 2.8 1.43 2.65
46.2 2.8 1.39 2.64
46.3 2.8 1.36 2.64
46.4 2.8 1.32 2.64
46.5 2.8 1.29 2.63
46.6 2.8 1.26 2.63
46.7 2.8 1.24 2.63
46.8 2.8 1.21 2.62
46.9 2.8 1.19 2.62
47.0 2.8 1.17 2.62
47.1 2.8 1.16 2.61
47.2 2.8 1.15 2.61
47.3 2.8 1.13 2.6
47.4 2.8 1.12 2.6
47.5 2.8 1.1 2.6
47.6 2.8 1.09 2.59
47.7 2.8 1.08 2.59
47.8 2.8 1.07 2.59
47.9 2.8 1.06 2.58
48.0 2.8 1.05 2.58
48.1 2.8 1.04 2.58
48.2 2.8 1.03 2.57
48.3 2.8 1.03 2.57
48.4 2.8 1.02 2.56
48.5 2.8 1.02 2.56
48.6 2.8 1.01 2.56
48.7 2.8 1.01 2.55
48.8 2.8 1.01 2.55
48.9 2.8 1.01 2.55
49.0 2.8 1.01 2.54
49.1 2.8 1.0 2.54
49.2 2.8 1.0 2.54
49.3 2.8 1.0 2.53
49.4 2.8 1.0 2.53
49.5 2.8 1.0 2.52
49.6 2.8 1.0 2.52
49.7 2.8 1.0 2.52
49.8 2.8 1.0 2.51
49.9 2.79 1.0 2.51
