0.0 0.5 0.5 0.495
0.1 0.5 0.5 0.479
0.2 0.5 0.5 0.455
0.3 0.5 0.5 0.421
0.4 0.5 0.5 0.38
0.5 0.5 0.5 0.331
0.6 0.5 0.5 0.276
0.7 0.5 0.5 0.214
0.8 0.5 0.5 0.146
0.9 0.51 0.5 0.0732
1.0 0.538 0.501 0.00518
1.1 0.573 0.512 0.0882
1.2 0.606 0.542 0.176
1.3 0.637 0.59 0.269
1.4 0.665 0.655 0.366
1.5 0.691 0.735 0.468
1.6 0.715 0.829 0.574
1.7 0.74 0.924 0.673
1.8 0.767 1.01 0.757
1.9 0.796 1.08 0.825
2.0 0.827 1.15 0.88
2.1 0.86 1.2 0.921
2.2 0.895 1.25 0.95
2.3 0.932 1.29 0.968
2.4 0.97 1.32 0.976
2.5 1.01 1.34 0.974
2.6 1.06 1.36 0.97
2.7 1.12 1.37 0.971
2.8 1.18 1.38 0.975
2.9 1.25 1.38 0.982
3.0 1.31 1.38 0.992
3.1 1.36 1.38 1.0
3.2 1.41 1.38 1.01
3.3 1.44 1.38 1.02
3.4 1.46 1.38 1.02
3.5 1.49 1.38 1.02
3.6 1.5 1.39 1.02
3.7 1.52 1.4 1.02
3.8 1.53 1.4 1.02
3.9 1.54 1.41 1.02
4.0 1.56 1.42 1.02
4.1 1.57 1.43 1.02
4.2 1.58 1.44 1.01
4.3 1.58 1.45 1.01
4.4 1.59 1.46 1.0
4.5 1.6 1.47 0.999
4.6 1.61 1.48 0.995
4.7 1.62 1.49 0.99
4.8 1.63 1.5 0.985
4.9 1.65 1.51 0.981
5.0 1.66 1.52 0.977
5.1 1.67 1.53 0.973
5.2 1.69 1.54 0.969
5.3 1.7 1.55 0.966
5.4 1.72 1.56 0.962
5.5 1.74 1.57 0.959
5.6 1.75 1.57 0.956
5.7 1.77 1.58 0.953
5.8 1.79 1.59 0.95
5.9 1.81 1.59 0.947
6.0 1.84 1.6 0.944
6.1 1.86 1.61 0.942
6.2 1.88 1.61 0.939
6.3 1.9 1.62 0.937
6.4 1.93 1.62 0.934
6.5 1.96 1.62 0.932
6.6 1.98 1.63 0.93
6.7 2.0 1.64 0.927
6.8 2.01 1.66 0.925
6.9 2.02 1.68 0.923
7.0 2.02 1.72 0.922
7.1 2.01 1.76 0.92
7.2 1.99 1.8 0.919
7.3 1.97 1.85 0.918
7.4 1.95 1.91 0.918
7.5 1.93 1.97 0.918
7.6 1.9 2.03 0.918
7.7 1.88 2.09 0.918
7.8 1.86 2.15 0.918
7.9 1.83 2.21 0.919
8.0 1.81 2.26 0.92
8.1 1.79 2.32 0.921
8.2 1.77 2.38 0.922
8.3 1.76 2.44 0.924
8.4 1.74 2.49 0.925
8.5 1.72 2.54 0.924
8.6 1.71 2.59 0.918
8.7 1.7 2.62 0.903
8.8 1.68 2.65 0.88
8.9 1.67 2.66 0.849
9.0 1.66 2.67 0.812
9.1 1.66 2.67 0.77
9.2 1.66 2.66 0.727
9.3 1.67 2.65 0.685
9.4 1.68 2.64 0.645
9.5 1.7 2.62 0.609
9.6 1.73 2.61 0.581
9.7 1.76 2.6 0.558
9.8 1.79 2.59 0.539
9.9 1.83 2.58 0.523
10.0 1.86 2.57 0.51
10.1 1.9 2.56 0.5
10.2 1.94 2.55 0.492
10.3 1.98 2.54 0.485
10.4 2.02 2.53 0.48
10.5 2.05 2.52 0.477
10.6 2.09 2.51 0.475
10.7 2.13 2.5 0.474
10.8 2.17 2.5 0.473
10.9 2.21 2.49 0.473
11.0 2.25 2.48 0.474
11.1 2.28 2.47 0.475
11.2 2.32 2.47 0.476
11.3 2.35 2.46 0.477
11.4 2.39 2.45 0.479
11.5 2.42 2.45 0.479
11.6 2.45 2.44 0.479
11.7 2.48 2.43 0.477
11.8 2.51 2.43 0.475
11.9 2.54 2.42 0.471
12.0 2.57 2.41 0.462
12.1 2.6 2.41 0.444
12.2 2.63 2.4 0.418
12.3 2.66 2.4 0.383
12.4 2.68 2.39 0.345
12.5 2.7 2.39 0.309
12.6 2.72 2.39 0.279
12.7 2.74 2.39 0.254
12.8 2.76 2.4 0.235
12.9 2.77 2.4 0.222
13.0 2.78 2.41 0.213
13.1 2.79 2.42 0.209
13.2 2.79 2.43 0.21
13.3 2.79 2.44 0.214
13.4 2.79 2.45 0.223
13.5 2.79 2.46 0.235
13.6 2.79 2.47 0.25
13.7 2.78 2.49 0.268
13.8 2.77 2.5 0.288
13.9 2.76 2.51 0.308
14.0 2.75 2.52 0.329
14.1 2.73 2.54 0.352
14.2 2.72 2.55 0.378
14.3 2.7 2.57 0.405
14.4 2.68 2.58 0.433
14.5 2.67 2.6 0.465
14.6 2.65 2.62 0.507
14.7 2.62 2.64 0.562
14.8 2.6 2.65 0.63
14.9 2.58 2.67 0.712
15.0 2.55 2.69 0.807
15.1 2.53 2.7 0.911
15.2 2.5 2.72 1.02
15.3 2.48 2.73 1.14
15.4 2.45 2.75 1.24
15.5 2.43 2.76 1.33
15.6 2.41 2.77 1.4
15.7 2.38 2.77 1.45
15.8 2.35 2.78 1.48
15.9 2.3 2.78 1.49
16.0 2.25 2.78 1.49
16.1 2.18 2.78 1.48
16.2 2.11 2.78 1.44
16.3 2.04 2.77 1.4
16.4 1.98 2.77 1.35
16.5 1.93 2.77 1.28
16.6 1.9 2.76 1.21
16.7 1.89 2.76 1.15
16.8 1.89 2.75 1.11
16.9 1.91 2.75 1.08
17.0 1.95 2.74 1.06
17.1 1.99 2.74 1.05
17.2 2.05 2.73 1.05
17.3 2.11 2.71 1.05
17.4 2.18 2.7 1.06
17.5 2.26 2.7 1.07
17.6 2.34 2.71 1.08
17.7 2.41 2.71 1.09
17.8 2.47 2.72 1.11
17.9 2.52 2.73 1.13
18.0 2.56 2.74 1.16
18.1 2.59 2.75 1.19
18.2 2.62 2.75 1.22
18.3 2.63 2.75 1.26
18.4 2.65 2.75 1.31
18.5 2.66 2.75 1.36
18.6 2.64 2.75 1.41
18.7 2.6 2.74 1.47
18.8 2.52 2.74 1.53
18.9 2.42 2.74 1.59
19.0 2.3 2.74 1.64
19.1 2.16 2.75 1.69
19.2 2.02 2.76 1.73
19.3 1.91 2.76 1.78
19.4 1.83 2.77 1.81
19.5 1.77 2.77 1.84
19.6 1.75 2.78 1.87
19.7 1.75 2.78 1.9
19.8 1.78 2.78 1.92
19.9 1.84 2.79 1.94
20.0 1.92 2.79 1.95
20.1 2.02 2.78 1.96
20.2 2.14 2.78 1.97
20.3 2.25 2.77 1.98
20.4 2.35 2.76 1.98
20.5 2.43 2.74 1.98
20.6 2.48 2.73 1.98
20.7 2.53 2.71 1.99
20.8 2.58 2.7 1.99
20.9 2.62 2.7 1.99
21.0 2.66 2.69 1.98
21.1 2.69 2.67 1.98
21.2 2.72 2.66 1.98
21.3 2.73 2.66 1.98
21.4 2.74 2.67 1.98
21.5 2.75 2.69 1.99
21.6 2.74 2.71 2.0
21.7 2.74 2.72 2.01
21.8 2.73 2.74 2.03
21.9 2.73 2.74 2.04
22.0 2.72 2.75 2.06
22.1 2.71 2.75 2.08
22.2 2.71 2.75 2.1
22.3 2.7 2.75 2.11
22.4 2.7 2.75 2.13
22.5 2.7 2.75 2.14
22.6 2.69 2.75 2.15
22.7 2.69 2.74 2.16
22.8 2.69 2.74 2.17
22.9 2.68 2.74 2.18
23.0 2.68 2.73 2.19
23.1 2.68 2.73 2.19
23.2 2.67 2.73 2.2
23.3 2.67 2.73 2.21
23.4 2.67 2.72 2.21
23.5 2.66 2.72 2.22
23.6 2.66 2.72 2.23
23.7 2.66 2.71 2.23
23.8 2.65 2.71 2.24
23.9 2.65 2.71 2.25
24.0 2.65 2.7 2.26
24.1 2.64 2.7 2.26
24.2 2.64 2.7 2.27
24.3 2.64 2.69 2.28
24.4 2.63 2.69 2.28
24.5 2.63 2.69 2.29
24.6 2.62 2.68 2.3
24.7 2.62 2.68 2.31
24.8 2.61 2.68 2.32
24.9 2.61 2.68 2.32
25.0 2.6 2.67 2.33
25.1 2.59 2.67 2.34
25.2 2.59 2.67 2.34
25.3 2.58 2.67 2.35
25.4 2.57 2.67 2.35
25.5 2.57 2.67 2.36
25.6 2.56 2.67 2.36
25.7 2.55 2.67 2.36
25.8 2.54 2.67 2.36
25.9 2.54 2.67 2.36
26.0 2.53 2.67 2.36
26.1 2.52 2.67 2.36
26.2 2.51 2.67 2.36
26.3 2.5 2.67 2.36
26.4 2.49 2.67 2.36
26.5 2.48 2.67 2.36
26.6 2.47 2.67 2.35
26.7 2.45 2.67 2.35
26.8 2.44 2.68 2.35
26.9 2.43 2.68 2.35
27.0 2.41 2.68 2.34
27.1 2.4 2.68 2.34
27.2 2.38 2.68 2.34
27.3 2.37 2.68 2.34
27.4 2.35 2.67 2.35
27.5 2.34 2.67 2.35
27.6 2.32 2.67 2.35
27.7 2.31 2.66 2.35
27.8 2.29 2.66 2.36
27.9 2.27 2.65 2.36
28.0 2.25 2.65 2.36
28.1 2.24 2.65 2.37
28.2 2.22 2.64 2.37
28.3 2.2 2.64 2.38
28.4 2.17 2.64 2.38
28.5 2.15 2.64 2.38
28.6 2.13 2.64 2.39
28.7 2.11 2.63 2.39
28.8 2.08 2.63 2.39
28.9 2.06 2.63 2.39
29.0 2.04 2.63 2.39
29.1 2.01 2.63 2.39
29.2 1.99 2.63 2.39
29.3 1.97 2.63 2.4
29.4 1.94 2.63 2.4
29.5 1.92 2.63 2.4
29.6 1.89 2.63 2.4
29.7 1.87 2.63 2.4
29.8 1.84 2.64 2.39
29.9 1.82 2.64 2.39
30.0 1.79 2.64 2.39
30.1 1.77 2.64 2.39
30.2 1.74 2.64 2.39
30.3 1.71 2.64 2.39
30.4 1.69 2.64 2.39
30.5 1.66 2.64 2.39
30.6 1.64 2.64 2.39
30.7 1.61 2.64 2.39
30.8 1.58 2.64 2.39
30.9 1.56 2.64 2.39
31.0 1.53 2.65 2.39
31.1 1.5 2.65 2.39
31.2 1.48 2.65 2.39
31.3 1.45 2.65 2.39
31.4 1.42 2.65 2.39
31.5 1.4 2.65 2.39
31.6 1.37 2.65 2.39
31.7 1.34 2.66 2.39
31.8 1.32 2.66 2.39
31.9 1.29 2.66 2.39
32.0 1.27 2.66 2.39
32.1 1.24 2.66 2.39
32.2 1.22 2.65 2.39
32.3 1.19 2.65 2.39
32.4 1.17 2.65 2.39
32.5 1.14 2.65 2.39
32.6 1.13 2.65 2.39
32.7 1.11 2.65 2.39
32.8 1.1 2.65 2.39
32.9 1.09 2.65 2.39
33.0 1.09 2.65 2.39
33.1 1.08 2.65 2.39
33.2 1.08 2.65 2.39
33.3 1.07 2.65 2.38
33.4 1.07 2.65 2.38
33.5 1.06 2.65 2.38
33.6 1.06 2.65 2.38
33.7 1.05 2.65 2.38
33.8 1.04 2.65 2.38
33.9 1.02 2.65 2.38
34.0 0.997 2.64 2.37
34.1 0.958 2.64 2.36
34.2 0.906 2.64 2.35
34.3 0.843 2.64 2.34
34.4 0.771 2.64 2.33
34.5 0.694 2.63 2.32
34.6 0.621 2.62 2.31
34.7 0.572 2.61 2.31
34.8 0.57 2.6 2.3
34.9 0.615 2.6 2.3
35.0 0.683 2.6 2.31
35.1 0.752 2.59 2.31
35.2 0.815 2.59 2.31
35.3 0.867 2.58 2.31
35.4 0.907 2.58 2.32
35.5 0.938 2.57 2.32
35.6 0.959 2.57 2.32
35.7 0.971 2.56 2.33
35.8 0.979 2.55 2.33
35.9 0.986 2.54 2.33
36.0 0.995 2.53 2.34
36.1 1.01 2.52 2.34
36.2 1.02 2.51 2.34
36.3 1.03 2.5 2.34
36.4 1.05 2.49 2.34
36.5 1.07 2.48 2.34
36.6 1.09 2.47 2.34
36.7 1.11 2.47 2.34
36.8 1.13 2.46 2.34
36.9 1.16 2.45 2.34
37.0 1.18 2.45 2.34
37.1 1.21 2.44 2.33
37.2 1.23 2.43 2.33
37.3 1.26 2.43 2.33
37.4 1.28 2.43 2.33
37.5 1.31 2.42 2.33
37.6 1.34 2.42 2.33
37.7 1.37 2.42 2.33
37.8 1.4 2.41 2.33
37.9 1.43 2.41 2.32
38.0 1.46 2.41 2.32
38.1 1.49 2.41 2.32
38.2 1.52 2.41 2.32
38.3 1.56 2.4 2.32
38.4 1.59 2.4 2.32
38.5 1.62 2.4 2.32
38.6 1.65 2.4 2.32
38.7 1.69 2.4 2.31
38.8 1.72 2.4 2.31
38.9 1.75 2.4 2.31
39.0 1.79 2.4 2.31
39.1 1.82 2.4 2.31
39.2 1.86 2.4 2.31
39.3 1.89 2.4 2.31
39.4 1.93 2.4 2.3
39.5 1.96 2.4 2.3
39.6 2.0 2.39 2.3
39.7 2.03 2.39 2.3
39.8 2.07 2.39 2.3
39.9 2.1 2.38 2.3
40.0 2.13 2.37 2.29
40.1 2.16 2.37 2.29
40.2 2.2 2.36 2.29
40.3 2.23 2.36 2.29
40.4 2.26 2.35 2.29
40.5 2.3 2.35 2.29
40.6 2.33 2.35 2.29
40.7 2.36 2.35 2.29
40.8 2.39 2.35 2.29
40.9 2.42 2.34 2.28
41.0 2.44 2.33 2.28
41.1 2.46 2.31 2.28
41.2 2.48 2.3 2.28
41.3 2.5 2.29 2.28
41.4 2.51 2.27 2.28
41.5 2.53 2.26 2.28
41.6 2.55 2.24 2.28
41.7 2.56 2.23 2.28
41.8 2.58 2.22 2.28
41.9 2.6 2.21 2.28
42.0 2.62 2.19 2.28
42.1 2.64 2.18 2.28
42.2 2.65 2.16 2.28
42.3 2.67 2.14 2.28
42.4 2.68 2.12 2.28
42.5 2.69 2.1 2.28
42.6 2.7 2.08 2.28
42.7 2.72 2.06 2.28
42.8 2.73 2.04 2.27
42.9 2.74 2.03 2.27
43.0 2.75 2.01 2.27
43.1 2.76 1.99 2.27
43.2 2.77 1.97 2.27
43.3 2.78 1.95 2.27
43.4 2.78 1.93 2.27
43.5 2.78 1.91 2.27
43.6 2.79 1.89 2.27
43.7 2.79 1.87 2.26
43.8 2.79 1.84 2.26
43.9 2.79 1.81 2.26
44.0 2.79 1.78 2.26
44.1 2.79 1.75 2.26
44.2 2.79 1.72 2.26
44.3 2.78 1.69 2.26
44.4 2.78 1.66 2.26
44.5 2.77 1.63 2.26
44.6 2.76 1.6 2.25
44.7 2.75 1.57 2.25
44.8 2.74 1.54 2.25
44.9 2.73 1.51 2.25
45.0 2.72 1.48 2.25
45.1 2.71 1.45 2.25
45.2 2.7 1.42 2.25
45.3 2.68 1.38 2.25
45.4 2.67 1.35 2.25
45.5 2.65 1.32 2.25
45.6 2.64 1.29 2.25
45.7 2.62 1.25 2.25
45.8 2.6 1.22 2.25
45.9 2.59 1.2 2.25
46.0 2.57 1.17 2.25
46.1 2.55 1.14 2.25
46.2 2.53 1.12 2.25
46.3 2.51 1.1 2.24
46.4 2.49 1.09 2.24
46.5 2.48 1.08 2.24
46.6 2.47 1.07 2.24
46.7 2.47 1.06 2.23
46.8 2.46 1.06 2.23
46.9 2.46 1.05 2.23
47.0 2.46 1.05 2.22
47.1 2.46 1.04 2.22
47.2 2.46 1.04 2.22
47.3 2.47 1.04 2.21
47.4 2.47 1.03 2.21
47.5 2.46 1.02 2.21
47.6 2.46 1.02 2.2
47.7 2.46 1.01 2.2
47.8 2.45 1.0 2.19
47.9 2.45 0.999 2.19
48.0 2.44 0.993 2.19
48.1 2.44 0.989 2.18
48.2 2.43 0.986 2.18
48.3 2.42 0.984 2.18
48.4 2.42 0.984 2.17
48.5 2.41 0.986 2.17
48.6 2.41 0.989 2.17
48.7 2.4 0.994 2.16
48.8 2.4 0.999 2.16
48.9 2.4 1.01 2.16
49.0 2.4 1.01 2.15
49.1 2.4 1.02 2.15
49.2 2.4 1.03 2.15
49.3 2.4 1.04 2.15
49.4 2.4 1.05 2.14
49.5 2.4 1.06 2.14
49.6 2.4 1.07 2.14
49.7 2.41 1.08 2.14
49.8 2.41 1.08 2.13
49.9 2.41 1.09 2.13
