0.0 0.5 0.5 0.495
0.1 0.5 0.5 0.479
0.2 0.5 0.5 0.455
0.3 0.5 0.5 0.421
0.4 0.5 0.5 0.38
0.5 0.5 0.5 0.331
0.6 0.5 0.491 0.285
0.7 0.5 0.466 0.251
0.8 0.5 0.43 0.231
0.9 0.508 0.39 0.232
1.0 0.525 0.362 0.249
1.1 0.54 0.351 0.268
1.2 0.555 0.346 0.279
1.3 0.568 0.34 0.28
1.4 0.582 0.334 0.277
1.5 0.6 0.33 0.275
1.6 0.622 0.328 0.274
1.7 0.647 0.327 0.275
1.8 0.676 0.327 0.277
1.9 0.709 0.329 0.28
2.0 0.748 0.331 0.283
2.1 0.792 0.335 0.286
2.2 0.842 0.338 0.29
2.3 0.897 0.342 0.294
2.4 0.958 0.346 0.298
2.5 1.02 0.349 0.301
2.6 1.1 0.352 0.304
2.7 1.17 0.355 0.306
2.8 1.24 0.358 0.308
2.9 1.3 0.36 0.31
3.0 1.35 0.363 0.312
3.1 1.39 0.366 0.314
3.2 1.42 0.369 0.316
3.3 1.45 0.372 0.317
3.4 1.47 0.375 0.319
3.5 1.5 0.379 0.321
3.6 1.52 0.382 0.322
3.7 1.53 0.386 0.324
3.8 1.55 0.39 0.326
3.9 1.57 0.393 0.328
4.0 1.59 0.397 0.33
4.1 1.61 0.401 0.332
4.2 1.64 0.406 0.334
4.3 1.66 0.41 0.336
4.4 1.68 0.414 0.338
4.5 1.7 0.418 0.341
4.6 1.72 0.422 0.343
4.7 1.74 0.426 0.345
4.8 1.77 0.431 0.347
4.9 1.8 0.435 0.349
5.0 1.82 0.439 0.352
5.1 1.84 0.443 0.354
5.2 1.86 0.446 0.356
5.3 1.89 0.45 0.359
5.4 1.92 0.454 0.361
5.5 1.95 0.458 0.364
5.6 1.98 0.462 0.366
5.7 2.0 0.466 0.369
5.8 2.03 0.47 0.371
5.9 2.06 0.474 0.374
6.0 2.08 0.477 0.376
6.1 2.11 0.481 0.379
6.2 2.14 0.485 0.381
6.3 2.17 0.49 0.384
6.4 2.19 0.497 0.386
6.5 2.21 0.508 0.389
6.6 2.21 0.524 0.392
6.7 2.21 0.544 0.394
6.8 2.2 0.569 0.397
6.9 2.19 0.6 0.399
7.0 2.18 0.635 0.402
7.1 2.16 0.675 0.404
7.2 2.15 0.719 0.406
7.3 2.13 0.766 0.409
7.4 2.12 0.813 0.411
7.5 2.1 0.857 0.413
7.6 2.09 0.899 0.415
7.7 2.07 0.941 0.418
7.8 2.06 0.982 0.42
7.9 2.04 1.02 0.422
8.0 2.03 1.06 0.424
8.1 2.02 1.11 0.426
8.2 2.0 1.15 0.428
8.3 1.99 1.2 0.43
8.4 1.99 1.25 0.432
8.5 1.98 1.29 0.434
8.6 1.97 1.34 0.436
8.7 1.96 1.38 0.438
8.8 1.96 1.43 0.441
8.9 1.95 1.47 0.443
9.0 1.94 1.51 0.445
9.1 1.94 1.56 0.447
9.2 1.93 1.6 0.449
9.3 1.93 1.64 0.451
9.4 1.93 1.68 0.454
9.5 1.93 1.71 0.456
9.6 1.94 1.74 0.458
9.7 1.96 1.76 0.461
9.8 1.98 1.78 0.463
9.9 2.01 1.8 0.466
10.0 2.04 1.81 0.468
10.1 2.06 1.82 0.47
10.2 2.09 1.83 0.473
10.3 2.13 1.84 0.475
10.4 2.16 1.85 0.478
10.5 2.19 1.86 0.48
10.6 2.22 1.87 0.483
10.7 2.25 1.88 0.485
10.8 2.27 1.89 0.488
10.9 2.3 1.9 0.49
11.0 2.33 1.91 0.493
11.1 2.36 1.92 0.495
11.2 2.39 1.94 0.498
11.3 2.41 1.95 0.5
11.4 2.44 1.96 0.503
11.5 2.46 1.98 0.505
11.6 2.49 1.99 0.507
11.7 2.51 2.01 0.51
11.8 2.54 2.03 0.512
11.9 2.56 2.04 0.515
12.0 2.58 2.06 0.517
12.1 2.6 2.08 0.52
12.2 2.62 2.11 0.522
12.3 2.64 2.13 0.525
12.4 2.66 2.15 0.527
12.5 2.68 2.18 0.53
12.6 2.69 2.2 0.532
12.7 2.71 2.22 0.535
12.8 2.72 2.24 0.537
12.9 2.73 2.26 0.54
13.0 2.74 2.28 0.544
13.1 2.75 2.3 0.549
13.2 2.76 2.31 0.557
13.3 2.77 2.32 0.565
13.4 2.78 2.33 0.576
13.5 2.78 2.34 0.589
13.6 2.79 2.35 0.603
13.7 2.79 2.36 0.619
13.8 2.79 2.37 0.635
13.9 2.79 2.38 0.653
14.0 2.79 2.39 0.671
14.1 2.79 2.4 0.69
14.2 2.79 2.41 0.711
14.3 2.79 2.43 0.733
14.4 2.79 2.44 0.756
14.5 2.79 2.45 0.78
14.6 2.78 2.46 0.804
14.7 2.78 2.48 0.829
14.8 2.77 2.49 0.854
14.9 2.77 2.5 0.879
15.0 2.76 2.52 0.904
15.1 2.75 2.53 0.93
15.2 2.75 2.55 0.957
15.3 2.74 2.56 0.983
15.4 2.73 2.57 1.01
15.5 2.73 2.58 1.03
15.6 2.72 2.6 1.05
15.7 2.71 2.61 1.07
15.8 2.7 2.61 1.09
15.9 2.69 2.62 1.1
16.0 2.68 2.63 1.11
16.1 2.67 2.64 1.12
16.2 2.66 2.65 1.13
16.3 2.65 2.66 1.14
16.4 2.64 2.67 1.15
16.5 2.64 2.68 1.16
16.6 2.64 2.69 1.17
16.7 2.65 2.69 1.18
16.8 2.65 2.7 1.2
16.9 2.66 2.71 1.22
17.0 2.67 2.72 1.25
17.1 2.69 2.72 1.29
17.2 2.7 2.73 1.33
17.3 2.72 2.74 1.38
17.4 2.73 2.75 1.42
17.5 2.74 2.76 1.46
17.6 2.75 2.76 1.49
17.7 2.75 2.77 1.52
17.8 2.76 2.78 1.53
17.9 2.76 2.78 1.55
18.0 2.76 2.79 1.55
18.1 2.77 2.79 1.56
18.2 2.77 2.79 1.57
18.3 2.77 2.79 1.59
18.4 2.77 2.79 1.61
18.5 2.78 2.79 1.64
18.6 2.78 2.8 1.68
18.7 2.79 2.8 1.73
18.8 2.79 2.8 1.78
18.9 2.78 2.8 1.83
19.0 2.78 2.8 1.89
19.1 2.78 2.8 1.94
19.2 2.77 2.8 1.99
19.3 2.77 2.8 2.03
19.4 2.76 2.8 2.07
19.5 2.75 2.79 2.11
19.6 2.75 2.79 2.14
19.7 2.74 2.79 2.17
19.8 2.73 2.79 2.2
19.9 2.72 2.79 2.22
20.0 2.71 2.79 2.25
20.1 2.7 2.79 2.28
20.2 2.69 2.79 2.31
20.3 2.68 2.79 2.34
20.4 2.67 2.78 2.38
20.5 2.65 2.78 2.42
20.6 2.65 2.78 2.47
20.7 2.64 2.78 2.52
20.8 2.63 2.78 2.57
20.9 2.62 2.77 2.59
21.0 2.61 2.77 2.6
21.1 2.6 2.76 2.61
21.2 2.59 2.76 2.62
21.3 2.58 2.75 2.62
21.4 2.57 2.75 2.63
21.5 2.56 2.74 2.63
21.6 2.55 2.74 2.63
21.7 2.54 2.73 2.63
21.8 2.53 2.73 2.63
21.9 2.53 2.72 2.63
22.0 2.53 2.71 2.63
22.1 2.53 2.7 2.62
22.2 2.53 2.7 2.62
22.3 2.53 2.69 2.62
22.4 2.54 2.68 2.62
22.5 2.54 2.67 2.62
22.6 2.54 2.67 2.62
22.7 2.54 2.66 2.62
22.8 2.55 2.65 2.61
22.9 2.55 2.65 2.61
23.0 2.55 2.64 2.61
23.1 2.55 2.64 2.61
23.2 2.55 2.63 2.6
23.3 2.55 2.63 2.6
23.4 2.55 2.63 2.6
23.5 2.56 2.63 2.6
23.6 2.57 2.63 2.59
23.7 2.58 2.63 2.59
23.8 2.59 2.63 2.59
23.9 2.61 2.63 2.59
24.0 2.61 2.63 2.59
24.1 2.62 2.63 2.59
24.2 2.63 2.63 2.59
24.3 2.63 2.63 2.59
24.4 2.63 2.62 2.59
24.5 2.63 2.62 2.59
24.6 2.63 2.62 2.59
24.7 2.62 2.62 2.59
24.8 2.61 2.62 2.59
24.9 2.6 2.62 2.59
25.0 2.59 2.62 2.59
25.1 2.57 2.62 2.59
25.2 2.55 2.62 2.58
25.3 2.53 2.62 2.58
25.4 2.52 2.63 2.58
25.5 2.51 2.63 2.58
25.6 2.52 2.63 2.58
25.7 2.52 2.63 2.58
25.8 2.53 2.63 2.58
25.9 2.53 2.62 2.58
26.0 2.52 2.62 2.57
26.1 2.52 2.62 2.57
26.2 2.51 2.61 2.57
26.3 2.5 2.61 2.57
26.4 2.48 2.61 2.57
26.5 2.47 2.62 2.57
26.6 2.47 2.62 2.56
26.7 2.46 2.62 2.56
26.8 2.46 2.62 2.56
26.9 2.45 2.62 2.56
27.0 2.44 2.62 2.56
27.1 2.42 2.62 2.56
27.2 2.41 2.62 2.56
27.3 2.4 2.62 2.56
27.4 2.39 2.61 2.55
27.5 2.37 2.61 2.55
27.6 2.36 2.61 2.55
27.7 2.34 2.61 2.55
27.8 2.32 2.61 2.55
27.9 2.31 2.61 2.55
28.0 2.29 2.61 2.55
28.1 2.27 2.61 2.55
28.2 2.25 2.61 2.54
28.3 2.23 2.61 2.54
28.4 2.21 2.61 2.54
28.5 2.19 2.61 2.54
28.6 2.17 2.61 2.54
28.7 2.16 2.61 2.54
28.8 2.13 2.61 2.54
28.9 2.11 2.61 2.54
29.0 2.09 2.61 2.53
29.1 2.07 2.61 2.53
29.2 2.05 2.61 2.53
29.3 2.03 2.61 2.53
29.4 2.01 2.61 2.53
29.5 1.98 2.61 2.53
29.6 1.96 2.61 2.53
29.7 1.93 2.61 2.53
29.8 1.91 2.61 2.52
29.9 1.88 2.61 2.52
30.0 1.85 2.61 2.52
30.1 1.83 2.61 2.52
30.2 1.8 2.61 2.52
30.3 1.77 2.61 2.52
30.4 1.74 2.61 2.52
30.5 1.72 2.6 2.52
30.6 1.7 2.6 2.52
30.7 1.68 2.6 2.52
30.8 1.65 2.59 2.53
30.9 1.62 2.59 2.53
31.0 1.6 2.59 2.53
31.1 1.57 2.59 2.53
31.2 1.55 2.59 2.53
31.3 1.53 2.59 2.53
31.4 1.51 2.59 2.53
31.5 1.48 2.59 2.53
31.6 1.45 2.59 2.53
31.7 1.42 2.59 2.53
31.8 1.39 2.59 2.52
31.9 1.36 2.6 2.52
32.0 1.33 2.6 2.52
32.1 1.31 2.61 2.52
32.2 1.28 2.62 2.52
32.3 1.25 2.63 2.52
32.4 1.22 2.63 2.52
32.5 1.19 2.64 2.53
32.6 1.16 2.65 2.53
32.7 1.13 2.65 2.54
32.8 1.12 2.66 2.55
32.9 1.11 2.67 2.55
33.0 1.11 2.67 2.56
33.1 1.12 2.67 2.56
33.2 1.13 2.68 2.56
33.3 1.13 2.68 2.56
33.4 1.14 2.69 2.56
33.5 1.13 2.69 2.56
33.6 1.1 2.69 2.56
33.7 1.05 2.69 2.56
33.8 0.993 2.69 2.56
33.9 0.926 2.69 2.56
34.0 0.852 2.68 2.55
34.1 0.786 2.68 2.55
34.2 0.756 2.68 2.55
34.3 0.772 2.68 2.55
34.4 0.832 2.67 2.55
34.5 0.905 2.67 2.55
34.6 0.967 2.67 2.55
34.7 1.01 2.67 2.55
34.8 1.05 2.67 2.55
34.9 1.08 2.67 2.55
35.0 1.1 2.67 2.54
35.1 1.12 2.67 2.54
35.2 1.13 2.67 2.54
35.3 1.14 2.66 2.54
35.4 1.14 2.66 2.54
35.5 1.14 2.66 2.54
35.6 1.13 2.66 2.54
35.7 1.13 2.66 2.54
35.8 1.13 2.66 2.53
35.9 1.14 2.66 2.53
36.0 1.16 2.66 2.53
36.1 1.18 2.66 2.53
36.2 1.2 2.66 2.53
36.3 1.23 2.66 2.53
36.4 1.25 2.66 2.53
36.5 1.28 2.66 2.53
36.6 1.31 2.66 2.52
36.7 1.33 2.66 2.52
36.8 1.36 2.66 2.52
36.9 1.38 2.66 2.52
37.0 1.41 2.66 2.52
37.1 1.44 2.66 2.52
37.2 1.47 2.65 2.52
37.3 1.5 2.65 2.52
37.4 1.53 2.65 2.52
37.5 1.56 2.65 2.51
37.6 1.58 2.65 2.51
37.7 1.62 2.65 2.51
37.8 1.65 2.65 2.51
37.9 1.68 2.64 2.51
38.0 1.71 2.64 2.51
38.1 1.74 2.64 2.51
38.2 1.77 2.64 2.51
38.3 1.81 2.63 2.5
38.4 1.84 2.63 2.5
38.5 1.87 2.63 2.5
38.6 1.9 2.62 2.5
38.7 1.93 2.62 2.5
38.8 1.96 2.62 2.5
38.9 1.99 2.62 2.5
39.0 2.03 2.61 2.5
39.1 2.06 2.61 2.49
39.2 2.09 2.61 2.49
39.3 2.13 2.61 2.49
39.4 2.17 2.6 2.49
39.5 2.2 2.6 2.49
39.6 2.23 2.6 2.49
39.7 2.25 2.59 2.49
39.8 2.27 2.57 2.49
39.9 2.27 2.55 2.48
40.0 2.28 2.52 2.48
40.1 2.29 2.5 2.48
40.2 2.3 2.47 2.48
40.3 2.31 2.44 2.48
40.4 2.32 2.42 2.48
40.5 2.33 2.39 2.48
40.6 2.35 2.37 2.48
40.7 2.37 2.36 2.48
40.8 2.39 2.34 2.47
40.9 2.41 2.33 2.47
41.0 2.44 2.32 2.47
41.1 2.46 2.3 2.47
41.2 2.49 2.29 2.47
41.3 2.51 2.28 2.47
41.4 2.54 2.27 2.47
41.5 2.56 2.26 2.47
41.6 2.58 2.24 2.46
41.7 2.6 2.22 2.46
41.8 2.62 2.21 2.46
41.9 2.64 2.19 2.46
42.0 2.66 2.16 2.46
42.1 2.67 2.14 2.46
42.2 2.69 2.12 2.46
42.3 2.7 2.11 2.46
42.4 2.71 2.09 2.45
42.5 2.73 2.08 2.45
42.6 2.74 2.06 2.45
42.7 2.75 2.05 2.45
42.8 2.76 2.03 2.45
42.9 2.77 2.01 2.45
43.0 2.78 1.98 2.45
43.1 2.78 1.96 2.45
43.2 2.79 1.93 2.44
43.3 2.79 1.9 2.44
43.4 2.79 1.87 2.44
43.5 2.79 1.84 2.44
43.6 2.79 1.81 2.44
43.7 2.79 1.79 2.44
43.8 2.79 1.76 2.44
43.9 2.79 1.73 2.43
44.0 2.78 1.7 2.43
44.1 2.78 1.66 2.43
44.2 2.77 1.63 2.43
44.3 2.76 1.59 2.43
44.4 2.76 1.56 2.43
44.5 2.75 1.52 2.43
44.6 2.74 1.49 2.43
44.7 2.73 1.45 2.42
44.8 2.71 1.42 2.42
44.9 2.7 1.38 2.42
45.0 2.69 1.34 2.42
45.1 2.68 1.3 2.42
45.2 2.67 1.26 2.42
45.3 2.65 1.23 2.42
45.4 2.64 1.19 2.41
45.5 2.62 1.15 2.41
45.6 2.6 1.11 2.41
45.7 2.59 1.07 2.41
45.8 2.57 1.04 2.41
45.9 2.56 1.0 2.41
46.0 2.54 0.973 2.4
46.1 2.52 0.942 2.4
46.2 2.5 0.907 2.4
46.3 2.48 0.873 2.39
46.4 2.47 0.843 2.39
46.5 2.46 0.814 2.39
46.6 2.46 0.789 2.38
46.7 2.46 0.768 2.38
46.8 2.46 0.749 2.38
46.9 2.46 0.733 2.37
47.0 2.46 0.722 2.37
47.1 2.47 0.714 2.37
47.2 2.47 0.706 2.36
47.3 2.48 0.695 2.36
47.4 2.48 0.684 2.36
47.5 2.48 0.673 2.35
47.6 2.48 0.662 2.35
47.7 2.48 0.651 2.35
47.8 2.48 0.641 2.35
47.9 2.48 0.631 2.34
48.0 2.48 0.621 2.34
48.1 2.48 0.613 2.34
48.2 2.48 0.605 2.33
48.3 2.48 0.599 2.33
48.4 2.48 0.594 2.33
48.5 2.48 0.589 2.32
48.6 2.49 0.585 2.32
48.7 2.49 0.582 2.32
48.8 2.5 0.58 2.31
48.9 2.5 0.579 2.31
49.0 2.5 0.578 2.31
49.1 2.5 0.576 2.3
49.2 2.5 0.574 2.3
49.3 2.5 0.572 2.3
49.4 2.5 0.57 2.3
49.5 2.5 0.568 2.29
49.6 2.5 0.566 2.29
49.7 2.5 0.565 2.29
49.8 2.49 0.564 2.28
49.9 2.49 0.563 2.28
