0.0 2.43 2.43 1.94
0.1 2.43 2.43 1.96
0.2 2.41 2.41 1.99
0.3 2.39 2.39 2.03
0.4 2.37 2.37 2.07
0.5 2.35 2.35 2.11
0.6 2.32 2.32 2.14
0.7 2.29 2.29 2.17
0.8 2.26 2.26 2.18
0.9 2.22 2.22 2.2
1.0 2.18 2.19 2.2
1.1 2.15 2.15 2.19
1.2 2.12 2.12 2.18
1.3 2.1 2.1 2.17
1.4 2.09 2.08 2.15
1.5 2.09 2.07 2.13
1.6 2.09 2.05 2.11
1.7 2.1 2.04 2.1
1.8 2.11 2.04 2.08
1.9 2.12 2.03 2.06
2.0 2.14 2.04 2.05
2.1 2.16 2.05 2.04
2.2 2.18 2.06 2.03
2.3 2.2 2.07 2.02
2.4 2.22 2.09 2.02
2.5 2.25 2.11 2.02
2.6 2.27 2.14 2.02
2.7 2.28 2.16 2.02
2.8 2.29 2.18 2.01
2.9 2.29 2.2 2.01
3.0 2.29 2.21 2.0
3.1 2.29 2.23 1.99
3.2 2.29 2.24 1.99
3.3 2.29 2.24 1.99
3.4 2.29 2.25 1.99
3.5 2.29 2.25 1.99
3.6 2.3 2.25 2.0
3.7 2.3 2.25 2.01
3.8 2.31 2.24 2.01
3.9 2.32 2.24 2.02
4.0 2.32 2.23 2.03
4.1 2.33 2.22 2.03
4.2 2.34 2.21 2.04
4.3 2.34 2.2 2.04
4.4 2.35 2.19 2.04
4.5 2.36 2.18 2.04
4.6 2.37 2.17 2.04
4.7 2.37 2.16 2.04
4.8 2.38 2.15 2.04
4.9 2.39 2.13 2.03
5.0 2.4 2.12 2.03
5.1 2.41 2.11 2.02
5.2 2.42 2.1 2.01
5.3 2.43 2.08 2.01
5.4 2.44 2.07 2.0
5.5 2.46 2.06 1.99
5.6 2.47 2.05 1.99
5.7 2.48 2.03 1.98
5.8 2.49 2.02 1.97
5.9 2.49 2.01 1.97
6.0 2.5 2.0 1.96
6.1 2.51 1.99 1.96
6.2 2.52 1.97 1.95
6.3 2.53 1.96 1.95
6.4 2.54 1.95 1.94
6.5 2.54 1.94 1.94
6.6 2.55 1.93 1.94
6.7 2.57 1.92 1.94
6.8 2.58 1.91 1.93
6.9 2.61 1.9 1.93
7.0 2.65 1.89 1.93
7.1 2.69 1.87 1.93
7.2 2.74 1.86 1.93
7.3 2.79 1.85 1.93
7.4 2.84 1.84 1.92
7.5 2.89 1.82 1.92
7.6 2.95 1.81 1.92
7.7 3.0 1.79 1.92
7.8 3.05 1.78 1.91
7.9 3.11 1.76 1.91
8.0 3.16 1.75 1.91
8.1 3.22 1.73 1.9
8.2 3.27 1.71 1.9
8.3 3.33 1.7 1.9
8.4 3.38 1.68 1.9
8.5 3.44 1.66 1.9
8.6 3.49 1.64 1.9
8.7 3.55 1.64 1.9
8.8 3.6 1.64 1.9
8.9 3.66 1.65 1.91
9.0 3.71 1.66 1.92
9.1 3.76 1.69 1.93
9.2 3.81 1.72 1.94
9.3 3.86 1.75 1.96
9.4 3.89 1.79 1.97
9.5 3.93 1.83 1.98
9.6 3.95 1.87 1.99
9.7 3.97 1.9 2.0
9.8 3.98 1.93 2.01
9.9 3.99 1.96 2.01
10.0 3.99 1.99 2.02
10.1 3.99 2.02 2.03
10.2 3.99 2.05 2.03
10.3 3.98 2.08 2.04
10.4 3.97 2.1 2.05
10.5 3.96 2.13 2.05
10.6 3.95 2.15 2.06
10.7 3.93 2.18 2.06
10.8 3.92 2.2 2.07
10.9 3.9 2.23 2.07
11.0 3.88 2.25 2.08
11.1 3.86 2.27 2.08
11.2 3.83 2.3 2.09
11.3 3.81 2.32 2.1
11.4 3.79 2.34 2.1
11.5 3.76 2.37 2.11
11.6 3.74 2.39 2.11
11.7 3.71 2.41 2.12
11.8 3.68 2.43 2.13
11.9 3.65 2.46 2.13
12.0 3.63 2.48 2.14
12.1 3.6 2.51 2.15
12.2 3.57 2.54 2.17
12.3 3.55 2.57 2.19
12.4 3.52 2.61 2.21
12.5 3.5 2.64 2.23
12.6 3.48 2.67 2.25
12.7 3.45 2.71 2.27
12.8 3.43 2.74 2.29
12.9 3.41 2.77 2.32
13.0 3.4 2.8 2.34
13.1 3.38 2.83 2.36
13.2 3.36 2.87 2.38
13.3 3.35 2.9 2.41
13.4 3.34 2.93 2.43
13.5 3.33 2.96 2.45
13.6 3.32 2.98 2.47
13.7 3.31 3.01 2.5
13.8 3.3 3.04 2.52
13.9 3.29 3.07 2.54
14.0 3.29 3.1 2.56
14.1 3.28 3.13 2.58
14.2 3.28 3.15 2.6
14.3 3.27 3.17 2.63
14.4 3.26 3.19 2.65
14.5 3.26 3.21 2.67
14.6 3.25 3.22 2.69
14.7 3.24 3.24 2.7
14.8 3.23 3.26 2.71
14.9 3.22 3.27 2.72
15.0 3.21 3.28 2.73
15.1 3.2 3.3 2.73
15.2 3.19 3.31 2.72
15.3 3.17 3.32 2.72
15.4 3.15 3.33 2.71
15.5 3.14 3.33 2.7
15.6 3.11 3.34 2.7
15.7 3.09 3.34 2.7
15.8 3.07 3.33 2.71
15.9 3.05 3.33 2.72
16.0 3.04 3.32 2.73
16.1 3.03 3.31 2.74
16.2 3.02 3.3 2.75
16.3 3.01 3.28 2.76
16.4 2.99 3.27 2.77
16.5 2.97 3.25 2.78
16.6 2.94 3.23 2.8
16.7 2.9 3.21 2.81
16.8 2.87 3.19 2.82
16.9 2.83 3.17 2.83
17.0 2.78 3.14 2.83
17.1 2.74 3.12 2.83
17.2 2.69 3.1 2.82
17.3 2.64 3.08 2.82
17.4 2.59 3.07 2.81
17.5 2.54 3.05 2.81
17.6 2.49 3.03 2.8
17.7 2.45 3.01 2.8
17.8 2.42 2.99 2.79
17.9 2.4 2.98 2.78
18.0 2.38 2.96 2.77
18.1 2.37 2.95 2.76
18.2 2.37 2.94 2.75
18.3 2.37 2.94 2.74
18.4 2.39 2.94 2.72
18.5 2.41 2.94 2.7
18.6 2.44 2.95 2.68
18.7 2.51 2.95 2.66
18.8 2.6 2.96 2.64
18.9 2.7 2.96 2.62
19.0 2.81 2.95 2.6
19.1 2.91 2.95 2.57
19.2 3.01 2.94 2.55
19.3 3.09 2.93 2.53
19.4 3.16 2.91 2.5
19.5 3.21 2.9 2.47
19.6 3.25 2.89 2.45
19.7 3.28 2.87 2.42
19.8 3.3 2.86 2.39
19.9 3.31 2.84 2.36
20.0 3.31 2.83 2.34
20.1 3.29 2.82 2.31
20.2 3.27 2.81 2.29
20.3 3.24 2.8 2.27
20.4 3.21 2.8 2.25
20.5 3.19 2.8 2.24
20.6 3.18 2.81 2.22
20.7 3.18 2.81 2.21
20.8 3.17 2.81 2.21
20.9 3.16 2.81 2.2
21.0 3.16 2.82 2.2
21.1 3.16 2.84 2.2
21.2 3.17 2.85 2.2
21.3 3.19 2.86 2.2
21.4 3.22 2.86 2.2
21.5 3.25 2.86 2.19
21.6 3.29 2.85 2.19
21.7 3.33 2.85 2.19
21.8 3.37 2.85 2.19
21.9 3.41 2.85 2.18
22.0 3.45 2.86 2.18
22.1 3.49 2.87 2.17
22.2 3.52 2.88 2.17
22.3 3.55 2.89 2.17
22.4 3.58 2.9 2.17
22.5 3.6 2.91 2.16
22.6 3.62 2.92 2.16
22.7 3.64 2.93 2.16
22.8 3.65 2.94 2.16
22.9 3.67 2.94 2.15
23.0 3.68 2.94 2.14
23.1 3.69 2.94 2.14
23.2 3.71 2.94 2.13
23.3 3.72 2.94 2.12
23.4 3.73 2.94 2.11
23.5 3.74 2.93 2.09
23.6 3.74 2.93 2.08
23.7 3.75 2.92 2.07
23.8 3.76 2.92 2.06
23.9 3.77 2.91 2.05
24.0 3.77 2.91 2.04
24.1 3.78 2.9 2.02
24.2 3.78 2.9 2.01
24.3 3.78 2.89 2.0
24.4 3.79 2.88 1.99
24.5 3.79 2.88 1.98
24.6 3.79 2.87 1.96
24.7 3.8 2.86 1.95
24.8 3.8 2.85 1.94
24.9 3.8 2.85 1.93
25.0 3.8 2.84 1.92
25.1 3.8 2.83 1.91
25.2 3.8 2.82 1.9
25.3 3.8 2.81 1.89
25.4 3.8 2.8 1.88
25.5 3.8 2.79 1.87
25.6 3.8 2.78 1.87
25.7 3.79 2.77 1.86
25.8 3.79 2.76 1.86
25.9 3.79 2.75 1.85
26.0 3.78 2.74 1.85
26.1 3.78 2.73 1.84
26.2 3.77 2.72 1.84
26.3 3.77 2.71 1.84
26.4 3.76 2.7 1.84
26.5 3.76 2.69 1.84
26.6 3.76 2.68 1.83
26.7 3.75 2.67 1.83
26.8 3.75 2.66 1.83
26.9 3.75 2.65 1.83
27.0 3.74 2.65 1.83
27.1 3.74 2.64 1.83
27.2 3.73 2.63 1.83
27.3 3.72 2.63 1.82
27.4 3.72 2.62 1.82
27.5 3.71 2.62 1.82
27.6 3.7 2.62 1.82
27.7 3.7 2.62 1.81
27.8 3.69 2.62 1.81
27.9 3.68 2.61 1.81
28.0 3.68 2.61 1.8
28.1 3.67 2.61 1.8
28.2 3.66 2.61 1.8
28.3 3.65 2.61 1.79
28.4 3.64 2.6 1.79
28.5 3.63 2.6 1.79
28.6 3.62 2.6 1.79
28.7 3.61 2.6 1.78
28.8 3.6 2.59 1.78
28.9 3.59 2.59 1.78
29.0 3.58 2.59 1.78
29.1 3.57 2.58 1.78
29.2 3.55 2.58 1.78
29.3 3.54 2.58 1.78
29.4 3.53 2.57 1.78
29.5 3.51 2.57 1.78
29.6 3.5 2.57 1.78
29.7 3.48 2.57 1.78
29.8 3.47 2.56 1.78
29.9 3.45 2.56 1.78
30.0 3.43 2.56 1.78
30.1 3.42 2.56 1.78
30.2 3.4 2.55 1.78
30.3 3.38 2.55 1.78
30.4 3.36 2.55 1.78
30.5 3.34 2.55 1.78
30.6 3.32 2.54 1.78
30.7 3.31 2.54 1.78
30.8 3.29 2.54 1.77
30.9 3.27 2.53 1.77
31.0 3.25 2.53 1.77
31.1 3.23 2.53 1.77
31.2 3.21 2.53 1.77
31.3 3.19 2.52 1.77
31.4 3.17 2.52 1.77
31.5 3.15 2.52 1.77
31.6 3.13 2.51 1.77
31.7 3.11 2.51 1.77
31.8 3.09 2.51 1.77
31.9 3.07 2.51 1.77
32.0 3.06 2.51 1.77
32.1 3.04 2.51 1.77
32.2 3.02 2.51 1.77
32.3 3.01 2.51 1.77
32.4 3.0 2.51 1.77
32.5 2.98 2.5 1.77
32.6 2.97 2.5 1.77
32.7 2.96 2.5 1.77
32.8 2.94 2.49 1.77
32.9 2.92 2.49 1.77
33.0 2.9 2.48 1.77
33.1 2.88 2.47 1.77
33.2 2.86 2.45 1.78
33.3 2.83 2.44 1.78
33.4 2.81 2.42 1.78
33.5 2.79 2.41 1.78
33.6 2.77 2.39 1.78
33.7 2.75 2.37 1.78
33.8 2.74 2.35 1.78
33.9 2.72 2.33 1.78
34.0 2.71 2.32 1.78
34.1 2.7 2.3 1.79
34.2 2.7 2.27 1.79
34.3 2.7 2.25 1.8
34.4 2.7 2.23 1.81
34.5 2.71 2.22 1.81
34.6 2.71 2.2 1.82
34.7 2.72 2.19 1.82
34.8 2.73 2.18 1.82
34.9 2.73 2.18 1.82
35.0 2.73 2.18 1.82
35.1 2.74 2.18 1.82
35.2 2.75 2.19 1.82
35.3 2.76 2.19 1.82
35.4 2.78 2.2 1.81
35.5 2.81 2.22 1.81
35.6 2.84 2.23 1.81
35.7 2.87 2.25 1.81
35.8 2.9 2.27 1.8
35.9 2.94 2.29 1.8
36.0 2.98 2.31 1.8
36.1 3.02 2.33 1.8
36.2 3.05 2.35 1.8
36.3 3.09 2.37 1.8
36.4 3.13 2.39 1.79
36.5 3.16 2.42 1.79
36.6 3.2 2.44 1.79
36.7 3.24 2.46 1.79
36.8 3.27 2.48 1.79
36.9 3.31 2.49 1.79
37.0 3.35 2.51 1.79
37.1 3.38 2.53 1.79
37.2 3.42 2.55 1.79
37.3 3.45 2.57 1.79
37.4 3.49 2.58 1.79
37.5 3.52 2.6 1.79
37.6 3.55 2.61 1.79
37.7 3.59 2.63 1.79
37.8 3.62 2.64 1.8
37.9 3.65 2.66 1.8
38.0 3.68 2.67 1.8
38.1 3.71 2.68 1.8
38.2 3.74 2.69 1.8
38.3 3.77 2.71 1.8
38.4 3.8 2.72 1.8
38.5 3.83 2.73 1.8
38.6 3.86 2.74 1.8
38.7 3.88 2.75 1.8
38.8 3.91 2.76 1.8
38.9 3.93 2.77 1.8
39.0 3.96 2.78 1.8
39.1 3.98 2.79 1.8
39.2 4.0 2.8 1.8
39.3 4.03 2.81 1.8
39.4 4.05 2.82 1.8
39.5 4.07 2.83 1.8
39.6 4.09 2.84 1.8
39.7 4.1 2.84 1.8
39.8 4.12 2.85 1.8
39.9 4.13 2.86 1.8
40.0 4.14 2.87 1.8
40.1 4.14 2.87 1.81
40.2 4.13 2.87 1.81
40.3 4.12 2.88 1.81
40.4 4.11 2.88 1.81
40.5 4.08 2.87 1.81
40.6 4.06 2.87 1.81
40.7 4.03 2.87 1.81
40.8 4.01 2.87 1.81
40.9 3.98 2.87 1.81
41.0 3.95 2.88 1.81
41.1 3.93 2.88 1.81
41.2 3.9 2.89 1.81
41.3 3.87 2.9 1.81
41.4 3.84 2.91 1.81
41.5 3.81 2.91 1.81
41.6 3.78 2.92 1.81
41.7 3.75 2.93 1.81
41.8 3.71 2.93 1.81
41.9 3.68 2.94 1.81
42.0 3.64 2.95 1.81
42.1 3.61 2.96 1.81
42.2 3.58 2.97 1.81
42.3 3.55 2.98 1.81
42.4 3.51 2.99 1.81
42.5 3.48 3.0 1.81
42.6 3.45 3.02 1.81
42.7 3.42 3.03 1.81
42.8 3.39 3.04 1.81
42.9 3.35 3.05 1.81
43.0 3.32 3.06 1.82
43.1 3.29 3.07 1.82
43.2 3.26 3.08 1.82
43.3 3.23 3.09 1.82
43.4 3.2 3.1 1.82
43.5 3.18 3.12 1.82
43.6 3.15 3.13 1.82
43.7 3.13 3.14 1.82
43.8 3.1 3.15 1.82
43.9 3.07 3.16 1.82
44.0 3.04 3.18 1.82
44.1 3.02 3.19 1.82
44.2 2.99 3.2 1.82
44.3 2.97 3.21 1.82
44.4 2.95 3.23 1.82
44.5 2.93 3.24 1.83
44.6 2.91 3.25 1.83
44.7 2.89 3.26 1.83
44.8 2.87 3.27 1.83
44.9 2.85 3.28 1.83
45.0 2.83 3.29 1.83
45.1 2.81 3.29 1.83
45.2 2.79 3.3 1.83
45.3 2.77 3.31 1.83
45.4 2.75 3.31 1.83
45.5 2.73 3.32 1.83
45.6 2.71 3.33 1.83
45.7 2.69 3.33 1.83
45.8 2.67 3.33 1.83
45.9 2.65 3.34 1.83
46.0 2.63 3.34 1.83
46.1 2.61 3.34 1.83
46.2 2.59 3.34 1.83
46.3 2.57 3.34 1.83
46.4 2.56 3.34 1.83
46.5 2.54 3.33 1.84
46.6 2.52 3.33 1.84
46.7 2.51 3.33 1.84
46.8 2.49 3.32 1.84
46.9 2.48 3.31 1.84
47.0 2.47 3.31 1.84
47.1 2.46 3.3 1.84
47.2 2.45 3.3 1.84
47.3 2.44 3.29 1.85
47.4 2.43 3.29 1.85
47.5 2.42 3.29 1.85
47.6 2.42 3.28 1.85
47.7 2.41 3.28 1.85
47.8 2.41 3.28 1.85
47.9 2.41 3.27 1.85
48.0 2.4 3.27 1.85
48.1 2.4 3.27 1.85
48.2 2.4 3.26 1.85
48.3 2.4 3.26 1.86
48.4 2.4 3.26 1.86
48.5 2.41 3.25 1.86
48.6 2.41 3.25 1.86
48.7 2.41 3.24 1.86
48.8 2.41 3.24 1.86
48.9 2.41 3.23 1.86
49.0 2.4 3.23 1.86
49.1 2.4 3.22 1.86
49.2 2.4 3.22 1.86
49.3 2.4 3.21 1.86
49.4 2.4 3.21 1.86
49.5 2.4 3.2 1.86
49.6 2.39 3.2 1.86
49.7 2.39 3.2 1.86
49.8 2.39 3.19 1.86
49.9 2.39 3.19 1.86
