0.0 2.43 2.43 1.94
0.1 2.43 2.43 1.96
0.2 2.41 2.41 1.99
0.3 2.39 2.39 2.03
0.4 2.37 2.37 2.07
0.5 2.35 2.35 2.11
0.6 2.32 2.32 2.14
0.7 2.29 2.3 2.16
0.8 2.26 2.27 2.17
0.9 2.22 2.24 2.18
1.0 2.19 2.21 2.18
1.1 2.16 2.18 2.17
1.2 2.14 2.16 2.17
1.3 2.13 2.14 2.16
1.4 2.12 2.12 2.15
1.5 2.11 2.11 2.15
1.6 2.11 2.11 2.14
1.7 2.11 2.1 2.13
1.8 2.12 2.1 2.12
1.9 2.13 2.11 2.12
2.0 2.14 2.11 2.11
2.1 2.15 2.12 2.1
2.2 2.16 2.13 2.09
2.3 2.17 2.14 2.08
2.4 2.18 2.14 2.06
2.5 2.19 2.15 2.05
2.6 2.19 2.16 2.04
2.7 2.18 2.17 2.03
2.8 2.18 2.17 2.02
2.9 2.17 2.18 2.01
3.0 2.16 2.18 2.0
3.1 2.16 2.19 1.99
3.2 2.15 2.19 1.98
3.3 2.15 2.19 1.98
3.4 2.14 2.19 1.98
3.5 2.14 2.19 1.98
3.6 2.14 2.19 1.99
3.7 2.15 2.19 1.99
3.8 2.15 2.19 2.0
3.9 2.16 2.19 2.01
4.0 2.17 2.19 2.01
4.1 2.17 2.19 2.02
4.2 2.18 2.18 2.03
4.3 2.19 2.18 2.03
4.4 2.2 2.18 2.04
4.5 2.21 2.18 2.04
4.6 2.22 2.18 2.04
4.7 2.23 2.18 2.04
4.8 2.23 2.17 2.04
4.9 2.24 2.17 2.04
5.0 2.25 2.17 2.03
5.1 2.25 2.17 2.03
5.2 2.26 2.17 2.03
5.3 2.27 2.17 2.02
5.4 2.27 2.17 2.02
5.5 2.28 2.17 2.02
5.6 2.29 2.17 2.01
5.7 2.3 2.17 2.01
5.8 2.3 2.17 2.01
5.9 2.31 2.16 2.01
6.0 2.32 2.16 2.0
6.1 2.33 2.16 2.0
6.2 2.34 2.16 2.0
6.3 2.34 2.16 2.0
6.4 2.36 2.16 2.0
6.5 2.38 2.17 2.0
6.6 2.41 2.17 2.01
6.7 2.44 2.17 2.01
6.8 2.48 2.18 2.01
6.9 2.53 2.18 2.01
7.0 2.58 2.19 2.01
7.1 2.63 2.2 2.01
7.2 2.68 2.2 2.01
7.3 2.73 2.21 2.02
7.4 2.78 2.22 2.02
7.5 2.84 2.23 2.02
7.6 2.89 2.24 2.02
7.7 2.94 2.24 2.02
7.8 3.0 2.25 2.02
7.9 3.05 2.26 2.02
8.0 3.11 2.28 2.02
8.1 3.16 2.29 2.02
8.2 3.21 2.3 2.01
8.3 3.27 2.3 2.01
8.4 3.32 2.31 2.01
8.5 3.38 2.32 2.01
8.6 3.43 2.34 2.01
8.7 3.49 2.35 2.01
8.8 3.54 2.36 2.01
8.9 3.6 2.37 2.01
9.0 3.65 2.38 2.01
9.1 3.71 2.39 2.01
9.2 3.76 2.4 2.01
9.3 3.82 2.41 2.01
9.4 3.87 2.42 2.01
9.5 3.91 2.43 2.01
9.6 3.94 2.44 2.01
9.7 3.97 2.45 2.01
9.8 3.98 2.46 2.01
9.9 3.99 2.47 2.01
10.0 4.0 2.48 2.01
10.1 3.99 2.49 2.02
10.2 3.99 2.5 2.02
10.3 3.98 2.51 2.02
10.4 3.96 2.51 2.02
10.5 3.95 2.52 2.02
10.6 3.93 2.52 2.02
10.7 3.91 2.53 2.02
10.8 3.89 2.53 2.02
10.9 3.86 2.53 2.02
11.0 3.84 2.53 2.02
11.1 3.81 2.53 2.02
11.2 3.78 2.53 2.02
11.3 3.75 2.53 2.02
11.4 3.72 2.53 2.02
11.5 3.68 2.53 2.02
11.6 3.65 2.52 2.02
11.7 3.61 2.52 2.02
11.8 3.58 2.52 2.02
11.9 3.54 2.51 2.02
12.0 3.5 2.5 2.02
12.1 3.47 2.5 2.02
12.2 3.43 2.49 2.02
12.3 3.39 2.48 2.02
12.4 3.36 2.47 2.03
12.5 3.32 2.46 2.03
12.6 3.29 2.45 2.03
12.7 3.25 2.45 2.03
12.8 3.22 2.44 2.03
12.9 3.18 2.43 2.03
13.0 3.15 2.42 2.03
13.1 3.12 2.42 2.03
13.2 3.08 2.41 2.03
13.3 3.05 2.41 2.03
13.4 3.02 2.41 2.03
13.5 2.99 2.4 2.03
13.6 2.95 2.4 2.04
13.7 2.92 2.4 2.04
13.8 2.89 2.4 2.04
13.9 2.86 2.39 2.04
14.0 2.83 2.39 2.04
14.1 2.8 2.38 2.04
14.2 2.77 2.38 2.05
14.3 2.74 2.37 2.05
14.4 2.71 2.37 2.05
14.5 2.68 2.36 2.05
14.6 2.65 2.35 2.05
14.7 2.62 2.34 2.05
14.8 2.59 2.34 2.06
14.9 2.56 2.33 2.06
15.0 2.54 2.32 2.06
15.1 2.51 2.31 2.06
15.2 2.48 2.3 2.06
15.3 2.45 2.29 2.06
15.4 2.42 2.28 2.06
15.5 2.39 2.27 2.07
15.6 2.36 2.26 2.07
15.7 2.33 2.25 2.07
15.8 2.3 2.24 2.07
15.9 2.27 2.23 2.07
16.0 2.24 2.22 2.08
16.1 2.21 2.21 2.08
16.2 2.18 2.2 2.08
16.3 2.15 2.18 2.09
16.4 2.12 2.17 2.09
16.5 2.09 2.16 2.09
16.6 2.06 2.14 2.09
16.7 2.03 2.12 2.09
16.8 2.0 2.1 2.09
16.9 1.97 2.08 2.09
17.0 1.95 2.06 2.08
17.1 1.92 2.04 2.07
17.2 1.9 2.01 2.06
17.3 1.87 1.99 2.05
17.4 1.86 1.96 2.04
17.5 1.84 1.93 2.02
17.6 1.83 1.91 2.01
17.7 1.83 1.89 2.01
17.8 1.83 1.87 2.0
17.9 1.84 1.85 2.0
18.0 1.85 1.84 1.99
18.1 1.86 1.83 1.99
18.2 1.87 1.82 1.99
18.3 1.89 1.82 1.98
18.4 1.9 1.81 1.97
18.5 1.92 1.81 1.96
18.6 1.94 1.81 1.95
18.7 1.96 1.81 1.93
18.8 1.98 1.81 1.91
18.9 2.01 1.81 1.89
19.0 2.04 1.81 1.87
19.1 2.07 1.82 1.85
19.2 2.1 1.82 1.83
19.3 2.13 1.83 1.81
19.4 2.17 1.84 1.79
19.5 2.2 1.84 1.78
19.6 2.24 1.85 1.76
19.7 2.28 1.86 1.75
19.8 2.32 1.87 1.73
19.9 2.36 1.88 1.72
20.0 2.4 1.89 1.71
20.1 2.44 1.9 1.69
20.2 2.49 1.91 1.67
20.3 2.53 1.92 1.66
20.4 2.58 1.93 1.63
20.5 2.63 1.94 1.61
20.6 2.67 1.96 1.58
20.7 2.72 1.98 1.54
20.8 2.77 2.0 1.51
20.9 2.82 2.02 1.49
21.0 2.87 2.04 1.48
21.1 2.92 2.06 1.48
21.2 2.97 2.08 1.47
21.3 3.01 2.1 1.47
21.4 3.06 2.12 1.47
21.5 3.11 2.14 1.47
21.6 3.16 2.16 1.47
21.7 3.21 2.18 1.47
21.8 3.25 2.2 1.47
21.9 3.29 2.22 1.47
22.0 3.33 2.24 1.48
22.1 3.36 2.27 1.48
22.2 3.39 2.29 1.48
22.3 3.41 2.31 1.48
22.4 3.44 2.34 1.49
22.5 3.46 2.36 1.49
22.6 3.48 2.38 1.49
22.7 3.5 2.4 1.5
22.8 3.53 2.42 1.5
22.9 3.55 2.44 1.51
23.0 3.57 2.46 1.51
23.1 3.59 2.47 1.52
23.2 3.61 2.49 1.52
23.3 3.62 2.5 1.53
23.4 3.63 2.51 1.53
23.5 3.64 2.52 1.54
23.6 3.64 2.53 1.54
23.7 3.63 2.53 1.54
23.8 3.64 2.54 1.55
23.9 3.64 2.54 1.55
24.0 3.65 2.54 1.55
24.1 3.65 2.54 1.55
24.2 3.66 2.54 1.55
24.3 3.67 2.55 1.55
24.4 3.67 2.55 1.55
24.5 3.67 2.55 1.55
24.6 3.67 2.55 1.55
24.7 3.67 2.55 1.55
24.8 3.67 2.55 1.55
24.9 3.67 2.56 1.56
25.0 3.68 2.56 1.56
25.1 3.69 2.56 1.56
25.2 3.71 2.57 1.56
25.3 3.73 2.57 1.57
25.4 3.74 2.58 1.57
25.5 3.74 2.58 1.57
25.6 3.74 2.58 1.57
25.7 3.74 2.58 1.57
25.8 3.73 2.59 1.57
25.9 3.73 2.59 1.58
26.0 3.73 2.59 1.58
26.1 3.73 2.59 1.58
26.2 3.73 2.59 1.58
26.3 3.73 2.59 1.58
26.4 3.73 2.59 1.58
26.5 3.73 2.59 1.58
26.6 3.72 2.59 1.58
26.7 3.72 2.59 1.59
26.8 3.72 2.59 1.59
26.9 3.72 2.59 1.59
27.0 3.72 2.59 1.59
27.1 3.72 2.59 1.59
27.2 3.72 2.59 1.59
27.3 3.72 2.59 1.59
27.4 3.72 2.59 1.59
27.5 3.72 2.59 1.59
27.6 3.72 2.59 1.59
27.7 3.72 2.59 1.59
27.8 3.72 2.59 1.6
27.9 3.71 2.59 1.6
28.0 3.71 2.59 1.6
28.1 3.7 2.59 1.6
28.2 3.7 2.59 1.6
28.3 3.69 2.59 1.6
28.4 3.68 2.59 1.6
28.5 3.67 2.59 1.6
28.6 3.66 2.59 1.6
28.7 3.65 2.59 1.6
28.8 3.65 2.59 1.6
28.9 3.64 2.59 1.61
29.0 3.64 2.59 1.61
29.1 3.63 2.59 1.61
29.2 3.62 2.59 1.61
29.3 3.62 2.59 1.61
29.4 3.61 2.59 1.61
29.5 3.6 2.59 1.61
29.6 3.59 2.59 1.61
29.7 3.58 2.59 1.61
29.8 3.56 2.59 1.61
29.9 3.55 2.59 1.61
30.0 3.54 2.59 1.62
30.1 3.53 2.59 1.62
30.2 3.52 2.59 1.62
30.3 3.5 2.59 1.62
30.4 3.49 2.59 1.62
30.5 3.47 2.59 1.62
30.6 3.45 2.6 1.62
30.7 3.43 2.6 1.61
30.8 3.41 2.6 1.61
30.9 3.4 2.6 1.61
31.0 3.38 2.6 1.61
31.1 3.36 2.6 1.61
31.2 3.34 2.6 1.61
31.3 3.32 2.6 1.61
31.4 3.3 2.6 1.61
31.5 3.28 2.6 1.61
31.6 3.26 2.6 1.61
31.7 3.24 2.59 1.61
31.8 3.22 2.59 1.62
31.9 3.2 2.59 1.62
32.0 3.18 2.58 1.62
32.1 3.16 2.57 1.62
32.2 3.13 2.56 1.62
32.3 3.11 2.56 1.62
32.4 3.09 2.55 1.62
32.5 3.08 2.54 1.61
32.6 3.06 2.53 1.61
32.7 3.05 2.52 1.61
32.8 3.03 2.51 1.6
32.9 3.01 2.5 1.6
33.0 2.99 2.49 1.6
33.1 2.97 2.48 1.6
33.2 2.95 2.46 1.6
33.3 2.93 2.45 1.6
33.4 2.92 2.44 1.6
33.5 2.9 2.42 1.6
33.6 2.89 2.41 1.6
33.7 2.89 2.4 1.6
33.8 2.89 2.39 1.6
33.9 2.89 2.37 1.6
34.0 2.89 2.36 1.6
34.1 2.89 2.35 1.6
34.2 2.88 2.33 1.61
34.3 2.87 2.32 1.61
34.4 2.86 2.31 1.61
34.5 2.84 2.3 1.61
34.6 2.84 2.3 1.61
34.7 2.84 2.29 1.61
34.8 2.85 2.29 1.61
34.9 2.86 2.3 1.61
35.0 2.88 2.3 1.61
35.1 2.9 2.31 1.61
35.2 2.93 2.32 1.61
35.3 2.96 2.32 1.61
35.4 2.99 2.33 1.61
35.5 3.02 2.34 1.61
35.6 3.06 2.35 1.61
35.7 3.1 2.37 1.62
35.8 3.13 2.38 1.62
35.9 3.17 2.39 1.62
36.0 3.2 2.4 1.62
36.1 3.23 2.41 1.62
36.2 3.26 2.42 1.62
36.3 3.29 2.43 1.62
36.4 3.32 2.44 1.62
36.5 3.35 2.45 1.62
36.6 3.38 2.46 1.62
36.7 3.4 2.46 1.62
36.8 3.43 2.47 1.62
36.9 3.46 2.47 1.62
37.0 3.48 2.48 1.62
37.1 3.5 2.49 1.62
37.2 3.52 2.49 1.63
37.3 3.54 2.49 1.63
37.4 3.57 2.5 1.63
37.5 3.59 2.5 1.63
37.6 3.61 2.5 1.63
37.7 3.62 2.51 1.63
37.8 3.64 2.51 1.63
37.9 3.66 2.51 1.63
38.0 3.67 2.51 1.63
38.1 3.69 2.52 1.63
38.2 3.7 2.52 1.63
38.3 3.72 2.52 1.63
38.4 3.73 2.52 1.63
38.5 3.74 2.52 1.64
38.6 3.75 2.52 1.64
38.7 3.77 2.52 1.64
38.8 3.78 2.53 1.64
38.9 3.79 2.53 1.64
39.0 3.8 2.53 1.64
39.1 3.81 2.53 1.64
39.2 3.81 2.53 1.64
39.3 3.82 2.53 1.64
39.4 3.82 2.53 1.64
39.5 3.83 2.53 1.64
39.6 3.84 2.54 1.64
39.7 3.85 2.54 1.65
39.8 3.87 2.56 1.65
39.9 3.9 2.58 1.65
40.0 3.92 2.6 1.65
40.1 3.94 2.63 1.65
40.2 3.96 2.65 1.65
40.3 3.97 2.68 1.65
40.4 3.98 2.71 1.65
40.5 3.98 2.73 1.65
40.6 3.98 2.75 1.65
40.7 3.97 2.77 1.65
40.8 3.96 2.79 1.65
40.9 3.95 2.81 1.65
41.0 3.93 2.83 1.66
41.1 3.91 2.84 1.66
41.2 3.89 2.86 1.66
41.3 3.86 2.87 1.66
41.4 3.84 2.89 1.66
41.5 3.81 2.9 1.66
41.6 3.79 2.91 1.66
41.7 3.76 2.93 1.66
41.8 3.73 2.95 1.66
41.9 3.7 2.96 1.66
42.0 3.67 2.98 1.66
42.1 3.64 3.0 1.66
42.2 3.62 3.02 1.67
42.3 3.59 3.03 1.67
42.4 3.56 3.04 1.67
42.5 3.53 3.05 1.67
42.6 3.5 3.06 1.67
42.7 3.47 3.07 1.67
42.8 3.44 3.08 1.67
42.9 3.41 3.1 1.67
43.0 3.38 3.11 1.67
43.1 3.35 3.12 1.67
43.2 3.32 3.14 1.68
43.3 3.29 3.15 1.68
43.4 3.27 3.17 1.68
43.5 3.24 3.18 1.68
43.6 3.21 3.19 1.68
43.7 3.19 3.2 1.68
43.8 3.16 3.21 1.68
43.9 3.14 3.22 1.68
44.0 3.11 3.24 1.68
44.1 3.09 3.25 1.68
44.2 3.07 3.26 1.68
44.3 3.04 3.27 1.69
44.4 3.02 3.28 1.69
44.5 3.0 3.29 1.69
44.6 2.97 3.3 1.69
44.7 2.95 3.31 1.69
44.8 2.93 3.32 1.69
44.9 2.91 3.33 1.69
45.0 2.89 3.34 1.69
45.1 2.86 3.34 1.69
45.2 2.84 3.35 1.7
45.3 2.82 3.36 1.7
45.4 2.8 3.36 1.7
45.5 2.78 3.37 1.7
45.6 2.75 3.37 1.7
45.7 2.73 3.38 1.7
45.8 2.71 3.38 1.7
45.9 2.69 3.38 1.7
46.0 2.67 3.38 1.71
46.1 2.64 3.38 1.71
46.2 2.62 3.38 1.71
46.3 2.6 3.38 1.71
46.4 2.58 3.38 1.71
46.5 2.56 3.37 1.71
46.6 2.54 3.37 1.72
46.7 2.52 3.36 1.72
46.8 2.5 3.36 1.72
46.9 2.49 3.35 1.72
47.0 2.47 3.35 1.72
47.1 2.46 3.34 1.72
47.2 2.45 3.33 1.72
47.3 2.44 3.33 1.72
47.4 2.42 3.32 1.73
47.5 2.41 3.32 1.73
47.6 2.4 3.32 1.73
47.7 2.4 3.31 1.73
47.8 2.39 3.31 1.73
47.9 2.38 3.31 1.73
48.0 2.37 3.31 1.73
48.1 2.37 3.3 1.73
48.2 2.36 3.3 1.73
48.3 2.36 3.3 1.73
48.4 2.35 3.3 1.74
48.5 2.35 3.29 1.74
48.6 2.35 3.29 1.74
48.7 2.34 3.29 1.74
48.8 2.34 3.29 1.74
48.9 2.34 3.29 1.74
49.0 2.34 3.28 1.74
49.1 2.34 3.28 1.74
49.2 2.34 3.28 1.74
49.3 2.34 3.28 1.75
49.4 2.33 3.28 1.75
49.5 2.33 3.28 1.75
49.6 2.33 3.28 1.75
49.7 2.33 3.28 1.75
49.8 2.33 3.27 1.75
49.9 2.33 3.27 1.75
