%x y z u v w
-0.591 -0.485 0.405 0.835 -0.543 -0.084
-0.521 -0.471 0.162 0.849 -0.505 0.155
-0.476 -0.460 -0.084 0.838 -0.488 0.244
-0.495 -0.478 -0.334 0.857 -0.454 0.243
-0.556 -0.508 -0.576 0.855 -0.492 0.165
-0.643 -0.516 -0.445 0.630 -0.767 0.122
-0.693 -0.584 -0.083 0.854 -0.515 0.074
-0.816 -0.502 -0.047 0.948 -0.281 0.146
-0.746 -0.400 0.171 0.978 -0.120 0.172
-0.716 -0.351 0.415 0.975 -0.141 0.173
-0.702 -0.331 0.664 0.971 -0.174 0.167
-1.514 0.380 1.957 0.194 0.956 -0.220
-0.926 0.075 0.411 0.813 -0.579 -0.057
-0.867 0.071 0.272 0.789 -0.580 0.205
-0.848 0.060 0.022 0.818 -0.547 0.178
-0.886 0.039 -0.226 0.828 -0.526 0.195
-0.753 0.010 -0.244 0.888 -0.457 -0.050
-0.524 -0.030 -0.142 0.871 -0.416 -0.261
-0.285 -0.085 -0.081 0.912 -0.364 -0.186
-0.034 -0.098 -0.046 0.968 -0.249 0.019
-0.029 0.197 0.312 0.338 -0.686 0.645
0.201 0.045 -0.049 0.976 0.122 0.179
0.124 0.016 0.033 0.523 0.335 0.784
0.081 0.019 0.051 0.499 0.074 0.863
0.287 -0.137 0.042 0.663 0.728 -0.171
0.713 0.255 -0.024 0.464 -0.769 -0.441
0.595 -0.075 -0.283 0.693 0.573 0.437
0.470 -0.080 -0.254 0.510 0.763 0.397
0.311 -0.049 -0.224 0.319 0.905 0.282
0.194 -0.010 -0.190 0.108 0.985 0.134
0.068 0.030 -0.132 -0.181 0.982 -0.051
-0.030 0.057 -0.075 -0.431 0.901 -0.048
-0.117 0.077 -0.005 -0.650 0.757 -0.059
-0.199 0.091 0.089 -0.814 0.566 -0.133
-0.291 0.103 0.279 -0.932 0.332 -0.145
-0.154 0.061 0.296 -0.671 0.660 -0.338
-0.069 0.061 0.275 -0.452 0.823 -0.344
-0.003 0.060 0.240 -0.215 0.934 -0.284
0.050 0.042 0.176 0.005 0.989 -0.147
0.098 0.020 0.062 0.219 0.976 0.005
0.129 0.013 -0.063 0.445 0.886 0.129
0.149 0.021 -0.119 0.650 0.735 0.195
0.164 0.036 -0.134 0.859 0.501 0.108
0.159 0.058 -0.008 0.976 -0.151 0.156
-0.013 0.112 1.024 0.928 0.017 0.371
-0.078 0.089 0.784 0.945 0.032 0.326
-0.052 0.081 0.599 0.995 0.069 0.071
0.101 0.068 0.399 0.990 0.138 -0.018
0.126 0.021 -0.286 0.971 0.037 0.237
0.220 -0.071 -0.287 0.990 0.143 -0.007
-0.053 0.006 0.379 0.528 0.679 -0.510
0.450 0.056 -0.007 0.996 0.019 0.091
0.627 -0.007 0.151 0.128 0.262 -0.956
0.322 0.125 -0.576 -0.534 -0.839 -0.105
0.405 0.349 -0.695 0.648 0.725 0.231
0.004 0.204 -0.552 0.382 -0.924 -0.024
-0.078 0.152 -0.496 0.219 -0.958 0.183
-0.042 0.115 -0.421 0.518 -0.704 0.485
0.026 -0.103 -0.316 0.683 -0.600 0.417
0.077 -0.111 -0.227 0.841 -0.483 0.245
0.193 0.008 -0.007 0.950 -0.303 -0.068
0.148 0.206 0.194 0.998 0.056 0.003
-0.047 0.056 -0.018 0.940 0.148 0.308
-0.138 0.055 0.014 0.983 0.175 0.050
0.188 0.200 0.137 -0.170 -0.684 -0.709
0.159 -0.039 -0.276 0.472 0.693 0.545
-0.080 0.015 -0.211 0.338 0.784 0.521
-0.176 0.059 -0.042 0.562 0.730 0.389
-0.126 0.040 -0.024 0.754 0.603 0.259
0.394 0.047 -0.044 -0.249 0.067 -0.966
0.411 0.036 -0.296 0.967 0.055 0.248
0.158 0.226 -0.542 0.675 0.708 0.206
0.040 0.210 -0.489 0.645 0.612 0.457
-0.067 0.150 -0.374 0.677 0.405 0.615
-0.034 0.125 0.848 0.990 -0.126 0.060
-0.274 0.111 0.630 0.941 -0.161 0.298
-0.304 0.096 0.379 0.935 -0.173 0.310
-0.325 0.084 0.130 0.953 -0.161 0.257
-0.363 0.028 -0.111 0.978 -0.054 0.201
-0.442 -0.118 -0.298 0.980 0.012 0.199
0.470 0.065 -0.066 0.759 0.189 0.623
0.418 0.086 0.097 -0.965 0.240 0.103
0.118 0.177 0.156 0.045 0.917 0.396
0.182 0.048 -0.050 -0.047 -0.971 -0.233
0.124 0.061 -0.024 0.022 -0.999 0.031
-0.087 -0.017 -0.042 0.281 -0.959 0.025
-0.145 -0.011 -0.028 0.523 -0.851 0.048
-0.158 -0.009 -0.016 0.725 -0.685 0.065
-0.250 -0.625 1.352 0.805 0.520 0.287
-0.288 -0.586 1.105 0.792 0.547 0.271
-0.280 -0.489 0.872 0.803 0.564 0.195
-0.283 -0.413 0.634 0.787 0.588 0.187
-0.272 -0.372 0.464 0.917 0.362 0.166
-0.237 -0.350 0.216 0.929 0.319 0.186
-0.081 -0.303 0.026 0.949 0.307 0.070
-0.310 0.027 -0.003 0.862 -0.401 0.310
0.211 -0.033 0.060 0.882 0.348 0.319
0.004 -0.065 0.035 0.730 0.476 0.490
-0.349 -0.003 0.084 0.799 0.540 0.265
-0.387 0.026 0.112 0.909 0.412 0.060
-0.112 -0.057 1.136 0.896 0.285 0.341
-0.173 -0.045 0.893 0.889 0.315 0.332
-0.242 -0.050 0.651 0.911 0.342 0.230
-0.372 -0.039 0.438 0.854 0.353 0.383
-0.558 -0.008 -0.068 0.898 0.358 0.256
-0.592 0.002 0.086 0.964 0.103 0.244
-0.636 -0.003 0.102 0.965 -0.159 0.209
-0.280 -0.034 0.008 0.860 0.160 0.484
-0.844 -0.003 0.086 0.957 0.230 0.178
-0.328 0.333 0.697 0.917 0.381 0.116
-0.460 0.198 0.533 0.866 0.424 0.264
-0.590 0.091 0.346 0.794 0.490 0.359
-0.681 -0.012 -0.194 0.905 0.426 0.004
-0.694 -0.025 -0.150 0.983 0.177 0.048
