0.000 0.000 0.000 1.835
0.210 0.000 0.000 1.836
0.439 0.000 0.000 1.834
0.669 -0.000 0.000 1.832
0.869 -0.000 0.000 1.835
1.071 -0.000 0.000 1.832
1.270 -0.000 0.000 1.832
1.470 -0.000 -0.000 1.836
1.670 -0.000 -0.000 1.835
1.870 -0.000 0.000 1.833
2.071 -0.000 -0.000 1.835
2.270 -0.000 -0.000 1.835
2.470 0.000 0.000 1.832
2.670 -0.000 0.000 1.832
2.870 -0.000 0.000 1.832
3.070 -0.000 0.000 1.832
3.271 -0.000 0.000 1.832
3.470 -0.000 -0.000 1.834
3.671 -0.000 0.000 1.833
3.869 -0.000 0.000 1.832
4.070 0.000 0.000 1.830
4.280 -0.000 0.000 1.832
4.480 0.000 0.000 1.830
4.680 -0.001 0.000 1.831
4.880 -0.001 0.000 1.831
5.080 -0.001 -0.000 1.832
5.280 -0.001 0.000 1.831
5.479 -0.000 0.001 1.830
5.680 -0.003 -0.001 1.833
5.879 -0.004 -0.001 1.835
6.080 -0.002 -0.000 1.834
6.280 -0.002 0.000 1.834
6.480 0.000 0.002 1.831
6.680 0.002 0.004 1.830
6.880 0.006 0.006 1.827
7.080 0.005 0.005 1.827
7.280 -0.000 -0.001 1.830
7.480 -0.002 -0.003 1.831
7.680 -0.003 -0.005 1.833
7.880 0.000 -0.002 1.832
8.090 0.010 0.005 1.829
8.290 0.011 0.004 1.829
8.490 0.011 0.002 1.829
8.690 0.012 -0.003 1.831
8.890 0.013 -0.012 1.836
9.090 0.013 -0.003 1.833
9.290 0.014 -0.006 1.834
9.490 0.014 -0.013 1.836
9.690 0.017 -0.003 1.833
9.890 0.021 0.006 1.831
10.090 0.030 0.024 1.827
10.290 0.029 0.010 1.829
10.490 0.030 0.006 1.830
10.689 0.034 0.016 1.834
10.890 0.035 0.011 1.835
11.093 0.033 -0.002 1.833
11.321 0.032 -0.012 1.831
11.501 0.033 -0.021 1.829
11.689 0.033 -0.019 1.829
11.921 0.032 -0.019 1.829
12.101 0.031 -0.013 1.831
12.289 0.030 -0.010 1.832
12.521 0.036 -0.015 1.831
12.701 0.026 -0.018 1.832
12.889 -0.029 -0.019 1.836
13.125 0.063 -0.010 1.831
13.305 0.086 -0.010 1.829
13.490 0.078 -0.018 1.829
13.725 0.037 -0.035 1.832
13.910 0.021 -0.042 1.834
14.141 0.032 -0.038 1.833
14.321 0.032 -0.044 1.834
14.510 0.072 -0.003 1.831
14.741 0.080 0.000 1.830
14.922 0.039 -0.066 1.833
15.110 0.081 -0.008 1.829
15.345 0.086 -0.007 1.828
15.521 0.068 -0.034 1.830
15.721 0.087 0.011 1.827
15.945 0.060 -0.098 1.830
16.121 0.020 -0.242 1.835
16.320 0.031 -0.173 1.834
16.545 0.025 -0.169 1.836
16.725 0.032 -0.125 1.835
16.921 0.046 -0.055 1.832
17.141 0.048 -0.043 1.831
17.321 0.024 -0.126 1.835
17.520 0.023 -0.105 1.835
17.741 0.021 -0.103 1.836
17.925 0.014 -0.033 1.832
18.161 0.017 -0.052 1.832
18.343 0.007 -0.021 1.831
18.530 0.025 -0.106 1.834
18.761 0.033 -0.177 1.838
18.946 0.024 -0.179 1.841
19.130 0.003 -0.140 1.841
19.361 -0.040 -0.036 1.836
19.545 -0.037 -0.028 1.836
19.733 -0.030 -0.029 1.836
19.961 -0.013 -0.050 1.837
20.141 -0.034 -0.020 1.836
20.330 -0.051 0.014 1.833
20.561 -0.033 -0.004 1.833
20.741 -0.014 -0.028 1.835
20.930 -0.003 -0.043 1.837
21.165 -0.001 -0.047 1.839
21.345 -0.027 -0.010 1.833
21.532 -0.015 -0.018 1.835
21.753 -0.010 -0.022 1.836
21.935 -0.002 -0.033 1.838
22.130 -0.006 -0.027 1.838
22.353 -0.011 -0.011 1.835
22.534 -0.008 -0.010 1.834
22.730 -0.005 -0.011 1.834
22.953 -0.003 -0.018 1.835
23.136 -0.002 -0.017 1.836
23.330 -0.000 -0.008 1.834
23.557 0.003 0.004 1.832
23.745 0.007 0.002 1.831
23.930 0.012 0.034 1.825
24.157 0.028 0.168 1.803
24.333 0.050 0.303 1.777
24.530 0.074 0.443 1.747
24.754 0.761 0.077 1.481
24.941 0.756 0.073 1.436
25.174 0.750 0.074 1.391
25.353 0.743 0.076 1.346
25.540 0.736 0.077 1.344
25.774 0.661 0.041 1.376
25.953 0.664 0.069 1.464
26.140 0.483 -0.101 1.337
26.373 0.483 -0.116 1.315
26.554 0.509 -0.153 1.437
26.740 0.535 -0.192 1.466
26.973 0.602 0.014 1.215
27.153 0.597 0.011 1.183
27.340 0.593 0.006 1.142
27.576 0.587 0.001 1.093
27.753 0.579 -0.004 1.047
27.940 0.570 -0.010 1.003
28.174 0.557 -0.016 0.950
28.354 0.546 -0.019 0.899
28.540 0.535 -0.023 0.851
28.773 0.522 -0.027 0.803
28.953 0.510 -0.030 0.756
29.140 0.496 -0.033 0.703
29.377 0.481 -0.036 0.653
29.575 0.465 -0.038 0.603
29.758 0.452 -0.039 0.568
29.940 0.440 -0.040 0.545
30.173 0.430 -0.040 0.531
30.354 0.420 -0.041 0.524
30.540 0.411 -0.040 0.522
30.773 0.404 -0.040 0.522
30.953 0.397 -0.039 0.526
31.140 0.390 -0.039 0.533
31.373 0.383 -0.039 0.541
31.557 0.375 -0.040 0.551
31.740 0.368 -0.040 0.562
31.973 0.361 -0.041 0.575
32.153 0.354 -0.043 0.589
32.346 0.348 -0.045 0.604
32.573 0.344 -0.046 0.623
32.753 0.341 -0.047 0.644
32.940 0.338 -0.047 0.664
33.173 0.337 -0.046 0.685
33.353 0.336 -0.044 0.692
33.540 0.335 -0.042 0.690
33.774 0.333 -0.040 0.669
33.953 0.327 -0.039 0.645
34.140 0.319 -0.038 0.614
34.373 0.310 -0.037 0.578
34.557 0.298 -0.038 0.539
34.740 0.285 -0.038 0.497
34.977 0.270 -0.039 0.454
35.157 0.254 -0.041 0.408
35.340 0.239 -0.042 0.371
35.573 0.226 -0.043 0.346
35.757 0.215 -0.042 0.332
35.940 0.206 -0.041 0.323
36.173 0.197 -0.039 0.321
36.353 0.188 -0.038 0.322
36.540 0.180 -0.037 0.327
36.773 0.171 -0.035 0.335
36.953 0.163 -0.034 0.344
37.140 0.155 -0.032 0.357
37.374 0.146 -0.030 0.369
37.553 0.138 -0.028 0.382
37.740 0.131 -0.026 0.382
37.974 0.123 -0.026 0.367
38.154 0.114 -0.025 0.343
38.340 0.103 -0.026 0.313
38.573 0.092 -0.027 0.279
38.757 0.081 -0.029 0.257
38.940 0.072 -0.029 0.244
39.173 0.063 -0.030 0.239
39.353 0.055 -0.029 0.238
39.540 0.047 -0.029 0.243
39.773 0.039 -0.028 0.251
39.955 0.032 -0.027 0.263
40.140 0.025 -0.025 0.276
40.373 0.019 -0.023 0.292
40.553 0.014 -0.021 0.311
40.740 0.010 -0.018 0.330
40.973 0.006 -0.015 0.352
41.153 0.003 -0.012 0.375
41.342 0.001 -0.007 0.401
41.573 0.000 -0.003 0.427
41.753 -0.000 0.001 0.456
41.941 -0.000 0.006 0.484
42.185 0.001 0.011 0.515
42.353 0.003 0.016 0.549
42.550 0.005 0.023 0.581
42.777 0.007 0.029 0.616
42.954 0.010 0.035 0.651
43.150 0.014 0.042 0.687
43.377 0.018 0.049 0.723
43.555 0.021 0.056 0.760
43.750 0.025 0.063 0.797
43.973 0.029 0.070 0.837
44.154 0.034 0.077 0.877
44.350 0.038 0.083 0.916
44.573 0.043 0.089 0.959
44.755 0.049 0.097 1.001
44.950 0.054 0.104 1.045
45.173 0.059 0.109 1.088
45.357 0.066 0.115 1.133
45.550 0.066 0.113 1.176
45.773 0.077 0.119 1.257
45.957 0.085 0.125 1.391
46.150 0.094 0.130 1.460
46.373 0.103 0.136 1.511
46.553 0.114 0.142 1.558
46.750 0.127 0.147 1.602
46.973 0.142 0.150 1.644
47.157 0.159 0.151 1.691
47.351 0.178 0.150 1.733
47.573 0.199 0.148 1.773
47.753 0.221 0.147 1.811
47.950 0.246 0.148 1.842
48.177 0.278 0.156 1.860
48.360 0.317 0.174 1.858
48.597 0.357 0.195 1.849
48.773 0.392 0.211 1.839
48.960 0.424 0.217 1.836
49.197 0.455 0.216 1.837
49.378 0.487 0.212 1.836
49.560 0.519 0.205 1.832
49.793 0.550 0.188 1.830
49.973 0.581 0.165 1.828
50.160 0.615 0.127 1.831
50.393 0.646 0.092 1.829
50.573 0.675 0.054 1.827
50.760 0.707 0.004 1.827
50.994 0.729 -0.047 1.824
51.177 0.749 -0.107 1.823
51.360 0.780 -0.190 1.827
51.593 0.794 -0.258 1.827
51.773 0.805 -0.337 1.832
51.960 0.804 -0.402 1.832
52.193 0.804 -0.472 1.834
52.375 0.786 -0.531 1.835
52.561 0.747 -0.572 1.833
52.793 0.709 -0.624 1.833
52.973 0.682 -0.682 1.835
53.160 0.649 -0.736 1.837
53.393 0.587 -0.777 1.835
53.577 0.524 -0.811 1.834
53.759 0.458 -0.841 1.833
53.997 0.372 -0.846 1.829
54.185 0.302 -0.877 1.830
54.370 0.228 -0.895 1.830
54.605 0.156 -0.916 1.832
54.782 0.077 -0.921 1.832
54.973 -0.003 -0.921 1.833
55.201 -0.098 -0.901 1.831
55.381 -0.188 -0.878 1.829
55.570 -0.255 -0.865 1.830
55.801 -0.316 -0.849 1.831
55.981 -0.395 -0.813 1.829
56.180 -0.481 -0.763 1.825
56.405 -0.485 -0.758 1.828
56.585 -0.500 -0.739 1.829
56.780 -0.508 -0.718 1.832
57.001 -0.597 -0.649 1.826
57.181 -0.603 -0.620 1.827
57.380 -0.582 -0.600 1.829
57.601 -0.608 -0.549 1.827
57.781 -0.595 -0.515 1.828
57.980 -0.597 -0.471 1.827
58.205 -0.557 -0.447 1.829
58.381 -0.567 -0.395 1.826
58.580 -0.559 -0.352 1.825
58.802 -0.666 -0.268 1.811
58.985 -0.779 -0.167 1.792
59.180 -0.912 -0.046 1.765
59.401 -1.010 0.072 1.736
59.585 -1.058 0.190 1.702
59.780 -1.090 0.304 1.664
60.001 -1.065 0.413 1.624
60.182 -1.035 0.523 1.581
60.381 -0.990 0.628 1.536
60.601 0.797 0.138 1.244
60.786 0.777 0.133 1.205
60.980 0.761 0.127 1.160
61.201 0.749 0.123 1.112
61.381 0.735 0.119 1.061
61.580 0.721 0.114 1.012
61.801 0.706 0.109 0.964
61.990 0.690 0.104 0.915
62.180 0.672 0.098 0.865
62.401 0.654 0.092 0.816
62.581 0.636 0.086 0.766
62.779 0.616 0.077 0.772
63.001 0.597 0.073 0.667
63.181 0.577 0.066 0.619
63.380 0.555 0.059 0.567
63.601 0.534 0.053 0.518
63.781 0.513 0.046 0.469
63.980 0.490 0.038 0.418
64.201 0.468 0.031 0.368
64.385 0.445 0.023 0.317
64.580 0.423 0.015 0.266
64.801 0.401 0.006 0.217
64.981 0.378 -0.002 0.168
65.180 0.354 -0.011 0.113
65.403 0.331 -0.019 0.063
65.582 0.307 -0.029 0.012
65.780 0.284 -0.039 -0.039
66.001 0.263 -0.049 -0.086
66.181 0.242 -0.058 -0.124
66.380 0.225 -0.065 -0.144
66.602 0.196 -0.076 -0.159
66.785 0.146 -0.091 -0.168
66.980 0.091 -0.097 -0.173
67.201 0.042 -0.078 -0.174
67.381 0.000 -0.041 -0.169
67.580 -0.031 -0.002 -0.160
67.801 -0.049 0.027 -0.150
67.981 -0.051 0.043 -0.142
68.185 -0.047 0.043 -0.138
68.401 -0.035 0.035 -0.138
68.581 -0.022 0.026 -0.132
68.780 -0.008 0.015 -0.128
69.001 0.001 0.006 -0.119
69.185 0.007 0.001 -0.107
69.381 0.012 -0.002 -0.095
69.602 0.017 -0.004 -0.081
69.781 0.021 -0.005 -0.069
69.980 0.022 -0.004 -0.058
70.201 0.020 -0.003 -0.049
70.381 0.017 -0.001 -0.042
70.580 0.013 0.001 -0.039
70.801 0.010 0.002 -0.038
70.984 0.008 0.002 -0.040
71.180 0.006 0.003 -0.043
71.401 0.005 0.005 -0.049
71.581 0.004 0.006 -0.053
71.780 0.002 0.007 -0.061
72.001 0.001 0.009 -0.065
72.181 -0.001 0.010 -0.068
72.380 -0.002 0.011 -0.067
72.601 -0.003 0.012 -0.069
72.781 -0.004 0.012 -0.068
72.980 -0.004 0.012 -0.066
73.203 0.004 0.009 -0.066
73.385 0.039 -0.007 -0.073
73.580 0.089 -0.030 -0.086
73.805 0.146 -0.053 -0.101
73.986 0.211 -0.076 -0.120
74.180 0.283 -0.099 -0.141
74.401 0.357 -0.122 -0.159
74.581 0.428 -0.141 -0.176
74.781 0.495 -0.149 -0.196
75.001 0.556 -0.140 -0.217
75.189 0.609 -0.119 -0.240
75.380 0.659 -0.093 -0.260
75.602 0.706 -0.069 -0.268
75.785 0.760 -0.049 -0.267
75.980 0.814 -0.033 -0.259
76.205 0.875 -0.017 -0.248
76.385 0.931 -0.002 -0.235
76.580 0.973 0.007 -0.219
76.805 0.991 0.008 -0.203
76.981 0.988 0.006 -0.189
77.180 0.973 0.003 -0.175
77.405 0.950 0.000 -0.158
77.585 0.932 -0.004 -0.137
77.780 0.913 -0.008 -0.116
78.005 0.904 -0.011 -0.094
78.181 0.898 -0.012 -0.071
78.380 0.896 -0.013 -0.051
78.601 0.899 -0.014 -0.035
78.781 0.904 -0.013 -0.025
78.980 0.908 -0.011 -0.020
79.205 0.912 -0.009 -0.020
79.382 0.915 -0.005 -0.025
79.580 0.918 -0.002 -0.032
79.801 0.920 0.001 -0.041
79.981 0.922 0.003 -0.049
80.180 0.922 0.004 -0.055
80.401 0.921 0.003 -0.063
80.581 0.922 0.003 -0.066
80.780 0.921 0.002 -0.068
81.001 0.921 0.001 -0.068
81.185 0.921 0.000 -0.067
81.380 0.921 -0.001 -0.064
81.601 0.921 -0.002 -0.063
81.781 0.923 -0.003 -0.058
81.980 0.924 -0.003 -0.056
82.205 0.925 -0.003 -0.054
82.381 0.926 -0.004 -0.052
82.580 0.928 -0.005 -0.050
82.805 0.930 -0.006 -0.050
82.981 0.931 -0.006 -0.051
83.180 0.931 -0.007 -0.052
83.401 0.932 -0.007 -0.054
83.581 0.931 -0.008 -0.055
83.780 0.929 -0.007 -0.057
84.001 0.929 -0.005 -0.056
84.181 0.928 -0.005 -0.059
84.380 0.927 -0.003 -0.062
84.605 0.926 -0.002 -0.062
84.781 0.925 -0.002 -0.063
84.980 0.924 -0.001 -0.062
85.201 0.924 -0.002 -0.060
85.385 0.923 -0.001 -0.061
85.580 0.922 -0.000 -0.061
85.801 0.921 -0.000 -0.059
85.981 0.920 0.000 -0.058
86.180 0.919 0.001 -0.056
86.401 0.918 0.001 -0.055
86.581 0.917 0.001 -0.054
86.780 0.915 0.001 -0.054
87.001 0.914 0.002 -0.055
87.182 0.913 0.002 -0.056
87.380 0.912 0.003 -0.057
87.601 0.913 0.003 -0.057
87.785 0.914 0.003 -0.056
87.980 0.914 0.003 -0.053
88.201 0.912 0.004 -0.055
88.381 0.919 0.004 -0.057
88.580 0.922 0.003 -0.056
88.802 0.924 0.003 -0.054
88.981 0.922 0.001 -0.058
89.180 0.914 -0.001 -0.064
89.405 0.919 -0.000 -0.061
89.585 0.916 -0.000 -0.050
89.780 0.913 0.001 -0.060
90.001 0.910 0.002 -0.062
90.181 0.911 0.004 -0.066
90.379 0.907 0.006 -0.066
90.601 0.908 0.006 -0.073
90.787 0.910 0.006 -0.071
90.980 0.913 0.004 -0.076
91.201 0.918 0.003 -0.072
91.385 0.923 0.002 -0.067
91.580 0.924 0.001 -0.063
91.803 0.924 0.000 -0.057
91.981 0.923 -0.002 -0.053
92.180 0.921 -0.002 -0.046
92.405 0.922 -0.001 -0.047
92.581 0.921 0.000 -0.047
92.780 0.930 0.002 -0.042
93.005 0.928 0.002 0.025
93.185 0.925 0.002 -0.053
93.380 0.920 0.002 -0.066
93.601 0.916 0.001 -0.081
93.781 0.906 0.000 -0.090
93.980 0.905 0.001 -0.091
94.201 0.908 0.001 -0.088
94.385 0.911 -0.000 -0.083
94.580 0.916 -0.001 -0.078
94.801 0.930 0.001 -0.061
94.981 0.926 -0.000 -0.063
95.180 0.928 -0.000 -0.056
95.401 0.934 -0.001 -0.046
95.581 0.921 -0.006 -0.052
95.780 0.922 -0.007 -0.050
96.002 0.921 -0.007 -0.050
96.181 0.920 -0.006 -0.050
96.380 0.919 -0.005 -0.051
96.605 0.917 -0.003 -0.054
96.781 0.916 -0.002 -0.048
96.980 0.916 0.001 -0.056
97.202 0.918 0.004 -0.057
97.381 0.915 0.005 -0.058
97.580 0.913 0.006 -0.060
97.805 0.914 0.005 -0.063
97.985 0.912 0.005 -0.064
98.180 0.912 0.002 -0.069
98.401 0.914 0.001 -0.069
98.582 0.915 -0.000 -0.070
98.780 0.917 -0.000 -0.068
99.001 0.912 -0.001 -0.065
99.186 0.913 -0.002 -0.075
99.380 0.913 -0.000 -0.071
99.601 0.913 0.001 -0.067
99.781 0.913 0.003 -0.064
99.980 0.914 0.004 -0.060
100.202 0.915 0.005 -0.057
100.381 0.915 0.004 -0.055
100.580 0.916 0.003 -0.054
100.801 0.915 0.002 -0.055
100.985 0.915 0.001 -0.057
101.180 0.915 -0.000 -0.052
101.405 0.914 0.000 -0.059
101.585 0.914 0.000 -0.063
101.780 0.914 0.002 -0.062
102.005 0.915 0.003 -0.064
102.181 0.915 0.004 -0.064
102.380 0.916 0.004 -0.062
102.601 0.917 0.004 -0.060
102.785 0.916 0.004 -0.063
102.980 0.916 0.003 -0.063
103.201 0.915 0.003 -0.062
103.385 0.914 0.003 -0.062
103.580 0.913 0.002 -0.062
103.801 0.914 0.002 -0.062
103.981 0.914 0.002 -0.061
104.180 0.915 0.002 -0.060
104.402 0.916 0.003 -0.061
104.581 0.916 0.003 -0.061
104.780 0.916 0.003 -0.047
105.006 0.916 0.002 -0.056
105.181 0.916 0.002 -0.058
105.380 0.916 0.003 -0.069
105.601 0.915 0.003 -0.069
105.781 0.915 0.004 -0.074
105.980 0.915 0.004 -0.075
106.202 0.916 0.004 -0.076
106.381 0.918 0.003 -0.071
106.580 0.919 0.003 -0.068
106.801 0.919 0.002 -0.064
106.981 0.919 0.002 -0.060
107.180 0.918 0.002 -0.056
107.401 0.916 0.002 -0.056
107.582 0.915 0.003 -0.054
107.780 0.913 0.003 -0.054
108.001 0.913 0.004 -0.055
108.181 0.914 0.004 -0.057
108.380 0.916 0.005 -0.061
108.601 0.917 0.004 -0.063
108.781 0.918 0.004 -0.065
108.980 0.918 0.003 -0.066
109.201 0.918 0.003 -0.066
109.383 0.917 0.003 -0.066
109.580 0.915 0.003 -0.065
109.801 0.914 0.003 -0.061
109.990 0.914 0.003 -0.061
110.221 0.915 0.003 -0.057
110.401 0.916 0.003 -0.049
110.590 0.917 0.003 -0.053
110.825 0.918 0.003 -0.059
111.001 0.917 0.003 -0.062
111.190 0.916 0.003 -0.055
111.421 0.915 0.004 -0.063
111.602 0.914 0.004 -0.067
111.790 0.914 0.004 -0.062
112.024 0.915 0.003 -0.063
112.201 0.916 0.003 -0.069
112.390 0.917 0.002 -0.070
112.621 0.918 0.001 -0.071
112.801 0.917 0.001 -0.070
112.989 0.916 0.002 -0.068
113.225 0.916 0.003 -0.064
113.401 0.915 0.004 -0.060
113.590 0.915 0.004 -0.055
113.825 0.915 0.004 -0.053
114.005 0.916 0.004 -0.051
114.190 0.917 0.003 -0.050
114.425 0.917 0.002 -0.051
114.601 0.917 0.002 -0.052
114.789 0.916 0.001 -0.054
115.021 0.915 0.002 -0.057
115.201 0.914 0.002 -0.058
115.390 0.914 0.002 -0.061
115.621 0.915 0.003 -0.063
115.805 0.915 0.004 -0.064
115.990 0.916 0.005 -0.062
116.225 0.917 0.004 -0.067
116.401 0.918 0.004 -0.067
116.591 0.917 0.003 -0.062
116.821 0.916 0.003 -0.062
117.005 0.914 0.002 -0.062
117.190 0.913 0.002 -0.060
117.421 0.913 0.002 -0.059
117.601 0.914 0.002 -0.059
117.790 0.916 0.003 -0.057
118.021 0.917 0.002 -0.057
118.205 0.918 0.002 -0.058
118.391 0.917 0.002 -0.058
118.625 0.916 0.003 -0.057
118.801 0.914 0.003 -0.059
118.990 0.912 0.003 -0.060
119.221 0.911 0.004 -0.060
119.401 0.911 0.004 -0.062
119.590 0.911 0.004 -0.063
119.821 0.911 0.003 -0.058
120.001 0.909 0.003 -0.059
120.191 0.907 0.001 -0.056
120.421 0.905 -0.000 -0.050
120.605 0.903 -0.002 -0.044
120.790 0.901 -0.004 -0.038
121.021 0.899 -0.008 -0.034
121.201 0.897 -0.011 -0.028
121.390 0.895 -0.014 -0.025
121.625 0.893 -0.017 -0.015
121.801 0.895 -0.019 -0.020
121.990 0.895 -0.018 -0.018
122.222 0.896 -0.016 -0.020
122.403 0.896 -0.016 -0.021
122.590 0.897 -0.016 -0.023
122.825 0.901 -0.015 -0.023
123.001 0.904 -0.015 -0.027
123.190 0.906 -0.014 -0.029
123.425 0.907 -0.013 -0.033
123.601 0.908 -0.013 -0.038
123.790 0.910 -0.011 -0.042
124.023 0.909 -0.009 -0.050
124.202 0.909 -0.007 -0.058
124.390 0.909 -0.005 -0.064
124.621 0.909 -0.002 -0.068
124.802 0.910 0.001 -0.072
124.990 0.910 0.001 -0.076
125.221 0.911 0.002 -0.076
125.405 0.911 0.002 -0.074
125.590 0.912 0.001 -0.070
125.821 0.913 0.000 -0.066
126.001 0.913 0.000 -0.060
126.190 0.914 -0.000 -0.051
126.426 0.914 -0.001 -0.047
126.605 0.914 -0.001 -0.051
126.790 0.914 0.001 -0.045
127.021 0.912 0.001 -0.050
127.201 0.911 0.001 -0.053
127.390 0.911 0.001 -0.057
127.621 0.911 0.001 -0.058
127.801 0.912 0.001 -0.063
127.990 0.912 0.001 -0.066
128.221 0.913 0.001 -0.068
128.405 0.914 0.000 -0.067
128.590 0.913 -0.001 -0.069
128.825 0.914 -0.001 -0.067
129.002 0.914 -0.001 -0.065
129.190 0.914 0.000 -0.062
129.421 0.913 0.001 -0.059
129.605 0.912 0.001 -0.057
129.801 0.912 0.001 -0.052
130.022 0.911 0.001 -0.051
130.206 0.912 0.000 -0.054
130.400 0.912 -0.000 -0.054
130.621 0.913 0.000 -0.051
130.805 0.912 -0.000 -0.056
131.000 0.913 -0.001 -0.058
131.221 0.913 0.000 -0.061
131.401 0.912 0.001 -0.063
131.600 0.912 0.001 -0.065
131.825 0.912 0.001 -0.066
132.001 0.913 0.001 -0.066
132.199 0.913 0.001 -0.066
132.421 0.913 0.001 -0.063
132.601 0.914 0.001 -0.055
132.799 0.913 0.001 -0.059
133.021 0.913 0.001 -0.058
133.201 0.913 0.001 -0.056
133.399 0.913 0.001 -0.056
133.621 0.914 0.001 -0.057
133.801 0.914 0.001 -0.055
134.000 0.913 0.001 -0.058
134.225 0.913 0.001 -0.061
134.405 0.913 0.001 -0.060
134.599 0.913 0.002 -0.063
134.821 0.913 0.002 -0.063
135.001 0.914 0.002 -0.067
135.199 0.914 0.002 -0.066
135.421 0.914 0.002 -0.064
135.602 0.915 0.002 -0.062
135.799 0.915 0.002 -0.061
136.021 0.916 0.002 -0.056
136.201 0.915 0.002 -0.054
136.399 0.916 0.002 -0.055
136.621 0.917 0.002 -0.055
136.805 0.917 0.003 -0.052
136.999 0.916 0.003 -0.054
137.221 0.913 0.004 -0.060
137.401 0.912 0.005 -0.060
137.600 0.913 0.004 -0.064
137.821 0.914 0.004 -0.067
138.001 0.917 0.003 -0.068
138.200 0.918 0.003 -0.068
138.421 0.917 0.003 -0.065
138.601 0.917 0.003 -0.063
138.800 0.917 0.004 -0.061
139.021 0.915 0.005 -0.052
139.201 0.915 0.005 -0.057
139.399 0.916 0.004 -0.058
139.621 0.917 0.004 -0.057
139.801 0.918 0.003 -0.058
139.999 0.919 0.002 -0.059
140.221 0.920 0.001 -0.061
140.405 0.920 0.001 -0.061
140.599 0.918 0.001 -0.062
140.825 0.916 0.002 -0.062
141.001 0.915 0.003 -0.063
141.200 0.914 0.004 -0.060
141.421 0.915 0.005 -0.059
141.601 0.916 0.005 -0.056
141.799 0.918 0.004 -0.056
142.021 0.919 0.003 -0.055
142.201 0.920 0.003 -0.055
142.399 0.919 0.002 -0.054
142.621 0.918 0.002 -0.054
142.801 0.917 0.003 -0.054
143.000 0.916 0.003 -0.054
143.221 0.915 0.004 -0.056
143.401 0.916 0.004 -0.056
143.599 0.917 0.003 -0.057
143.821 0.918 0.003 -0.058
144.001 0.918 0.002 -0.058
144.199 0.919 0.002 -0.060
144.421 0.918 0.002 -0.058
144.601 0.917 0.003 -0.059
144.800 0.916 0.003 -0.043
145.021 0.915 0.003 -0.059
145.201 0.916 0.003 -0.060
145.400 0.916 0.004 -0.055
145.621 0.918 0.003 -0.064
145.801 0.919 0.003 -0.062
146.000 0.920 0.002 -0.065
146.225 0.919 0.002 -0.066
146.401 0.918 0.002 -0.068
146.599 0.917 0.002 -0.070
146.825 0.916 0.003 -0.065
147.001 0.916 0.003 -0.066
147.199 0.916 0.004 -0.066
147.425 0.917 0.005 -0.065
147.605 0.919 0.005 -0.063
147.799 0.920 0.004 -0.062
148.025 0.920 0.003 -0.058
148.205 0.919 0.003 -0.060
148.400 0.918 0.002 -0.061
148.625 0.917 0.002 -0.061
148.801 0.916 0.003 -0.061
148.999 0.916 0.003 -0.061
149.221 0.917 0.004 -0.060
149.401 0.918 0.004 -0.056
149.599 0.919 0.004 -0.060
149.825 0.920 0.004 -0.059
150.002 0.920 0.003 -0.060
150.199 0.919 0.003 -0.060
150.421 0.917 0.003 -0.061
150.601 0.916 0.003 -0.061
150.800 0.915 0.004 -0.062
151.021 0.916 0.004 -0.062
151.201 0.920 0.003 -0.062
151.399 0.944 -0.009 -0.062
151.625 0.978 -0.024 -0.061
151.801 1.035 -0.040 -0.028
151.999 -0.358 -0.506 -0.251
152.225 -0.420 -0.531 -0.253
152.405 1.050 0.125 -0.163
152.599 1.094 -0.015 -0.069
152.821 1.010 0.023 -0.075
153.001 -0.363 -0.529 -0.278
153.200 -0.398 -0.533 -0.269
153.421 -0.619 -0.557 -0.144
153.601 1.204 0.073 -0.048
153.799 1.233 0.066 -0.028
154.025 1.257 0.036 -0.039
154.201 1.285 0.020 -0.023
154.399 1.321 0.009 0.015
154.625 1.359 0.006 0.047
154.805 1.396 0.019 0.087
154.999 1.369 0.007 0.065
155.221 1.341 0.012 0.052
155.401 1.310 0.007 0.035
155.600 1.288 -0.007 0.018
155.825 1.274 -0.017 0.010
156.001 1.259 -0.030 -0.012
156.199 1.248 -0.041 0.059
156.421 1.228 -0.054 0.216
156.602 1.205 -0.070 0.264
156.800 1.181 -0.087 0.306
157.025 1.155 -0.106 0.355
157.206 1.183 -0.175 0.171
157.400 1.177 -0.208 0.219
157.625 1.174 -0.219 0.260
157.805 1.182 -0.201 0.281
158.000 1.224 -0.155 0.297
158.225 1.219 -0.150 0.314
158.405 1.252 -0.103 0.315
158.600 1.287 -0.058 0.318
158.821 1.304 -0.026 0.320
159.002 1.307 0.002 0.307
159.200 1.318 0.026 0.375
159.421 1.341 0.062 0.497
159.601 1.369 0.107 0.521
159.800 1.404 0.159 0.526
160.023 1.165 -0.103 0.306
160.206 1.207 -0.119 0.266
160.400 1.210 -0.119 0.261
160.621 1.224 -0.110 0.244
160.810 1.249 -0.096 0.217
161.041 1.280 -0.077 0.200
161.221 1.291 -0.053 0.177
161.410 1.290 -0.026 0.145
161.645 1.288 -0.004 0.114
161.821 1.283 0.010 0.079
162.010 1.275 0.019 0.040
162.245 1.271 0.023 0.011
162.425 1.269 0.016 -0.030
162.610 1.270 0.010 -0.057
162.841 1.269 0.018 0.105
163.025 1.280 0.006 0.043
163.210 1.282 -0.009 -0.102
163.445 1.280 -0.014 -0.159
163.625 1.275 -0.018 -0.181
163.810 1.266 -0.017 -0.191
164.045 1.259 -0.015 -0.193
164.221 1.258 -0.016 -0.189
164.410 1.344 -0.132 0.068
164.641 1.169 0.040 -0.186
164.821 1.167 0.045 -0.178
165.010 1.263 0.030 -0.145
165.241 1.284 0.044 -0.135
165.425 1.296 0.036 -0.128
165.610 1.298 0.011 -0.124
165.813 1.304 -0.017 -0.116
166.033 1.287 -0.043 -0.109
166.214 1.279 -0.054 -0.098
166.419 1.276 -0.054 -0.080
166.641 1.283 -0.044 -0.062
166.821 1.283 -0.037 -0.051
167.020 1.280 -0.030 -0.042
167.245 1.278 -0.025 -0.037
167.421 1.276 -0.022 -0.034
167.620 1.276 -0.027 -0.045
167.841 1.274 -0.025 -0.046
168.021 1.272 -0.023 -0.047
168.220 1.271 -0.021 -0.048
168.441 1.269 -0.019 -0.050
168.625 1.267 -0.017 -0.053
168.830 1.266 -0.016 -0.054
169.053 1.267 -0.015 -0.055
169.233 1.273 -0.014 -0.048
169.430 1.274 -0.014 -0.049
169.653 1.273 -0.015 -0.057
169.833 1.271 -0.015 -0.061
170.030 1.269 -0.016 -0.063
170.257 1.267 -0.017 -0.064
170.437 1.265 -0.018 -0.065
170.630 1.264 -0.019 -0.059
170.853 1.265 -0.020 -0.064
171.033 1.266 -0.020 -0.059
171.230 1.267 -0.019 -0.059
171.453 1.269 -0.019 -0.027
171.639 1.269 -0.019 0.126
171.873 1.270 -0.020 -0.063
172.054 1.267 -0.020 -0.105
172.240 1.264 -0.018 -0.120
172.473 1.263 -0.018 -0.035
172.657 1.263 -0.018 0.075
172.840 1.261 -0.017 0.095
173.077 1.258 -0.017 0.083
173.253 1.275 -0.012 -0.178
173.440 1.278 -0.013 -0.214
173.673 1.279 -0.012 -0.226
173.855 1.275 -0.010 -0.223
174.040 1.287 -0.021 -0.213
174.277 1.285 -0.018 -0.211
174.457 1.278 -0.008 -0.211
174.640 1.277 -0.003 -0.201
174.873 1.277 -0.001 -0.181
175.053 1.276 0.000 -0.168
175.240 1.271 -0.001 -0.147
175.473 1.276 -0.003 -0.127
175.653 1.280 -0.005 -0.103
175.840 1.279 -0.008 -0.086
176.073 1.325 0.017 -0.057
176.257 1.317 0.012 -0.038
176.440 1.297 0.010 -0.008
176.677 1.280 0.011 0.032
176.853 1.269 0.017 0.084
177.040 1.232 0.006 0.132
177.273 1.247 0.026 0.184
177.458 1.258 0.032 0.233
177.639 1.263 0.024 0.224
177.873 1.261 0.024 0.384
178.054 1.262 0.022 0.436
178.240 1.266 0.017 0.446
178.473 1.296 -0.015 0.172
178.655 1.307 -0.025 0.123
178.840 1.307 -0.030 0.095
179.077 1.299 -0.030 0.065
179.253 1.288 -0.029 0.030
179.440 1.277 -0.028 -0.010
179.674 1.267 -0.025 -0.049
179.853 1.261 -0.021 -0.078
180.040 1.112 0.083 -0.159
180.277 1.121 0.078 -0.175
180.457 1.258 -0.027 -0.109
180.640 1.245 -0.029 -0.099
180.873 1.211 -0.025 -0.041
181.057 1.136 0.001 -0.107
181.240 1.063 0.017 -0.086
181.473 1.023 0.034 0.020
181.653 0.993 0.047 -0.089
181.840 0.966 0.066 -0.078
182.077 0.926 0.054 -0.079
182.253 0.883 0.018 -0.085
182.441 0.841 -0.025 -0.076
182.677 0.796 -0.078 -0.081
182.854 0.769 -0.111 -0.071
183.040 0.758 -0.130 -0.056
183.277 0.763 -0.131 -0.039
183.454 0.779 -0.115 -0.029
183.640 0.800 -0.095 -0.025
183.877 0.796 -0.091 0.058
184.058 0.806 -0.083 0.072
184.240 0.824 -0.073 -0.040
184.473 0.823 -0.069 -0.049
184.655 0.818 -0.067 -0.077
184.840 0.813 -0.065 -0.089
185.078 0.808 -0.063 -0.094
185.253 0.806 -0.062 -0.089
185.440 0.805 -0.062 -0.085
185.682 0.806 -0.062 -0.079
185.858 0.807 -0.062 -0.073
186.040 0.809 -0.063 -0.070
186.273 0.812 -0.062 -0.043
186.453 0.813 -0.062 -0.059
186.650 0.813 -0.062 -0.055
186.875 0.811 -0.062 -0.051
187.053 0.808 -0.062 -0.054
187.251 0.805 -0.061 -0.054
187.476 0.803 -0.059 -0.055
187.657 0.804 -0.059 -0.052
187.851 0.804 -0.059 -0.059
188.073 0.806 -0.059 -0.060
188.253 0.808 -0.059 -0.063
188.450 0.809 -0.060 -0.063
188.673 0.809 -0.061 -0.061
188.857 0.809 -0.061 -0.061
189.050 0.808 -0.061 -0.063
189.273 0.806 -0.061 -0.064
189.455 0.804 -0.061 -0.066
189.656 0.804 -0.060 -0.068
189.875 0.804 -0.060 -0.070
190.060 0.804 -0.059 -0.067
190.293 0.805 -0.060 -0.067
190.473 0.807 -0.061 -0.068
190.660 0.807 -0.062 -0.066
190.894 0.808 -0.063 -0.064
191.077 0.808 -0.063 -0.057
191.261 0.808 -0.064 -0.066
191.497 0.807 -0.063 -0.058
191.673 0.807 -0.063 -0.058
191.859 0.807 -0.061 -0.057
192.097 0.806 -0.060 -0.055
192.277 0.806 -0.059 -0.053
192.459 0.806 -0.060 -0.059
192.697 0.807 -0.060 -0.062
192.873 0.807 -0.060 -0.064
193.060 0.807 -0.060 -0.064
193.293 0.808 -0.061 -0.066
193.473 0.808 -0.062 -0.066
193.659 0.808 -0.063 -0.066
193.893 0.807 -0.063 -0.067
194.073 0.807 -0.063 -0.061
194.259 0.807 -0.063 -0.062
194.493 0.807 -0.062 -0.062
194.673 0.806 -0.061 -0.060
194.859 0.806 -0.060 -0.058
195.093 0.806 -0.060 -0.059
195.273 0.807 -0.060 -0.060
195.459 0.807 -0.060 -0.061
195.693 0.808 -0.061 -0.061
195.873 0.808 -0.061 -0.063
196.059 0.808 -0.061 -0.060
196.297 0.809 -0.061 -0.061
196.477 0.808 -0.061 -0.060
196.659 0.809 -0.062 -0.063
196.893 0.808 -0.061 -0.064
197.077 0.809 -0.061 0.035
197.259 0.808 -0.061 -0.068
197.497 0.807 -0.061 -0.081
197.673 0.806 -0.061 -0.090
197.859 0.806 -0.061 -0.093
198.093 0.807 -0.061 -0.094
198.273 0.809 -0.062 -0.091
198.459 0.810 -0.062 -0.085
198.693 0.812 -0.062 -0.078
198.873 0.812 -0.062 -0.070
199.059 0.811 -0.062 -0.063
199.297 0.809 -0.060 -0.055
199.473 0.808 -0.060 -0.051
199.659 0.806 -0.059 -0.050
199.897 0.806 -0.059 -0.049
200.073 0.806 -0.059 -0.052
200.260 0.807 -0.059 -0.055
200.493 0.808 -0.060 -0.058
200.673 0.808 -0.060 -0.065
200.859 0.809 -0.061 -0.069
201.093 0.809 -0.061 -0.071
201.277 0.806 -0.059 -0.072
201.459 0.787 -0.047 -0.063
201.693 0.735 -0.013 -0.066
201.873 0.673 0.025 -0.060
202.059 0.597 0.061 -0.059
202.293 0.518 0.092 -0.061
202.473 0.434 0.118 -0.064
202.659 0.350 0.137 -0.066
202.893 0.277 0.141 -0.070
203.073 0.217 0.126 -0.062
203.260 0.191 0.110 -0.072
203.497 0.180 0.106 -0.066
203.677 0.199 0.108 -0.072
203.859 0.220 0.111 -0.067
204.093 0.236 0.113 -0.060
204.277 0.247 0.111 -0.056
204.459 0.253 0.104 -0.052
204.693 0.255 0.099 -0.050
204.873 0.254 0.096 -0.050
205.059 0.251 0.093 -0.050
205.297 0.248 0.092 -0.051
205.473 0.246 0.092 -0.052
205.659 0.245 0.093 -0.047
205.897 0.244 0.096 -0.049
206.077 0.244 0.098 -0.056
206.259 0.244 0.099 -0.057
206.493 0.245 0.099 -0.058
206.673 0.245 0.098 -0.058
206.859 0.246 0.097 -0.051
207.093 0.247 0.094 -0.055
207.273 0.247 0.091 -0.056
207.459 0.247 0.090 -0.056
207.697 0.247 0.089 -0.055
207.873 0.248 0.088 -0.055
208.059 0.248 0.088 -0.056
208.293 0.248 0.088 -0.056
208.477 0.249 0.088 -0.055
208.659 0.249 0.088 -0.056
208.897 0.249 0.089 -0.056
209.077 0.249 0.089 -0.058
209.259 0.249 0.089 -0.059
209.497 0.248 0.089 -0.060
209.677 0.235 0.088 -0.063
209.860 0.190 0.088 -0.069
210.093 0.130 0.087 -0.075
210.273 0.061 0.076 -0.079
210.459 -0.011 0.059 -0.079
210.693 -0.073 0.050 -0.083
210.877 -0.130 0.040 -0.096
211.059 -0.177 0.018 -0.101
211.293 -0.209 -0.015 -0.109
211.473 -0.226 -0.053 -0.113
211.659 -0.231 -0.088 -0.116
211.893 -0.231 -0.111 -0.108
212.077 -0.230 -0.125 -0.095
212.259 -0.226 -0.130 -0.078
212.493 -0.224 -0.127 -0.062
212.673 -0.223 -0.122 -0.048
212.859 -0.224 -0.117 -0.039
213.093 -0.226 -0.114 -0.033
213.273 -0.229 -0.112 -0.029
213.460 -0.232 -0.110 -0.033
213.697 -0.237 -0.108 -0.039
213.873 -0.239 -0.106 -0.045
214.060 -0.241 -0.105 -0.055
214.293 -0.240 -0.103 -0.063
214.473 -0.238 -0.102 -0.068
214.660 -0.235 -0.101 -0.071
214.893 -0.233 -0.100 -0.072
215.073 -0.230 -0.099 -0.070
215.260 -0.227 -0.099 -0.067
215.493 -0.226 -0.100 -0.064
215.673 -0.224 -0.100 -0.060
215.860 -0.224 -0.101 -0.057
216.093 -0.224 -0.101 -0.054
216.273 -0.225 -0.101 -0.053
216.460 -0.226 -0.101 -0.053
216.697 -0.228 -0.100 -0.053
216.877 -0.229 -0.100 -0.055
217.061 -0.230 -0.100 -0.056
217.296 -0.232 -0.100 -0.059
217.473 -0.232 -0.100 -0.059
217.660 -0.231 -0.100 -0.060
217.894 -0.231 -0.100 -0.058
218.074 -0.230 -0.099 -0.059
218.260 -0.229 -0.100 -0.058
218.497 -0.227 -0.098 -0.055
218.673 -0.226 -0.098 -0.054
218.860 -0.226 -0.098 -0.052
219.094 -0.225 -0.098 -0.053
219.273 -0.225 -0.097 -0.053
219.460 -0.226 -0.097 -0.054
219.697 -0.228 -0.098 -0.053
219.873 -0.229 -0.099 -0.056
220.060 -0.230 -0.099 -0.058
220.297 -0.230 -0.099 -0.059
220.477 -0.229 -0.099 -0.061
220.660 -0.229 -0.099 -0.061
220.893 -0.228 -0.099 -0.060
221.077 -0.226 -0.099 -0.060
221.260 -0.225 -0.099 -0.059
221.493 -0.224 -0.099 -0.060
221.678 -0.224 -0.099 -0.059
221.860 -0.224 -0.099 -0.058
222.093 -0.225 -0.099 -0.057
222.273 -0.225 -0.099 -0.057
222.460 -0.226 -0.100 -0.056
222.693 -0.226 -0.100 -0.057
222.873 -0.227 -0.099 -0.057
223.060 -0.226 -0.099 -0.058
223.293 -0.226 -0.099 -0.059
223.473 -0.225 -0.098 -0.060
223.661 -0.225 -0.098 -0.061
223.894 -0.225 -0.098 -0.062
224.073 -0.225 -0.098 -0.062
224.260 -0.225 -0.098 -0.063
224.493 -0.226 -0.098 -0.062
224.673 -0.226 -0.098 -0.062
224.860 -0.226 -0.098 -0.062
225.093 -0.225 -0.098 -0.060
225.273 -0.225 -0.099 -0.060
225.460 -0.225 -0.099 -0.059
225.697 -0.225 -0.099 -0.058
225.873 -0.225 -0.099 -0.058
226.060 -0.226 -0.099 -0.057
226.293 -0.226 -0.098 -0.059
226.474 -0.230 -0.099 -0.060
226.660 -0.262 -0.100 -0.068
226.893 -0.317 -0.102 -0.076
227.077 -0.382 -0.110 -0.082
227.260 -0.454 -0.128 -0.087
227.497 -0.522 -0.150 -0.088
227.673 -0.579 -0.157 -0.090
227.860 -0.619 -0.127 -0.033
228.097 -0.671 -0.144 0.087
228.273 -0.727 -0.162 0.100
228.460 -0.787 -0.183 0.076
228.697 -0.853 -0.202 0.048
228.877 -0.922 -0.220 0.025
229.070 -0.998 -0.234 0.014
229.293 -1.076 -0.245 -0.018
229.482 -0.575 0.214 -0.169
229.717 -0.523 0.230 -0.163
229.894 -0.501 0.225 -0.145
230.080 -0.497 0.201 -0.117
230.313 -0.501 0.173 -0.089
230.494 -0.513 0.139 -0.066
230.680 -0.532 0.098 -0.045
230.913 -0.560 0.058 -0.028
231.094 -0.594 0.024 -0.020
231.280 -0.632 0.001 -0.022
231.514 -0.668 -0.010 -0.028
231.694 -0.706 -0.012 -0.033
231.880 -0.733 -0.011 -0.040
232.117 -0.749 -0.008 -0.047
232.294 -0.761 -0.007 -0.047
232.480 -0.792 -0.017 0.059
232.717 -0.826 -0.027 0.097
232.894 -0.860 -0.037 0.110
233.080 -0.768 0.008 -0.033
233.313 -0.769 0.011 -0.015
233.493 -0.769 0.014 0.004
233.680 -0.770 0.018 0.026
233.913 -0.777 0.020 0.165
234.094 -0.783 0.024 0.241
234.279 -0.619 0.189 0.230
234.513 -0.732 0.017 0.143
234.697 -0.736 0.014 0.187
234.880 -0.729 0.017 0.213
235.113 -0.727 0.017 0.252
235.294 -0.737 0.022 0.346
235.479 -0.760 0.032 0.468
235.713 -0.785 0.043 0.527
235.889 -0.812 0.057 0.574
236.080 -0.843 0.073 0.615
236.301 -0.878 0.090 0.656
236.485 -0.917 0.106 0.702
236.680 -0.960 0.123 0.745
236.905 -1.007 0.139 0.792
237.081 -1.059 0.154 0.837
237.280 -1.115 0.170 0.878
237.501 -1.174 0.185 0.924
237.681 -1.236 0.200 0.968
237.880 -1.303 0.215 1.010
238.104 -1.368 0.228 1.057
238.293 -1.442 0.244 1.103
238.490 -1.515 0.259 1.147
238.717 -1.591 0.276 1.188
238.893 -1.668 0.292 1.231
239.090 -1.748 0.309 1.271
239.313 -1.831 0.327 1.311
239.493 -1.913 0.342 1.352
239.690 -1.997 0.356 1.395
239.918 -2.087 0.374 1.434
240.093 -2.173 0.385 1.478
240.290 -2.268 0.402 1.515
240.513 -2.361 0.415 1.555
240.693 -2.453 0.427 1.598
240.890 -2.553 0.441 1.636
241.114 -2.650 0.452 1.676
241.294 -2.750 0.464 1.716
241.490 -2.852 0.475 1.756
241.713 -2.961 0.488 1.793
241.893 -3.079 0.504 1.825
242.090 -3.198 0.519 1.856
242.313 -3.334 0.530 1.874
242.494 -3.469 0.539 1.880
242.690 -3.602 0.546 1.869
242.913 -3.748 0.534 1.860
243.093 -3.902 0.517 1.857
243.289 -4.049 0.514 1.855
243.522 -4.192 0.523 1.855
243.705 -4.323 0.535 1.854
243.941 -4.493 0.540 1.843
244.121 -4.483 0.609 1.844
244.310 -4.521 0.671 1.837
244.545 -4.456 0.775 1.840
244.721 -4.463 0.798 1.849
244.911 -4.571 0.776 1.852
245.145 -4.699 0.735 1.855
245.321 -4.823 0.752 1.850
245.510 -4.974 0.715 1.854
245.741 -5.127 0.726 1.860
245.921 -4.956 0.666 1.870
246.110 -3.809 0.255 1.861
246.345 -3.132 0.324 1.855
246.525 -2.969 0.454 1.857
246.710 -2.849 0.618 1.856
246.941 -2.798 0.737 1.856
247.121 -2.771 0.833 1.854
247.320 -2.725 0.992 1.846
247.553 -2.774 0.887 1.849
247.739 -2.781 0.918 1.846
247.920 -2.802 0.912 1.845
248.157 -2.838 0.893 1.851
248.337 -2.877 0.858 1.857
248.520 -2.895 0.870 1.858
248.753 -2.834 1.200 1.855
248.933 -2.760 1.540 1.849
249.120 -2.790 1.422 1.849
249.353 -2.835 1.239 1.851
249.533 -2.862 1.133 1.852
249.722 -2.857 1.226 1.848
249.953 -2.877 1.182 1.850
250.134 -2.888 1.200 1.850
250.320 -2.900 1.225 1.852
250.557 -2.910 1.258 1.854
250.733 -2.921 1.296 1.854
250.920 -2.930 1.336 1.854
251.153 -2.944 1.376 1.850
251.333 -2.954 1.420 1.851
251.520 -2.964 1.476 1.852
251.753 -2.970 1.571 1.860
251.937 -2.986 1.595 1.858
252.120 -2.999 1.639 1.855
252.353 -3.012 1.693 1.852
252.533 -3.026 1.743 1.851
252.730 -3.042 1.790 1.853
252.957 -3.056 1.831 1.852
253.143 -3.055 1.806 1.835
253.373 -3.045 1.669 1.814
253.553 -3.054 1.351 1.791
253.740 -3.104 0.787 1.763
253.973 -3.199 0.105 1.729
254.153 -3.238 0.015 1.705
254.340 -3.254 0.129 1.687
254.573 -3.341 0.073 1.673
254.753 0.726 0.114 1.435
254.940 0.727 0.113 1.435
255.173 0.729 0.115 1.436
255.355 0.730 0.116 1.442
255.540 0.730 0.118 1.437
255.773 0.730 0.119 1.420
255.953 0.729 0.117 1.395
256.140 0.727 0.113 1.360
256.373 0.724 0.107 1.322
256.553 0.721 0.100 1.280
256.741 0.717 0.092 1.237
256.973 0.712 0.077 1.193
257.153 0.708 0.065 1.147
257.340 0.703 0.052 1.102
257.573 0.699 0.038 1.056
257.754 0.696 0.024 1.009
257.941 0.693 0.007 0.962
258.173 0.691 -0.010 0.914
258.360 0.691 -0.027 0.867
258.542 0.691 -0.045 0.822
258.773 0.691 -0.064 0.770
258.954 0.692 -0.082 0.722
259.140 0.694 -0.101 0.675
259.373 0.695 -0.119 0.629
259.553 0.698 -0.139 0.579
259.740 0.700 -0.157 0.530
259.973 0.701 -0.175 0.484
260.154 0.703 -0.193 0.444
260.340 0.704 -0.206 0.420
260.573 0.701 -0.217 0.403
260.754 0.677 -0.215 0.378
260.942 0.636 -0.205 0.346
261.174 0.589 -0.185 0.319
261.353 0.538 -0.157 0.298
261.540 0.483 -0.121 0.281
261.773 0.427 -0.077 0.269
261.953 0.375 -0.032 0.261
262.140 0.327 -0.004 0.249
262.373 0.275 -0.005 0.227
262.553 0.219 -0.023 0.203
262.740 0.170 -0.041 0.185
262.973 0.123 -0.049 0.166
263.153 0.068 -0.048 0.133
263.340 0.024 -0.047 0.102
263.577 -0.007 -0.047 0.070
263.753 -0.023 -0.046 0.032
263.940 -0.024 -0.046 -0.010
264.173 -0.015 -0.045 -0.048
264.357 -0.001 -0.041 -0.078
264.540 0.011 -0.037 -0.097
264.777 0.022 -0.034 -0.108
264.953 0.029 -0.032 -0.111
265.140 0.034 -0.030 -0.113
265.373 0.036 -0.030 -0.107
265.553 0.034 -0.033 -0.104
265.740 0.030 -0.036 -0.097
265.977 0.025 -0.041 -0.090
266.161 0.020 -0.044 -0.082
266.350 0.015 -0.046 -0.076
266.585 0.010 -0.048 -0.070
266.761 0.007 -0.049 -0.063
266.950 0.007 -0.048 -0.058
267.185 0.009 -0.046 -0.054
267.361 0.013 -0.044 -0.052
267.550 0.016 -0.042 -0.051
267.781 0.018 -0.041 -0.050
267.965 0.020 -0.041 -0.050
268.154 0.020 -0.041 -0.051
268.385 0.020 -0.041 -0.050
268.561 0.019 -0.040 -0.054
268.750 0.019 -0.040 -0.056
268.981 0.018 -0.039 -0.059
269.161 0.017 -0.038 -0.062
269.350 0.016 -0.037 -0.064
269.585 0.016 -0.037 -0.063
269.765 0.016 -0.037 -0.067
269.950 0.016 -0.037 -0.068
270.181 0.016 -0.037 -0.067
270.362 0.016 -0.037 -0.065
270.550 0.017 -0.037 -0.064
270.781 0.017 -0.037 -0.062
270.965 0.019 -0.037 -0.060
271.150 0.020 -0.035 -0.059
271.385 0.019 -0.013 -0.058
271.561 0.018 0.033 -0.061
271.750 0.017 0.089 -0.069
271.981 0.019 0.150 -0.076
272.165 0.025 0.216 -0.084
272.352 0.035 0.286 -0.092
272.585 0.048 0.357 -0.100
272.761 0.066 0.431 -0.107
272.950 0.085 0.506 -0.115
273.181 0.105 0.582 -0.123
273.361 0.126 0.658 -0.130
273.550 0.146 0.733 -0.137
273.787 0.164 0.806 -0.140
273.961 0.163 0.861 -0.138
274.150 0.132 0.900 -0.137
274.386 0.078 0.924 -0.134
274.561 0.021 0.940 -0.123
274.750 -0.022 0.953 -0.107
274.981 -0.055 0.965 -0.090
275.165 -0.073 0.975 -0.072
275.350 -0.075 0.985 -0.057
275.581 -0.067 0.990 -0.048
275.761 -0.053 0.987 -0.043
275.950 -0.035 0.978 -0.036
276.181 -0.013 0.964 -0.034
276.361 0.005 0.953 -0.037
276.550 0.014 0.947 -0.037
276.781 0.018 0.944 -0.038
276.961 0.019 0.943 -0.038
277.150 0.019 0.943 -0.041
277.381 0.018 0.945 -0.043
277.561 0.017 0.947 -0.047
277.750 0.016 0.950 -0.050
277.981 0.014 0.953 -0.054
278.161 0.014 0.955 -0.056
278.351 0.012 0.956 -0.058
278.581 0.012 0.956 -0.060
278.765 0.010 0.955 -0.061
278.950 0.009 0.953 -0.060
279.189 0.008 0.952 -0.059
279.361 0.008 0.951 -0.052
279.550 0.008 0.950 -0.057
279.785 0.008 0.950 -0.054
279.962 0.009 0.950 -0.054
280.150 0.010 0.950 -0.053
280.385 0.011 0.951 -0.052
280.561 0.012 0.951 -0.053
280.751 0.012 0.952 -0.054
280.985 0.013 0.951 -0.055
281.165 0.013 0.951 -0.058
281.350 0.013 0.952 -0.058
281.581 0.017 0.973 -0.066
281.761 0.023 1.019 -0.068
281.950 0.034 1.076 -0.070
282.185 0.046 1.140 -0.072
282.363 0.061 1.207 -0.071
282.550 0.081 1.277 -0.073
282.781 0.097 1.329 -0.069
282.961 0.105 1.355 -0.068
283.150 0.105 1.354 -0.070
283.381 0.102 1.337 -0.067
283.561 0.096 1.311 -0.068
283.750 0.088 1.295 -0.065
283.981 0.082 1.285 -0.056
284.161 0.075 1.280 -0.049
284.350 0.072 1.280 -0.042
284.585 0.072 1.282 -0.041
284.761 0.073 1.286 -0.038
284.950 0.074 1.289 -0.036
285.185 0.076 1.293 -0.043
285.361 0.078 1.296 -0.047
285.550 0.080 1.300 -0.055
285.781 0.080 1.303 -0.057
285.961 0.078 1.305 -0.070
286.150 0.075 1.306 -0.066
286.381 0.073 1.306 -0.071
286.562 0.073 1.305 -0.073
286.750 0.075 1.303 -0.073
286.985 0.077 1.302 -0.072
287.161 0.079 1.301 -0.070
287.350 0.080 1.301 -0.067
287.585 0.081 1.301 -0.058
287.770 0.081 1.301 -0.060
287.950 0.080 1.301 -0.054
288.182 0.078 1.300 -0.054
288.361 0.077 1.300 -0.052
288.550 0.075 1.300 -0.055
288.781 0.074 1.300 -0.050
288.965 0.072 1.301 -0.055
289.150 0.070 1.302 -0.057
289.381 0.070 1.303 -0.059
289.561 0.071 1.303 -0.059
289.750 0.073 1.303 -0.060
289.981 0.075 1.302 -0.059
290.161 0.076 1.301 -0.060
290.350 0.076 1.300 -0.059
290.585 0.076 1.299 -0.060
290.765 0.075 1.299 -0.058
290.950 0.074 1.299 -0.057
291.182 0.073 1.299 -0.056
291.365 0.072 1.300 -0.030
291.556 0.071 1.300 -0.064
291.785 0.069 1.301 -0.062
291.961 0.069 1.302 -0.063
292.150 0.069 1.302 -0.068
292.385 0.071 1.302 -0.068
292.562 0.072 1.301 -0.068
292.750 0.074 1.301 -0.067
292.985 0.075 1.300 -0.065
293.161 0.074 1.298 -0.064
293.350 0.074 1.297 -0.061
293.581 0.073 1.297 -0.059
293.761 0.072 1.297 -0.058
293.950 0.071 1.297 -0.051
294.181 0.069 1.297 -0.055
294.361 0.068 1.297 -0.057
294.550 0.067 1.299 -0.059
294.781 0.068 1.298 -0.062
294.965 0.068 1.298 -0.065
295.150 0.069 1.297 -0.059
295.386 0.070 1.296 -0.068
295.565 0.072 1.296 -0.068
295.750 0.072 1.295 -0.067
295.985 0.073 1.295 -0.066
296.161 0.072 1.294 -0.067
296.350 0.072 1.294 -0.064
296.581 0.071 1.294 -0.064
296.765 0.070 1.294 -0.062
296.950 0.069 1.294 -0.061
297.173 0.068 1.294 -0.053
297.353 0.066 1.294 -0.061
297.551 0.065 1.294 -0.060
297.777 0.066 1.293 -0.060
297.954 0.067 1.292 -0.060
298.150 0.068 1.292 -0.061
298.377 0.069 1.291 -0.060
298.553 0.069 1.290 -0.060
298.750 0.069 1.290 -0.061
298.973 0.068 1.289 -0.063
299.159 0.068 1.289 -0.061
299.350 0.067 1.288 -0.061
299.573 0.066 1.288 -0.062
299.753 0.066 1.287 -0.064
299.950 0.065 1.287 -0.065
300.175 0.064 1.286 -0.066
300.354 0.066 1.285 -0.067
300.550 0.067 1.285 -0.068
300.775 0.072 1.299 -0.070
300.953 0.082 1.338 -0.070
301.150 0.093 1.385 -0.072
301.375 0.095 1.425 -0.054
301.553 0.077 1.461 -0.057
301.750 0.035 1.492 -0.077
301.973 -0.008 1.524 -0.081
302.153 -0.022 1.528 -0.083
302.350 -0.031 1.538 -0.078
302.573 -0.028 1.540 -0.075
302.757 -0.017 1.534 -0.075
302.950 -0.003 1.527 -0.072
303.173 0.008 1.521 -0.069
303.353 0.016 1.517 -0.065
303.550 0.020 1.514 -0.062
303.773 0.021 1.513 -0.059
303.957 0.021 1.512 -0.056
304.151 0.019 1.511 -0.051
304.373 0.016 1.511 -0.052
304.553 0.013 1.510 -0.053
304.750 0.010 1.509 -0.054
304.973 0.007 1.509 -0.053
305.153 0.004 1.508 -0.056
305.350 0.002 1.508 -0.058
305.573 0.000 1.508 -0.058
305.757 0.001 1.509 -0.057
305.950 0.002 1.510 -0.058
306.177 0.004 1.511 -0.060
306.353 0.005 1.512 -0.061
306.550 0.006 1.512 -0.061
306.773 0.007 1.511 -0.063
306.953 0.006 1.510 -0.063
307.150 0.006 1.510 -0.063
307.373 0.005 1.509 -0.064
307.553 0.004 1.509 -0.064
307.750 0.004 1.509 -0.064
307.973 0.005 1.510 -0.060
308.155 0.005 1.510 -0.062
308.350 0.006 1.510 -0.062
308.573 0.007 1.510 -0.061
308.753 0.008 1.510 -0.058
308.950 0.008 1.510 -0.032
309.173 0.009 1.509 0.048
309.353 -0.001 1.487 -0.073
309.550 -0.015 1.451 -0.066
309.773 -0.044 1.391 -0.116
309.957 -0.080 1.336 -0.125
310.150 -0.127 1.278 -0.141
310.378 -0.162 1.233 -0.145
310.553 -0.172 1.183 -0.174
310.750 -0.162 1.125 -0.201
310.973 -0.135 1.070 -0.224
311.154 -0.099 1.016 -0.238
311.350 -0.052 0.964 -0.245
311.575 0.002 0.918 -0.249
311.753 0.040 0.873 -0.256
311.950 0.054 0.824 -0.277
312.173 0.068 0.766 -0.233
312.354 0.027 0.713 -0.301
312.550 0.024 0.660 -0.301
312.778 0.046 0.596 -0.297
312.953 0.083 0.529 -0.289
313.150 0.126 0.462 -0.273
313.377 0.159 0.401 -0.264
313.557 0.157 0.339 -0.259
313.750 0.135 0.276 -0.249
313.973 0.092 0.215 -0.237
314.153 0.049 0.164 -0.221
314.350 0.014 0.106 -0.207
314.573 -0.007 0.041 -0.196
314.757 -0.020 -0.020 -0.181
314.950 -0.029 -0.068 -0.164
315.173 -0.031 -0.106 -0.143
315.357 -0.034 -0.127 -0.124
315.550 -0.048 -0.118 -0.113
315.773 -0.067 -0.092 -0.104
315.957 -0.081 -0.059 -0.094
316.150 -0.077 -0.032 -0.081
316.374 -0.053 -0.006 -0.072
316.553 -0.027 0.012 -0.060
316.801 -0.009 0.023 -0.048
316.977 0.002 0.028 -0.040
317.160 0.007 0.029 -0.032
317.393 0.005 0.025 -0.029
317.573 0.000 0.019 -0.028
317.770 -0.005 0.013 -0.031
317.995 -0.011 0.008 -0.036
318.177 -0.016 0.003 -0.040
318.370 -0.022 -0.001 -0.045
318.593 -0.024 -0.004 -0.042
318.773 -0.024 -0.008 -0.051
318.970 -0.022 -0.011 -0.051
319.193 -0.020 -0.011 -0.053
319.373 -0.019 -0.010 -0.054
319.570 -0.018 -0.008 -0.057
319.795 -0.019 -0.005 -0.056
319.980 -0.018 -0.003 -0.059
320.217 -0.018 -0.001 -0.058
320.399 -0.017 -0.001 -0.058
320.580 -0.015 -0.001 -0.054
320.813 -0.014 -0.002 -0.054
320.993 -0.013 -0.003 -0.053
321.180 -0.012 -0.005 -0.051
321.413 -0.011 -0.006 -0.049
321.601 -0.010 -0.006 -0.042
321.800 -0.009 -0.005 -0.047
322.021 -0.009 -0.004 -0.046
322.205 -0.008 -0.003 -0.050
322.408 -0.008 -0.002 -0.053
322.625 -0.007 -0.001 -0.057
322.803 -0.007 0.000 -0.055
323.000 -0.005 0.001 -0.056
323.221 -0.004 0.002 -0.059
323.410 -0.002 0.002 -0.057
323.641 0.000 0.002 -0.059
323.821 0.002 0.003 -0.056
324.010 0.004 0.003 -0.055
324.241 0.005 0.005 -0.054
324.425 0.005 0.006 -0.049
324.610 0.005 0.007 -0.042
324.845 0.003 0.007 -0.050
325.021 0.002 0.007 -0.051
325.210 0.002 0.006 -0.051
325.441 0.002 0.006 -0.053
325.625 0.003 0.006 -0.057
325.810 0.004 0.006 -0.057
326.041 0.005 0.006 -0.058
326.221 0.005 0.006 -0.058
326.410 0.005 0.006 -0.059
326.645 0.005 0.006 -0.060
326.821 0.003 0.006 -0.063
327.010 0.002 0.007 -0.063
327.241 0.002 0.007 -0.057
327.421 0.002 0.007 -0.057
327.610 0.002 0.007 -0.058
327.841 0.003 0.007 -0.057
328.021 0.003 0.007 -0.056
328.209 0.004 0.007 -0.056
328.445 0.004 0.007 -0.056
328.626 0.004 0.006 -0.053
328.819 0.003 0.006 -0.054
329.041 0.003 0.006 -0.055
329.221 0.003 0.006 -0.057
329.420 0.002 0.007 -0.058
329.641 0.003 0.007 -0.061
329.825 0.003 0.007 -0.062
330.020 0.004 0.007 -0.062
330.241 0.004 0.007 -0.061
330.423 0.004 0.006 -0.061
330.620 0.004 0.006 -0.060
330.845 0.003 0.006 -0.055
331.021 0.002 0.007 -0.057
331.220 0.002 0.007 -0.056
331.441 0.002 0.007 -0.060
331.621 0.002 0.007 -0.047
331.820 0.003 0.007 -0.056
332.045 0.004 0.007 -0.056
332.221 0.005 0.007 -0.058
332.420 0.005 0.007 -0.056
332.641 0.004 0.007 -0.059
332.823 0.003 0.007 -0.057
333.020 0.002 0.007 -0.060
333.241 0.002 0.007 -0.059
333.425 0.001 0.007 -0.059
333.620 0.001 0.007 -0.063
333.841 0.002 0.008 -0.063
334.025 0.003 0.008 -0.062
334.220 0.003 0.008 -0.060
334.445 0.003 0.008 -0.060
334.625 0.003 0.007 -0.059
334.819 0.003 0.007 -0.053
335.045 0.003 0.006 -0.058
335.225 0.003 0.006 -0.057
335.419 0.003 0.005 -0.058
335.633 0.002 0.006 -0.060
335.829 0.002 0.006 -0.055
336.053 0.002 0.007 -0.061
336.237 0.003 0.007 -0.060
336.430 0.004 0.008 -0.061
336.653 0.004 0.008 -0.062
336.833 0.004 0.008 -0.060
337.029 0.004 0.007 -0.062
337.253 0.003 0.007 -0.062
337.433 0.003 0.006 -0.058
337.629 0.003 0.006 -0.063
337.857 0.003 0.005 -0.063
338.034 0.003 0.005 -0.062
338.230 0.003 0.005 -0.062
338.453 0.003 0.006 -0.060
338.634 0.003 0.007 -0.060
338.833 0.003 0.008 -0.054
339.053 0.003 0.009 -0.060
339.233 0.003 0.009 -0.060
339.430 0.002 0.009 -0.060
339.657 0.001 0.009 -0.060
339.833 0.000 0.008 -0.060
340.030 -0.000 0.008 -0.055
340.253 0.000 0.008 -0.058
340.434 0.000 0.009 -0.062
340.630 0.001 0.009 -0.062
340.857 0.001 0.010 -0.060
341.033 0.002 0.010 -0.059
341.230 0.002 0.011 -0.059
341.457 0.001 0.010 -0.060
341.634 0.001 0.010 -0.060
341.830 -0.000 0.010 -0.059
342.054 -0.001 0.009 -0.058
342.233 -0.001 0.009 -0.060
342.430 -0.000 0.009 -0.060
342.657 0.000 0.010 -0.058
342.838 0.001 0.010 -0.059
343.030 0.001 0.011 -0.058
343.253 0.001 0.011 -0.059
343.433 0.001 0.011 -0.061
343.630 0.000 0.011 -0.062
343.857 -0.001 0.011 -0.062
344.037 -0.001 0.011 -0.061
344.231 -0.001 0.011 -0.062
344.453 -0.001 0.011 -0.060
344.635 -0.000 0.012 -0.060
344.830 -0.000 0.013 -0.061
345.053 -0.000 0.013 -0.061
345.234 -0.001 0.013 -0.059
345.430 -0.001 0.013 -0.057
345.653 -0.003 0.013 -0.057
345.834 -0.003 0.013 -0.057
346.030 -0.004 0.013 -0.061
346.253 -0.004 0.014 -0.063
346.433 -0.003 0.014 -0.063
346.630 -0.003 0.015 -0.061
346.853 -0.003 0.016 -0.063
347.034 -0.003 0.016 -0.061
347.230 -0.003 0.016 -0.062
347.453 -0.004 0.016 -0.062
347.634 -0.005 0.016 -0.056
347.830 -0.005 0.017 -0.062
348.053 -0.005 0.017 -0.062
348.233 -0.004 0.018 -0.062
348.430 -0.004 0.018 -0.059
348.653 -0.004 0.019 -0.061
348.833 -0.005 0.019 -0.061
349.030 -0.005 0.019 -0.060
349.257 -0.005 0.019 -0.061
349.437 -0.005 0.019 -0.062
349.630 -0.006 0.019 -0.061
349.857 -0.005 0.019 -0.062
350.037 -0.005 0.019 -0.061
350.230 -0.005 0.019 -0.041
350.453 -0.004 0.019 -0.060
350.634 -0.005 0.019 -0.061
350.831 -0.005 0.019 -0.061
351.053 -0.006 0.018 -0.064
351.240 -0.006 0.018 -0.060
351.429 -0.005 0.018 -0.063
351.657 -0.005 0.019 -0.060
351.833 -0.004 0.019 -0.060
352.030 -0.004 0.019 -0.063
352.254 -0.004 0.019 -0.064
352.435 -0.004 0.019 -0.063
352.630 -0.009 0.016 -0.063
352.859 -0.028 0.008 -0.065
353.041 -0.046 -0.000 -0.066
353.230 -0.058 -0.007 -0.066
353.454 -0.067 -0.010 -0.064
353.633 -0.072 -0.010 -0.061
353.831 -0.070 -0.008 -0.058
354.057 -0.066 -0.004 -0.052
354.240 -0.061 0.001 -0.055
354.477 -0.058 0.004 -0.055
354.653 -0.056 0.007 -0.054
354.840 -0.054 0.009 -0.057
355.073 -0.053 0.011 -0.056
355.253 -0.052 0.013 -0.060
355.440 -0.050 0.014 -0.059
355.677 -0.049 0.016 -0.064
355.853 -0.048 0.017 -0.063
356.041 -0.047 0.018 -0.060
356.278 -0.046 0.019 -0.062
356.453 -0.046 0.019 -0.057
356.640 -0.047 0.018 -0.057
356.873 -0.048 0.018 -0.036
357.053 -0.048 0.017 -0.058
357.240 -0.048 0.016 -0.061
357.473 -0.048 0.015 -0.060
357.653 -0.047 0.015 -0.060
357.840 -0.035 0.015 -0.066
358.073 -0.003 0.019 -0.065
358.254 0.034 0.020 -0.068
358.440 0.061 0.018 -0.067
358.673 0.075 0.014 -0.066
358.857 0.074 0.008 -0.061
359.040 0.064 -0.000 -0.059
359.273 0.051 -0.008 -0.061
359.454 0.041 -0.011 -0.060
359.644 0.033 -0.010 -0.059
359.874 0.028 -0.006 -0.055
360.053 0.027 -0.001 -0.052
360.246 0.029 0.003 -0.047
360.473 0.032 0.006 -0.038
360.653 0.037 0.010 -0.045
360.840 0.040 0.012 -0.048
361.073 0.043 0.015 -0.054
361.253 0.046 0.017 -0.056
361.440 0.049 0.019 -0.060
361.677 0.051 0.020 -0.062
361.853 0.051 0.020 -0.066
362.040 0.051 0.019 -0.064
362.273 0.049 0.017 -0.065
362.453 0.048 0.015 -0.065
362.640 0.047 0.013 -0.065
362.873 0.046 0.012 -0.066
363.057 0.046 0.011 -0.065
363.240 0.046 0.011 -0.062
363.474 0.047 0.011 -0.062
363.653 0.047 0.011 -0.062
363.850 0.047 0.011 -0.061
364.073 0.048 0.012 -0.059
364.253 0.048 0.012 -0.061
364.450 0.048 0.013 -0.060
364.678 0.048 0.014 -0.058
364.853 0.047 0.015 -0.061
365.050 0.047 0.017 -0.055
365.277 0.047 0.018 -0.064
365.453 0.047 0.019 -0.063
365.650 0.048 0.019 -0.061
365.877 0.048 0.019 -0.058
366.053 0.048 0.017 -0.065
366.250 0.047 0.017 -0.063
366.473 0.046 0.015 -0.064
366.653 0.045 0.015 -0.062
366.850 0.045 0.014 -0.062
367.077 0.046 0.015 -0.063
367.253 0.046 0.015 -0.063
367.450 0.046 0.015 -0.063
367.673 0.046 0.016 -0.063
367.857 0.046 0.017 -0.063
368.050 0.046 0.017 -0.057
368.273 0.047 0.018 -0.064
368.453 0.047 0.018 -0.064
368.651 0.047 0.018 -0.064
368.873 0.046 0.018 -0.064
369.053 0.046 0.017 -0.065
369.250 0.046 0.015 -0.066
369.473 0.046 0.009 -0.062
369.653 0.047 0.000 -0.065
369.850 0.047 -0.006 -0.066
370.073 0.046 -0.011 -0.065
370.253 0.046 -0.015 -0.063
370.450 0.046 -0.018 -0.056
370.673 0.046 -0.019 -0.056
370.857 0.045 -0.018 -0.058
371.050 0.044 -0.016 -0.058
371.273 0.043 -0.013 -0.067
371.453 0.042 -0.010 -0.070
371.650 0.042 -0.008 -0.069
371.873 0.043 -0.006 -0.064
372.057 0.043 -0.004 -0.068
372.250 0.044 -0.001 -0.067
372.473 0.045 0.001 -0.065
372.653 0.046 0.003 -0.070
372.853 0.047 0.005 -0.036
373.077 0.048 0.005 -0.057
373.253 0.047 0.004 -0.049
373.450 0.045 0.002 -0.063
373.673 0.044 -0.001 -0.065
373.853 0.043 -0.002 -0.057
374.050 0.042 -0.003 -0.068
374.273 0.042 -0.004 -0.068
374.457 0.042 -0.004 -0.066
374.650 0.043 -0.004 -0.066
374.877 0.043 -0.004 -0.072
375.054 0.044 -0.004 -0.070
375.250 0.044 -0.003 -0.070
375.474 0.045 -0.003 -0.064
375.653 0.046 -0.002 -0.065
375.850 0.047 -0.002 -0.064
376.073 0.047 -0.001 -0.062
376.253 0.047 -0.001 -0.061
376.450 0.045 -0.000 -0.057
376.673 0.046 -0.002 -0.061
376.857 0.055 -0.024 -0.077
377.050 0.072 -0.064 -0.094
377.273 0.099 -0.119 -0.117
377.464 0.131 -0.177 -0.131
377.650 0.167 -0.238 -0.140
377.873 0.209 -0.304 -0.148
378.053 0.254 -0.372 -0.153
378.250 0.290 -0.430 -0.160
378.473 0.293 -0.483 -0.181
378.654 0.276 -0.533 -0.196
378.859 0.237 -0.580 -0.207
379.078 0.200 -0.622 -0.215
379.254 0.183 -0.677 -0.223
379.450 0.179 -0.746 -0.228
379.673 0.183 -0.822 -0.224
379.860 0.178 -0.884 -0.217
380.097 0.146 -0.932 -0.213
380.273 0.098 -0.969 -0.209
380.460 0.037 -0.997 -0.202
380.693 -0.016 -1.016 -0.196
380.877 -0.056 -1.033 -0.163
381.060 -0.065 -1.038 -0.166
381.297 -0.086 -1.056 -0.091
381.474 -0.069 -1.056 -0.105
381.660 -0.038 -1.051 -0.128
381.893 -0.021 -1.042 -0.118
382.073 -0.004 -1.024 -0.105
382.260 0.011 -1.004 -0.090
382.494 0.024 -0.989 -0.075
382.673 0.032 -0.979 -0.061
382.860 0.040 -0.976 -0.047
383.093 0.042 -0.975 -0.038
383.273 0.043 -0.980 -0.030
383.460 0.035 -0.984 -0.030
383.693 0.030 -0.987 -0.034
383.874 0.026 -0.991 -0.038
384.060 0.024 -0.995 -0.043
384.297 0.022 -0.997 -0.046
384.473 0.021 -1.000 -0.050
384.660 0.020 -1.003 -0.051
384.894 0.019 -1.005 -0.053
385.073 0.019 -1.007 -0.054
385.260 0.020 -1.011 -0.053
385.494 0.020 -1.011 -0.054
385.673 0.018 -1.008 -0.055
385.860 0.019 -1.006 -0.056
386.094 0.019 -1.004 -0.056
386.274 0.020 -1.002 -0.060
386.470 0.021 -1.001 -0.060
386.701 0.022 -1.002 -0.059
386.885 0.022 -1.002 -0.058
387.070 0.023 -1.003 -0.056
387.301 0.025 -1.004 -0.054
387.481 0.026 -1.006 -0.053
387.670 0.035 -1.021 -0.057
387.901 0.056 -1.065 -0.062
388.081 0.083 -1.118 -0.062
388.270 0.104 -1.171 -0.063
388.505 0.101 -1.217 -0.064
388.681 0.072 -1.261 -0.069
388.870 0.065 -1.302 0.020
389.105 0.063 -1.345 0.086
389.285 0.059 -1.392 0.104
389.470 0.055 -1.445 0.100
389.701 0.050 -1.501 0.094
389.885 0.044 -1.561 0.091
390.070 0.040 -1.623 0.088
390.305 0.040 -1.684 0.097
390.481 0.043 -1.750 0.104
390.670 0.052 -1.817 0.117
390.901 -0.248 -0.758 -0.061
391.081 -0.284 -0.668 -0.054
391.270 -0.325 -0.581 -0.053
391.501 -0.372 -0.499 -0.054
391.682 -0.427 -0.424 -0.059
391.870 -0.489 -0.356 -0.065
392.105 -0.560 -0.296 -0.068
392.282 -0.645 -0.241 -0.072
392.470 -0.665 -0.237 0.066
392.701 -0.759 -0.217 0.142
392.881 -0.858 -0.209 0.157
393.070 -0.960 -0.213 0.160
393.302 -1.063 -0.231 0.169
393.481 -1.168 -0.258 0.175
393.671 -1.271 -0.300 0.180
393.901 -1.369 -0.355 0.186
394.081 -1.466 -0.427 0.187
394.279 -1.553 -0.506 0.193
394.505 -1.633 -0.595 0.198
394.681 -1.702 -0.695 0.201
394.880 -1.756 -0.805 0.204
395.101 -1.793 -0.922 0.200
395.281 -1.816 -1.049 0.204
395.480 -1.816 -1.177 0.200
395.701 -1.795 -1.307 0.195
395.881 -1.753 -1.436 0.190
396.080 -1.689 -1.563 0.179
396.301 -1.615 -1.693 0.167
396.481 -1.538 -1.819 0.154
396.680 -1.476 -1.910 0.146
396.905 -1.433 -1.962 0.143
397.081 -1.403 -1.994 0.142
397.280 -1.381 -2.028 0.142
397.501 -1.385 -2.039 0.155
397.686 -1.377 -2.074 0.172
397.881 -1.352 -2.134 0.194
398.102 -1.311 -2.214 0.221
398.281 -1.249 -2.313 0.249
398.481 -1.181 -2.425 0.274
398.701 -1.115 -2.540 0.299
398.881 -1.044 -2.659 0.327
399.080 -0.975 -2.775 0.357
399.305 -0.915 -2.883 0.383
399.481 -0.852 -2.992 0.411
399.680 -0.791 -3.090 0.431
399.901 -0.722 -3.200 0.457
400.085 -0.649 -3.320 0.487
400.280 -0.572 -3.440 0.517
400.505 -0.487 -3.559 0.541
400.685 -0.410 -3.683 0.571
400.880 -0.333 -3.811 0.603
401.101 -0.256 -3.940 0.635
401.285 -0.178 -4.070 0.671
401.480 -0.103 -4.205 0.704
401.701 -0.030 -4.342 0.738
401.885 0.037 -4.478 0.772
402.079 0.112 -4.618 0.809
402.301 0.185 -4.760 0.847
402.481 0.239 -4.897 0.880
402.680 0.308 -5.042 0.917
402.905 0.359 -5.183 0.949
403.081 0.427 -5.331 0.985
403.280 0.497 -5.483 1.022
403.505 0.558 -5.634 1.052
403.681 0.623 -5.792 1.083
403.880 0.698 -5.951 1.121
404.101 0.772 -6.000 1.159
404.289 0.846 -6.000 1.196
404.525 0.919 -6.000 1.232
404.701 0.990 -6.000 1.266
404.899 1.063 -6.000 1.305
405.125 1.135 -6.000 1.341
405.301 1.208 -6.000 1.378
405.500 1.280 -6.000 1.416
405.722 1.349 -6.000 1.448
405.901 1.422 -6.000 1.489
406.101 1.499 -6.000 1.522
406.321 1.570 -6.000 1.561
406.501 1.645 -6.000 1.596
406.700 1.725 -6.000 1.628
406.921 1.792 -6.000 1.666
407.105 1.877 -6.000 1.699
407.300 1.960 -6.000 1.733
407.521 2.060 -6.000 1.767
407.709 2.189 -6.000 1.800
407.941 2.315 -6.000 1.829
408.125 2.416 -6.000 1.857
408.310 2.431 -6.000 1.872
408.541 2.278 -6.000 1.870
408.725 2.262 -6.000 1.863
408.910 2.539 -6.000 1.850
409.145 2.750 -6.000 1.847
409.321 2.774 -6.000 1.850
409.510 2.806 -6.000 1.855
409.741 2.923 -6.000 1.850
409.921 3.040 -6.000 1.850
410.110 3.147 -6.000 1.846
410.345 3.222 -6.000 1.845
410.521 3.262 -6.000 1.848
410.710 3.481 -6.000 1.849
410.941 4.015 -6.000 1.855
411.125 4.160 -6.000 1.856
411.310 4.250 -6.000 1.854
411.541 4.375 -6.000 1.853
411.721 4.497 -6.000 1.855
411.910 4.863 -6.000 1.850
412.141 5.040 -6.000 1.847
412.321 5.289 -6.000 1.841
412.510 5.173 -6.000 1.843
412.745 5.280 -6.000 1.841
412.921 5.504 -6.000 1.836
413.120 5.732 -6.000 1.833
413.341 6.000 -6.000 1.825
413.521 6.000 -6.000 1.820
413.720 6.000 -6.000 1.814
413.945 6.000 -6.000 1.804
414.125 6.000 -6.000 1.791
414.320 6.000 -6.000 1.784
414.545 6.000 -6.000 1.780
414.721 6.000 -6.000 1.782
414.920 6.000 -6.000 1.787
415.141 6.000 -6.000 1.802
415.325 6.000 -6.000 1.816
415.520 6.000 -6.000 1.831
415.741 6.000 -6.000 1.845
415.921 6.000 -6.000 1.852
416.120 6.000 -6.000 1.845
416.341 6.000 -6.000 1.839
416.523 6.000 -6.000 1.838
416.720 6.000 -6.000 1.835
416.941 6.000 -6.000 1.842
417.122 6.000 -6.000 1.836
417.320 6.000 -6.000 1.830
417.541 6.000 -6.000 1.840
417.721 6.000 -6.000 1.847
417.920 6.000 -6.000 1.842
418.145 6.000 -6.000 1.840
418.321 6.000 -6.000 1.845
418.520 6.000 -6.000 1.846
418.742 6.000 -6.000 1.843
418.921 6.000 -6.000 1.845
419.120 6.000 -6.000 1.845
419.345 6.000 -6.000 1.847
419.521 6.000 -6.000 1.845
419.720 6.000 -6.000 1.851
419.942 6.000 -6.000 1.852
420.121 6.000 -6.000 1.845
420.320 6.000 -6.000 1.849
420.541 6.000 -6.000 1.850
420.721 6.000 -6.000 1.852
420.920 6.000 -6.000 1.850
421.141 6.000 -6.000 1.851
421.321 6.000 -6.000 1.850
421.520 6.000 -6.000 1.847
421.745 6.000 -6.000 1.850
421.921 6.000 -6.000 1.853
422.119 6.000 -6.000 1.850
422.341 6.000 -6.000 1.847
422.530 6.000 -6.000 1.850
422.765 6.000 -6.000 1.852
422.941 6.000 -6.000 1.854
423.131 6.000 -6.000 1.851
423.365 6.000 -6.000 1.852
423.546 6.000 -6.000 1.847
423.730 6.000 -6.000 1.843
423.965 6.000 -6.000 1.846
424.141 6.000 -6.000 1.847
424.330 6.000 -6.000 1.845
424.561 6.000 -6.000 1.849
424.741 6.000 -6.000 1.850
424.930 6.000 -6.000 1.849
425.165 6.000 -6.000 1.851
425.345 6.000 -6.000 1.847
425.540 6.000 -6.000 1.846
425.761 6.000 -6.000 1.844
425.941 6.000 -6.000 1.843
426.140 6.000 -6.000 1.842
426.361 6.000 -6.000 1.845
426.545 6.000 -6.000 1.846
426.740 6.000 -6.000 1.844
426.961 6.000 -6.000 1.842
427.145 6.000 -6.000 1.845
427.340 6.000 -6.000 1.841
427.565 6.000 -6.000 1.845
427.741 6.000 -6.000 1.843
427.939 6.000 -6.000 1.843
428.161 6.000 -6.000 1.843
428.341 6.000 -6.000 1.846
428.593 6.000 -6.000 1.845
428.778 6.000 -6.000 1.849
428.960 6.000 -6.000 1.846
429.197 6.000 -6.000 1.846
429.373 6.000 -6.000 1.845
429.560 6.000 -6.000 1.835
429.801 6.000 -6.000 1.833
429.973 6.000 -6.000 1.840
430.160 6.000 -6.000 1.851
430.397 6.000 -6.000 1.854
430.574 6.000 -6.000 1.849
430.760 6.000 -6.000 1.844
430.997 6.000 -6.000 1.843
431.177 6.000 -6.000 1.844
431.360 6.000 -6.000 1.846
431.593 6.000 -6.000 1.849
431.773 6.000 -6.000 1.843
431.960 6.000 -6.000 1.844
432.193 6.000 -6.000 1.843
432.377 6.000 -6.000 1.844
432.560 6.000 -6.000 1.846
432.793 6.000 -6.000 1.845
432.973 6.000 -6.000 1.846
433.160 6.000 -6.000 1.845
433.393 6.000 -6.000 1.844
433.573 6.000 -6.000 1.845
433.760 6.000 -6.000 1.845
433.993 6.000 -6.000 1.848
434.173 6.000 -6.000 1.847
434.360 6.000 -6.000 1.845
434.593 6.000 -6.000 1.843
434.773 6.000 -6.000 1.847
434.961 6.000 -6.000 1.851
435.198 6.000 -6.000 1.847
435.373 6.000 -6.000 1.847
435.560 6.000 -6.000 1.833
435.793 5.796 -6.000 1.816
435.973 4.324 -6.000 1.791
436.160 3.324 -6.000 1.761
436.393 3.021 -6.000 1.731
436.577 3.054 -6.000 1.692
436.760 3.292 -6.000 1.656
436.997 3.966 -6.000 1.615
437.174 4.547 -6.000 1.575
437.360 1.088 -0.005 1.275
437.593 1.085 -0.003 1.228
437.774 1.076 -0.008 1.179
437.960 1.067 -0.012 1.129
438.193 1.057 -0.017 1.079
438.373 1.046 -0.027 1.030
438.560 1.038 -0.029 0.980
438.797 1.028 -0.035 0.927
438.974 1.018 -0.042 0.875
439.160 1.008 -0.048 0.823
439.393 0.997 -0.056 0.769
439.573 0.987 -0.063 0.716
439.760 0.976 -0.071 0.662
439.993 0.966 -0.079 0.608
440.173 0.954 -0.087 0.554
440.360 0.945 -0.094 0.514
440.597 0.936 -0.100 0.487
440.773 0.924 -0.108 0.466
440.960 0.892 -0.132 0.442
441.197 0.847 -0.161 0.415
441.374 0.799 -0.167 0.384
441.560 0.749 -0.150 0.357
441.797 0.699 -0.120 0.334
441.973 0.651 -0.080 0.315
442.160 0.610 -0.049 0.305
442.394 0.559 -0.042 0.291
442.577 0.491 -0.057 0.267
442.760 0.429 -0.073 0.251
442.993 0.370 -0.066 0.235
443.173 0.311 -0.042 0.219
443.360 0.256 -0.008 0.206
443.593 0.204 0.026 0.192
443.773 0.154 0.043 0.176
443.960 0.102 0.047 0.165
444.193 0.060 0.041 0.128
444.377 0.034 0.033 0.097
444.560 0.025 0.025 0.059
444.793 0.031 0.024 0.019
444.977 0.040 0.027 -0.004
445.160 0.066 0.035 -0.050
445.393 0.081 0.039 -0.074
445.573 0.092 0.042 -0.089
445.760 0.098 0.042 -0.099
445.997 0.098 0.037 -0.103
446.174 0.095 0.029 -0.105
446.360 0.089 0.022 -0.103
446.593 0.085 0.016 -0.098
446.777 0.081 0.015 -0.093
446.960 0.078 0.014 -0.086
447.197 0.075 0.016 -0.079
447.373 0.072 0.018 -0.071
447.560 0.070 0.020 -0.065
447.793 0.069 0.024 -0.058
447.977 0.068 0.027 -0.052
448.160 0.068 0.031 -0.044
448.397 0.067 0.035 -0.043
448.577 0.069 0.041 -0.042
448.760 0.072 0.048 -0.035
448.993 0.074 0.055 -0.044
449.177 0.075 0.059 -0.045
449.360 0.073 0.062 -0.048
449.593 0.072 0.065 -0.053
449.773 0.070 0.066 -0.057
449.960 0.068 0.066 -0.060
450.193 0.066 0.065 -0.064
450.373 0.066 0.064 -0.066
450.560 0.066 0.063 -0.067
450.793 0.068 0.062 -0.067
450.977 0.070 0.062 -0.066
451.160 0.072 0.061 -0.063
451.393 0.074 0.061 -0.060
451.573 0.076 0.062 -0.059
451.760 0.077 0.063 -0.056
451.995 0.077 0.064 -0.054
452.174 0.078 0.065 -0.053
452.360 0.077 0.066 -0.052
452.593 0.077 0.066 -0.053
452.773 0.077 0.066 -0.054
452.960 0.077 0.066 -0.056
453.193 0.077 0.065 -0.058
453.373 0.076 0.064 -0.060
453.560 0.075 0.063 -0.062
453.793 0.075 0.063 -0.062
453.977 0.074 0.063 -0.063
454.160 0.073 0.063 -0.061
454.393 0.072 0.064 -0.060
454.577 0.072 0.064 -0.059
454.760 0.073 0.064 -0.058
454.997 0.074 0.064 -0.056
455.177 0.075 0.064 -0.054
455.370 0.075 0.064 -0.056
455.593 0.076 0.063 -0.056
455.773 0.076 0.063 -0.057
455.970 0.076 0.062 -0.056
456.197 0.076 0.062 -0.056
456.373 0.076 0.062 -0.058
456.570 0.076 0.062 -0.058
456.793 0.076 0.062 -0.059
456.973 0.075 0.063 -0.060
457.170 0.075 0.063 -0.060
457.393 0.074 0.063 -0.060
457.573 0.074 0.063 -0.060
457.770 0.074 0.063 -0.060
457.993 0.075 0.051 -0.058
458.173 0.079 0.015 -0.056
458.370 0.083 -0.040 -0.053
458.597 0.079 -0.103 -0.055
458.774 0.062 -0.174 -0.063
458.970 0.038 -0.244 -0.067
459.197 0.008 -0.313 -0.070
459.373 -0.030 -0.382 -0.073
459.570 -0.067 -0.444 -0.078
459.793 -0.082 -0.499 -0.086
459.973 -0.065 -0.552 -0.091
460.170 -0.029 -0.603 -0.090
460.393 0.005 -0.645 -0.082
460.573 0.027 -0.672 -0.071
460.770 0.024 -0.684 -0.064
460.995 0.005 -0.683 -0.062
461.173 -0.014 -0.671 -0.059
461.370 -0.026 -0.655 -0.058
461.593 -0.031 -0.639 -0.056
461.773 -0.035 -0.626 -0.054
461.972 -0.033 -0.618 -0.050
462.193 -0.027 -0.615 -0.047
462.374 -0.020 -0.614 -0.045
462.570 -0.014 -0.615 -0.043
462.793 -0.012 -0.618 -0.041
462.973 -0.010 -0.622 -0.041
463.170 -0.008 -0.624 -0.042
463.393 -0.008 -0.627 -0.044
463.573 -0.011 -0.631 -0.046
463.770 -0.015 -0.636 -0.050
463.993 -0.015 -0.637 -0.051
464.177 -0.013 -0.637 -0.055
464.370 -0.010 -0.634 -0.056
464.593 -0.009 -0.633 -0.057
464.773 -0.005 -0.630 -0.057
464.970 -0.007 -0.632 -0.060
465.193 -0.008 -0.636 -0.057
465.377 -0.014 -0.663 -0.052
465.570 -0.022 -0.715 -0.051
465.793 -0.039 -0.780 -0.047
465.977 -0.061 -0.846 -0.040
466.170 -0.073 -0.899 -0.020
466.394 -0.091 -0.939 0.121
466.575 -0.114 -0.981 0.137
466.770 -0.143 -1.027 0.107
466.993 0.099 -1.068 -0.078
467.173 0.150 -1.089 -0.083
467.370 0.171 -1.096 -0.080
467.593 0.154 -1.091 -0.094
467.783 0.160 -1.103 -0.048
468.013 0.084 -1.060 -0.099
468.193 0.076 -1.074 0.007
468.380 -0.040 -1.097 -0.092
468.613 -0.041 -1.071 0.019
468.793 -0.044 -1.043 0.085
468.980 -0.053 -1.015 0.093
469.217 -0.069 -0.988 0.068
469.393 -0.088 -0.960 0.042
469.580 -0.107 -0.927 0.017
469.813 0.037 -1.161 -0.157
469.997 0.039 -1.178 0.012
470.180 0.050 -1.165 -0.013
470.413 0.061 -1.150 -0.016
470.597 0.073 -1.133 -0.041
470.780 0.085 -1.115 -0.047
471.017 0.099 -1.096 -0.035
471.193 0.113 -1.075 -0.017
471.380 0.127 -1.051 0.001
471.617 0.141 -1.027 0.014
471.793 0.158 -1.014 0.011
471.980 0.179 -1.013 -0.002
472.213 0.202 -1.044 -0.038
472.393 0.221 -1.070 -0.071
472.580 0.239 -1.069 -0.091
472.813 0.258 -1.072 -0.115
472.993 0.277 -1.063 -0.135
473.180 0.295 -1.034 -0.148
473.417 0.306 -0.990 -0.153
473.593 0.317 -0.951 -0.160
473.780 0.321 -0.907 -0.166
474.013 0.335 -0.874 -0.175
474.193 0.351 -0.841 -0.186
474.380 0.349 -0.793 -0.189
474.613 0.368 -0.759 -0.198
474.793 0.392 -0.728 -0.207
474.981 0.434 -0.704 -0.220
475.213 0.484 -0.683 -0.233
475.393 0.517 -0.652 -0.244
475.582 0.569 -0.631 -0.257
475.813 0.629 -0.616 -0.271
475.993 0.712 -0.618 -0.291
476.180 0.793 -0.627 -0.312
476.413 0.871 -0.634 -0.334
476.593 0.913 -0.612 -0.350
476.779 0.823 -0.561 -0.353
477.013 0.505 -0.524 -0.337
477.197 0.303 -0.503 -0.323
477.380 0.092 -0.489 -0.302
477.613 -0.043 -0.460 -0.279
477.793 -0.085 -0.418 -0.257
477.980 -0.068 -0.370 -0.240
478.213 -0.085 -0.323 -0.216
478.393 -0.080 -0.280 -0.195
478.580 -0.079 -0.248 -0.177
478.813 -0.100 -0.234 -0.161
478.993 -0.118 -0.197 -0.138
479.180 -0.127 -0.148 -0.112
479.417 -0.151 -0.113 -0.087
479.597 -0.164 -0.067 -0.060
479.780 -0.157 -0.005 -0.027
480.013 -0.166 0.046 0.005
480.193 -0.176 0.096 0.037
480.380 -0.187 0.146 0.066
480.615 -0.191 0.203 0.098
480.794 -0.205 0.257 0.134
481.033 -0.185 0.340 0.165
481.217 -0.216 0.374 0.201
481.400 -0.208 0.454 0.232
481.633 -0.203 0.546 0.261
481.818 -0.232 0.630 0.290
482.001 -0.280 0.714 0.316
482.233 -0.276 0.783 0.348
482.415 -0.270 0.854 0.381
482.600 -0.231 0.929 0.415
482.835 -0.230 1.002 0.449
483.013 -0.182 1.077 0.487
483.200 -0.191 1.149 0.523
483.433 -0.200 1.224 0.559
483.617 -0.214 1.299 0.596
483.800 -0.259 1.357 0.638
484.033 -0.261 1.439 0.677
484.213 -0.213 1.538 0.716
484.401 0.135 1.728 0.746
484.633 0.559 1.888 0.765
484.818 0.610 1.883 0.779
485.000 -0.073 1.573 0.782
485.234 -1.222 1.134 0.783
485.413 -2.597 0.625 0.773
485.600 -3.254 0.417 0.765
485.833 -3.463 0.407 0.761
486.015 -3.614 0.405 0.760
486.200 -3.708 0.384 0.761
486.436 -3.784 0.378 0.766
486.617 -3.718 0.336 0.771
486.800 -3.580 0.260 0.774
487.037 -3.525 0.210 0.779
487.213 -3.460 0.127 0.781
487.400 -3.529 0.129 0.786
487.633 -3.615 0.137 0.789
487.814 -0.429 -0.313 0.700
488.000 -0.233 -0.386 0.848
488.237 -0.415 -0.401 0.621
488.417 -0.270 -0.490 0.747
488.600 -0.365 -0.323 0.688
488.833 -0.322 -0.268 0.808
489.013 -0.275 -0.201 0.862
489.200 -0.255 -0.239 0.821
489.434 -0.206 -0.189 0.856
489.614 -0.207 -0.236 0.753
489.799 -0.186 -0.218 0.718
490.033 -0.164 -0.197 0.724
490.216 -0.137 -0.178 0.725
490.400 -0.113 -0.163 0.736
490.633 -0.084 -0.146 0.749
490.816 -0.056 -0.133 0.764
491.000 -0.026 -0.128 0.782
491.233 0.003 -0.121 0.795
491.415 0.032 -0.117 0.811
491.601 0.059 -0.116 0.829
491.834 0.085 -0.119 0.846
492.013 0.108 -0.126 0.862
492.200 0.129 -0.130 0.881
492.433 0.146 -0.133 0.902
492.613 0.174 -0.131 0.925
492.800 0.216 -0.124 0.946
493.033 0.265 -0.118 0.966
493.213 0.319 -0.111 0.986
493.400 0.377 -0.105 1.004
493.637 0.433 -0.100 1.021
493.814 0.481 -0.095 1.035
494.000 0.519 -0.093 1.053
494.233 0.551 -0.091 1.072
494.414 0.579 -0.089 1.089
494.600 0.604 -0.088 1.111
494.837 0.626 -0.087 1.136
495.017 0.645 -0.087 1.162
495.200 0.664 -0.086 1.193
495.437 0.680 -0.086 1.220
495.617 0.701 -0.083 1.248
495.800 0.716 -0.081 1.280
496.033 0.730 -0.081 1.313
496.217 0.744 -0.080 1.333
496.400 0.757 -0.079 1.338
496.637 0.770 -0.078 1.336
496.814 0.781 -0.077 1.324
497.000 0.790 -0.077 1.306
497.237 0.797 -0.077 1.283
497.414 0.842 -0.086 1.268
497.600 0.858 -0.088 1.234
497.833 0.866 -0.088 1.232
498.014 0.873 -0.087 1.224
498.200 0.878 -0.088 1.204
498.433 0.882 -0.089 1.176
498.613 0.892 -0.087 1.283
498.800 0.905 -0.084 1.341
499.033 0.920 -0.082 1.319
499.213 0.812 -0.103 1.026
499.400 0.828 -0.085 0.965
499.637 0.829 -0.085 0.914
499.813 0.822 -0.087 0.863
500.000 0.815 -0.089 0.814
500.233 0.806 -0.091 0.763
500.414 0.796 -0.093 0.713
500.600 0.786 -0.095 0.665
500.833 0.774 -0.098 0.611
501.014 0.762 -0.100 0.560
501.200 0.750 -0.103 0.507
501.433 0.737 -0.104 0.453
501.613 0.723 -0.106 0.406
501.800 0.709 -0.107 0.353
502.033 0.694 -0.108 0.296
502.217 0.679 -0.109 0.240
502.400 0.664 -0.110 0.192
502.633 0.649 -0.110 0.144
502.813 0.636 -0.110 0.116
503.000 0.627 -0.109 0.098
503.233 0.617 -0.107 0.084
503.413 0.597 -0.104 0.076
503.600 0.550 -0.098 0.061
503.833 0.489 -0.090 0.044
504.016 0.410 -0.087 0.021
504.200 0.325 -0.090 0.001
504.433 0.245 -0.102 0.004
504.613 0.157 -0.122 0.007
504.800 0.082 -0.140 0.011
505.033 0.025 -0.140 0.011
505.213 -0.007 -0.133 0.012
505.400 -0.010 -0.116 0.012
505.638 0.006 -0.091 0.013
505.814 0.026 -0.068 0.013
506.000 0.042 -0.059 0.006
506.233 0.053 -0.065 -0.007
506.413 0.064 -0.077 -0.026
506.600 0.068 -0.090 -0.042
506.834 0.067 -0.099 -0.058
507.017 0.064 -0.106 -0.073
507.200 0.061 -0.110 -0.082
507.437 0.058 -0.112 -0.088
507.613 0.056 -0.111 -0.091
507.800 0.055 -0.108 -0.089
508.033 0.054 -0.104 -0.085
508.213 0.060 -0.101 -0.076
508.400 0.071 -0.097 -0.074
508.633 0.079 -0.094 -0.071
508.814 0.085 -0.092 -0.067
509.000 0.089 -0.091 -0.062
509.237 0.091 -0.090 -0.060
509.414 0.091 -0.090 -0.058
509.600 0.090 -0.090 -0.056
509.836 0.088 -0.091 -0.056
510.017 0.086 -0.092 -0.054
510.200 0.084 -0.092 -0.047
510.434 0.081 -0.092 -0.056
510.613 0.078 -0.091 -0.058
510.800 0.076 -0.090 -0.059
511.033 0.074 -0.089 -0.060
511.218 0.073 -0.088 -0.062
511.400 0.074 -0.088 -0.062
511.634 0.075 -0.088 -0.063
511.813 0.076 -0.089 -0.064
512.000 0.078 -0.090 -0.064
512.237 0.079 -0.091 -0.064
512.413 0.080 -0.092 -0.064
512.600 0.081 -0.092 -0.058
512.833 0.081 -0.093 -0.063
513.014 0.082 -0.094 -0.061
513.201 0.083 -0.094 -0.060
513.433 0.083 -0.095 -0.059
513.618 0.084 -0.095 -0.054
513.800 0.084 -0.095 -0.059
514.033 0.085 -0.095 -0.059
514.213 0.085 -0.095 -0.059
514.400 0.086 -0.095 -0.061
514.634 0.087 -0.095 -0.062
514.817 0.088 -0.094 -0.062
515.000 0.089 -0.094 -0.064
515.233 0.090 -0.094 -0.064
515.413 0.091 -0.094 -0.063
515.600 0.092 -0.094 -0.063
515.837 0.091 -0.094 -0.063
516.017 0.090 -0.096 -0.064
516.200 0.089 -0.099 -0.066
516.437 0.089 -0.102 -0.064
516.613 0.088 -0.103 -0.056
516.800 0.088 -0.105 -0.062
517.033 0.088 -0.106 -0.058
517.213 0.088 -0.106 -0.058
517.400 0.089 -0.105 -0.058
517.637 0.090 -0.103 -0.059
517.817 0.090 -0.100 -0.061
518.000 0.089 -0.098 -0.061
518.233 0.089 -0.096 -0.059
518.414 0.089 -0.094 -0.063
518.600 0.089 -0.093 -0.060
518.833 0.090 -0.091 -0.060
519.017 0.090 -0.091 -0.060
519.210 0.091 -0.090 -0.061
519.448 0.092 -0.090 -0.060
519.617 0.092 -0.090 -0.059
519.810 0.091 -0.091 -0.058
520.033 0.091 -0.091 -0.057
520.214 0.090 -0.092 -0.057
520.411 0.090 -0.092 -0.056
520.633 0.090 -0.093 -0.056
520.813 0.091 -0.094 -0.056
521.010 0.091 -0.094 -0.056
521.233 0.091 -0.095 -0.056
521.413 0.091 -0.095 -0.059
521.610 0.090 -0.096 -0.059
521.833 0.091 -0.097 -0.060
522.013 0.091 -0.097 -0.061
522.210 0.091 -0.098 -0.061
522.433 0.092 -0.098 -0.061
522.615 0.092 -0.098 -0.061
522.810 0.092 -0.098 -0.061
523.037 0.091 -0.099 -0.049
523.214 0.091 -0.099 -0.060
523.420 0.091 -0.099 -0.059
523.641 0.091 -0.098 -0.060
523.825 0.091 -0.098 -0.055
524.021 0.091 -0.097 -0.055
524.245 0.092 -0.096 -0.057
524.421 0.092 -0.096 -0.058
524.621 0.092 -0.095 -0.058
524.841 0.092 -0.095 -0.060
525.021 0.091 -0.096 -0.065
525.220 0.090 -0.096 -0.066
525.445 0.090 -0.096 -0.067
525.621 0.090 -0.097 -0.066
525.861 0.091 -0.096 -0.065
526.045 0.091 -0.097 -0.060
526.230 0.092 -0.097 -0.063
526.461 0.092 -0.097 -0.062
526.641 0.093 -0.098 -0.056
526.830 0.093 -0.098 -0.057
527.061 0.093 -0.098 -0.056
527.241 0.093 -0.098 -0.056
527.430 0.092 -0.098 -0.059
527.661 0.091 -0.097 -0.058
527.841 0.092 -0.096 -0.058
528.030 0.092 -0.095 -0.062
528.265 0.092 -0.095 -0.062
528.445 0.092 -0.094 -0.064
528.630 0.092 -0.094 -0.065
528.861 0.093 -0.094 -0.066
529.041 0.092 -0.095 -0.067
529.230 0.091 -0.096 -0.062
529.466 0.091 -0.096 -0.058
529.645 0.092 -0.097 -0.058
529.830 0.092 -0.097 -0.064
530.061 0.093 -0.098 -0.059
530.241 0.093 -0.098 -0.069
530.430 0.094 -0.098 -0.076
530.662 0.094 -0.098 -0.084
530.841 0.094 -0.097 -0.085
531.031 0.094 -0.097 -0.074
531.261 0.092 -0.097 -0.077
531.441 0.091 -0.097 -0.078
531.630 0.091 -0.096 -0.078
531.861 0.091 -0.096 -0.066
532.041 0.091 -0.095 -0.069
532.230 0.092 -0.094 -0.066
532.461 0.092 -0.094 -0.061
532.641 0.093 -0.094 -0.057
532.830 0.092 -0.095 -0.051
533.065 0.092 -0.096 -0.049
533.245 0.091 -0.097 -0.025
533.430 0.091 -0.098 -0.035
533.666 0.091 -0.100 -0.072
533.841 0.091 -0.100 -0.084
534.030 0.092 -0.100 -0.090
534.261 0.093 -0.100 -0.092
534.441 0.094 -0.099 -0.091
534.631 0.094 -0.098 -0.087
534.853 0.094 -0.096 -0.081
535.034 0.094 -0.096 -0.074
535.230 0.093 -0.095 -0.066
535.453 0.091 -0.095 -0.059
535.634 0.089 -0.096 -0.053
535.830 0.089 -0.096 -0.049
536.053 0.089 -0.097 -0.047
536.233 0.089 -0.098 -0.046
536.430 0.090 -0.099 -0.048
536.653 0.090 -0.100 -0.049
536.837 0.091 -0.100 -0.053
537.030 0.092 -0.100 0.009
537.253 0.092 -0.099 -0.064
537.437 0.092 -0.099 -0.077
537.630 0.093 -0.099 -0.085
537.857 0.093 -0.099 -0.090
538.034 0.094 -0.098 -0.091
538.237 0.094 -0.097 -0.088
538.453 0.093 -0.097 -0.084
538.637 0.091 -0.097 -0.078
538.831 0.090 -0.097 -0.071
539.053 0.089 -0.096 -0.062
539.240 0.089 -0.096 -0.058
539.440 0.090 -0.096 -0.052
539.664 0.090 -0.096 -0.042
539.845 0.090 -0.097 -0.046
540.040 0.090 -0.098 -0.046
540.261 0.091 -0.099 -0.048
540.441 0.091 -0.100 -0.051
540.640 0.091 -0.100 -0.055
540.861 0.091 -0.100 -0.059
541.040 0.091 -0.100 -0.063
541.273 0.091 -0.100 -0.067
541.453 0.092 -0.099 -0.070
541.639 0.092 -0.098 -0.071
541.873 0.092 -0.098 -0.071
542.053 0.092 -0.097 -0.070
542.241 0.091 -0.097 -0.069
542.473 0.090 -0.097 -0.066
542.653 0.089 -0.097 -0.064
542.840 0.089 -0.097 -0.062
543.073 0.089 -0.097 -0.059
543.253 0.089 -0.097 -0.057
543.441 0.090 -0.098 -0.053
543.673 0.090 -0.098 -0.055
543.858 0.090 -0.099 -0.055
544.040 0.091 -0.100 -0.055
544.273 0.091 -0.100 -0.057
544.453 0.092 -0.100 -0.059
544.639 0.092 -0.100 -0.060
544.873 0.092 -0.100 -0.062
545.053 0.092 -0.100 -0.064
545.239 0.091 -0.099 -0.065
545.473 0.090 -0.099 -0.066
545.653 0.089 -0.098 -0.067
545.840 0.089 -0.097 -0.066
546.077 0.089 -0.097 -0.065
546.253 0.089 -0.097 -0.064
546.453 0.090 -0.097 -0.062
546.674 0.091 -0.097 -0.061
546.853 0.091 -0.097 -0.059
547.050 0.091 -0.098 -0.057
547.273 0.091 -0.099 -0.056
547.453 0.090 -0.100 -0.056
547.649 0.090 -0.100 -0.056
547.873 0.090 -0.101 -0.055
548.054 0.091 -0.101 -0.058
548.250 0.091 -0.101 -0.059
548.474 0.091 -0.100 -0.061
548.653 0.091 -0.100 -0.063
548.850 0.090 -0.099 -0.064
549.073 0.090 -0.098 -0.064
549.253 0.089 -0.098 -0.065
549.450 0.090 -0.097 -0.065
549.673 0.090 -0.097 -0.065
549.857 0.090 -0.097 -0.064
550.050 0.091 -0.097 -0.061
550.273 0.091 -0.097 -0.061
550.457 0.090 -0.097 -0.060
550.650 0.090 -0.097 -0.059
550.874 0.090 -0.097 -0.058
551.053 0.090 -0.097 -0.058
551.250 0.090 -0.098 -0.057
551.477 0.091 -0.098 -0.058
551.653 0.091 -0.099 -0.059
551.850 0.091 -0.100 -0.060
552.077 0.091 -0.100 -0.060
552.257 0.090 -0.100 -0.061
552.450 0.090 -0.100 -0.060
552.677 0.090 -0.100 -0.053
552.853 0.091 -0.099 -0.063
553.052 0.091 -0.098 -0.063
553.273 0.091 -0.097 -0.064
553.453 0.091 -0.097 -0.064
553.650 0.090 -0.097 -0.063
553.873 0.090 -0.097 -0.063
554.053 0.089 -0.097 -0.062
554.250 0.089 -0.097 -0.061
554.473 0.090 -0.097 -0.060
554.657 0.090 -0.097 -0.060
554.850 0.091 -0.097 -0.060
555.081 0.091 -0.098 -0.059
555.263 0.092 -0.098 -0.059
555.460 0.092 -0.098 -0.059
555.681 0.092 -0.099 -0.059
555.862 0.091 -0.099 -0.060
556.060 0.091 -0.099 -0.061
556.281 0.091 -0.099 -0.060
556.463 0.091 -0.099 -0.060
556.660 0.091 -0.098 -0.062
556.885 0.092 -0.097 -0.063
557.072 0.092 -0.096 -0.063
557.301 0.092 -0.096 -0.063
557.481 0.091 -0.095 -0.063
557.670 0.090 -0.095 -0.062
557.905 0.090 -0.094 -0.063
558.081 0.089 -0.094 -0.062
558.270 0.090 -0.093 -0.062
558.493 0.091 -0.093 -0.059
558.673 0.091 -0.093 -0.061
558.870 0.091 -0.093 -0.060
559.094 0.092 -0.094 -0.060
559.273 0.092 -0.094 -0.060
559.470 0.092 -0.094 -0.060
559.693 0.091 -0.094 -0.061
559.877 0.091 -0.095 -0.061
560.070 0.090 -0.095 -0.061
560.297 0.090 -0.095 -0.061
560.473 0.090 -0.095 -0.062
560.670 0.090 -0.094 -0.062
560.893 0.091 -0.095 -0.063
561.074 0.091 -0.095 -0.063
561.270 0.091 -0.095 -0.063
561.494 0.091 -0.095 -0.063
561.675 0.091 -0.095 -0.062
561.870 0.091 -0.095 -0.062
562.093 0.091 -0.095 -0.061
562.273 0.092 -0.095 -0.061
562.470 0.092 -0.094 -0.061
562.693 0.092 -0.094 -0.059
562.877 0.092 -0.094 -0.061
563.070 0.091 -0.094 -0.061
563.293 0.091 -0.094 -0.060
563.474 0.091 -0.094 -0.060
563.670 0.091 -0.094 -0.061
563.894 0.091 -0.094 -0.061
564.073 0.091 -0.094 -0.061
564.270 0.091 -0.094 -0.061
564.494 0.091 -0.094 -0.061
564.673 0.091 -0.094 -0.062
564.870 0.091 -0.094 -0.062
565.093 0.091 -0.094 -0.062
565.277 0.091 -0.094 -0.062
565.470 0.092 -0.094 -0.063
565.699 0.092 -0.094 -0.063
565.873 0.092 -0.094 -0.062
566.069 0.092 -0.093 -0.062
566.293 0.091 -0.093 -0.061
566.473 0.091 -0.093 -0.062
566.670 0.091 -0.093 -0.061
566.893 0.091 -0.093 -0.060
567.077 0.090 -0.093 -0.061
567.270 0.090 -0.093 -0.060
567.497 0.090 -0.093 -0.061
567.673 0.090 -0.093 -0.060
567.870 0.090 -0.092 -0.061
568.093 0.090 -0.092 -0.060
568.273 0.090 -0.092 -0.060
568.473 0.090 -0.092 -0.060
568.700 0.090 -0.092 -0.060
568.873 0.090 -0.092 -0.060
569.069 0.091 -0.091 -0.059
569.293 0.091 -0.091 -0.061
569.477 0.091 -0.091 -0.061
569.670 0.091 -0.091 -0.061
569.893 0.090 -0.091 -0.062
570.073 0.090 -0.090 -0.062
570.313 0.090 -0.089 -0.061
570.493 0.090 -0.089 -0.061
570.680 0.089 -0.089 -0.061
570.916 0.089 -0.089 -0.061
571.093 0.090 -0.088 -0.061
571.280 0.089 -0.088 -0.061
571.513 0.089 -0.088 -0.061
571.693 0.089 -0.087 -0.060
571.880 0.089 -0.087 -0.060
572.117 0.089 -0.087 -0.060
572.293 0.089 -0.086 -0.060
572.480 0.089 -0.085 -0.060
572.713 0.089 -0.085 -0.060
572.893 0.089 -0.084 -0.060
573.080 0.089 -0.084 -0.060
573.313 0.089 -0.085 -0.061
573.493 0.089 -0.086 -0.060
573.680 0.089 -0.086 -0.060
573.913 0.089 -0.086 -0.061
574.097 0.089 -0.086 -0.060
574.280 0.089 -0.085 -0.060
574.515 0.089 -0.085 -0.061
574.693 0.090 -0.084 -0.061
574.880 0.090 -0.083 -0.061
575.117 0.090 -0.083 -0.061
575.293 0.089 -0.084 -0.061
575.480 0.090 -0.085 -0.055
575.713 0.090 -0.085 -0.060
575.893 0.091 -0.085 -0.061
576.080 0.091 -0.085 -0.062
576.314 0.090 -0.084 -0.062
576.493 0.090 -0.083 -0.061
576.680 0.090 -0.083 -0.060
576.914 0.089 -0.083 -0.061
577.093 0.090 -0.083 -0.060
577.280 0.090 -0.083 -0.060
577.513 0.090 -0.083 -0.060
577.693 0.091 -0.084 -0.061
577.880 0.091 -0.084 -0.060
578.113 0.091 -0.085 -0.060
578.298 0.091 -0.085 -0.061
578.480 0.091 -0.085 -0.061
578.713 0.091 -0.085 -0.061
578.893 0.091 -0.084 -0.060
579.080 0.091 -0.083 -0.058
579.313 0.090 -0.084 -0.058
579.497 0.090 -0.084 -0.059
579.680 0.089 -0.085 -0.059
579.917 0.090 -0.085 -0.060
580.097 0.090 -0.085 -0.060
580.280 0.090 -0.085 -0.061
580.517 0.091 -0.085 -0.061
580.693 0.091 -0.084 -0.060
580.880 0.091 -0.084 -0.061
581.117 0.090 -0.085 -0.063
581.297 0.090 -0.085 -0.061
581.479 0.090 -0.085 -0.061
581.713 0.090 -0.085 -0.061
581.893 0.090 -0.085 -0.057
582.081 0.091 -0.085 -0.061
582.313 0.091 -0.085 -0.060
582.493 0.091 -0.085 -0.060
582.680 0.090 -0.085 -0.060
582.922 0.089 -0.084 -0.059
583.093 0.089 -0.085 -0.058
583.279 0.089 -0.085 -0.058
583.513 0.089 -0.085 -0.058
583.693 0.090 -0.085 -0.059
583.879 0.090 -0.085 -0.059
584.113 0.091 -0.085 -0.060
584.293 0.091 -0.084 -0.060
584.480 0.091 -0.084 -0.061
584.720 0.091 -0.084 -0.061
584.893 0.090 -0.084 -0.062
585.080 0.089 -0.085 -0.062
585.317 0.089 -0.085 -0.062
585.493 0.089 -0.085 -0.061
585.683 0.090 -0.085 -0.061
585.914 0.090 -0.086 -0.061
586.093 0.091 -0.086 -0.061
586.281 0.091 -0.085 -0.060
586.513 0.091 -0.085 -0.059
586.697 0.091 -0.084 -0.059
586.880 0.090 -0.084 -0.059
587.117 0.089 -0.084 -0.058
587.293 0.089 -0.085 -0.059
587.480 0.089 -0.085 -0.060
587.717 0.090 -0.085 -0.060
587.893 0.090 -0.086 -0.061
588.080 0.091 -0.086 -0.062
588.313 0.091 -0.085 -0.058
588.493 0.092 -0.084 -0.063
588.689 0.091 -0.084 -0.062
588.917 0.090 -0.084 -0.062
589.093 0.090 -0.085 -0.061
589.280 0.089 -0.085 -0.061
589.517 0.089 -0.085 -0.061
589.694 0.089 -0.085 -0.061
589.880 0.090 -0.085 -0.060
590.113 0.091 -0.085 -0.060
590.280 0.091 -0.085 -0.059
590.502 0.091 -0.086 -0.059
590.683 0.091 -0.086 -0.059
590.880 0.090 -0.085 -0.059
591.105 0.090 -0.085 -0.059
591.285 0.090 -0.084 -0.059
591.480 0.090 -0.084 -0.059
591.701 0.091 -0.084 -0.059
591.887 0.091 -0.084 -0.060
592.080 0.091 -0.085 -0.060
592.301 0.090 -0.085 -0.061
592.485 0.090 -0.086 -0.062
592.680 0.090 -0.085 -0.062
592.901 0.090 -0.085 -0.061
593.081 0.090 -0.084 -0.061
593.280 0.090 -0.084 -0.061
593.501 0.090 -0.084 -0.061
593.682 0.091 -0.084 -0.060
593.890 0.090 -0.084 -0.060
594.113 0.090 -0.085 -0.060
594.293 0.090 -0.085 -0.060
594.489 0.090 -0.086 -0.060
594.713 0.090 -0.085 -0.057
594.909 0.091 -0.084 -0.062
595.133 0.092 -0.084 -0.060
595.319 0.091 -0.084 -0.060
595.553 0.091 -0.085 -0.060
595.733 0.090 -0.085 -0.060
595.919 0.089 -0.085 -0.060
596.154 0.089 -0.084 -0.059
596.333 0.089 -0.084 -0.060
596.519 0.089 -0.084 -0.059
596.753 0.090 -0.084 -0.059
596.933 0.090 -0.084 -0.059
597.120 0.091 -0.085 -0.060
597.353 0.091 -0.085 -0.059
597.533 0.090 -0.085 -0.060
597.720 0.089 -0.086 -0.060
597.953 0.089 -0.085 -0.060
598.133 0.089 -0.085 -0.060
598.320 0.090 -0.084 -0.059
598.553 0.090 -0.083 -0.055
598.733 0.091 -0.082 -0.062
598.920 0.091 -0.083 -0.060
599.157 0.090 -0.083 -0.063
599.333 0.089 -0.084 -0.064
599.520 0.089 -0.085 -0.050
599.753 0.088 -0.085 -0.063
599.933 0.088 -0.084 -0.064
600.120 0.088 -0.084 -0.064
600.353 0.088 -0.083 -0.062
600.533 0.089 -0.083 -0.061
600.720 0.089 -0.083 -0.060
600.953 0.090 -0.083 -0.060
601.133 0.090 -0.083 -0.058
601.320 0.090 -0.083 -0.058
601.557 0.089 -0.084 -0.057
601.733 0.088 -0.084 -0.057
601.924 0.088 -0.084 -0.058
602.157 0.088 -0.084 -0.058
602.337 0.088 -0.084 -0.059
602.520 0.088 -0.084 -0.058
602.753 0.088 -0.084 -0.060
602.933 0.089 -0.084 -0.061
603.120 0.089 -0.084 -0.061
603.354 0.090 -0.084 -0.061
603.534 0.090 -0.084 -0.062
603.720 0.090 -0.084 -0.061
603.955 0.090 -0.085 -0.061
604.133 0.089 -0.086 -0.061
604.320 0.089 -0.087 -0.060
604.554 0.090 -0.087 -0.060
604.737 0.090 -0.088 -0.060
604.920 0.091 -0.088 0.065
605.153 0.092 -0.089 -0.069
605.334 0.093 -0.090 -0.077
605.549 0.094 -0.091 -0.081
605.753 0.095 -0.091 -0.082
605.933 0.096 -0.091 -0.081
606.130 0.096 -0.091 -0.079
606.358 0.096 -0.090 -0.075
606.533 0.094 -0.090 -0.070
606.730 0.092 -0.090 -0.065
606.955 0.091 -0.090 -0.060
607.137 0.090 -0.090 -0.055
607.330 0.090 -0.090 -0.052
607.554 0.090 -0.091 -0.051
607.737 0.090 -0.091 -0.051
607.930 0.091 -0.092 -0.052
608.158 0.093 -0.093 -0.053
608.335 0.094 -0.093 -0.055
608.530 0.095 -0.093 -0.058
608.753 0.096 -0.093 -0.058
608.933 0.096 -0.092 -0.062
609.130 0.096 -0.092 -0.065
609.353 0.095 -0.091 -0.065
609.537 0.093 -0.091 -0.067
609.730 0.092 -0.091 -0.067
609.954 0.091 -0.091 -0.067
610.134 0.090 -0.091 -0.065
610.330 0.090 -0.090 -0.064
610.556 0.090 -0.091 -0.063
610.734 0.090 -0.091 -0.062
610.930 0.090 -0.091 -0.061
611.153 0.091 -0.091 -0.059
611.334 0.091 -0.091 -0.048
611.530 0.092 -0.091 -0.057
611.757 0.093 -0.091 -0.057
611.937 0.094 -0.091 -0.058
612.130 0.094 -0.091 -0.059
612.354 0.094 -0.091 -0.060
612.534 0.094 -0.090 -0.061
612.730 0.094 -0.090 -0.063
612.957 0.093 -0.089 -0.064
613.133 0.093 -0.089 -0.063
613.330 0.092 -0.089 -0.065
613.554 0.092 -0.089 -0.065
613.737 0.091 -0.089 -0.065
613.930 0.091 -0.089 -0.064
614.153 0.091 -0.090 -0.062
614.335 0.091 -0.090 -0.062
614.530 0.092 -0.091 -0.061
614.755 0.093 -0.092 -0.060
614.933 0.093 -0.092 -0.059
615.130 0.094 -0.092 -0.059
615.354 0.094 -0.092 -0.058
615.533 0.095 -0.091 -0.059
615.730 0.095 -0.090 -0.060
615.954 0.094 -0.090 -0.060
616.133 0.094 -0.089 -0.061
616.330 0.093 -0.089 -0.062
616.557 0.093 -0.089 -0.062
616.733 0.092 -0.089 -0.063
616.930 0.092 -0.090 -0.062
617.153 0.092 -0.090 -0.063
617.337 0.091 -0.090 -0.062
617.530 0.091 -0.090 -0.061
617.754 0.091 -0.090 -0.060
617.933 0.091 -0.090 -0.061
618.130 0.091 -0.090 -0.060
618.354 0.092 -0.090 -0.060
618.537 0.092 -0.090 -0.059
618.730 0.092 -0.090 -0.059
618.953 0.092 -0.090 -0.059
619.133 0.092 -0.090 -0.060
619.330 0.093 -0.090 -0.061
619.553 0.093 -0.090 -0.061
619.734 0.092 -0.091 -0.062
619.930 0.092 -0.091 -0.062
620.153 0.092 -0.091 -0.063
620.337 0.092 -0.091 -0.062
620.530 0.092 -0.091 -0.062
620.757 0.091 -0.091 -0.062
620.933 0.091 -0.090 -0.062
621.130 0.091 -0.090 -0.061
621.353 0.091 -0.090 -0.061
621.533 0.091 -0.090 -0.058
621.730 0.091 -0.090 -0.061
621.957 0.091 -0.090 -0.061
622.133 0.091 -0.091 -0.061
622.330 0.091 -0.091 -0.061
622.555 0.091 -0.091 -0.061
622.733 0.091 -0.091 -0.061
622.930 0.091 -0.091 -0.062
623.156 0.091 -0.091 -0.062
623.336 0.091 -0.090 -0.062
623.530 0.091 -0.090 -0.061
623.755 0.091 -0.090 -0.061
623.934 0.091 -0.090 -0.061
624.130 0.091 -0.090 -0.059
624.353 0.090 -0.090 -0.060
624.533 0.090 -0.090 -0.061
624.730 0.090 -0.090 -0.061
624.954 0.090 -0.091 -0.061
625.133 0.091 -0.091 -0.062
625.330 0.091 -0.091 -0.061
625.553 0.091 -0.091 -0.061
625.734 0.091 -0.091 -0.062
625.930 0.091 -0.090 -0.060
626.155 0.091 -0.090 -0.062
626.337 0.091 -0.090 -0.062
626.530 0.091 -0.090 -0.062
626.753 0.090 -0.090 -0.061
626.933 0.090 -0.090 -0.062
627.131 0.090 -0.090 -0.060
627.353 0.090 -0.090 -0.062
627.537 0.090 -0.090 -0.061
627.730 0.090 -0.091 -0.061
627.953 0.090 -0.091 -0.061
628.133 0.090 -0.090 -0.061
628.330 0.090 -0.090 -0.061
628.553 0.090 -0.090 -0.061
628.733 0.090 -0.090 -0.061
628.930 0.090 -0.090 -0.061
629.157 0.090 -0.090 -0.061
629.333 0.090 -0.090 -0.061
629.530 0.090 -0.090 -0.062
629.753 0.090 -0.090 -0.062
629.938 0.090 -0.091 -0.062
630.131 0.090 -0.091 -0.062
630.353 0.090 -0.092 -0.062
630.537 0.091 -0.092 -0.052
630.730 0.091 -0.093 -0.062
630.954 0.091 -0.093 -0.062
631.137 0.091 -0.092 -0.062
631.330 0.091 -0.092 -0.062
631.557 0.091 -0.091 -0.062
631.733 0.091 -0.091 -0.062
631.930 0.090 -0.090 -0.061
632.155 0.090 -0.090 -0.063
632.340 0.090 -0.089 -0.063
632.577 0.089 -0.089 -0.063
632.753 0.089 -0.090 -0.062
632.955 0.089 -0.090 -0.061
633.173 0.089 -0.090 -0.062
633.353 0.089 -0.090 -0.062
633.550 0.089 -0.091 -0.062
633.776 0.089 -0.091 -0.061
633.954 0.090 -0.091 -0.061
634.150 0.090 -0.091 -0.061
634.373 0.090 -0.092 -0.058
634.554 0.091 -0.092 -0.060
634.750 0.092 -0.092 -0.061
634.977 0.092 -0.092 -0.061
635.153 0.092 -0.092 -0.062
635.350 0.092 -0.091 -0.062
635.574 0.092 -0.090 -0.060
635.764 0.091 -0.090 -0.064
635.950 0.090 -0.089 -0.064
636.177 0.090 -0.089 -0.064
636.354 0.089 -0.089 -0.064
636.550 0.089 -0.089 -0.063
636.773 0.089 -0.089 -0.063
636.953 0.089 -0.089 -0.062
637.150 0.089 -0.090 -0.062
637.377 0.089 -0.090 -0.062
637.558 0.089 -0.090 -0.061
637.750 0.090 -0.091 -0.059
637.973 0.090 -0.091 -0.061
638.154 0.091 -0.091 -0.060
638.351 0.091 -0.091 -0.061
638.573 0.091 -0.091 -0.061
638.753 0.091 -0.090 -0.062
638.950 0.091 -0.090 -0.063
639.173 0.091 -0.089 -0.063
639.353 0.091 -0.089 -0.063
639.550 0.091 -0.089 -0.063
639.773 0.090 -0.089 -0.063
639.957 0.090 -0.089 -0.063
640.150 0.090 -0.088 -0.063
640.377 0.089 -0.088 -0.062
640.553 0.089 -0.089 -0.062
640.750 0.089 -0.089 -0.059
640.973 0.089 -0.089 -0.061
641.153 0.090 -0.090 -0.061
641.349 0.090 -0.090 -0.061
641.573 0.091 -0.090 -0.061
641.753 0.091 -0.091 -0.061
641.950 0.092 -0.091 -0.061
642.173 0.092 -0.091 -0.062
642.354 0.092 -0.091 -0.062
642.550 0.092 -0.090 -0.063
642.773 0.092 -0.089 -0.063
642.957 0.091 -0.089 -0.063
643.151 0.091 -0.088 -0.063
643.373 0.090 -0.088 -0.063
643.555 0.090 -0.088 -0.063
643.750 0.090 -0.088 -0.062
643.973 0.090 -0.088 -0.062
644.153 0.090 -0.088 -0.061
644.350 0.090 -0.089 -0.061
644.573 0.090 -0.089 -0.061
644.753 0.090 -0.089 -0.061
644.950 0.090 -0.090 -0.059
645.173 0.091 -0.089 -0.060
645.354 0.091 -0.089 -0.060
645.550 0.091 -0.089 -0.060
645.773 0.091 -0.089 -0.061
645.954 0.091 -0.088 -0.061
646.150 0.091 -0.088 -0.062
646.374 0.091 -0.089 -0.063
646.557 0.091 -0.089 -0.063
646.750 0.090 -0.089 -0.063
646.977 0.090 -0.089 -0.063
647.154 0.090 -0.089 -0.061
647.351 0.090 -0.089 -0.062
647.573 0.090 -0.089 -0.060
647.753 0.090 -0.089 -0.061
647.950 0.090 -0.089 -0.061
648.173 0.090 -0.089 -0.060
648.353 0.090 -0.089 -0.060
648.550 0.090 -0.089 -0.059
648.773 0.090 -0.089 -0.060
648.953 0.090 -0.089 -0.061
649.150 0.090 -0.089 -0.061
649.373 0.090 -0.089 -0.062
649.553 0.090 -0.089 -0.063
649.750 0.090 -0.089 -0.062
649.977 0.090 -0.090 -0.063
650.154 0.090 -0.090 -0.064
650.350 0.089 -0.090 -0.063
650.579 0.089 -0.090 -0.064
650.757 0.089 -0.090 -0.064
650.950 0.089 -0.090 -0.063
651.173 0.089 -0.090 -0.063
651.353 0.089 -0.090 -0.062
651.550 0.089 -0.090 -0.062
651.773 0.088 -0.090 -0.061
651.954 0.088 -0.091 -0.060
652.152 0.088 -0.091 -0.060
652.373 0.088 -0.091 -0.060
652.553 0.088 -0.091 -0.060
652.751 0.088 -0.091 -0.061
652.973 0.088 -0.091 -0.061
653.157 0.088 -0.091 -0.061
653.350 0.088 -0.091 -0.061
653.573 0.088 -0.091 -0.058
653.754 0.087 -0.091 -0.063
653.950 0.087 -0.090 -0.062
654.173 0.087 -0.090 -0.062
654.357 0.087 -0.090 -0.062
654.550 0.087 -0.090 -0.062
654.776 0.087 -0.090 -0.061
654.953 0.087 -0.090 -0.063
655.150 0.087 -0.089 -0.061
655.373 0.087 -0.089 -0.062
655.555 0.088 -0.088 -0.060
655.750 0.088 -0.087 -0.060
655.973 0.088 -0.088 -0.060
656.153 0.089 -0.088 -0.059
656.350 0.089 -0.089 -0.061
656.573 0.090 -0.090 -0.060
656.753 0.090 -0.092 -0.061
656.951 0.090 -0.092 -0.062
657.177 0.090 -0.093 -0.064
657.357 0.089 -0.093 -0.064
657.550 0.088 -0.092 -0.064
657.773 0.087 -0.092 -0.064
657.957 0.087 -0.091 -0.064
658.150 0.086 -0.090 -0.064
658.373 0.086 -0.090 -0.064
658.554 0.086 -0.090 -0.063
658.750 0.086 -0.089 -0.063
658.953 0.086 -0.090 -0.062
659.151 0.086 -0.090 -0.061
659.373 0.087 -0.090 -0.061
659.553 0.087 -0.091 -0.059
659.749 0.088 -0.091 -0.059
659.977 0.088 -0.092 -0.058
660.153 0.088 -0.092 -0.060
660.349 0.089 -0.093 -0.060
660.573 0.088 -0.093 -0.061
660.755 0.088 -0.093 -0.063
660.950 0.087 -0.093 -0.063
661.173 0.086 -0.093 -0.063
661.357 0.086 -0.094 -0.063
661.550 0.085 -0.094 -0.064
661.777 0.085 -0.095 -0.065
661.953 0.084 -0.095 -0.065
662.151 0.084 -0.095 -0.064
662.373 0.084 -0.095 -0.063
662.557 0.084 -0.094 -0.060
662.750 0.084 -0.094 -0.060
662.975 0.084 -0.094 -0.060
663.153 0.084 -0.094 -0.059
663.358 0.084 -0.094 -0.059
663.573 0.085 -0.095 -0.059
663.753 0.085 -0.095 -0.061
663.952 0.086 -0.096 -0.061
664.173 0.087 -0.096 -0.061
664.353 0.088 -0.096 -0.061
664.550 0.087 -0.095 -0.063
664.777 0.087 -0.094 -0.064
664.957 0.087 -0.095 -0.064
665.150 0.087 -0.095 -0.064
665.373 0.087 -0.096 -0.064
665.553 0.086 -0.095 -0.065
665.753 0.085 -0.095 -0.065
665.974 0.086 -0.096 -0.063
666.153 0.086 -0.096 -0.062
666.350 0.085 -0.094 -0.059
666.573 0.084 -0.094 -0.062
666.753 0.084 -0.094 -0.061
666.950 0.084 -0.095 -0.060
667.173 0.085 -0.096 -0.060
667.353 0.085 -0.096 -0.060
667.550 0.086 -0.097 -0.060
667.773 0.087 -0.097 -0.060
667.954 0.087 -0.096 -0.061
668.150 0.088 -0.096 -0.062
668.375 0.088 -0.095 -0.063
668.553 0.088 -0.095 -0.063
668.759 0.088 -0.095 -0.064
668.973 0.087 -0.095 -0.063
669.153 0.086 -0.096 -0.058
669.350 0.086 -0.096 -0.064
669.573 0.085 -0.097 -0.065
669.754 0.084 -0.096 -0.064
669.950 0.085 -0.097 -0.063
670.173 0.084 -0.097 -0.063
670.354 0.084 -0.096 -0.063
670.552 0.083 -0.096 -0.064
670.773 0.083 -0.096 -0.063
670.954 0.083 -0.096 -0.063
671.149 0.084 -0.096 -0.061
671.377 0.086 -0.097 -0.060
671.553 0.086 -0.097 -0.060
671.755 0.087 -0.097 -0.060
671.973 0.088 -0.096 -0.060
672.153 0.088 -0.096 -0.061
672.350 0.088 -0.095 -0.062
672.577 0.088 -0.095 -0.063
672.758 0.087 -0.095 -0.062
672.950 0.086 -0.095 -0.064
673.173 0.085 -0.096 -0.065
673.353 0.084 -0.097 -0.065
673.550 0.084 -0.098 -0.065
673.777 0.083 -0.098 -0.064
673.953 0.083 -0.098 -0.063
674.150 0.082 -0.097 -0.064
674.374 0.083 -0.097 -0.064
674.554 0.084 -0.097 -0.062
674.750 0.085 -0.097 -0.060
674.973 0.085 -0.096 -0.059
675.154 0.086 -0.096 -0.059
675.350 0.087 -0.096 -0.057
675.574 0.089 -0.096 -0.060
675.753 0.089 -0.096 -0.061
675.954 0.088 -0.096 -0.061
676.177 0.087 -0.097 -0.062
676.357 0.086 -0.097 -0.063
676.593 0.086 -0.098 -0.064
676.773 0.085 -0.098 -0.065
676.960 0.084 -0.097 -0.065
677.199 0.084 -0.098 -0.065
677.373 0.083 -0.097 -0.064
677.560 0.083 -0.097 -0.063
677.793 0.083 -0.097 -0.062
677.973 0.083 -0.098 -0.061
678.160 0.084 -0.098 -0.060
678.397 0.085 -0.098 -0.059
678.573 0.087 -0.099 -0.060
678.761 0.087 -0.099 -0.058
678.997 0.088 -0.098 -0.059
679.173 0.089 -0.098 -0.057
679.359 0.089 -0.097 -0.053
679.594 0.090 -0.097 -0.043
679.773 0.091 -0.096 -0.028
679.960 0.092 -0.096 -0.009
680.193 0.093 -0.095 0.013
680.373 0.095 -0.095 0.038
680.560 0.096 -0.094 0.063
680.793 0.096 -0.093 0.091
680.973 0.097 -0.092 0.120
681.160 0.098 -0.090 0.150
