12.869 0
13.089 0
13.338 0
13.346 0
13.350 0
13.358 0
13.366 0
13.374 0
13.382 0
13.390 0
13.398 0
13.406 0
15.394 0
15.402 0
15.410 0
15.418 0
15.426 0
15.434 0
15.442 0
15.450 0
15.458 0
15.466 0
15.474 0
15.482 0
15.486 0
15.494 0
15.502 0
15.510 0
15.518 0
15.526 0
15.530 0
15.534 0
15.542 0
15.550 0
15.554 0
15.558 0
15.562 0
15.566 0
15.570 0
15.574 0
15.578 0
15.582 0
15.586 0
15.590 0
15.594 0
15.598 0
15.602 0
15.606 0
15.614 0
15.618 0
15.658 0
16.083 0
16.090 0
16.098 0
16.106 0
16.114 0
16.122 0
16.130 0
16.134 0
16.142 0
16.150 0
16.158 0
16.162 0
16.167 0
16.170 0
16.174 0
16.178 0
16.182 0
16.186 0
16.190 0
16.194 0
16.198 0
16.202 0
16.206 0
16.210 0
16.214 0
16.222 0
16.231 0
16.238 0
16.242 0
21.626 0
24.254 0
24.262 0
24.266 0
24.274 0
24.282 0
24.290 0
24.298 0
24.306 0
24.314 0
24.322 0
24.326 0
24.334 0
24.342 0
24.350 0
24.358 0
24.362 0
24.366 0
24.370 0
24.374 0
24.378 0
24.386 0
24.394 0
24.398 0
24.402 0
24.406 0
24.410 0
24.414 0
24.418 0
24.423 0
24.426 0
24.430 0
24.434 0
24.438 0
24.442 0
24.446 0
24.450 0
24.454 0
24.458 0
24.462 0
24.466 0
24.470 0
24.474 0
24.482 0
24.491 0
24.498 0
24.506 0
24.634 0
24.643 0
24.650 0
24.658 0
24.666 0
24.674 0
24.682 0
24.691 0
24.694 0
24.698 0
24.702 0
24.706 0
24.711 0
24.714 0
24.718 0
24.722 0
24.726 0
24.730 0
24.734 0
24.738 0
24.742 0
24.746 0
24.750 0
24.754 0
24.758 0
24.762 0
24.766 0
24.770 0
24.774 0
24.778 0
24.782 0
24.786 0
24.792 0
24.794 0
24.798 0
24.802 0
24.806 0
24.812 0
24.818 0
24.826 0
24.830 0
24.834 0
24.838 0
24.842 0
24.846 0
24.851 0
24.854 0
24.858 0
24.862 0
24.866 0
24.871 0
24.874 0
24.878 0
24.882 0
24.886 0
24.890 0
24.894 0
25.302 0
25.310 0
25.318 0
25.322 0
25.331 0
25.338 0
25.346 0
25.354 0
25.362 0
25.370 0
25.378 0
25.382 0
25.390 0
25.398 0
25.406 0
25.410 0
25.414 0
25.422 0
26.126 0
26.134 0
26.142 0
26.150 0
26.158 0
26.166 0
26.174 0
26.178 0
26.194 0
27.059 0
27.418 0
27.886 0
28.678 0
28.874 0
29.154 0
29.374 0
29.766 1
29.889 1
57.889 1
57.897 1
57.905 1
57.913 1
57.921 1
57.929 1
57.937 1
57.945 1
57.953 1
57.957 1
57.961 1
57.965 1
57.969 1
57.973 1
57.981 1
57.989 1
58.009 1
58.017 1
58.025 1
58.033 1
58.041 1
58.049 1
58.057 1
58.065 1
58.073 1
58.081 1
58.089 1
58.097 1
58.101 1
58.105 1
58.109 1
58.113 1
58.117 1
58.121 1
58.125 1
58.129 1
58.133 1
58.137 1
58.141 1
58.145 1
58.149 1
58.154 1
58.157 1
58.161 1
58.165 1
58.169 1
58.173 1
58.177 1
58.181 1
58.185 1
58.189 1
58.193 1
58.197 1
58.201 1
58.205 1
58.209 1
58.213 1
58.217 1
58.221 1
58.225 1
58.229 1
58.233 1
58.237 1
58.265 1
58.305 1
58.345 1
58.349 1
58.353 1
58.357 1
58.369 1
58.373 1
58.381 1
58.385 1
58.389 1
58.393 1
58.397 1
58.406 1
58.585 1
58.593 1
58.601 1
58.609 1
58.617 1
58.621 1
58.625 1
58.629 1
58.633 1
58.637 1
58.641 1
58.645 1
58.649 1
58.653 1
58.657 1
58.661 1
58.665 1
58.669 1
58.673 1
58.677 1
58.681 1
58.685 1
58.689 1
58.693 1
58.697 1
58.701 1
58.705 1
58.709 1
58.713 1
58.717 1
58.721 1
58.725 1
58.733 1
59.273 1
59.277 1
59.285 1
59.293 1
59.302 1
59.309 1
59.317 1
59.325 1
59.333 1
59.341 1
59.349 1
59.357 1
59.377 1
59.385 1
59.393 1
59.401 1
59.409 1
59.417 1
59.425 1
59.429 1
59.437 1
59.445 1
59.453 1
59.461 1
59.469 1
59.477 1
59.485 1
59.501 1
59.509 1
59.525 1
59.541 1
59.553 1
59.561 1
59.577 1
59.593 1
59.601 1
59.686 1
60.029 1
60.441 1
60.521 1
60.541 1
60.569 1
60.573 1
60.577 1
60.581 1
60.585 1
60.589 1
60.593 1
60.597 1
60.601 1
60.605 1
60.609 1
60.613 1
60.617 1
60.621 1
60.625 1
60.629 1
60.633 1
60.637 1
60.645 1
60.653 1
60.661 1
60.665 1
61.041 1
61.241 1
61.350 1
61.354 1
61.358 1
61.362 1
61.366 1
61.369 1
61.374 1
61.378 1
61.382 1
61.386 1
61.390 1
61.394 1
61.398 1
61.402 1
61.406 1
61.410 1
61.414 1
61.421 1
61.429 1
61.433 1
61.438 1
61.442 1
61.445 1
61.449 1
61.454 1
61.457 1
61.466 1
61.469 1
61.474 1
61.481 1
61.489 1
61.497 1
61.565 1
61.706 1
61.714 1
61.730 1
61.738 1
61.745 1
61.754 1
61.770 1
61.778 1
61.934 1
61.941 1
62.274 1
62.290 1
62.426 1
62.434 1
62.438 1
62.442 1
62.446 1
62.450 1
62.454 1
62.458 1
62.462 1
62.466 1
62.470 1
62.474 1
62.478 1
62.482 1
62.486 1
62.490 1
62.494 1
62.498 1
62.502 1
62.506 1
62.510 1
62.518 1
62.830 1
62.838 1
62.846 1
62.850 1
62.854 1
62.858 1
62.861 1
62.866 1
62.870 1
62.874 1
62.878 1
62.881 1
62.886 1
62.890 1
62.894 1
62.898 1
62.901 1
62.906 1
62.910 1
62.913 1
62.918 1
62.926 1
62.934 1
62.942 1
62.946 1
62.954 1
62.958 1
62.961 1
62.970 1
62.978 1
62.985 1
62.993 1
63.021 1
63.038 1
63.046 1
63.054 1
63.062 1
63.070 1
63.078 1
63.086 1
63.090 1
63.094 1
63.098 1
63.101 1
63.106 1
63.110 1
63.114 1
63.118 1
63.122 1
63.126 1
63.130 1
63.134 1
63.138 1
63.142 1
63.146 1
63.154 1
63.162 1
63.170 1
63.178 1
63.746 1
63.794 1
63.799 1
63.806 1
63.814 1
63.822 1
63.830 1
63.838 1
63.846 1
63.850 1
63.854 1
63.858 1
63.862 1
63.866 1
63.870 1
63.874 1
63.878 1
63.882 1
63.906 1
64.082 1
64.338 1
64.346 1
64.350 1
64.354 1
64.358 1
64.361 1
64.366 1
64.370 1
64.374 1
64.382 1
64.386 1
64.394 1
64.402 1
64.410 1
64.418 1
64.426 1
64.458 1
64.922 1
64.926 1
64.930 1
64.934 1
64.938 1
64.942 1
64.946 1
64.949 1
64.954 1
64.958 1
64.962 1
64.966 1
64.970 1
64.974 1
64.978 1
64.982 1
64.986 1
64.990 1
64.994 1
64.998 1
65.002 1
65.006 1
65.010 1
65.013 1
65.018 1
65.026 1
65.058 1
65.102 1
65.110 1
65.118 1
65.126 1
65.133 1
65.142 1
65.150 1
65.158 1
65.162 1
65.166 1
65.170 1
65.174 1
65.178 1
65.182 1
65.186 1
65.192 1
65.194 1
65.198 1
65.202 1
65.206 1
65.210 1
65.214 1
65.218 1
65.222 1
65.226 1
65.229 1
65.233 1
65.238 1
65.242 1
65.246 1
65.250 1
65.254 1
65.258 1
65.262 1
65.266 1
65.270 1
65.274 1
65.278 1
65.282 1
65.288 1
65.290 1
65.293 1
65.298 1
65.301 1
65.306 1
65.310 1
65.318 1
65.326 1
65.334 1
65.338 1
65.602 1
65.610 1
65.614 1
65.622 1
65.630 1
65.638 1
65.646 1
65.654 1
65.662 1
65.670 1
65.678 1
65.681 1
65.691 1
65.698 1
65.706 1
65.730 1
65.734 1
65.742 1
65.751 1
65.758 1
65.766 1
65.774 1
65.782 1
66.086 1
66.434 1
66.658 1
67.081 1
67.393 0
67.525 0
73.100 1
73.224 1
74.366 1
74.374 1
74.381 1
74.390 1
74.398 1
74.406 1
74.409 1
74.418 1
74.425 1
74.433 1
74.442 1
74.445 1
74.450 1
74.454 1
74.458 1
74.462 1
74.466 1
74.470 1
74.473 1
74.478 1
74.533 1
74.550 1
74.554 1
74.561 1
74.570 1
74.578 1
74.585 1
74.594 1
74.654 1
74.854 1
74.861 1
74.866 1
74.869 1
74.874 1
74.878 1
74.881 1
74.886 1
74.889 1
74.894 1
74.898 1
74.901 1
74.906 1
74.910 1
74.918 1
74.925 1
74.934 1
74.937 1
74.945 1
74.977 1
74.981 1
74.991 1
74.997 1
75.006 1
75.013 1
75.023 1
75.030 1
75.037 1
75.042 1
75.049 1
75.058 1
75.065 1
75.074 1
75.081 1
75.090 1
75.098 1
75.250 1
75.253 1
75.258 1
75.261 1
75.265 1
75.270 1
75.276 1
75.281 1
75.290 1
75.298 1
75.306 1
75.310 1
75.318 1
75.325 1
75.329 1
75.334 1
75.405 1
75.414 1
75.421 1
75.430 1
75.438 1
75.446 1
75.450 1
75.458 1
75.466 1
75.473 1
75.481 1
75.490 1
75.498 1
75.509 1
75.510 1
75.518 1
75.526 1
75.534 1
75.542 1
75.550 1
75.558 1
75.566 1
75.570 1
75.574 1
75.638 1
75.646 1
75.654 1
75.661 1
75.670 1
75.678 1
75.686 1
75.690 1
75.697 1
75.706 1
75.714 1
75.724 1
75.730 1
75.738 1
85.750 1
89.814 1
90.170 1
90.993 1
91.293 1
92.989 1
92.998 1
93.005 1
93.013 1
93.021 1
93.029 1
93.038 1
93.042 1
93.050 1
93.057 1
93.065 1
93.074 1
93.081 1
93.091 1
93.281 1
93.290 1
93.298 1
93.306 1
93.313 1
93.321 1
93.325 1
93.333 1
93.341 1
93.350 1
93.898 1
94.161 1
94.166 1
94.169 1
94.174 1
94.177 1
94.181 1
94.185 1
94.191 1
94.193 1
94.197 1
94.201 1
94.206 1
94.209 1
94.213 1
94.218 1
94.221 1
94.226 1
94.229 1
94.233 1
94.238 1
94.241 1
94.245 1
94.249 1
94.265 1
94.285 1
94.310 1
94.334 1
94.338 1
94.342 1
94.350 1
94.357 1
94.365 1
94.369 1
94.374 1
94.381 1
94.390 1
94.394 1
94.397 1
94.406 1
94.410 1
94.417 1
94.421 1
94.425 1
94.433 1
94.450 1
94.549 1
94.558 1
94.561 1
94.569 1
94.578 1
94.581 1
94.585 1
94.589 1
94.593 1
94.597 1
94.601 1
94.606 1
94.609 1
94.613 1
94.617 1
94.621 1
94.626 1
94.630 1
94.633 1
94.637 1
94.642 1
94.645 1
94.650 1
94.653 1
94.657 1
94.662 1
94.666 1
94.669 1
94.674 1
94.678 1
94.681 1
94.686 1
94.690 1
94.694 1
94.698 1
94.701 1
94.705 1
94.710 1
94.718 1
94.721 1
94.726 1
94.733 1
94.737 1
94.742 1
94.749 1
94.754 1
94.761 1
94.770 1
94.778 1
94.786 1
94.793 1
94.802 1
94.809 1
94.998 1
95.005 1
95.014 1
95.017 1
95.026 1
95.033 1
95.042 1
95.051 1
95.065 1
95.074 1
95.085 1
95.225 1
95.265 1
95.474 1
95.481 1
95.490 1
95.493 1
95.501 1
95.505 1
95.510 1
95.514 1
95.517 1
95.521 1
95.526 1
95.530 1
95.533 1
95.542 1
95.545 1
95.554 1
96.101 1
96.237 1
96.378 1
96.606 1
97.385 1
97.393 1
97.401 1
97.409 1
97.413 1
97.418 1
97.422 1
97.426 1
97.429 1
97.433 1
97.437 1
97.441 1
97.446 1
97.449 1
97.453 1
97.458 1
97.461 1
97.466 1
97.470 1
97.474 1
97.479 1
97.481 1
97.485 1
97.493 1
97.497 1
97.501 1
97.510 1
97.517 1
97.525 1
97.682 1
97.689 1
97.694 1
97.698 1
97.701 1
97.706 1
97.709 1
97.713 1
97.718 1
97.721 1
97.725 1
97.729 1
97.734 1
97.737 1
97.745 1
97.753 1
97.762 1
97.770 1
97.777 1
97.785 1
97.841 1
97.850 1
97.858 1
97.866 1
97.874 1
97.881 1
97.886 1
97.893 1
97.901 1
97.910 1
97.917 1
97.926 1
98.081 1
98.090 1
98.097 1
98.106 1
98.114 1
98.121 1
98.130 1
98.134 1
98.137 1
98.141 1
98.146 1
98.150 1
98.158 1
98.166 1
98.173 1
98.181 1
98.190 1
98.193 1
98.198 1
98.201 1
98.205 1
98.214 1
98.221 1
98.230 1
98.233 1
98.241 1
98.249 1
98.257 1
98.265 1
98.550 1
98.553 1
98.561 1
98.570 1
98.577 1
98.673 1
98.681 1
98.690 1
98.697 1
98.705 1
99.186 1
99.358 1
99.368 0
99.480 0
152.517 0
152.849 0
153.181 0
153.361 0
153.497 0
153.917 0
154.024 1
154.156 1
156.620 0
156.740 0
159.788 1
159.899 1
160.417 1
160.425 1
160.433 1
160.437 1
160.445 1
160.453 1
160.461 1
160.469 1
160.477 1
160.485 1
160.493 1
160.501 1
160.553 1
160.565 1
160.581 1
160.649 1
160.665 1
160.681 1
160.697 1
160.821 1
160.829 1
160.837 1
160.845 1
160.853 1
160.857 1
160.861 1
160.865 1
160.869 1
160.873 1
160.877 1
160.881 1
160.885 1
160.889 1
160.897 1
160.905 1
160.913 1
161.221 1
161.745 1
161.945 1
161.953 1
161.964 1
161.969 1
161.977 1
161.985 1
161.989 1
161.997 1
162.005 1
162.013 1
162.021 1
162.029 1
162.037 1
162.289 1
162.293 1
162.301 1
162.309 1
162.317 1
162.325 1
162.333 1
162.337 1
162.341 1
162.345 1
162.349 1
162.353 1
162.361 1
162.369 1
162.373 1
162.381 1
162.389 1
162.397 1
162.405 1
162.413 1
162.717 1
162.725 1
162.729 1
162.737 1
162.745 1
162.753 1
162.761 1
162.769 1
162.775 1
162.781 1
163.093 1
163.097 1
163.101 1
163.105 1
163.110 1
163.114 1
163.117 1
163.121 1
163.125 1
163.129 1
163.133 1
163.137 1
163.141 1
163.145 1
163.150 1
163.153 1
163.157 1
163.161 1
163.165 1
163.169 1
163.173 1
163.177 1
163.181 1
163.189 1
163.197 1
163.205 1
163.213 1
163.222 1
163.229 1
163.237 1
163.246 1
163.253 1
163.261 1
163.269 1
163.277 1
163.286 1
163.294 1
163.301 1
163.309 1
163.317 1
163.325 1
163.333 1
163.341 1
163.377 1
163.385 1
163.393 1
163.401 1
163.405 1
163.409 1
163.413 1
163.417 1
163.421 1
163.425 1
163.429 1
163.433 1
163.437 1
163.442 1
163.445 1
163.449 1
163.453 1
163.461 1
163.465 1
163.469 1
163.473 1
163.478 1
163.481 1
163.485 1
163.489 1
163.493 1
163.497 1
163.501 1
163.505 1
163.509 1
163.513 1
163.517 1
163.525 1
163.533 1
163.541 1
163.545 1
163.553 1
163.561 1
164.385 1
164.845 1
167.226 1
167.233 1
167.241 1
167.250 1
167.257 1
167.265 1
167.273 1
167.277 1
167.285 1
167.293 1
167.301 1
167.309 1
167.317 1
167.682 1
167.685 1
167.693 1
167.701 1
167.709 1
167.717 1
167.725 1
167.733 1
167.737 1
167.745 1
167.753 1
167.762 1
167.769 1
167.777 1
167.785 1
167.789 1
167.797 1
167.805 1
167.813 1
167.821 1
167.829 1
167.837 1
167.845 1
167.853 1
167.861 1
167.869 1
167.877 1
167.885 1
167.889 1
167.942 1
167.957 1
167.965 1
167.973 1
167.982 1
167.989 1
167.997 1
168.005 1
168.009 1
168.013 1
168.017 1
168.021 1
168.025 1
168.029 1
168.037 1
168.045 1
168.053 1
168.061 1
168.065 1
168.069 1
168.073 1
168.077 1
168.081 1
168.085 1
168.089 1
168.093 1
168.097 1
168.101 1
168.109 1
168.117 1
168.129 1
168.181 1
168.189 1
168.197 1
168.205 1
168.213 1
168.221 1
168.226 1
168.233 1
168.241 1
168.293 1
168.301 1
168.309 1
168.317 1
168.325 1
168.329 1
168.337 1
168.345 1
168.353 1
168.361 1
168.369 1
168.377 1
168.385 1
168.393 1
168.401 1
168.409 1
168.465 1
168.481 1
168.489 1
168.497 1
168.505 1
168.513 1
168.521 1
168.529 1
168.537 1
168.545 1
168.553 1
168.557 1
168.561 1
168.565 1
168.569 1
168.573 1
168.578 1
168.581 1
168.585 1
168.589 1
168.593 1
168.597 1
168.601 1
168.605 1
168.609 1
168.613 1
168.617 1
168.625 1
168.626 1
168.633 1
168.645 1
168.709 1
168.717 1
168.725 1
168.733 1
168.737 1
168.741 1
168.745 1
168.749 1
168.753 1
168.757 1
168.761 1
168.765 1
168.773 1
168.777 1
168.781 1
168.785 1
168.790 1
168.793 1
168.797 1
168.801 1
168.806 1
168.809 1
168.813 1
168.817 1
168.821 1
168.825 1
168.829 1
168.833 1
168.842 1
168.889 1
169.501 1
169.509 1
169.517 1
169.525 1
169.533 1
169.541 1
169.549 1
169.557 1
169.565 1
169.569 1
169.577 1
169.585 1
169.593 1
169.601 1
169.609 1
169.617 1
169.633 1
169.649 1
169.653 1
169.658 1
169.661 1
169.665 1
169.673 1
169.681 1
169.689 1
169.697 1
169.701 1
169.709 1
169.717 1
169.725 1
169.733 1
170.145 1
170.153 1
170.161 1
170.165 1
170.173 1
170.177 1
170.181 1
170.185 1
170.189 1
170.193 1
170.197 1
170.201 1
170.205 1
170.209 1
170.213 1
170.217 1
170.221 1
170.225 1
170.229 1
170.233 1
170.237 1
170.241 1
170.245 1
170.249 1
170.253 1
170.257 1
170.261 1
170.265 1
170.269 1
170.273 1
170.281 1
170.309 1
170.317 1
170.325 1
170.333 1
170.341 1
170.349 1
170.357 1
170.365 1
170.369 1
170.373 1
170.381 1
170.385 1
170.389 1
170.393 1
170.397 1
170.401 1
170.405 1
170.409 1
170.413 1
170.417 1
170.421 1
170.425 1
170.429 1
170.433 1
170.437 1
170.441 1
170.445 1
170.449 1
170.453 1
170.457 1
170.461 1
170.465 1
170.473 1
171.729 1
172.349 1
172.501 1
172.777 1
173.984 0
174.116 0
211.208 0
211.580 0
211.828 0
212.044 0
212.276 0
212.437 0
213.896 0
214.064 0
214.220 0
214.472 0
215.052 0
215.508 0
216.395 1
216.527 1
219.381 1
219.881 1
220.009 1
220.153 1
220.501 1
221.373 1
221.617 1
222.613 1
222.797 1
223.569 1
223.755 0
223.923 0
266.907 0
267.051 0
267.904 0
267.912 0
267.920 0
267.928 0
267.936 0
267.944 0
267.952 0
267.960 0
267.964 0
267.972 0
267.980 0
267.988 0
268.204 0
268.208 0
268.212 0
268.216 0
268.220 0
268.228 0
268.236 0
268.244 0
268.252 0
268.256 0
268.264 0
268.268 0
268.272 0
268.276 0
268.280 0
268.284 0
268.288 0
268.296 0
268.496 0
268.504 0
268.512 0
268.520 0
268.528 0
268.536 0
268.544 0
268.552 0
268.556 0
268.564 0
268.572 0
268.580 0
269.248 0
269.256 0
269.260 0
269.264 0
269.268 0
269.276 0
269.284 0
269.292 0
269.300 0
269.304 0
269.308 0
269.312 0
269.317 0
269.320 0
269.328 0
269.616 0
269.624 0
269.632 0
269.640 0
269.648 0
269.656 0
269.664 0
269.672 0
269.676 0
269.684 0
269.692 0
269.700 0
270.148 0
270.172 0
270.176 0
270.180 0
270.188 0
270.196 0
270.204 0
270.212 0
270.220 0
270.228 0
270.232 0
270.240 0
270.248 0
270.256 0
270.735 1
270.911 1
271.100 1
271.108 1
271.116 1
271.124 1
271.132 1
271.140 1
271.148 1
271.156 1
271.164 1
271.168 1
271.176 1
271.184 1
272.580 1
272.588 1
272.596 1
272.600 1
272.604 1
272.608 1
272.612 1
272.616 1
272.621 1
272.624 1
272.628 1
272.632 1
272.636 1
272.641 1
272.644 1
272.648 1
272.652 1
272.656 1
272.660 1
272.664 1
272.668 1
272.672 1
272.677 1
272.680 1
272.684 1
272.688 1
272.692 1
272.697 1
272.700 1
272.708 1
272.776 1
272.784 1
272.792 1
272.800 1
272.808 1
272.816 1
272.820 1
272.824 1
272.828 1
272.832 1
272.837 1
272.840 1
272.844 1
272.852 1
272.856 1
272.860 1
272.864 1
272.868 1
272.872 1
272.876 1
272.880 1
272.884 1
272.888 1
272.892 1
272.896 1
272.900 1
272.904 1
272.908 1
272.912 1
272.916 1
272.920 1
272.928 1
272.936 1
272.944 1
273.044 1
273.052 1
273.060 1
273.068 1
273.076 1
273.084 1
273.092 1
273.100 1
273.108 1
273.116 1
273.124 1
273.132 1
273.140 1
273.148 1
273.156 1
273.289 1
273.296 1
273.304 1
273.312 1
273.320 1
273.328 1
273.336 1
273.344 1
273.352 1
273.360 1
273.368 1
273.376 1
273.384 1
273.392 1
273.400 1
273.408 1
273.412 1
273.420 1
273.428 1
274.048 1
274.056 1
274.064 1
274.072 1
274.080 1
274.084 1
274.088 1
274.096 1
274.096 1
274.101 1
274.104 1
274.108 1
274.116 1
274.120 1
274.124 1
274.128 1
274.132 1
274.136 1
274.140 1
274.144 1
274.149 1
274.152 1
274.156 1
274.164 1
274.172 1
274.180 1
274.189 1
274.196 1
274.204 1
274.220 1
274.229 1
274.232 1
274.236 1
274.240 1
274.244 1
274.248 1
274.253 1
274.256 1
274.260 1
274.264 1
274.268 1
274.272 1
274.277 1
274.281 1
274.284 1
274.288 1
274.293 1
274.296 1
274.664 1
274.684 1
274.708 1
274.764 1
274.777 1
274.800 1
274.858 1
274.864 1
274.872 1
274.881 1
274.885 1
274.888 1
274.892 1
274.896 1
274.904 1
274.909 1
274.912 1
274.921 1
274.925 1
274.928 1
274.932 1
274.936 1
274.941 1
274.944 1
274.952 1
274.956 1
274.960 1
274.964 1
274.968 1
274.976 1
275.000 1
275.008 1
275.016 1
275.025 1
275.032 1
275.040 1
275.048 1
275.057 1
275.062 1
275.385 1
275.392 1
275.400 1
275.408 1
275.416 1
275.424 1
275.432 1
275.436 1
275.440 1
275.444 1
275.449 1
275.452 1
275.456 1
275.461 1
275.464 1
275.469 1
275.472 1
275.476 1
275.480 1
275.484 1
275.488 1
275.492 1
275.496 1
275.501 1
275.508 1
275.516 1
275.524 1
275.533 1
275.560 1
275.564 1
275.568 1
275.572 1
275.577 1
275.583 1
275.584 1
275.590 1
275.593 1
275.596 1
275.601 1
275.604 1
275.609 1
275.612 1
275.616 1
275.620 1
275.625 1
275.844 1
275.852 1
275.860 1
275.880 1
275.984 1
276.116 1
276.124 1
276.132 1
276.141 1
276.144 1
276.152 1
276.160 1
276.168 1
276.177 1
276.184 1
276.192 1
276.201 1
276.208 1
276.240 1
276.248 1
276.256 1
276.264 1
276.277 1
276.280 1
276.288 1
276.709 1
276.716 1
276.724 1
276.732 1
276.741 1
276.748 1
276.757 1
276.761 1
276.768 1
276.776 1
276.784 1
276.793 1
276.801 1
276.808 1
276.816 1
276.825 1
276.840 1
276.848 1
276.856 1
276.864 1
276.872 1
276.880 1
276.888 1
276.896 1
277.340 1
277.348 1
277.356 1
277.360 1
277.368 1
277.376 1
277.384 1
277.392 1
277.400 1
277.408 1
277.416 1
277.424 1
277.432 1
277.440 1
277.472 1
277.480 1
277.489 1
277.496 1
277.504 1
277.512 1
277.520 1
277.528 1
277.536 1
279.260 1
279.268 1
279.276 1
279.284 1
279.857 1
279.864 1
279.872 1
279.881 1
279.888 1
279.896 1
279.904 1
279.913 1
279.921 1
279.928 1
279.936 1
279.944 1
279.952 1
279.960 1
279.969 1
279.976 1
279.984 1
279.988 1
279.992 1
279.996 1
280.001 1
280.004 1
280.009 1
280.016 1
280.021 1
280.024 1
280.028 1
280.032 1
280.036 1
280.041 1
280.044 1
280.048 1
280.052 1
280.056 1
280.060 1
280.064 1
280.068 1
280.072 1
280.076 1
280.080 1
280.088 1
280.092 1
280.096 1
280.100 1
280.104 1
280.112 1
280.124 1
280.128 1
280.142 1
280.169 1
280.176 1
280.184 1
280.192 1
280.201 1
280.208 1
280.212 1
280.221 1
280.228 1
280.236 1
280.244 1
280.252 1
280.260 1
280.268 1
280.276 1
280.284 1
280.288 1
280.292 1
280.296 1
280.301 1
280.304 1
280.308 1
280.316 1
280.324 1
280.332 1
280.341 1
280.344 1
280.348 1
280.352 1
280.356 1
280.360 1
280.365 1
280.372 1
280.376 1
280.380 1
280.384 1
280.388 1
280.396 1
280.400 1
280.404 1
280.408 1
280.412 1
280.416 1
280.421 1
280.452 1
280.460 1
280.468 1
280.472 1
280.476 1
280.480 1
280.484 1
280.488 1
280.492 1
280.496 1
280.500 1
280.504 1
280.509 1
280.512 1
280.516 1
280.521 1
280.524 1
280.528 1
280.533 1
280.536 1
280.541 1
280.544 1
280.548 1
280.556 1
280.612 1
280.618 1
280.624 1
280.632 1
280.641 1
280.649 1
280.656 1
280.664 1
280.672 1
280.681 1
280.685 1
280.688 1
280.693 1
280.696 1
280.701 1
280.704 1
280.708 1
280.712 1
280.716 1
280.721 1
280.724 1
280.728 1
280.732 1
280.736 1
280.740 1
280.744 1
280.748 1
280.752 1
280.756 1
280.761 1
280.764 1
280.768 1
280.772 1
280.776 1
280.780 1
280.784 1
280.794 1
280.800 1
280.809 1
280.816 1
280.824 1
280.832 1
280.840 1
280.849 1
280.856 1
280.864 1
280.872 1
280.880 1
280.888 1
280.892 1
280.896 1
280.900 1
280.908 1
280.916 1
280.925 1
280.928 1
280.932 1
280.936 1
280.940 1
280.944 1
280.948 1
280.952 1
280.956 1
280.960 1
280.964 1
280.968 1
280.972 1
280.976 1
280.980 1
280.984 1
280.992 1
281.000 1
281.008 1
281.016 1
281.044 1
281.052 1
281.056 1
281.064 1
281.072 1
281.080 1
281.088 1
281.096 1
281.100 1
281.108 1
281.297 1
281.304 1
281.312 1
281.322 1
281.328 1
281.336 1
281.344 1
281.348 1
281.356 1
281.364 1
281.521 1
281.824 1
281.832 1
281.836 1
281.843 1
281.845 1
281.848 1
281.852 1
281.856 1
281.860 1
281.864 1
281.868 1
281.872 1
281.876 1
281.880 1
281.884 1
281.888 1
281.892 1
281.896 1
281.900 1
281.904 1
281.908 1
281.912 1
281.916 1
281.920 1
281.924 1
281.928 1
281.932 1
281.937 1
281.941 1
281.944 1
281.948 1
281.952 1
281.956 1
281.964 1
281.972 1
281.980 1
281.988 1
281.992 1
282.001 1
282.008 1
282.016 1
282.020 1
282.028 1
282.036 1
282.044 1
282.048 1
282.052 1
282.056 1
282.060 1
282.064 1
282.068 1
282.072 1
282.076 1
282.081 1
282.088 1
282.096 1
282.104 1
282.109 1
282.113 1
282.121 1
282.124 1
282.128 1
282.136 1
282.144 1
282.153 1
282.156 1
282.164 1
282.316 1
282.324 1
282.328 1
282.336 1
282.344 1
282.352 1
282.360 1
282.368 1
282.376 1
282.383 1
282.572 1
282.580 1
282.588 1
282.596 1
282.601 1
282.608 1
282.616 1
282.624 1
282.632 1
282.641 1
282.648 1
282.657 1
282.708 1
282.716 1
282.832 1
282.840 1
282.848 1
282.856 1
282.864 1
282.872 1
282.876 1
282.884 1
282.892 1
282.900 1
282.909 1
