%x y z
-0.772 -0.369 0.502
-0.712 -0.344 0.405
-0.684 -0.333 0.309
-0.646 -0.326 0.217
-0.689 -0.361 -0.377
-0.833 -0.443 -0.260
-0.816 -0.427 -0.161
-0.793 -0.395 -0.069
-0.833 -0.425 0.017
-0.879 -0.507 -0.019
-0.867 -0.538 0.076
-0.874 -0.552 0.175
-1.068 -0.472 -0.012
-1.008 -0.410 0.040
-0.958 -0.337 0.092
-0.907 -0.280 0.156
-0.868 -0.232 0.236
-0.851 -0.213 0.334
-0.837 -0.189 0.430
-0.851 -0.129 0.279
-0.570 -0.286 0.165
-0.881 -0.591 -0.386
-0.734 -0.149 0.582
-0.733 -0.142 0.682
-0.731 -0.137 0.783
-0.834 -0.150 0.680
-0.767 -0.143 0.375
-0.764 -0.111 0.231
-0.770 -0.394 0.295
-0.736 -0.380 0.202
-0.721 -0.377 0.101
-0.694 -0.368 0.004
-0.671 -0.360 -0.097
-0.681 -0.363 -0.197
-0.705 -0.376 -0.475
-0.840 -0.467 -0.473
-0.821 -0.456 -0.376
-0.893 -0.492 -0.154
-1.008 -0.387 -0.139
-0.962 -0.326 -0.075
-0.923 -0.274 0.001
-0.858 -0.175 0.527
-0.892 -0.187 0.118
-0.860 -0.139 0.036
-0.500 -0.583 0.150
-0.492 -0.592 0.048
-0.503 -0.602 -0.051
-0.529 -0.596 -0.149
-0.544 -0.605 -0.248
-0.627 -0.642 -0.204
-0.606 -0.620 -0.089
-0.633 -0.630 0.007
-0.696 -0.679 0.069
-0.859 -0.541 0.273
-0.800 -0.447 0.669
-0.792 -0.437 0.769
-0.787 -0.433 0.869
-0.826 -0.485 0.578
-0.793 -0.482 0.484
-0.789 -0.414 0.410
-0.689 -0.582 0.652
-0.627 -0.558 0.576
-0.579 -0.543 0.489
-0.539 -0.531 0.396
-0.547 -0.561 -0.339
-0.738 -0.383 0.942
-0.734 -0.387 1.043
-0.475 -0.590 0.346
-0.448 -0.578 0.251
-0.779 -0.544 0.333
-0.711 -0.474 0.706
-0.692 -0.467 0.806
-0.533 -0.683 -0.380
-0.696 -0.769 0.111
-0.375 -0.582 0.181
-0.358 -0.584 0.080
-0.603 -0.717 0.062
-0.611 -0.757 -0.029
-0.592 -0.798 0.121
-0.603 -0.839 0.030
-0.615 -0.855 -0.070
-0.629 -0.870 -0.168
-0.868 -0.846 -0.047
-0.826 -0.762 -0.013
-0.737 -0.626 0.144
-0.717 -0.586 0.233
-0.645 -0.443 0.336
-0.618 -0.440 0.239
-0.346 -0.523 0.452
-0.305 -0.521 0.359
-0.479 -0.678 -0.111
-0.450 -0.725 -0.028
-0.457 -0.729 0.073
-0.673 -0.721 -0.159
-0.526 -0.518 0.291
-0.485 -0.429 0.189
-0.463 -0.398 0.095
-0.602 0.038 1.480
-0.514 0.116 1.453
-0.436 0.186 1.429
-1.637 -1.213 1.789
-1.937 -0.676 1.775
-1.830 -0.720 1.762
-1.445 -0.901 1.770
-1.540 -0.973 1.792
-1.667 -0.665 1.773
-1.563 -0.626 1.748
-1.326 -1.036 1.783
-1.372 -1.128 1.758
-1.448 -1.198 1.761
-1.056 -0.682 1.661
-1.181 -0.784 1.686
-1.276 -0.893 1.747
-1.692 -0.765 1.751
-1.580 -0.794 1.767
-1.441 -0.804 1.740
-1.291 -0.767 1.720
-1.641 -1.115 1.818
-1.484 -1.056 1.794
-0.946 -0.495 1.608
-0.868 -0.416 1.589
-0.776 -0.309 1.587
-1.205 -0.979 1.750
-1.805 -1.245 1.808
-1.733 -1.115 1.767
-1.678 -1.026 1.750
-1.628 -0.930 1.734
-1.031 -0.770 1.703
-1.477 -0.706 1.762
-1.350 -0.683 1.696
-1.612 -0.512 1.751
-2.228 -1.179 1.915
-2.303 -1.265 1.929
-1.244 -0.671 1.716
-0.705 -0.075 1.421
-1.080 -0.576 1.657
-0.842 -0.208 1.435
-1.703 -0.856 1.850
-2.081 -1.065 1.921
-2.429 -1.272 1.966
-2.489 -1.356 1.959
-2.186 -1.027 1.910
-2.068 -0.930 1.885
-1.105 -0.877 1.725
-0.898 -0.698 1.672
-1.277 -0.771 1.463
-1.794 -0.616 1.756
-0.824 -0.600 1.612
-1.220 -1.084 1.755
-1.433 -1.296 1.799
-1.243 -0.718 1.384
-2.345 -1.171 1.916
-1.403 -0.775 1.327
-0.882 -0.589 1.698
-1.331 -0.777 1.252
-1.228 -0.683 1.242
-1.419 -0.957 1.298
-1.358 -0.881 1.223
-1.139 -0.674 1.194
-1.328 -0.736 1.148
-1.242 -0.665 1.108
-1.008 -0.357 0.783
-1.048 -0.473 0.852
-1.082 -0.646 1.117
-1.195 -0.595 1.005
-1.146 -0.527 0.948
-1.022 -0.592 1.054
-0.959 -0.543 0.991
-0.884 -0.511 0.927
-0.624 -0.421 0.693
-0.552 -0.395 0.625
-0.489 -0.376 0.548
-0.949 -0.420 0.729
-0.815 -0.369 0.607
-1.054 -0.492 0.558
-0.985 -0.462 0.492
-0.916 -0.431 0.426
-0.479 -0.492 0.466
-0.412 -0.463 0.394
-1.011 -0.926 0.950
-1.104 -0.980 0.969
-0.602 -0.279 0.069
-0.598 -0.287 -0.031
-0.609 -0.288 -0.131
-0.629 -0.291 -0.243
-0.554 -0.648 0.520
-0.351 -0.590 -0.022
-0.831 -0.765 -0.118
-0.116 -0.416 -0.305
-0.458 -0.445 -0.030
-0.198 -0.491 -0.258
-0.317 -0.484 -0.332
-0.634 -0.613 -0.349
-0.820 -0.558 -0.314
-0.803 -0.545 -0.216
-0.804 -0.522 -0.117
-0.547 -0.371 -0.399
-0.547 -0.358 -0.298
-0.538 -0.342 -0.199
-0.508 -0.342 -0.103
-0.706 -0.647 -0.100
-0.354 -0.510 -0.188
-0.545 -0.425 0.016
-0.921 -0.597 -0.031
-0.817 -0.633 0.075
-0.524 -0.694 -0.199
-0.830 -0.625 -0.064
-0.707 -0.825 -0.006
-0.970 -0.670 -0.101
-0.578 -0.532 -0.034
-0.722 -0.880 -0.100
-0.949 -0.694 -0.002
-0.905 -0.589 -0.136
-0.703 -0.726 0.201
-1.009 -0.669 0.077
-0.922 -0.627 0.115
-0.492 -0.778 -0.247
-0.517 -0.800 -0.346
-1.066 -0.745 -0.136
-0.939 -0.689 -0.196
-1.095 -0.773 -0.315
-1.788 -1.723 -0.721
-0.767 -0.817 -0.236
-0.610 -0.781 -0.227
-1.102 -0.764 -0.580
-0.937 -0.792 -0.496
-1.040 -0.738 -0.706
-0.578 -0.826 -0.425
-1.040 -1.188 -0.634
-0.359 -0.357 -0.184
-1.116 -1.252 -0.608
-1.198 -1.331 -0.603
-1.110 -1.196 -0.455
-1.201 -1.280 -0.451
-1.298 -1.382 -0.474
-1.271 -1.340 -0.384
-0.093 0.136 0.289
-0.912 -0.234 -0.160
-0.721 -0.498 -0.250
-0.742 -0.162 0.471
-0.611 -0.172 0.422
-0.404 -0.187 0.344
-0.674 -0.526 0.383
-0.627 -0.274 0.368
-0.616 -0.257 0.474
-0.807 -0.306 0.415
-0.788 -0.270 0.510
-1.147 -0.372 0.645
-0.994 -0.140 0.585
-0.719 -0.482 0.552
-0.776 -0.246 0.607
-0.395 -0.174 0.458
-1.118 -0.311 0.945
-1.116 -0.309 1.046
-0.379 -0.159 0.759
-0.402 -0.158 0.857
-0.497 -0.350 0.807
-0.946 -0.177 0.842
-0.231 -0.259 0.683
-0.579 -0.338 0.915
-0.689 -0.465 1.089
-0.700 -0.479 0.988
-0.979 -0.203 0.751
-0.946 -0.182 0.943
-0.509 -0.367 0.985
-1.093 -0.322 1.202
-1.070 -0.321 0.857
-0.633 -0.178 0.997
-1.655 -0.102 0.953
-0.622 -0.362 0.780
-0.729 -0.323 0.767
-1.118 -0.172 0.654
-0.425 -0.202 0.666
-0.544 -0.173 0.656
-1.090 -0.323 0.737
-0.576 0.263 0.375
-0.542 0.326 0.295
-0.898 -0.070 0.375
-1.042 -0.353 0.654
-1.043 -0.321 0.556
-1.045 -0.309 0.452
-0.654 -0.229 0.242
-1.025 0.186 0.437
-1.001 0.181 0.340
-1.007 0.176 0.238
-0.563 0.062 0.016
-0.465 0.053 0.040
-0.365 0.046 0.063
-0.265 0.052 0.084
-0.167 0.077 0.103
-0.071 0.117 0.117
0.262 0.244 -0.108
0.697 0.132 -0.166
0.606 0.108 -0.131
0.510 0.103 -0.100
0.418 0.101 -0.060
0.084 0.010 0.159
0.010 -0.010 0.224
-0.054 -0.027 0.299
-0.113 -0.042 0.380
-0.154 -0.053 0.470
-0.058 -0.049 0.505
0.037 -0.009 0.497
0.239 0.120 0.316
0.268 0.166 0.130
0.358 0.166 0.079
0.084 0.209 0.138
-0.021 0.164 0.199
-1.366 0.397 1.777
-1.317 0.239 0.517
-1.217 0.228 0.536
-1.116 0.234 0.535
-0.939 0.224 0.183
-0.798 0.167 -0.119
-0.718 0.144 -0.062
0.025 0.133 0.082
0.229 0.233 0.068
0.488 -0.026 -0.006
0.666 0.038 -0.182
0.553 0.023 -0.145
0.458 0.018 -0.110
0.368 0.009 -0.064
0.264 -0.003 0.009
0.171 -0.024 0.043
0.016 -0.057 0.130
-0.211 -0.079 0.370
-0.251 -0.083 0.462
0.196 0.007 0.367
0.258 0.036 0.261
0.288 0.062 0.168
0.299 0.151 -0.000
-1.188 0.144 0.336
-1.098 0.149 0.290
-1.075 0.147 0.170
-1.068 0.146 0.069
-0.255 0.028 -0.140
-0.160 0.060 -0.120
-0.242 0.144 0.241
0.103 0.245 -0.095
0.666 0.060 0.099
0.620 0.145 -0.381
0.525 0.123 -0.343
0.429 0.129 -0.311
0.347 0.133 -0.252
0.277 0.116 -0.181
0.195 0.088 -0.131
0.115 0.057 -0.079
0.049 0.025 -0.010
-0.079 -0.024 0.131
0.081 0.015 0.292
0.194 0.238 -0.182
0.026 0.181 -0.083
-0.052 0.125 -0.045
-0.942 -0.054 0.575
-0.883 -0.056 0.492
-0.877 -0.076 0.197
-0.914 -0.089 -0.031
-0.966 -0.101 -0.117
-0.807 -0.141 -0.049
-0.716 -0.166 -0.013
-0.621 -0.186 0.020
-0.527 -0.201 0.056
-0.426 -0.215 0.082
-0.328 -0.227 0.108
-0.228 -0.228 0.131
-0.131 -0.209 0.149
0.409 0.230 0.152
0.468 0.165 0.070
-0.128 0.217 0.218
-0.178 0.228 0.304
-0.210 0.228 0.399
-0.231 0.225 0.499
-1.632 0.383 1.773
-0.842 0.004 0.422
-0.829 -0.004 0.322
-0.052 -0.144 0.162
0.183 0.221 0.201
0.487 0.281 0.070
0.399 0.064 0.048
-0.204 0.128 0.499
-0.118 0.107 0.453
-0.047 0.078 0.386
-0.814 -0.085 0.117
0.128 -0.107 0.148
0.368 0.260 -0.119
0.549 -0.120 -0.044
0.446 -0.116 -0.024
0.346 -0.095 -0.009
0.122 -0.129 0.246
-0.040 -0.254 0.136
0.427 0.289 -0.037
0.723 0.351 -0.265
-0.140 0.201 0.099
-0.166 0.144 0.366
-0.089 0.059 0.223
-0.739 -0.045 0.404
-0.723 -0.053 0.304
0.583 0.147 -0.008
0.786 0.258 -0.231
-0.244 0.152 0.118
-0.313 0.213 0.225
-0.348 0.237 0.315
-0.367 0.251 0.413
-0.314 0.164 0.404
-0.186 0.055 0.321
-0.656 0.048 0.405
-0.628 0.043 0.308
-0.615 0.037 0.209
-0.615 0.028 0.108
-0.605 0.011 -0.059
-0.619 0.009 -0.158
-0.639 -0.010 -0.255
-0.549 -0.049 -0.234
-0.471 -0.064 -0.172
-0.394 -0.081 -0.110
-0.307 -0.102 -0.062
-0.216 -0.126 -0.028
-0.118 -0.151 -0.012
-0.020 -0.180 -0.010
0.077 -0.210 -0.010
0.181 -0.215 -0.014
0.280 -0.186 -0.023
0.372 -0.138 -0.109
0.283 -0.235 0.274
0.498 0.304 -0.132
0.918 0.141 -0.114
0.173 -0.274 -0.188
0.046 -0.218 -0.179
-0.305 -0.002 -0.049
-0.506 0.172 0.193
-0.526 0.203 0.286
-0.460 0.123 0.269
-0.391 0.058 0.230
-0.310 0.004 0.200
-0.229 -0.049 0.172
-0.154 -0.110 0.140
0.234 -0.206 -0.134
-1.893 0.553 1.779
-1.950 0.635 1.777
-2.040 0.579 1.792
-2.122 0.648 1.800
-2.053 0.722 1.790
-1.747 0.535 1.744
-2.012 0.468 1.799
-0.440 -0.064 1.576
-1.487 0.420 1.744
-1.596 0.498 1.802
-1.757 0.401 1.787
-0.512 -0.136 1.596
-2.341 0.461 1.866
-2.243 0.530 1.873
-1.496 0.390 1.840
-1.867 0.624 1.852
-2.147 0.452 1.888
-2.854 0.461 1.916
-2.748 0.468 1.905
-2.128 0.551 1.865
-2.597 0.445 1.893
-1.976 0.467 1.905
-1.812 0.417 1.886
-1.492 0.280 1.835
-1.347 0.201 1.810
-2.460 0.471 1.883
-2.792 0.371 1.911
-2.481 0.543 1.958
-2.679 0.391 1.950
-2.258 0.413 1.912
-2.226 0.666 1.872
-2.373 0.640 1.899
-2.577 0.571 1.948
-1.981 0.508 1.643
-2.834 0.533 1.986
-2.694 0.539 1.967
-1.988 0.607 1.876
-2.487 0.389 1.947
-2.858 0.397 1.996
-2.964 0.388 1.999
0.753 1.652 1.251
0.867 1.724 1.201
-2.343 0.303 1.933
-2.228 0.207 1.895
-2.073 0.148 1.861
-1.765 0.434 1.213
-1.634 0.374 1.210
-2.119 0.249 1.873
-1.509 0.260 1.193
0.612 1.393 1.305
0.712 1.440 1.277
-1.560 0.412 1.137
-1.397 0.370 1.122
-1.275 0.317 1.118
-1.407 0.267 1.163
-1.668 0.139 1.151
-1.025 -0.004 1.717
0.464 1.349 1.351
-1.662 0.291 1.080
-1.944 0.149 1.075
-2.231 0.002 1.070
-2.438 -0.106 1.070
-1.739 0.219 1.127
-1.581 0.203 1.086
-1.496 0.286 1.085
0.981 1.626 1.205
1.139 1.709 1.167
-1.799 0.100 1.057
-1.408 0.426 1.018
-1.503 0.379 0.990
-1.855 0.205 1.018
-1.167 0.255 1.046
-1.374 0.313 1.039
-1.776 0.110 0.961
-1.866 0.097 0.894
-1.577 0.340 0.919
-1.669 0.332 0.969
-1.724 0.310 0.878
-1.772 0.284 0.792
-1.676 0.212 1.017
-1.696 0.207 0.913
-1.567 0.205 0.983
-1.435 0.294 0.951
-1.724 0.232 0.718
-1.369 0.338 0.854
-1.498 0.262 0.850
-1.770 0.113 0.820
-1.663 0.290 0.781
-1.586 0.492 0.809
-1.663 0.436 0.747
-1.554 0.266 0.766
-1.778 0.132 0.654
-1.682 0.142 0.695
-1.698 0.172 0.586
-1.730 0.289 0.550
-1.611 0.202 0.525
-1.686 0.254 0.463
-1.596 0.100 0.519
-1.647 0.166 0.435
-1.524 0.223 0.459
-1.250 0.103 0.177
-1.433 0.236 0.501
-1.350 0.167 0.257
-1.451 0.215 0.314
-1.407 0.177 0.410
-1.197 0.044 0.259
-1.786 0.203 0.538
-1.090 0.049 0.218
-1.300 0.183 0.342
-1.658 -0.079 0.531
-1.434 0.254 0.209
-1.212 0.062 0.455
-1.325 0.037 0.474
-1.480 -0.027 0.518
-1.046 0.019 0.347
-1.109 0.039 0.441
-1.015 -0.064 0.192
-1.584 -0.008 0.531
-1.145 0.144 0.611
-1.112 0.094 0.529
-1.188 0.161 0.236
1.617 2.039 1.038
-1.043 0.116 0.625
-0.945 0.094 0.635
-0.968 0.048 0.414
-1.032 0.005 0.572
-1.499 0.142 0.573
-0.634 -0.067 0.393
-0.814 -0.054 0.592
-0.668 -0.160 0.324
-0.654 -0.116 0.524
-1.243 0.128 0.551
-1.056 0.147 -0.031
-1.065 0.145 -0.132
-1.084 0.134 -0.230
-1.100 0.117 -0.327
-0.983 -0.047 0.667
-0.887 0.031 0.561
-0.758 0.020 0.548
-2.685 1.422 1.346
-0.837 0.135 0.641
-0.870 -0.032 0.052
-0.741 -0.003 0.019
-0.941 0.090 0.501
-0.788 0.168 0.524
0.061 -0.212 0.144
0.225 -0.086 0.167
-0.974 0.230 0.526
-0.747 0.196 0.431
-0.724 0.192 0.332
-0.909 0.236 0.435
-0.820 0.114 0.405
-1.605 0.491 0.608
-0.826 0.096 0.302
-0.978 -0.063 0.292
-0.598 0.131 0.261
-0.762 0.118 0.222
-0.889 0.101 0.213
-1.249 0.309 0.434
-0.733 -0.023 0.186
-0.722 0.168 0.144
-0.736 0.159 0.043
-1.037 0.329 0.375
-0.793 -0.092 -0.135
-0.880 -0.027 -0.113
-0.937 0.116 -0.169
-1.152 0.152 -0.059
-1.233 0.068 -0.241
-0.638 0.135 -0.130
-0.532 0.146 -0.112
-0.820 0.058 -0.184
-0.753 0.009 -0.125
-1.555 -2.327 0.612
-1.100 0.042 -0.134
-0.881 0.119 -0.085
0.160 0.285 0.119
-0.922 0.118 -0.333
-0.825 0.111 -0.304
-0.724 0.090 -0.273
-0.404 0.011 -0.183
-0.205 -0.390 0.061
-1.160 -0.058 -0.041
-1.251 -0.136 0.016
-1.076 -0.107 0.007
-0.681 -0.079 0.054
-0.588 -0.068 0.088
-0.493 -0.042 0.122
-0.400 -0.002 0.145
-2.428 -2.594 1.055
-1.282 -0.259 0.059
-1.042 -0.039 0.074
-0.622 -0.089 -0.040
-0.528 -0.092 -0.005
-0.428 -0.076 0.027
-0.583 -2.007 0.776
-1.949 -2.445 1.061
-1.838 -2.406 1.070
-2.573 -2.640 1.346
-2.475 -2.609 1.343
-2.378 -2.577 1.341
-1.217 -0.329 0.027
-0.115 -0.053 -0.042
0.006 -0.081 -0.035
-0.311 -0.130 0.063
-0.357 -0.326 0.087
-0.174 -0.279 -0.004
-1.228 -0.635 -0.094
0.096 -0.092 0.017
-0.194 -0.028 0.062
0.138 1.732 -0.783
-0.612 -2.014 0.934
-0.120 -0.336 0.078
-0.028 -0.312 0.018
-0.523 -0.002 0.223
-0.994 -0.547 -0.082
0.063 -0.325 0.088
0.147 -0.258 0.100
-0.246 -1.894 1.115
-0.317 -1.909 1.032
0.192 -0.070 -0.049
0.157 0.096 0.011
-0.293 0.102 -0.041
0.190 0.019 0.189
-0.122 -1.855 1.395
-0.006 -1.814 1.390
0.202 0.120 0.198
0.264 -1.732 1.237
0.328 -0.051 0.179
0.128 0.093 0.119
0.286 0.068 -0.063
2.219 0.538 0.201
0.302 -0.118 0.093
0.238 0.074 0.078
0.305 -1.721 0.914
0.290 0.345 0.099
0.481 -1.659 1.234
0.400 -1.689 0.932
-0.028 -0.025 0.044
0.297 0.273 0.002
0.197 -0.134 0.057
0.408 -1.684 1.341
0.176 0.171 -0.065
0.534 -1.642 1.329
0.641 -1.611 1.314
0.328 0.142 0.220
0.378 -1.703 1.227
0.121 0.229 0.028
0.169 0.396 0.016
0.289 -0.077 -0.098
-0.014 0.228 0.043
0.218 -1.747 1.013
0.334 -1.709 1.025
0.435 -1.678 1.032
-0.195 0.519 0.743
0.420 -0.056 0.066
-0.374 0.105 0.342
0.425 0.051 0.165
-0.533 0.055 0.464
0.202 -1.756 0.896
-0.285 -0.222 -0.058
-0.004 -1.817 0.995
0.111 -1.781 1.004
0.567 -1.632 1.137
0.151 -1.763 1.250
0.023 -1.802 1.257
-0.072 -1.832 1.263
-0.190 -1.872 1.265
-0.324 -1.922 1.261
0.419 -1.680 1.134
0.108 -1.787 0.880
0.408 -0.290 0.275
0.345 -0.203 0.127
0.235 -0.187 0.165
0.153 -1.766 1.126
0.824 0.194 0.027
0.055 -1.796 1.126
0.030 -0.141 0.074
0.292 -1.722 1.129
-0.071 -1.842 0.857
0.264 -1.726 1.362
-0.451 0.066 0.396
-0.371 -1.923 1.126
-0.569 0.022 0.555
0.498 1.251 1.188
0.324 0.444 0.287
0.571 0.762 0.431
0.994 1.284 0.673
2.550 3.138 1.559
-0.286 0.061 0.365
0.500 0.616 0.380
0.725 0.905 0.513
1.432 1.806 0.929
1.938 2.450 1.225
0.111 0.089 0.227
0.040 0.797 1.127
0.097 0.870 1.166
0.593 1.302 1.177
-0.217 0.192 -0.048
0.293 0.267 0.167
-0.819 -0.443 0.177
0.348 -0.157 0.229
0.466 -0.051 0.172
0.554 0.358 0.080
0.415 0.087 0.268
0.512 0.073 0.081
0.742 -1.574 1.227
-0.662 -0.462 -0.004
-0.760 -0.470 0.092
0.515 -0.166 0.052
0.517 0.128 0.171
0.625 -1.613 1.056
-0.054 -0.211 -0.110
1.015 -1.487 1.215
0.621 0.242 -0.122
0.658 -0.094 -0.019
0.577 0.030 0.163
0.755 0.048 -0.010
0.903 -1.525 1.217
0.604 0.241 0.109
0.456 0.186 -0.127
0.613 0.195 0.215
0.614 0.007 -0.017
0.751 0.183 0.099
0.721 0.279 -0.094
0.745 0.097 0.153
0.573 -0.069 0.078
0.634 0.341 -0.153
0.548 0.257 -0.042
0.731 0.150 -0.068
1.133 -1.453 1.150
0.690 -0.059 0.071
0.316 0.398 -0.073
1.222 -1.300 1.249
0.850 0.142 0.176
0.640 0.351 0.141
1.279 -1.406 1.199
0.624 0.337 -0.043
-0.207 0.032 0.419
0.521 0.427 -0.134
0.826 0.068 -0.082
0.708 0.425 -0.168
0.703 0.339 0.026
0.666 0.216 -0.006
0.405 -0.119 -0.222
0.492 -0.098 -0.269
0.547 -0.118 -0.353
0.588 -0.147 -0.442
0.290 -0.137 -0.190
0.843 0.006 0.038
0.814 0.373 -0.300
0.827 0.320 -0.386
0.471 -0.001 -0.239
0.455 -0.135 -0.410
0.898 0.000 -0.186
0.749 -0.074 -0.259
0.793 0.165 -0.188
0.878 0.150 -0.243
0.695 0.413 -0.355
0.791 0.113 -0.275
0.743 0.267 -0.322
0.291 -0.452 -0.658
0.231 -0.531 -0.692
1.602 0.425 0.021
0.947 -0.162 -0.205
0.868 0.033 -0.366
0.876 -0.069 -0.351
0.834 -0.142 -0.207
0.360 -0.257 -0.484
-0.231 0.005 0.514
-0.284 -0.017 0.596
0.073 0.155 0.291
0.782 -0.063 -0.162
0.711 0.186 -0.413
0.703 -0.042 -0.100
0.746 -0.167 -0.157
0.659 -0.055 -0.314
0.706 -0.123 -0.378
0.563 0.184 -0.260
-0.274 -0.750 -0.485
0.641 0.049 -0.349
1.210 0.049 -0.143
1.063 -0.019 -0.154
0.323 -0.459 -0.262
0.175 -0.535 -0.297
0.022 -0.624 -0.338
0.534 0.089 -0.222
-0.287 -0.684 -0.408
0.566 -0.092 -0.150
-0.089 -1.498 1.383
-0.013 0.088 -0.426
0.048 0.031 -0.351
0.159 -0.042 -0.247
0.414 -0.304 -0.236
1.005 0.091 -0.073
-0.325 -0.589 -0.325
-0.027 -0.421 -0.228
0.060 -0.373 -0.199
-0.307 -0.431 -0.236
0.642 -1.037 0.502
-0.064 -0.337 -0.181
0.373 -0.022 -0.251
-0.179 -0.330 -0.439
-0.133 -0.255 -0.159
-0.209 0.067 0.591
0.128 -0.146 -0.068
-0.626 -0.111 0.867
0.219 0.946 -0.406
-0.100 -1.849 0.983
-0.151 -1.861 1.122
0.051 0.242 0.336
-0.036 -0.081 -0.131
0.114 0.289 0.226
-0.129 0.032 0.010
-0.361 -1.932 1.419
0.019 0.261 0.437
-0.035 0.232 0.517
-0.037 0.245 0.616
-0.041 0.248 0.717
-0.048 0.246 0.817
-0.093 0.207 0.439
-0.081 0.272 0.140
-0.435 0.049 -0.056
-0.708 -2.043 1.457
-3.116 -2.831 0.361
-0.231 -0.031 0.272
-0.203 -0.134 0.278
-0.257 0.131 0.821
-0.273 0.148 0.919
-0.290 0.153 1.017
-0.652 -0.093 1.206
-0.359 -0.093 0.338
-0.740 -1.603 1.440
-0.844 -1.628 1.467
-0.133 -0.031 0.238
-2.568 -1.881 1.620
-0.424 0.024 0.482
-2.822 -2.735 0.408
-0.329 0.106 0.485
0.076 0.160 0.525
0.015 -0.095 0.450
0.014 -0.108 0.344
0.132 0.297 0.387
0.076 0.312 0.072
0.148 0.133 0.385
0.247 -0.098 0.323
-0.315 -0.138 0.260
0.291 0.210 0.346
-0.238 -0.183 -0.141
-3.202 -2.846 1.030
0.056 0.017 -0.149
-0.329 -0.230 -0.151
-0.423 -0.290 -0.227
0.204 0.298 -0.047
0.005 0.273 0.249
-0.414 -0.077 0.572
0.377 0.051 -0.179
-0.252 -0.324 -0.084
-0.317 0.230 -0.137
-0.120 -0.139 -0.182
-0.568 0.020 1.229
-0.308 0.134 0.734
-0.290 0.103 0.640
-0.219 0.122 -0.174
-0.300 0.138 -0.250
0.122 0.140 -0.255
-0.402 -0.278 -0.033
-0.245 0.190 0.595
-0.474 -1.557 1.421
0.236 0.519 0.335
-0.155 -0.406 -0.145
-0.078 0.147 -0.209
-0.302 -0.304 -0.262
-0.069 0.297 0.392
0.673 1.251 1.223
0.758 1.348 1.293
0.508 -1.657 0.944
0.325 0.319 0.247
0.022 0.299 -0.042
0.364 0.383 0.158
0.893 1.251 0.733
0.105 0.381 0.314
-0.301 0.039 0.768
-0.359 0.020 0.847
0.201 0.964 1.361
0.149 -0.508 0.064
-0.515 -0.050 1.169
0.239 -0.450 0.066
-0.209 -1.888 0.967
-0.427 -1.953 1.263
-0.165 -0.640 0.037
-0.500 -1.975 1.108
-0.600 -1.581 1.428
-3.302 -2.891 0.333
-0.434 0.019 1.115
-0.560 -1.994 1.272
0.288 -0.365 0.047
-1.064 -0.912 -0.339
-0.955 -0.795 -0.279
-1.342 -1.172 -0.451
-1.605 -1.423 -0.564
0.221 0.391 0.231
0.345 0.545 0.299
0.796 1.091 0.557
1.150 1.513 0.764
2.178 2.726 1.372
-0.115 0.252 -0.004
0.911 1.226 0.574
2.029 2.580 1.288
0.274 -0.267 0.075
-0.954 -0.872 -0.379
-1.675 -1.594 -0.662
-0.273 -0.489 -0.099
-0.445 -0.543 -0.138
-0.864 -0.974 -0.300
-0.056 0.310 1.203
-0.084 0.302 1.105
-0.112 0.293 1.006
0.210 0.166 -0.334
0.150 0.075 -0.377
-0.263 0.172 -0.401
-0.229 0.056 -0.291
0.614 0.252 -0.373
0.198 0.253 -0.398
0.203 0.184 0.450
-0.162 0.294 0.917
-0.187 0.286 0.819
-0.205 0.273 0.719
-0.146 0.276 0.518
0.095 0.240 -0.198
0.002 0.224 -0.234
0.019 0.202 -0.331
0.646 0.444 -0.253
-0.236 -0.038 -0.363
-0.162 -0.027 -0.294
-0.084 0.013 -0.243
-0.165 0.001 0.987
-0.181 -0.004 0.801
-0.104 -0.001 0.655
0.069 -0.032 0.380
0.285 0.334 -0.481
-0.083 0.310 -0.358
0.040 0.000 -0.256
0.058 -0.078 -0.194
0.135 -0.188 0.396
0.083 -0.095 0.523
0.081 -0.082 0.624
0.081 -0.076 0.726
-0.147 0.031 0.893
-0.003 0.103 -0.296
-0.021 -0.054 0.629
0.149 -0.081 0.342
-0.073 0.410 -0.528
0.135 -0.118 0.799
-0.053 -0.043 1.234
-0.085 -0.053 1.136
-0.168 -0.074 0.921
-0.148 -0.074 0.735
0.508 0.282 -0.491
0.126 -0.155 -0.196
0.134 -0.254 -0.098
-0.048 -0.084 0.736
0.429 -0.146 0.136
0.451 0.305 -0.591
-0.125 0.320 -0.466
0.120 0.191 -0.391
0.206 -0.173 0.470
0.200 -0.168 0.571
0.197 -0.164 0.672
0.202 0.332 -0.537
0.148 0.249 -0.548
0.183 0.153 -0.530
0.210 0.060 -0.505
0.239 -0.031 -0.467
0.297 -0.173 -0.302
0.421 -0.215 -0.189
0.462 -0.194 -0.090
0.420 -0.198 0.028
0.370 -0.189 0.322
0.361 -0.193 0.422
0.354 -0.195 0.523
-0.540 -0.217 1.654
-0.617 -0.292 1.649
-0.692 -0.365 1.643
-0.764 -0.435 1.639
-0.283 -0.361 1.756
0.124 0.058 1.735
0.068 -0.001 1.661
-0.751 -0.671 1.741
-0.118 0.210 1.701
-0.192 0.134 1.698
0.471 0.338 1.550
0.567 0.423 1.547
0.672 0.515 1.513
-0.022 -0.035 1.340
-0.102 0.315 1.692
-2.808 -2.718 1.683
-3.005 -2.782 1.698
-3.114 -2.817 1.711
-3.210 -2.847 1.723
-0.044 0.406 1.682
-0.319 0.182 1.463
-0.253 0.251 1.383
-0.340 0.160 1.350
-0.323 0.183 1.252
-0.346 0.180 1.153
-0.380 0.174 1.059
-0.378 0.172 0.956
-0.363 0.180 0.856
-0.332 0.114 1.642
-0.419 0.026 1.633
0.107 0.015 1.104
0.083 0.010 1.007
0.053 0.001 0.910
-0.008 -0.032 0.837
0.326 0.295 1.084
-1.512 -2.303 1.072
-1.608 -2.333 1.072
-0.241 0.062 0.966
0.050 0.446 1.660
-2.697 -1.899 1.643
-0.054 0.008 0.957
-0.387 0.065 1.546
-1.891 -2.428 0.811
0.052 0.203 0.891
-0.059 0.116 0.910
0.010 -0.123 0.890
-0.445 0.102 1.712
-0.423 0.140 1.207
-0.374 0.050 0.626
0.585 0.012 0.320
0.077 0.319 0.502
0.049 0.411 0.670
0.036 0.468 0.763
0.328 -0.055 0.280
0.033 -0.172 0.263
0.839 1.405 1.304
0.107 -1.778 1.377
0.966 1.524 1.257
0.344 0.261 -0.231
1.077 0.365 -0.024
0.384 -0.047 -0.153
-0.538 -1.985 1.445
0.253 0.240 -0.274
0.278 0.013 -0.211
-0.141 0.161 -0.330
-0.425 0.020 0.707
-0.137 0.141 0.005
-0.047 -1.830 1.121
0.313 1.075 1.331
0.374 1.174 1.414
-0.202 -1.888 0.830
-0.264 -1.896 1.417
-0.028 -0.158 -0.236
-0.146 0.165 -0.115
-0.343 -0.227 -0.315
-0.088 -0.246 -0.249
0.175 -0.238 -0.294
-0.266 0.114 -0.492
0.226 0.027 -0.306
0.159 -0.332 -0.327
-0.329 0.091 0.151
0.277 -0.069 -0.301
0.169 -0.094 -0.339
0.341 0.131 -0.371
-0.655 0.001 1.042
-0.485 0.003 0.316
-0.107 -0.231 -0.373
1.022 0.194 -0.044
0.164 -0.033 -0.147
0.021 -0.095 -0.325
-0.420 -0.189 -0.175
0.027 0.131 -0.181
0.458 0.297 0.226
-0.176 -0.053 -0.132
0.158 -0.298 0.209
0.196 -0.389 0.262
0.543 1.185 1.360
-0.466 -0.048 0.769
-0.397 -1.950 0.800
-0.735 -0.069 1.150
-0.725 -0.069 1.271
-0.627 -0.070 1.107
-0.024 -0.293 0.465
0.361 -0.309 0.186
0.365 -0.409 0.257
0.371 -0.527 0.347
0.465 -0.582 0.331
-0.067 0.859 1.505
-0.355 0.201 0.079
-0.336 0.192 -0.021
0.731 0.315 0.119
0.888 1.353 1.022
0.136 0.620 0.923
0.217 0.688 0.926
-1.004 -0.768 0.038
0.856 1.265 1.240
0.413 -0.300 0.072
0.590 0.991 1.302
0.661 -0.024 0.173
-0.980 -0.880 -0.176
0.026 0.115 0.447
-0.187 0.060 0.205
0.453 0.856 1.339
0.610 -0.184 -0.108
0.533 -0.211 -0.187
0.553 -0.019 -0.295
0.652 0.267 -0.248
1.454 0.541 -0.005
0.608 0.549 -0.254
0.673 0.449 -0.497
0.800 0.113 -0.465
0.465 0.555 -0.318
0.556 0.495 -0.392
0.764 0.575 -0.228
0.857 0.199 -0.349
0.791 0.529 -0.345
0.692 0.524 -0.416
0.769 0.436 -0.424
0.676 0.321 -0.418
0.696 0.319 -0.516
0.606 0.323 -0.562
0.461 0.406 -0.540
0.807 0.328 -0.125
0.942 0.103 -0.365
0.583 0.355 -0.314
0.741 0.202 -0.512
0.683 0.227 -0.591
0.559 0.399 -0.449
0.661 0.090 -0.539
0.477 0.399 -0.324
0.511 0.005 -0.386
0.672 0.164 -0.280
0.583 0.170 -0.544
0.498 0.499 -0.516
0.428 0.415 -0.235
0.390 0.447 -0.346
0.605 0.557 -0.455
0.407 0.533 -0.559
0.308 0.335 -0.343
0.487 0.189 -0.596
0.124 0.355 -0.474
0.031 0.319 -0.495
-0.100 0.251 -0.535
0.342 0.430 -0.551
0.370 0.273 -0.532
0.386 0.166 -0.515
0.402 0.035 -0.490
0.283 0.511 -0.555
0.217 0.359 -0.306
0.359 0.263 -0.392
0.199 0.457 -0.558
0.286 0.199 -0.504
0.121 0.328 -0.320
0.160 -0.076 -0.513
-0.005 0.398 -0.445
0.291 0.294 -0.604
0.045 0.089 -0.539
0.545 0.698 -0.154
0.150 0.324 -0.625
-0.102 0.002 -0.390
0.182 0.479 -0.291
0.107 -0.126 -0.582
-0.090 0.183 -0.418
0.276 0.429 -0.226
0.038 0.198 -0.564
0.228 0.148 -0.437
-0.017 0.280 -0.596
0.029 0.192 -0.454
-0.170 0.168 -0.570
0.177 0.430 -0.429
0.283 0.178 -0.648
-0.196 0.247 -0.415
-0.214 0.027 -0.442
0.048 -0.075 -0.481
0.998 1.400 1.201
-0.161 0.271 -0.626
0.192 0.620 -0.584
-0.237 -0.157 -0.398
-0.277 -0.263 -0.417
0.061 0.288 -0.392
0.060 0.461 -0.604
-0.392 0.000 -0.439
-0.154 -0.073 -0.500
-0.291 0.301 -0.398
-0.108 0.104 -0.505
-0.336 0.082 -0.412
-0.355 0.009 -0.602
-0.500 -0.117 -0.424
-0.241 0.262 -0.319
-0.145 0.312 -0.233
0.029 0.374 -0.354
-0.324 0.009 -0.320
0.050 -0.203 -0.297
0.062 -0.252 -0.385
-0.122 -0.133 -0.295
-0.045 -0.081 -0.424
-0.784 -2.068 1.097
0.549 0.637 0.284
0.631 0.719 0.315
0.768 0.859 0.370
0.010 -0.410 0.060
-0.421 -0.054 0.408
-0.353 -0.117 0.153
-0.504 -0.300 0.049
-0.502 -0.110 0.528
0.329 -0.011 0.086
0.236 -0.594 0.313
-0.432 -0.181 0.193
-0.332 0.013 0.442
1.004 1.521 1.163
0.469 0.966 1.319
-0.414 -0.081 0.673
-0.475 -0.109 0.906
-0.478 -0.106 1.007
-0.010 -0.327 -0.083
1.267 1.683 1.130
0.195 -0.348 0.130
-0.642 -0.117 1.303
-0.623 -0.118 1.461
0.680 -1.602 0.971
0.270 -1.448 1.340
0.163 -0.222 0.275
-0.029 -0.374 0.534
0.070 -0.183 0.644
0.284 -0.112 0.559
-0.187 -1.519 1.387
-0.112 -0.333 0.610
0.039 -0.440 0.585
0.143 -0.521 0.548
0.146 -0.307 0.444
0.157 -0.409 0.498
0.251 -0.254 0.376
-1.076 -0.572 0.353
-0.188 -0.190 0.362
-0.310 -0.094 0.665
0.105 -0.242 0.514
0.167 -1.462 1.353
-0.194 0.268 0.158
-0.173 0.260 0.614
-0.233 0.370 1.237
-0.296 0.343 1.163
-0.329 0.325 1.069
-0.346 0.311 0.969
-0.358 0.299 0.869
-0.368 0.289 0.769
-0.380 0.280 0.668
-0.391 0.272 0.567
-0.427 0.250 0.253
-0.444 0.246 0.154
-0.451 0.228 0.056
-0.471 0.185 -0.034
-0.279 0.271 0.080
-0.001 0.363 -0.150
-0.068 0.319 0.888
-0.313 0.286 0.504
-0.396 0.166 -0.098
0.073 0.404 0.223
0.046 0.400 0.125
0.024 0.394 0.026
0.018 0.339 -0.246
-0.034 0.253 -0.119
0.455 0.218 -0.224
-0.203 0.263 -0.167
-0.245 0.319 0.971
-0.446 0.265 0.483
-0.460 0.259 0.376
-0.502 0.190 -0.197
-0.527 0.138 -0.279
-0.557 0.075 -0.351
-0.623 0.001 -0.370
-0.610 0.087 -0.241
-0.212 0.194 -0.251
-0.178 -0.035 0.590
-0.142 0.051 1.075
-0.314 0.035 1.082
-0.408 -0.041 0.267
-0.521 -0.173 -0.066
-0.092 0.113 1.137
-0.237 0.100 1.194
-0.261 -0.014 0.901
0.355 0.629 0.370
-0.257 -0.015 1.168
-0.290 -0.040 1.018
-0.306 -0.061 0.822
-0.070 -0.139 0.263
0.378 0.051 0.415
-0.221 -0.228 -0.229
-1.115 -1.105 1.550
-0.432 -2.100 1.679
-0.400 -1.829 1.526
-0.412 -1.775 1.434
0.458 0.031 1.524
0.471 0.056 1.426
0.060 -1.294 1.270
-0.669 -2.030 1.105
-0.915 -2.110 1.097
-0.309 -0.897 1.102
-0.295 -0.791 1.045
-0.283 -0.703 0.997
-0.046 -0.985 0.952
-0.711 -2.050 0.753
-0.307 -1.801 0.949
-0.285 -1.704 0.903
-1.053 -2.588 0.581
-1.019 -2.493 0.555
-0.981 -2.381 0.523
-0.258 -0.393 0.838
-0.413 -0.932 0.815
-0.306 -0.609 1.033
-0.435 -0.876 0.730
0.774 0.449 0.869
-0.518 -1.170 0.961
-0.506 -1.072 0.913
0.316 -0.009 0.895
0.129 -0.059 0.942
-1.322 -2.290 0.592
-1.402 -2.271 0.651
0.157 0.011 0.741
0.251 -0.008 0.648
-0.150 -0.766 0.484
-1.780 -3.182 -0.067
-2.844 -2.731 1.042
0.449 0.043 0.492
-0.075 -0.571 0.385
-1.425 -2.304 -0.041
-1.390 -2.193 -0.016
0.226 0.160 0.572
0.109 0.089 0.589
0.377 0.359 -0.416
-1.295 -2.004 -0.010
-2.951 -2.763 1.363
-0.441 -1.031 0.199
-0.406 -0.942 0.166
-0.073 0.360 0.521
-0.170 -0.455 0.320
0.184 0.061 0.513
-0.000 -0.329 0.297
-0.110 0.351 0.317
-0.115 0.354 0.216
-0.137 0.340 0.092
-0.296 -0.722 0.217
-0.888 -1.050 -0.064
-0.324 -0.116 -0.231
-0.107 0.357 0.719
0.237 0.542 0.143
0.537 -1.398 1.323
0.211 0.508 0.049
0.374 0.431 0.012
-0.244 0.305 0.303
0.094 0.371 -0.080
0.212 0.330 -0.147
0.209 0.475 -0.047
-0.411 0.191 0.627
-0.484 0.134 0.664
-0.492 0.105 0.760
-0.521 0.091 0.855
-0.386 0.245 -0.344
-0.552 -0.226 -0.197
-0.059 0.036 -0.140
-0.180 -0.299 -0.310
-0.418 -0.109 -0.351
-0.395 0.192 -0.429
-0.206 -0.093 -0.232
-0.406 0.138 -0.302
-0.874 -0.154 -0.534
-0.399 -0.297 -0.536
-0.468 -0.545 -0.490
-1.247 -2.226 0.663
-0.441 -0.687 -0.338
-0.491 -1.043 -0.485
-0.483 -0.453 -0.288
-0.386 -0.640 -0.261
-1.090 -1.063 -0.381
-0.951 -0.988 -0.358
-0.755 -0.981 -0.390
-0.656 -0.982 -0.410
-0.501 -0.945 -0.421
0.336 -0.315 0.390
-0.941 -2.115 1.289
-0.332 -0.404 -0.072
-0.748 -0.255 0.099
-0.577 0.127 1.058
-0.615 0.126 0.965
-0.527 0.213 0.514
1.181 -0.812 0.224
0.690 -0.525 0.315
0.817 -0.622 0.286
-0.543 -0.153 0.175
-0.418 0.133 0.126
-0.339 -0.261 0.276
-1.040 -0.655 -0.244
-0.504 -0.300 0.384
-0.574 -0.376 0.401
-1.183 -0.824 -0.223
0.468 -0.452 0.392
-2.359 -2.586 0.486
-1.057 -0.153 -0.117
-0.283 -0.806 0.442
-0.340 -1.061 0.521
-0.398 -1.334 0.602
-0.455 -1.620 0.684
-0.510 -1.917 0.766
0.554 -0.500 0.371
-0.680 0.076 1.218
-0.711 -0.156 0.138
-1.058 -0.298 0.060
-1.144 -0.328 0.101
-1.038 -0.185 0.104
-0.809 0.048 0.076
-0.952 0.050 0.060
-1.244 -0.402 0.181
0.999 -0.806 0.227
0.620 -0.589 0.353
-1.118 -2.178 1.084
0.460 0.227 -0.392
-1.512 -0.991 1.459
-1.901 -1.554 1.946
-0.506 0.176 0.423
0.979 -0.766 0.125
-1.000 -2.136 1.489
1.740 -1.589 0.766
1.354 -1.310 0.778
-0.363 0.222 -0.239
1.411 -1.363 1.090
-0.761 -0.263 0.230
1.163 -0.719 0.726
1.448 -1.350 1.233
-0.558 -0.002 0.385
-1.707 -2.362 1.566
-1.119 -2.184 0.684
-0.230 -0.330 -0.196
-2.074 -1.739 1.991
0.494 -0.381 -0.257
-0.180 -0.876 -0.392
0.302 -0.291 -0.220
0.273 -0.366 -0.138
-0.892 -2.111 0.719
-0.193 -0.464 -0.374
0.241 -0.396 -0.237
-0.135 -0.592 -0.244
-1.376 -2.259 1.526
-0.425 -0.440 -0.206
-0.705 -0.644 -0.268
-0.809 -0.736 -0.302
0.482 -0.266 -0.016
-0.252 -0.396 -0.460
-0.398 -0.382 -0.284
-0.234 0.358 0.106
0.967 -1.205 0.909
-0.872 -0.404 0.255
-0.814 0.250 0.320
-0.995 -1.301 -0.420
-0.632 0.153 0.009
0.755 -0.280 0.220
-1.249 -2.219 1.082
0.294 0.782 -0.659
-0.177 0.992 -0.750
-0.003 0.963 -0.692
-1.461 -1.311 -0.538
-0.801 -0.325 0.002
-0.826 -2.044 1.497
-1.269 -2.202 1.533
-0.415 -0.161 -0.024
0.382 0.822 0.649
-1.549 -2.316 1.542
-0.211 -0.743 -0.217
-0.038 -0.545 -0.152
0.889 -1.531 1.010
0.541 0.960 0.700
0.659 1.072 0.729
0.655 -0.061 -0.196
-0.781 -0.527 -0.006
-0.491 -0.140 0.285
0.712 -0.837 0.806
-0.586 -0.423 -0.107
-2.324 -2.565 1.050
0.392 -0.118 -0.330
-1.366 -2.255 1.080
-1.728 -2.415 1.005
-2.108 -2.494 1.064
0.548 -0.749 0.778
0.131 -0.483 0.843
0.009 -0.421 0.877
1.076 -1.162 0.597
0.255 -0.281 -0.052
0.350 0.160 -0.106
-0.239 -0.275 0.858
0.008 -0.349 -0.328
-0.052 -0.452 -0.380
-1.230 -0.771 -0.433
-1.195 -0.592 -0.435
-2.602 -2.653 1.655
-1.329 -0.785 -0.368
1.116 1.265 0.482
-0.159 -0.377 0.861
0.404 -0.291 -0.358
0.481 0.467 0.107
0.581 0.475 0.063
0.668 0.433 -0.024
0.392 0.022 -0.342
-2.248 -2.544 0.513
0.424 0.685 0.296
0.074 -0.219 -0.540
-1.304 -1.116 -0.290
0.405 0.611 -0.091
0.541 0.738 0.043
0.608 -0.037 -0.414
0.119 -0.018 -0.401
0.013 -0.014 -0.587
-0.181 -0.104 -0.674
-0.348 -0.200 -0.763
0.247 -0.082 -0.564
0.305 0.062 -0.458
0.492 0.102 -0.436
-0.400 -0.278 -0.809
0.267 0.434 -0.361
0.118 0.341 -0.217
-0.041 0.015 -0.505
0.396 0.512 -0.069
-0.104 0.347 -0.145
-0.169 0.313 -0.071
-3.163 -2.853 2.306
-3.073 -2.768 2.257
0.249 0.521 -0.439
0.199 -0.647 0.592
-0.079 0.378 -0.279
-0.348 -0.058 -0.516
-0.275 -0.099 -0.581
0.415 -0.947 0.691
0.535 -0.374 0.500
0.726 -0.416 0.546
-0.579 0.166 0.670
-0.633 0.156 0.755
-0.701 0.132 0.824
1.094 -1.461 1.272
0.983 -0.876 0.359
-0.604 0.035 0.862
0.681 -0.639 0.417
0.748 -0.709 0.450
-0.395 -0.327 0.453
-0.304 -0.157 0.391
-0.628 -0.540 0.126
-0.408 -0.330 0.624
-0.300 -0.235 0.606
-0.217 -0.162 0.567
0.001 0.127 1.197
-0.718 -0.971 0.253
-0.833 -0.227 0.815
1.128 -1.237 0.728
-0.855 -0.745 0.783
-0.782 -0.600 0.720
-0.295 -0.295 0.972
-0.409 -0.211 1.032
-0.223 -0.207 1.026
-0.892 -0.952 0.865
-0.661 0.013 1.355
-0.947 -1.186 0.942
-2.558 -2.639 1.041
0.148 0.223 1.074
0.131 -0.443 0.680
-0.678 0.038 0.940
-0.196 0.090 1.285
-0.377 0.079 1.288
-0.292 -0.067 1.269
-1.227 -0.778 1.284
-1.077 -0.611 1.247
-0.960 -0.548 1.245
-0.861 -0.437 1.247
-0.716 -0.263 1.250
-0.547 -0.050 1.299
-0.594 -0.413 1.206
-0.521 -0.343 1.178
-0.113 0.453 1.049
0.060 0.200 0.993
0.032 0.175 0.796
0.022 0.164 0.696
-0.751 -0.034 1.047
-0.655 0.110 0.634
-0.678 0.118 0.536
-0.845 -0.050 1.090
-0.206 0.050 0.693
1.209 -1.428 1.059
-0.733 0.031 0.856
-0.798 0.000 0.787
-0.863 -0.056 0.839
-0.903 -0.042 0.747
-0.589 0.145 0.473
-0.603 0.141 0.371
0.590 0.154 0.353
0.625 -0.421 0.688
-0.731 0.009 0.713
-0.517 0.087 0.127
-0.836 0.016 0.216
0.526 -0.678 0.332
-0.610 0.193 0.132
0.742 0.315 0.254
-0.556 0.283 0.144
-0.278 0.383 -0.063
-1.970 -2.446 1.595
1.210 -1.245 -0.247
-1.024 -2.146 1.091
-0.820 -0.049 1.226
-0.906 -0.100 1.228
-0.933 -0.098 1.131
-0.583 0.248 -0.011
-0.753 0.060 0.456
-0.821 -0.034 0.967
-0.560 -0.115 -0.141
-0.893 -0.097 0.996
-0.622 -0.197 -0.089
-0.538 0.518 0.160
-1.125 -0.553 -0.258
-1.167 -0.655 -0.306
-0.653 0.328 0.297
-0.323 0.790 0.458
-0.246 -0.573 0.062
-0.481 0.570 0.470
-0.200 -0.489 0.030
-0.302 -1.918 0.817
-0.742 0.069 0.350
0.127 -0.590 0.214
0.195 -0.727 0.318
-0.017 -0.336 0.198
-0.030 -0.469 0.207
-0.080 -0.483 0.539
0.053 -0.542 0.609
-0.967 -0.425 0.143
0.227 -0.475 0.672
-1.014 -0.534 0.062
0.400 -0.745 0.778
0.222 -0.591 0.790
0.622 -0.980 0.986
1.102 0.239 0.133
0.779 -1.034 0.910
0.647 -0.903 0.899
0.433 0.399 -0.090
-0.720 0.040 1.108
0.552 0.299 0.172
-0.959 0.187 1.081
0.691 -1.593 1.141
-0.028 0.409 -0.059
0.503 0.354 -0.007
0.276 0.425 0.038
0.541 0.477 0.310
0.476 0.387 0.179
0.196 0.390 0.123
0.408 0.508 0.202
0.716 -0.902 1.040
-3.023 -2.800 0.384
0.872 1.514 0.997
-1.239 -0.986 -0.375
0.441 1.125 0.961
0.482 1.229 0.988
-1.509 -1.370 -0.471
-0.414 0.118 0.537
-0.514 0.049 1.063
-0.896 0.248 0.932
-0.534 0.050 0.688
-0.648 -2.033 1.320
-0.792 -2.075 1.281
-0.355 -0.399 0.343
-0.993 0.031 1.076
-0.346 0.075 -0.122
-0.823 0.159 1.082
-0.240 -0.472 1.803
-0.177 -0.537 1.751
-0.917 -0.982 1.704
-0.785 -0.975 1.680
-0.161 -0.369 1.012
-0.161 -0.300 0.793
-0.194 -0.174 0.470
-0.265 -0.394 1.267
-0.282 -0.376 1.167
-0.296 -0.348 1.068
-0.277 -0.226 0.776
-0.305 -0.156 0.519
-0.360 -0.684 1.578
-0.373 -0.675 1.477
-0.392 -0.663 1.379
-0.405 -0.637 1.282
-0.404 -0.602 1.188
-0.409 -0.574 1.091
-0.414 -0.542 0.993
-0.415 -0.508 0.897
-0.416 -0.474 0.798
-0.410 -0.462 0.698
-0.394 -0.422 0.585
-0.277 -0.383 0.278
-0.218 -0.365 0.196
-0.324 -0.378 0.528
-0.301 -0.371 0.428
-0.341 -0.574 0.637
-0.300 -0.538 0.553
-0.184 -0.493 0.228
-0.119 -0.473 0.152
-0.209 -0.622 0.479
-0.121 -0.574 0.295
-0.102 -0.567 0.196
-0.044 -0.550 0.112
0.028 -0.530 0.041
0.076 -0.471 -0.027
0.082 -0.380 -0.071
-0.352 -0.762 1.798
-0.078 -0.558 1.779
-0.234 -0.640 1.785
-0.045 -0.458 1.784
-0.002 -0.325 1.825
0.064 -0.472 1.734
0.158 -0.405 1.733
0.004 -0.520 1.668
-0.176 -0.749 1.591
-0.188 -0.741 1.490
-0.196 -0.726 1.391
-0.212 -0.711 1.290
-0.230 -0.689 1.192
-0.098 -0.524 1.660
-0.324 -0.802 1.622
0.183 -0.412 1.635
-0.189 -0.458 1.590
-0.470 -0.795 1.601
-0.224 -0.641 1.605
-0.194 -0.618 1.475
-0.029 0.093 1.695
-0.153 -0.015 1.687
-0.441 -0.757 1.406
-0.450 -0.735 1.308
-0.248 -0.111 1.647
0.042 0.130 1.618
0.132 0.215 1.612
0.231 0.299 1.597
0.317 0.370 1.579
0.417 0.461 1.559
0.237 0.294 1.497
0.354 0.399 1.490
0.615 0.639 1.489
0.538 0.570 1.485
-0.286 -0.603 1.220
0.678 0.694 1.410
0.833 0.834 1.412
-0.506 -0.367 1.440
0.186 0.391 1.596
-0.449 -0.635 1.021
0.213 0.395 1.491
-0.494 -0.346 1.307
-0.483 -0.296 1.097
-0.482 -0.258 0.971
-0.495 -0.244 0.872
-0.514 -0.232 0.774
0.482 0.638 1.437
-0.322 -0.527 0.946
-0.590 -0.366 1.108
-0.189 -0.172 0.057
0.652 1.088 1.332
0.733 1.148 1.312
1.147 1.546 1.199
-0.531 -0.127 0.378
-1.431 -1.225 -0.448
-0.610 -0.200 0.774
-0.674 -0.071 0.733
-0.660 0.278 0.077
0.770 -0.503 0.675
-0.710 -0.415 1.207
-0.663 0.009 0.592
-0.724 -0.322 1.168
-0.715 -0.268 1.071
-1.078 -0.610 -0.057
-0.586 0.001 0.769
-1.091 -2.163 1.294
-0.593 -0.061 0.271
-0.373 -0.708 -0.091
0.988 0.077 0.208
0.926 0.049 0.087
1.310 0.337 0.016
0.359 -0.246 -0.116
0.127 -0.300 0.001
-0.673 -0.547 -0.066
-0.634 -0.411 0.139
-0.487 -1.100 -0.213
-0.108 0.166 0.596
0.536 -0.071 0.249
0.534 -0.155 0.388
0.543 -0.273 0.552
0.554 -0.344 0.637
0.541 -0.408 0.746
0.402 -0.331 0.787
0.306 -0.278 0.812
0.200 -0.218 0.837
0.932 -0.609 0.669
-0.500 0.235 0.634
1.156 1.570 1.062
-0.608 0.253 0.237
-0.461 0.178 0.831
-0.745 0.114 0.679
-0.921 0.201 0.283
-0.830 0.192 0.223
-0.140 0.150 1.369
-0.182 0.156 1.122
-0.699 0.236 -0.027
-0.836 0.155 0.043
-0.540 0.177 0.059
-0.924 0.204 0.033
-0.256 -0.127 1.163
-0.321 -0.106 0.947
-0.645 -0.070 0.184
-0.218 -0.097 1.057
-0.168 -0.205 1.484
-0.191 -0.205 1.386
-0.218 -0.202 1.287
-0.066 -0.232 1.454
-0.089 -0.235 1.357
-0.114 -0.233 1.259
-0.141 -0.229 1.162
-0.386 -0.210 0.557
-0.180 -0.274 0.563
-0.232 -0.270 0.476
-0.274 -0.264 0.381
-0.227 -0.242 1.798
0.212 -0.014 1.691
0.325 0.068 1.635
0.440 0.152 1.624
0.256 0.143 1.689
0.383 0.242 1.661
0.176 0.040 1.611
0.239 0.123 1.559
-0.471 0.163 1.625
-0.432 0.157 1.531
0.783 0.696 1.435
0.046 -0.276 1.216
0.021 -0.274 1.119
-0.121 -0.106 1.400
-0.149 -0.105 1.304
-0.182 0.152 0.996
1.404 -0.889 1.106
1.304 -0.835 1.090
1.207 -0.783 1.075
1.101 -0.727 1.057
1.011 -0.680 1.041
0.919 -0.632 1.023
0.827 -0.583 1.003
0.734 -0.533 0.978
-0.465 0.142 1.014
-0.473 0.176 1.127
-0.796 0.109 0.852
-0.887 0.070 0.869
-0.987 0.070 0.858
-0.458 0.013 1.318
-0.774 0.046 1.205
-1.262 -2.217 1.302
-1.358 -2.251 1.298
-1.102 -2.167 1.503
-0.149 0.547 0.373
-0.900 0.014 1.006
-0.974 0.048 0.267
-1.073 0.118 0.840
-1.020 0.117 0.754
-0.207 -0.491 0.412
-0.931 0.074 0.772
-0.970 -0.179 0.261
-0.998 0.120 0.991
-0.136 -0.214 0.271
1.097 0.337 0.185
-0.883 0.169 0.557
0.421 -0.477 0.585
-0.820 0.086 0.947
-0.176 0.458 0.425
-0.268 0.410 0.413
-0.819 0.149 0.739
-0.886 0.160 0.812
1.293 0.355 0.226
-0.161 -1.090 0.701
-0.181 -1.424 0.875
0.918 0.291 0.220
-0.591 0.075 1.148
0.332 -0.448 0.539
1.493 0.464 0.171
-1.077 -0.152 0.208
-0.930 0.110 0.338
-1.306 -0.702 -0.129
-0.892 0.140 0.991
-0.722 0.157 1.095
-1.280 -0.877 -0.379
-1.321 -0.962 -0.429
-1.177 -0.998 0.857
-0.131 -0.369 0.246
-1.119 0.147 0.443
1.270 0.438 0.153
-0.983 0.181 0.831
-0.309 0.660 1.243
-0.299 0.664 1.141
-0.280 0.674 1.043
-0.258 0.695 0.947
-0.224 0.710 0.854
-0.158 0.766 0.906
-0.324 0.710 0.838
-0.361 0.672 0.753
-0.372 0.605 0.675
-0.368 0.534 0.602
-0.397 0.469 0.526
-0.467 0.422 0.469
-0.548 0.389 0.419
-0.722 0.225 -0.149
-0.706 0.210 -0.247
-0.164 0.502 1.165
-0.250 0.467 1.121
-0.336 0.452 1.069
-0.382 0.407 0.988
-0.682 -0.025 0.494
0.269 0.724 1.235
0.169 0.729 1.220
0.110 0.647 1.233
0.073 0.553 1.232
-0.003 0.487 1.219
-0.038 0.468 1.126
-0.050 0.459 0.972
-0.047 0.467 0.871
-0.014 0.489 0.662
0.014 0.508 0.567
0.076 0.550 0.632
-0.077 0.481 0.532
0.344 0.538 0.736
0.263 0.480 0.726
0.222 0.436 0.645
0.196 0.462 0.548
0.190 0.500 0.455
0.243 0.591 0.405
0.103 0.452 0.447
0.274 0.710 1.036
0.173 0.709 1.027
0.115 0.627 1.035
0.087 0.530 1.034
-0.002 0.478 0.465
0.027 0.503 0.373
-0.045 0.486 0.305
0.349 0.516 0.936
0.288 0.630 0.644
0.211 0.567 0.659
0.292 0.669 0.836
0.178 0.683 0.834
0.133 0.563 0.839
0.056 0.501 0.202
0.125 0.512 0.129
-0.028 0.480 1.420
-0.063 0.469 1.325
-0.064 0.492 0.759
-0.190 0.439 0.681
-0.217 0.373 0.609
-0.177 0.395 1.662
-0.235 0.326 1.613
-0.086 0.496 1.566
-0.013 0.594 1.536
0.548 0.953 1.423
0.688 1.004 1.422
0.830 1.053 1.386
0.279 0.947 1.460
0.567 1.286 1.374
0.144 0.460 0.267
0.176 0.565 0.219
-0.002 0.374 0.282
0.242 0.441 0.846
-0.300 0.298 1.306
-0.184 0.342 1.358
-0.130 0.358 1.271
-0.393 0.423 1.202
-0.211 0.420 1.042
-0.570 0.348 1.183
-0.199 0.354 1.138
0.005 0.417 1.046
-0.092 0.695 1.012
-0.044 0.747 1.084
-0.472 0.341 1.127
-0.187 0.727 1.103
-0.458 0.355 0.948
-0.473 0.291 0.870
-0.540 0.211 0.777
-0.533 0.608 1.227
-0.532 0.631 1.127
-0.533 0.648 1.024
-0.553 0.650 0.925
-0.685 -0.228 0.645
-0.684 -0.236 0.544
-0.338 0.617 0.956
-0.616 0.602 0.859
-0.641 0.530 0.791
-0.677 0.471 0.713
-0.725 0.428 0.634
-0.777 0.393 0.555
-0.830 0.355 0.479
-0.903 0.304 0.361
-0.620 0.645 1.078
-0.625 0.602 0.986
0.210 0.902 1.199
0.358 0.957 1.398
-0.827 -0.703 1.182
-0.646 0.504 0.994
-0.681 0.457 0.909
-0.730 0.415 0.831
-0.782 0.369 0.758
-0.831 0.322 0.684
-0.908 0.263 0.659
-0.963 0.202 0.717
-0.742 -0.585 1.168
-1.067 -0.938 1.214
-1.012 -0.851 1.197
-0.924 -0.776 1.225
0.408 1.038 0.794
0.336 0.969 0.762
0.262 0.898 0.729
0.187 0.833 0.693
0.109 0.769 0.652
0.033 0.708 0.605
-0.032 0.653 0.551
-0.669 0.558 1.288
-0.706 0.520 1.202
-0.732 0.475 1.116
-0.771 0.425 1.037
-0.818 0.371 0.966
-0.782 0.455 1.212
-0.823 0.408 1.133
-0.867 0.356 1.059
-0.941 0.289 1.046
-0.860 0.325 0.588
-0.417 0.371 -0.003
-0.271 0.389 -0.256
0.627 0.891 1.440
-0.247 0.399 -0.352
-0.518 0.046 -0.113
0.339 0.540 1.199
-0.322 0.436 0.310
-0.966 0.253 1.164
0.130 0.322 0.983
-0.921 0.258 1.255
-0.973 -0.860 0.011
0.146 0.229 0.309
0.219 0.296 0.291
-0.505 -0.245 0.489
-0.527 -0.230 0.316
-2.092 -2.088 -0.889
-0.094 0.099 0.782
-0.857 0.170 -0.200
0.891 0.266 0.121
0.988 0.291 0.137
-0.450 0.042 -0.311
-0.439 0.393 0.332
-1.187 -0.216 0.033
0.364 0.505 1.393
0.586 0.728 1.153
1.915 0.376 0.995
2.230 0.405 0.983
0.527 0.639 1.135
1.782 0.344 0.988
-0.191 0.862 0.957
2.112 0.296 0.196
-0.398 0.874 0.531
-1.425 -1.368 -0.403
-1.003 -0.250 0.171
-0.402 0.895 0.231
-0.108 0.981 -0.312
0.153 1.021 -0.444
0.143 0.920 -0.485
0.463 0.073 0.367
0.428 0.166 0.377
0.455 0.263 0.370
0.215 0.996 -0.621
-0.831 -0.238 -0.039
0.209 0.065 0.915
0.444 0.451 0.354
0.530 0.353 0.335
-0.997 -0.038 0.460
-1.102 -0.055 0.528
0.503 1.655 0.561
-1.075 -0.292 -0.059
-0.794 -2.139 0.569
-1.186 -0.397 -0.106
-0.527 -1.707 0.669
-0.269 -1.254 0.752
-0.281 -1.162 0.711
0.531 0.240 0.309
-0.700 -1.850 0.759
-0.860 0.213 -0.055
0.436 0.018 0.907
-0.489 -1.550 0.793
-0.441 -1.460 0.748
0.518 0.142 0.882
-1.085 -0.458 0.107
-0.011 -0.744 0.476
0.560 0.145 1.002
0.608 0.198 1.179
0.121 -0.647 0.866
0.163 0.541 -0.189
-0.798 0.064 1.050
-1.207 -2.893 0.809
0.086 -0.779 0.522
-1.190 -2.733 0.807
-1.283 -0.556 -0.196
-0.729 -0.065 -0.062
-1.166 -0.288 -0.106
-1.187 0.090 1.199
-1.100 -3.049 0.995
0.653 0.255 0.859
1.063 0.306 0.281
0.846 0.268 0.291
-0.511 -1.946 0.996
0.710 0.235 0.197
0.748 0.410 1.025
-0.680 -2.265 0.997
0.759 0.411 1.158
-0.233 -1.389 0.716
-0.989 0.096 0.141
-1.141 -0.140 0.494
-0.667 -2.199 0.661
-0.614 -2.075 0.615
-1.200 -3.251 0.985
-0.731 -2.372 0.996
-0.061 1.172 0.655
-0.954 -2.819 1.346
-1.003 -2.892 1.397
-0.187 -1.246 0.691
-1.067 -2.918 0.950
-0.847 -2.585 1.333
-0.805 -2.496 1.289
-0.487 -1.809 0.647
0.658 0.265 1.009
0.193 -0.896 -0.072
0.281 -0.867 -0.117
-0.293 -1.483 0.974
-0.297 -1.457 0.675
0.455 0.198 0.253
-0.826 -2.531 0.622
0.695 0.255 1.166
-0.758 -2.530 1.047
-0.324 -1.705 1.001
0.055 -0.902 0.761
-0.935 -2.719 1.292
-0.893 -2.632 1.238
0.596 0.161 0.453
0.629 0.073 0.986
-0.181 -1.506 0.753
-0.803 -2.809 1.164
-0.141 -1.392 0.671
-0.586 -2.359 0.858
-0.401 -1.960 0.598
-0.601 0.206 -0.207
0.587 -0.024 0.956
0.593 0.005 0.809
0.675 0.138 1.085
0.658 0.133 0.830
-0.728 0.126 -0.368
0.157 -0.804 0.383
0.030 -0.552 0.469
0.031 -0.888 0.637
-1.110 -0.597 0.043
-0.156 -1.490 0.643
-0.734 -0.167 -0.383
-0.993 -0.212 -0.061
-0.440 -2.056 0.578
-1.440 -4.139 1.174
-0.834 -2.913 1.209
0.118 -0.950 0.696
-0.076 0.185 1.290
-0.538 -2.375 1.196
-0.348 -1.966 0.899
-0.720 -0.136 -0.249
-0.685 -0.124 -0.143
-1.196 -0.479 -0.169
-1.356 -4.043 1.208
-1.415 -4.172 1.267
-0.452 -2.140 0.641
-0.621 -2.531 0.884
0.103 -1.041 0.752
-0.101 -0.922 0.425
-0.056 -1.283 0.654
0.046 -1.206 0.579
0.124 -1.111 0.537
0.209 -1.030 0.494
0.298 -0.977 0.452
0.040 -1.149 0.734
0.053 -0.406 0.342
-0.816 -0.350 0.130
0.545 0.050 0.722
0.490 0.054 0.612
-0.161 -1.589 0.916
0.701 0.144 0.334
-0.589 -0.169 -0.288
-0.687 -2.627 0.556
-0.890 0.012 0.660
0.558 -0.119 0.973
0.610 -0.024 1.111
0.125 -1.020 -0.033
0.230 -0.982 -0.107
0.331 -0.942 -0.164
-0.193 -1.632 0.759
-0.231 -1.724 0.817
-0.098 -1.484 0.938
-0.194 -1.002 0.598
-0.180 -1.344 0.789
0.239 -0.749 0.750
0.807 0.139 0.327
-0.454 0.097 -0.178
0.213 -0.662 0.954
-0.615 -0.066 0.956
-0.341 -1.831 0.784
-0.507 -2.201 0.983
0.057 0.574 0.462
0.195 0.746 0.552
0.362 0.955 0.660
0.562 1.206 0.791
