0.000 -0.008 0.029 -0.247
0.210 -0.011 0.040 -0.332
0.439 -0.015 0.051 -0.422
0.669 -0.020 0.061 -0.520
0.869 -0.026 0.069 -0.601
1.071 -0.034 0.076 -0.683
1.270 -0.042 0.083 -0.765
1.470 -0.049 0.091 -0.847
1.670 -0.056 0.099 -0.929
1.870 -0.064 0.104 -1.010
2.071 -0.074 0.107 -1.093
2.270 -0.084 0.110 -1.175
2.470 -0.095 0.114 -1.258
2.670 -0.104 0.117 -1.340
2.870 -0.114 0.119 -1.423
3.070 -0.124 0.120 -1.505
3.271 -0.134 0.118 -1.588
3.470 -0.145 0.116 -1.671
3.671 -0.156 0.115 -1.754
3.869 -0.167 0.112 -1.836
4.070 -0.176 0.110 -1.919
4.280 -0.186 0.106 -2.005
4.480 -0.194 0.100 -2.087
4.680 -0.201 0.093 -2.170
4.880 -0.209 0.087 -2.252
5.080 -0.218 0.080 -2.334
5.280 -0.226 0.071 -2.417
5.479 -0.233 0.063 -2.499
5.680 -0.237 0.054 -2.581
5.879 -0.240 0.045 -2.664
6.080 -0.243 0.037 -2.747
6.280 -0.246 0.027 -2.829
6.480 -0.251 0.015 -2.916
6.680 -0.260 -0.012 -3.022
6.880 -0.260 -0.032 -3.120
7.080 -0.251 -0.030 3.067
7.280 -0.244 -0.026 2.971
7.480 -0.244 -0.041 2.870
7.680 -0.250 -0.081 2.772
7.880 -0.245 -0.103 2.680
8.090 -0.241 -0.101 2.587
8.290 -0.233 -0.087 2.500
8.490 -0.224 -0.081 2.413
8.690 -0.216 -0.086 2.327
8.890 -0.207 -0.097 2.245
9.090 -0.196 -0.093 2.165
9.290 -0.186 -0.093 2.082
9.490 -0.178 -0.104 1.995
9.690 -0.166 -0.116 1.921
9.890 -0.150 -0.115 1.861
10.090 -0.145 -0.109 1.810
10.290 -0.164 -0.116 1.767
10.490 -0.184 -0.119 1.732
10.689 -0.202 -0.127 1.700
10.890 -0.204 -0.130 1.665
11.093 -0.199 -0.136 1.628
11.321 -0.197 -0.145 1.590
11.501 -0.196 -0.153 1.551
11.689 -0.198 -0.159 1.510
11.921 -0.200 -0.167 1.471
12.101 -0.198 -0.175 1.436
12.289 -0.186 -0.183 1.401
12.521 -0.159 -0.196 1.360
12.701 -0.124 -0.210 1.313
12.889 -0.095 -0.216 1.263
13.125 -0.079 -0.216 1.210
13.305 -0.071 -0.214 1.154
13.490 -0.061 -0.216 1.095
13.725 -0.042 -0.221 1.028
13.910 -0.020 -0.220 0.966
14.141 0.000 -0.211 0.905
14.321 0.015 -0.198 0.844
14.510 0.026 -0.189 0.781
14.741 0.037 -0.181 0.717
14.922 0.050 -0.174 0.643
15.110 0.052 -0.179 0.561
15.345 0.067 -0.174 0.482
15.521 0.073 -0.153 0.401
15.721 0.079 -0.113 0.318
15.945 0.086 -0.076 0.236
16.121 0.093 -0.047 0.150
16.320 0.098 -0.029 0.063
16.545 0.101 -0.012 -0.023
16.725 0.102 0.006 -0.106
16.921 0.102 0.033 -0.186
17.141 0.103 0.069 -0.267
17.321 0.101 0.090 -0.352
17.520 0.098 0.098 -0.441
17.741 0.092 0.108 -0.537
17.925 0.080 0.139 -0.644
18.161 0.050 0.175 -0.762
18.343 0.022 0.202 -0.890
18.530 0.011 0.221 -1.027
18.761 0.003 0.235 -1.165
18.946 -0.019 0.250 -1.307
19.130 -0.058 0.260 -1.447
19.361 -0.099 0.262 -1.580
19.545 -0.135 0.260 -1.709
19.733 -0.166 0.255 -1.832
19.961 -0.196 0.247 -1.950
20.141 -0.227 0.240 -2.062
20.330 -0.260 0.229 -2.169
20.561 -0.292 0.213 -2.272
20.741 -0.318 0.192 -2.371
20.930 -0.336 0.173 -2.465
21.165 -0.348 0.155 -2.557
21.345 -0.361 0.137 -2.645
21.532 -0.376 0.115 -2.731
21.753 -0.390 0.092 -2.814
21.935 -0.397 0.072 -2.894
22.130 -0.400 0.051 -2.974
22.353 -0.400 0.030 -3.052
22.534 -0.400 0.008 -3.128
22.730 -0.402 -0.013 3.080
22.953 -0.403 -0.034 3.006
23.136 -0.401 -0.054 2.933
23.330 -0.395 -0.073 2.861
23.557 -0.387 -0.093 2.790
23.745 -0.371 -0.109 2.718
23.930 -0.353 -0.119 2.644
24.157 -0.323 -0.133 2.568
24.333 -0.284 -0.142 2.490
24.530 -0.245 -0.142 2.411
24.754 -0.064 -0.030 -2.983
24.941 -0.072 -0.044 -2.981
25.174 -0.078 -0.053 -2.975
25.353 -0.081 -0.060 -2.968
25.540 -0.082 -0.062 -2.984
25.774 -0.009 0.055 0.893
25.953 -0.040 0.056 0.825
26.140 1.433 0.357 -2.992
26.373 1.611 0.410 -2.827
26.554 1.593 0.462 -2.812
26.740 1.592 0.527 -2.792
26.973 -0.045 0.017 0.552
27.153 -0.026 0.051 0.555
27.340 0.004 0.083 0.558
27.576 0.033 0.104 0.575
27.753 0.047 0.110 0.584
27.940 0.060 0.120 0.592
28.174 0.067 0.116 0.591
28.354 0.070 0.108 0.618
28.540 0.077 0.107 0.627
28.773 0.079 0.108 0.633
28.953 0.084 0.114 0.644
29.140 0.088 0.120 0.655
29.377 0.092 0.123 0.663
29.575 0.096 0.124 0.674
29.758 0.092 0.122 0.683
29.940 0.084 0.104 0.689
30.173 0.073 0.075 0.693
30.354 0.061 0.048 0.699
30.540 0.052 0.015 0.700
30.773 0.051 -0.021 0.702
30.953 0.048 -0.036 0.703
31.140 0.046 -0.038 0.704
31.373 0.048 -0.034 0.701
31.557 0.051 -0.021 0.700
31.740 0.050 -0.005 0.704
31.973 0.055 0.003 0.695
32.153 0.057 0.009 0.692
32.346 0.056 0.009 0.690
32.573 0.052 0.009 0.693
32.753 0.051 -0.003 0.687
32.940 0.046 -0.012 0.687
33.173 0.047 -0.020 0.689
33.353 0.058 -0.019 0.693
33.540 0.067 -0.006 0.698
33.774 0.077 0.019 0.711
33.953 0.089 0.043 0.722
34.140 0.102 0.067 0.728
34.373 0.110 0.092 0.744
34.557 0.121 0.111 0.747
34.740 0.126 0.130 0.760
34.977 0.133 0.142 0.767
35.157 0.134 0.153 0.784
35.340 0.131 0.151 0.790
35.573 0.119 0.138 0.796
35.757 0.102 0.113 0.805
35.940 0.077 0.062 0.812
36.173 0.050 0.024 0.823
36.353 0.031 -0.020 0.827
36.540 0.016 -0.043 0.833
36.773 0.008 -0.054 0.836
36.953 0.004 -0.050 0.845
37.140 0.010 -0.046 0.838
37.374 0.016 -0.035 0.842
37.553 0.023 -0.021 0.845
37.740 0.037 -0.002 0.849
37.974 0.055 0.023 0.852
38.154 0.073 0.053 0.857
38.340 0.093 0.080 0.863
38.573 0.110 0.103 0.873
38.757 0.118 0.109 0.872
38.940 0.110 0.096 0.874
39.173 0.093 0.069 0.875
39.353 0.072 0.034 0.880
39.540 0.050 -0.001 0.884
39.773 0.029 -0.025 0.892
39.955 0.012 -0.044 0.897
40.140 0.006 -0.067 0.897
40.373 0.001 -0.068 0.901
40.553 0.002 -0.062 0.902
40.740 0.005 -0.051 0.909
40.973 0.010 -0.037 0.913
41.153 0.017 -0.025 0.916
41.342 0.020 -0.016 0.923
41.573 0.025 -0.012 0.925
41.753 0.028 -0.010 0.925
41.941 0.028 -0.011 0.930
42.185 0.028 -0.016 0.931
42.353 0.025 -0.014 0.937
42.550 0.026 -0.027 0.935
42.777 0.023 -0.031 0.936
42.954 0.018 -0.028 0.947
43.150 0.015 -0.036 0.942
43.377 0.009 -0.035 0.948
43.555 0.008 -0.027 0.956
43.750 0.004 -0.031 0.957
43.973 -0.004 -0.030 0.961
44.154 -0.006 -0.033 0.961
44.350 -0.010 -0.032 0.961
44.573 -0.024 -0.029 0.966
44.755 -0.024 -0.023 0.983
44.950 -0.030 -0.023 0.989
45.173 -0.037 -0.022 0.992
45.357 -0.045 -0.021 1.002
45.550 -0.050 -0.023 0.974
45.773 -0.031 -0.019 0.947
45.957 -0.031 -0.013 0.863
46.150 -0.040 -0.003 0.799
46.373 -0.047 0.006 0.733
46.553 -0.042 0.012 0.649
46.750 -0.034 0.021 0.564
46.973 -0.025 0.030 0.481
47.157 -0.015 0.043 0.398
47.351 -0.007 0.056 0.315
47.573 -0.023 0.075 0.273
47.753 -0.034 0.094 0.209
47.950 -0.060 0.115 0.159
48.177 -0.081 0.141 0.075
48.360 -0.106 0.153 0.011
48.597 -0.118 0.147 -0.076
48.773 -0.128 0.135 -0.162
48.960 -0.169 0.149 -0.192
49.197 -0.205 0.162 -0.228
49.378 -0.216 0.162 -0.316
49.560 -0.226 0.158 -0.405
49.793 -0.250 0.153 -0.474
49.973 -0.267 0.134 -0.562
50.160 -0.282 0.117 -0.650
50.393 -0.292 0.107 -0.739
50.573 -0.299 0.097 -0.827
50.760 -0.351 0.116 -0.851
50.994 -0.375 0.080 -0.921
51.177 -0.383 0.045 -1.004
51.360 -0.389 0.048 -1.096
51.593 -0.392 0.057 -1.188
51.773 -0.394 0.037 -1.278
51.960 -0.408 0.015 -1.359
52.193 -0.415 -0.021 -1.468
52.375 -0.424 -0.059 -1.586
52.561 -0.421 -0.090 -1.650
52.793 -0.382 -0.120 -1.768
52.973 -0.351 -0.141 -1.892
53.160 -0.374 -0.142 -1.955
53.393 -0.399 -0.152 -2.022
53.577 -0.393 -0.185 -2.126
53.759 -0.382 -0.215 -2.230
53.997 -0.401 -0.218 -2.291
54.185 -0.405 -0.230 -2.367
54.370 -0.400 -0.245 -2.450
54.605 -0.377 -0.273 -2.550
54.782 -0.366 -0.293 -2.638
54.973 -0.357 -0.308 -2.724
55.201 -0.328 -0.327 -2.827
55.381 -0.336 -0.326 -2.886
55.570 -0.302 -0.344 -2.988
55.801 -0.295 -0.347 -3.067
55.981 -0.255 -0.367 3.106
56.180 -0.218 -0.378 3.002
56.405 -0.182 -0.381 2.898
56.585 -0.167 -0.376 2.819
56.780 -0.128 -0.378 2.715
57.001 -0.090 -0.378 2.612
57.181 -0.067 -0.368 2.523
57.380 -0.040 -0.357 2.428
57.601 -0.005 -0.346 2.327
57.781 0.029 -0.333 2.227
57.980 0.061 -0.315 2.128
58.205 0.089 -0.294 2.032
58.381 0.116 -0.270 1.939
58.580 0.108 -0.246 1.897
58.802 0.141 -0.220 1.809
58.985 0.175 -0.189 1.723
59.180 0.182 -0.152 1.675
59.401 0.206 -0.108 1.601
59.585 0.203 -0.072 1.561
59.780 0.215 -0.028 1.491
60.001 0.209 0.004 1.443
60.182 0.189 0.028 1.411
60.381 0.186 0.058 1.341
60.601 0.154 0.126 0.636
60.786 0.075 0.088 0.649
60.980 0.074 0.084 0.642
61.201 0.075 0.102 0.663
61.381 0.080 0.111 0.685
61.580 0.079 0.119 0.705
61.801 0.078 0.125 0.721
61.990 0.083 0.133 0.738
62.180 0.091 0.136 0.748
62.401 0.093 0.139 0.766
62.581 0.109 0.147 0.776
62.779 0.109 0.156 0.753
63.001 0.119 0.150 0.802
63.181 0.122 0.153 0.815
63.380 0.123 0.156 0.828
63.601 0.125 0.159 0.838
63.781 0.121 0.160 0.853
63.980 0.123 0.163 0.858
64.201 0.121 0.166 0.870
64.385 0.113 0.169 0.886
64.580 0.110 0.172 0.891
64.801 0.105 0.173 0.897
64.981 0.098 0.174 0.903
65.180 0.095 0.177 0.913
65.403 0.094 0.180 0.921
65.582 0.091 0.181 0.931
65.780 0.087 0.180 0.942
66.001 0.083 0.180 0.951
66.181 0.071 0.169 0.960
66.380 0.054 0.146 0.972
66.602 0.038 0.110 0.998
66.785 0.047 0.118 1.033
66.980 0.063 0.113 1.063
67.201 0.086 0.060 1.069
67.381 0.113 -0.007 1.045
67.580 0.139 -0.067 1.005
67.801 0.158 -0.084 0.967
67.981 0.160 -0.074 0.911
68.185 0.158 -0.033 0.838
68.401 0.130 0.020 0.752
68.581 0.116 0.066 0.640
68.780 0.095 0.084 0.535
69.001 0.076 0.087 0.452
69.185 0.065 0.076 0.389
69.381 0.061 0.059 0.342
69.602 0.058 0.038 0.304
69.781 0.052 0.016 0.273
69.980 0.044 -0.005 0.253
70.201 0.035 -0.021 0.238
70.381 0.028 -0.027 0.226
70.580 0.024 -0.027 0.216
70.801 0.025 -0.018 0.208
70.984 0.028 -0.008 0.206
71.180 0.030 0.003 0.207
71.401 0.033 0.016 0.213
71.581 0.034 0.024 0.221
71.780 0.034 0.029 0.228
72.001 0.033 0.028 0.237
72.181 0.032 0.022 0.244
72.380 0.029 0.013 0.250
72.601 0.027 0.002 0.253
72.781 0.023 -0.009 0.253
72.980 0.020 -0.016 0.247
73.203 0.017 -0.022 0.228
73.385 0.011 -0.045 0.219
73.580 0.003 -0.081 0.235
73.805 -0.000 -0.124 0.254
73.986 0.005 -0.149 0.263
74.180 0.017 -0.187 0.269
74.401 0.012 -0.214 0.277
74.581 0.006 -0.224 0.285
74.781 -0.004 -0.220 0.286
75.001 -0.003 -0.213 0.291
75.189 0.021 -0.203 0.301
75.380 0.058 -0.186 0.312
75.602 0.077 -0.177 0.321
75.785 0.086 -0.183 0.329
75.980 0.086 -0.198 0.333
76.205 0.070 -0.202 0.340
76.385 0.046 -0.196 0.348
76.580 0.024 -0.157 0.355
76.805 0.020 -0.091 0.363
76.981 0.002 -0.011 0.368
77.180 -0.013 0.053 0.373
77.405 -0.025 0.074 0.381
77.585 -0.024 0.065 0.387
77.780 -0.021 0.028 0.388
78.005 -0.007 -0.028 0.392
78.181 0.001 -0.073 0.391
78.380 0.010 -0.108 0.389
78.601 0.019 -0.127 0.387
78.781 0.026 -0.125 0.385
78.980 0.032 -0.109 0.387
79.205 0.036 -0.080 0.391
79.382 0.040 -0.049 0.398
79.580 0.036 -0.013 0.408
79.801 0.030 0.014 0.419
79.981 0.025 0.035 0.426
80.180 0.022 0.043 0.427
80.401 0.011 0.041 0.429
80.581 0.007 0.040 0.424
80.780 -0.001 0.026 0.421
81.001 -0.005 0.010 0.420
81.185 -0.008 -0.007 0.418
81.380 -0.009 -0.019 0.416
81.601 -0.011 -0.035 0.413
81.781 -0.007 -0.036 0.408
81.980 -0.006 -0.038 0.402
82.205 -0.003 -0.040 0.400
82.381 0.001 -0.032 0.396
82.580 0.006 -0.020 0.391
82.805 0.009 -0.011 0.387
82.981 0.010 -0.004 0.381
83.180 0.009 -0.002 0.376
83.401 0.011 -0.000 0.373
83.581 0.011 -0.001 0.372
83.780 0.010 -0.005 0.375
84.001 0.014 -0.004 0.378
84.181 0.015 -0.010 0.382
84.380 0.013 -0.020 0.382
84.605 0.013 -0.025 0.380
84.781 0.015 -0.026 0.378
84.980 0.016 -0.024 0.375
85.201 0.018 -0.015 0.371
85.385 0.013 -0.015 0.364
85.580 0.011 -0.010 0.357
85.801 0.011 -0.004 0.350
85.981 0.013 -0.001 0.341
86.180 0.014 -0.000 0.332
86.401 0.015 -0.003 0.324
86.581 0.016 -0.008 0.314
86.780 0.017 -0.014 0.306
87.001 0.021 -0.018 0.299
87.182 0.026 -0.019 0.290
87.380 0.029 -0.022 0.279
87.601 0.031 -0.021 0.266
87.785 0.029 -0.019 0.254
87.980 0.022 -0.027 0.241
88.201 0.021 -0.016 0.209
88.381 0.006 -0.014 0.228
88.580 -0.011 -0.016 0.229
88.802 -0.035 -0.021 0.240
88.981 -0.040 -0.018 0.228
89.180 -0.019 -0.011 0.185
89.405 -0.055 -0.021 0.231
89.585 -0.054 -0.027 0.219
89.780 -0.041 -0.030 0.207
90.001 -0.041 -0.036 0.197
90.181 -0.049 -0.044 0.211
90.379 -0.023 -0.039 0.181
90.601 -0.012 -0.039 0.159
90.787 -0.000 -0.037 0.147
90.980 0.005 -0.036 0.133
91.201 0.002 -0.034 0.134
91.385 -0.010 -0.032 0.142
91.580 -0.011 -0.026 0.137
91.803 -0.010 -0.020 0.137
91.981 -0.003 -0.016 0.134
92.180 0.005 -0.011 0.131
92.405 0.005 -0.009 0.146
92.581 0.008 -0.010 0.153
92.780 -0.042 -0.032 0.228
93.005 -0.031 -0.030 0.219
93.185 -0.036 -0.033 0.241
93.380 -0.027 -0.026 0.239
93.601 -0.022 -0.018 0.239
93.781 0.009 -0.005 0.199
93.980 0.007 -0.007 0.201
94.201 0.000 -0.016 0.207
94.385 -0.004 -0.027 0.205
94.580 -0.007 -0.034 0.205
94.801 -0.063 -0.052 0.274
94.981 -0.038 -0.047 0.236
95.180 -0.040 -0.044 0.241
95.401 -0.065 -0.042 0.278
95.581 -0.004 -0.020 0.201
95.780 -0.003 -0.009 0.215
96.002 0.005 -0.002 0.219
96.181 0.011 0.002 0.226
96.380 0.017 0.004 0.232
96.605 0.019 -0.001 0.240
96.781 0.021 -0.005 0.248
96.980 0.022 -0.009 0.266
97.202 0.011 -0.016 0.295
97.381 0.009 -0.021 0.294
97.580 0.005 -0.020 0.299
97.805 -0.006 -0.020 0.310
97.985 -0.005 -0.017 0.304
98.180 -0.006 -0.013 0.298
98.401 -0.010 -0.009 0.297
98.582 -0.016 -0.011 0.297
98.780 -0.022 -0.014 0.306
99.001 -0.007 -0.014 0.279
99.186 0.004 -0.013 0.284
99.380 0.003 -0.020 0.292
99.601 0.005 -0.022 0.301
99.781 0.004 -0.025 0.309
99.980 0.009 -0.025 0.312
100.202 0.011 -0.022 0.311
100.381 0.016 -0.016 0.307
100.580 0.018 -0.008 0.299
100.801 0.020 -0.001 0.292
100.985 0.020 0.005 0.286
101.180 0.019 0.009 0.280
101.405 0.017 0.004 0.277
101.585 0.016 -0.000 0.280
101.780 0.013 -0.007 0.282
102.005 0.011 -0.013 0.282
102.181 0.010 -0.022 0.277
102.380 0.007 -0.025 0.272
102.601 0.007 -0.026 0.263
102.785 0.006 -0.024 0.256
102.980 0.008 -0.018 0.253
103.201 0.008 -0.012 0.249
103.385 0.009 -0.007 0.246
103.580 0.008 -0.005 0.241
103.801 0.009 -0.003 0.237
103.981 0.007 -0.007 0.234
104.180 0.006 -0.013 0.229
104.402 0.007 -0.013 0.221
104.581 0.007 -0.017 0.215
104.780 0.006 -0.023 0.208
105.006 0.005 -0.023 0.204
105.181 0.008 -0.021 0.198
105.380 0.009 -0.018 0.194
105.601 0.011 -0.013 0.189
105.781 0.011 -0.010 0.184
105.980 0.011 -0.010 0.176
106.202 0.010 -0.007 0.169
106.381 0.009 -0.008 0.161
106.580 0.006 -0.011 0.153
106.801 0.004 -0.013 0.146
106.981 0.001 -0.014 0.140
107.180 0.000 -0.014 0.135
107.401 -0.000 -0.014 0.131
107.582 0.000 -0.014 0.129
107.780 0.001 -0.014 0.128
108.001 0.003 -0.014 0.127
108.181 0.005 -0.013 0.127
108.380 0.006 -0.016 0.128
108.601 0.006 -0.016 0.126
108.781 0.005 -0.015 0.123
108.980 0.006 -0.015 0.120
109.201 0.005 -0.014 0.119
109.383 0.003 -0.011 0.119
109.580 0.003 -0.008 0.121
109.801 0.002 -0.009 0.122
109.990 0.002 -0.010 0.123
110.221 0.003 -0.013 0.125
110.401 0.005 -0.015 0.126
110.590 0.007 -0.015 0.125
110.825 0.008 -0.014 0.124
111.001 0.008 -0.011 0.124
111.190 0.008 -0.007 0.125
111.421 0.007 -0.004 0.126
111.602 0.006 -0.002 0.126
111.790 0.005 0.000 0.124
112.024 0.005 -0.002 0.125
112.201 0.004 -0.005 0.124
112.390 0.005 -0.007 0.124
112.621 0.005 -0.008 0.125
112.801 0.005 -0.010 0.127
112.989 0.005 -0.013 0.129
113.225 0.004 -0.016 0.133
113.401 0.005 -0.018 0.138
113.590 0.007 -0.019 0.140
113.825 0.008 -0.017 0.139
114.005 0.010 -0.015 0.139
114.190 0.009 -0.012 0.138
114.425 0.008 -0.010 0.136
114.601 0.005 -0.008 0.135
114.789 0.002 -0.007 0.136
115.021 0.000 -0.007 0.140
115.201 -0.001 -0.010 0.145
115.390 -0.003 -0.013 0.153
115.621 -0.002 -0.016 0.158
115.805 0.000 -0.019 0.160
115.990 0.003 -0.023 0.162
116.225 0.005 -0.024 0.162
116.401 0.008 -0.021 0.162
116.591 0.010 -0.016 0.162
116.821 0.010 -0.010 0.165
117.005 0.011 -0.004 0.167
117.190 0.009 -0.002 0.169
117.421 0.008 -0.002 0.173
117.601 0.007 -0.005 0.176
117.790 0.005 -0.010 0.179
118.021 0.005 -0.014 0.182
118.205 0.005 -0.018 0.182
118.391 0.006 -0.017 0.184
118.625 0.007 -0.013 0.187
118.801 0.011 -0.003 0.191
118.990 0.014 0.008 0.193
119.221 0.020 0.017 0.197
119.401 0.025 0.025 0.203
119.590 0.033 0.040 0.214
119.821 0.046 0.066 0.229
120.001 0.057 0.089 0.246
120.191 0.068 0.110 0.267
120.421 0.079 0.124 0.290
120.605 0.088 0.135 0.315
120.790 0.095 0.143 0.338
121.021 0.101 0.149 0.367
121.201 0.107 0.157 0.392
121.390 0.113 0.167 0.415
121.625 0.115 0.174 0.441
121.801 0.116 0.190 0.465
121.990 0.123 0.199 0.486
122.222 0.130 0.206 0.500
122.403 0.133 0.219 0.526
122.590 0.122 0.207 0.538
122.825 0.108 0.174 0.542
123.001 0.094 0.132 0.549
123.190 0.077 0.083 0.553
123.425 0.056 0.027 0.553
123.601 0.045 -0.023 0.558
123.790 0.044 -0.058 0.556
124.023 0.040 -0.074 0.565
124.202 0.037 -0.077 0.575
124.390 0.035 -0.068 0.582
124.621 0.031 -0.052 0.587
124.802 0.030 -0.032 0.586
124.990 0.025 -0.009 0.591
125.221 0.018 0.010 0.586
125.405 0.013 0.024 0.578
125.590 0.011 0.032 0.570
125.821 0.010 0.030 0.559
126.001 0.008 0.025 0.547
126.190 0.008 0.018 0.541
126.426 0.009 0.006 0.537
126.605 0.011 -0.005 0.539
126.790 0.020 -0.024 0.532
127.021 0.017 -0.024 0.548
127.201 0.019 -0.025 0.551
127.390 0.020 -0.020 0.551
127.621 0.020 -0.014 0.550
127.801 0.019 -0.003 0.545
127.990 0.016 0.003 0.539
128.221 0.014 0.009 0.533
128.405 0.014 0.013 0.527
128.590 0.013 0.009 0.522
128.825 0.013 0.006 0.516
129.002 0.015 0.000 0.513
129.190 0.017 -0.005 0.510
129.421 0.020 -0.011 0.511
129.605 0.023 -0.014 0.510
129.801 0.027 -0.014 0.508
130.022 0.030 -0.011 0.501
130.206 0.032 -0.004 0.494
130.400 0.032 0.004 0.485
130.621 0.032 0.009 0.475
130.805 0.024 0.011 0.470
131.000 0.022 0.013 0.465
131.221 0.018 0.010 0.459
131.401 0.015 0.001 0.456
131.600 0.012 -0.006 0.452
131.825 0.012 -0.013 0.448
132.001 0.010 -0.019 0.442
132.199 0.010 -0.021 0.436
132.421 0.011 -0.022 0.430
132.601 0.010 -0.018 0.423
132.799 0.010 -0.017 0.415
133.021 0.011 -0.008 0.408
133.201 0.013 -0.001 0.399
133.399 0.012 0.002 0.390
133.621 0.011 0.007 0.380
133.801 0.011 0.005 0.368
134.000 0.010 0.003 0.360
134.225 0.012 -0.001 0.352
134.405 0.014 -0.004 0.344
134.599 0.015 -0.008 0.335
134.821 0.019 -0.011 0.325
135.001 0.023 -0.012 0.315
135.199 0.023 -0.014 0.304
135.421 0.024 -0.012 0.293
135.602 0.023 -0.011 0.280
135.799 0.020 -0.012 0.268
136.021 0.017 -0.010 0.258
136.201 0.011 -0.015 0.246
136.399 0.008 -0.012 0.239
136.621 0.007 -0.010 0.232
136.805 0.005 -0.011 0.227
136.999 0.003 -0.013 0.223
137.221 0.009 -0.011 0.209
137.401 0.013 -0.019 0.193
137.600 0.014 -0.013 0.193
137.821 0.015 -0.017 0.184
138.001 0.016 -0.017 0.176
138.200 0.015 -0.019 0.167
138.421 0.014 -0.023 0.158
138.601 0.014 -0.021 0.152
138.800 0.012 -0.015 0.147
139.021 0.011 -0.017 0.140
139.201 0.013 -0.015 0.132
139.399 0.015 -0.012 0.123
139.621 0.015 -0.011 0.116
139.801 0.011 -0.011 0.108
139.999 0.010 -0.012 0.098
140.221 0.003 -0.019 0.094
140.405 0.006 -0.011 0.090
140.599 0.005 -0.011 0.085
140.825 0.003 -0.015 0.083
141.001 0.002 -0.018 0.083
141.200 0.002 -0.020 0.082
141.421 0.001 -0.022 0.079
141.601 0.004 -0.023 0.075
141.799 0.005 -0.023 0.068
142.021 0.006 -0.020 0.061
142.201 0.006 -0.015 0.055
142.399 0.004 -0.008 0.051
142.621 0.004 -0.008 0.048
142.801 0.002 -0.004 0.045
143.000 0.001 -0.003 0.043
143.221 0.001 -0.006 0.040
143.401 0.001 -0.008 0.036
143.599 0.001 -0.009 0.032
143.821 0.000 -0.013 0.026
144.001 -0.001 -0.016 0.022
144.199 -0.003 -0.017 0.019
144.421 -0.005 -0.019 0.016
144.601 -0.005 -0.018 0.015
144.800 -0.003 -0.018 0.013
145.021 -0.001 -0.016 0.012
145.201 0.001 -0.014 0.010
145.400 0.002 -0.014 0.009
145.621 0.003 -0.013 0.008
145.801 0.003 -0.013 0.006
146.000 0.000 -0.013 0.004
146.225 -0.003 -0.013 0.005
146.401 -0.006 -0.013 0.005
146.599 -0.007 -0.013 0.006
146.825 -0.009 -0.013 0.008
147.001 -0.009 -0.015 0.011
147.199 -0.008 -0.016 0.014
147.425 -0.007 -0.019 0.018
147.605 -0.006 -0.020 0.019
147.799 -0.004 -0.020 0.018
148.025 -0.003 -0.018 0.017
148.205 -0.002 -0.014 0.014
148.400 -0.001 -0.009 0.013
148.625 -0.002 -0.007 0.015
148.801 -0.003 -0.006 0.018
148.999 -0.005 -0.007 0.023
149.221 -0.007 -0.011 0.027
149.401 -0.008 -0.015 0.028
149.599 -0.007 -0.018 0.028
149.825 -0.005 -0.020 0.026
150.002 -0.003 -0.018 0.025
150.199 -0.001 -0.015 0.023
150.421 0.001 -0.011 0.023
150.601 0.002 -0.006 0.021
150.800 0.001 -0.004 0.020
151.021 -0.000 -0.003 0.021
151.201 -0.001 -0.009 0.024
151.399 -0.007 -0.043 0.033
151.625 -0.014 -0.078 0.053
151.801 -0.191 -0.213 0.161
151.999 0.075 -0.415 -2.749
152.225 0.079 -0.436 -2.854
152.405 0.988 0.166 -3.055
152.599 0.208 -0.062 0.497
152.821 0.061 0.005 0.109
153.001 3.051 0.001 0.267
153.200 3.053 0.002 0.265
153.421 3.048 0.010 0.289
153.601 -0.299 -0.020 0.683
153.799 -1.508 -0.016 2.547
154.025 -3.048 0.039 -2.547
154.201 -3.073 0.048 -2.562
154.399 -0.876 -0.037 0.008
154.625 0.011 -0.132 0.488
154.805 -0.086 -0.156 0.633
154.999 0.039 -0.072 0.494
155.221 0.065 0.020 0.541
155.401 0.070 0.119 0.596
155.600 0.058 0.195 0.625
155.825 0.044 0.220 0.643
156.001 3.095 -0.225 -2.412
156.199 3.101 -0.223 -2.410
156.421 3.081 -0.235 -2.412
156.602 3.042 -0.273 -2.404
156.800 3.017 -0.291 -2.378
157.025 2.988 -0.335 -2.337
157.206 -0.238 0.344 0.485
157.400 -0.223 0.340 0.449
157.625 -0.217 0.254 0.412
157.805 -0.178 0.115 0.387
158.000 -2.058 0.114 0.436
158.225 -0.074 -0.104 0.256
158.405 0.018 -0.188 0.190
158.600 0.085 -0.265 0.121
158.821 0.102 -0.233 0.092
159.002 0.069 -0.135 0.120
159.200 0.048 -0.027 0.199
159.421 0.006 0.099 0.269
159.601 -0.052 0.260 0.275
159.800 -0.083 0.348 0.246
160.023 -0.111 -0.349 0.167
160.206 -0.281 0.375 -0.006
160.400 -0.245 0.259 -0.050
160.621 -0.162 0.104 -0.087
160.810 -0.075 -0.043 -0.137
161.041 -0.040 -0.126 -0.172
161.221 -0.021 -0.132 -0.193
161.410 0.002 -0.072 -0.178
161.645 0.026 0.003 -0.139
161.821 0.044 0.069 -0.102
162.010 0.059 0.123 -0.061
162.245 0.061 0.145 -0.020
162.425 0.051 0.139 0.014
162.610 0.029 0.113 0.054
162.841 0.005 0.067 0.085
163.025 -0.020 0.056 0.123
163.210 -0.018 0.020 0.162
163.445 -0.014 0.003 0.188
163.625 -0.008 -0.017 0.211
163.810 0.007 -0.014 0.221
164.045 0.018 -0.020 0.236
164.221 0.024 -0.032 0.259
164.410 -2.781 -0.157 -1.607
164.641 0.153 -0.184 -0.719
164.821 0.210 -0.172 -0.705
165.010 -0.021 -0.083 0.370
165.241 -0.015 -0.087 0.397
165.425 -0.004 -0.055 0.385
165.610 -0.015 0.009 0.355
165.813 -0.084 0.048 0.343
166.033 -0.046 0.077 0.200
166.214 -0.051 0.063 0.133
166.419 -0.070 0.024 0.088
166.641 -0.105 -0.028 0.105
166.821 -0.097 -0.057 0.089
167.020 -0.078 -0.068 0.069
167.245 -0.062 -0.065 0.050
167.421 -0.050 -0.052 0.039
167.620 0.018 -0.032 0.035
167.841 0.024 -0.010 0.031
168.021 0.025 0.008 0.034
168.220 0.024 0.020 0.040
168.441 0.021 0.025 0.047
168.625 0.017 0.024 0.053
168.830 0.014 0.017 0.061
169.053 0.012 0.004 0.069
169.233 0.000 0.021 0.082
169.430 -0.002 0.012 0.090
169.653 -0.001 0.002 0.098
169.833 -0.000 -0.005 0.105
170.030 -0.000 -0.008 0.112
170.257 -0.002 -0.007 0.119
170.437 -0.004 -0.006 0.125
170.630 -0.006 -0.004 0.132
170.853 -0.010 -0.003 0.141
171.033 -0.012 -0.004 0.148
171.230 -0.013 -0.005 0.155
171.453 -0.011 -0.005 0.161
171.639 -0.009 -0.003 0.169
171.873 0.004 0.018 0.181
172.054 0.009 0.030 0.193
172.240 0.012 0.036 0.203
172.473 0.015 0.032 0.207
172.657 0.005 0.010 0.209
172.840 -0.005 -0.006 0.211
173.077 -0.001 -0.011 0.217
173.253 0.000 -0.029 0.227
173.440 0.010 -0.014 0.240
173.673 0.016 -0.004 0.250
173.855 0.014 0.014 0.251
174.040 2.088 -1.168 -2.840
174.277 2.105 -1.169 -2.839
174.457 0.453 -0.253 0.635
174.640 0.013 -0.038 0.329
174.873 0.000 -0.050 0.340
175.053 -0.013 -0.055 0.342
175.240 -0.034 -0.063 0.310
175.473 -0.040 -0.066 0.312
175.653 -0.042 -0.057 0.303
175.840 -0.015 -0.043 0.268
176.073 3.120 0.147 0.404
176.257 3.134 0.173 0.383
176.440 3.093 0.203 0.364
176.677 3.037 0.212 0.352
176.853 2.968 0.201 0.345
177.040 -0.238 -0.039 0.288
177.273 -0.287 -0.076 0.324
177.458 -0.269 -0.072 0.321
177.639 -0.152 -0.029 0.223
177.873 -0.094 0.024 0.210
178.054 -0.037 0.056 0.206
178.240 -0.000 0.082 0.201
178.473 -0.011 0.108 0.187
178.655 -0.004 0.098 0.196
178.840 0.002 0.082 0.208
179.077 0.012 0.071 0.226
179.253 0.029 0.064 0.251
179.440 0.048 0.052 0.286
179.674 0.061 0.047 0.316
179.853 0.069 0.045 0.337
180.040 1.329 -0.123 1.724
180.277 1.334 -0.102 1.744
180.457 -0.034 -0.088 0.338
180.640 -0.092 -0.137 0.337
180.873 -0.125 -0.118 0.325
181.057 -0.118 -0.040 0.295
181.240 1.419 0.354 -2.528
181.473 1.434 0.303 -2.570
181.653 -0.057 0.112 0.407
181.840 -0.007 0.110 0.418
182.077 0.046 0.143 0.402
182.253 0.034 0.208 0.366
182.441 -0.003 0.253 0.312
182.677 -0.037 0.256 0.254
182.854 -0.057 0.203 0.213
183.040 -0.070 0.081 0.152
183.277 -0.077 -0.046 0.093
183.454 -0.057 -0.153 0.035
183.640 -0.021 -0.231 -0.033
183.877 -0.013 -0.223 -0.065
184.058 -0.015 -0.186 -0.067
184.240 -0.047 -0.060 -0.064
184.473 -0.059 0.036 -0.062
184.655 -0.067 0.116 -0.064
184.840 -0.073 0.161 -0.061
185.078 -0.071 0.174 -0.051
185.253 -0.063 0.158 -0.037
185.440 -0.048 0.111 -0.022
185.682 -0.034 0.052 -0.008
185.858 -0.023 -0.009 0.004
186.040 -0.015 -0.060 0.014
186.273 -0.005 -0.101 0.017
186.453 -0.007 -0.096 0.040
186.650 -0.007 -0.087 0.050
186.875 -0.011 -0.062 0.065
187.053 -0.017 -0.026 0.081
187.251 -0.018 0.003 0.096
187.476 -0.014 0.027 0.110
187.657 -0.014 0.040 0.131
187.851 -0.013 0.046 0.144
188.073 -0.018 0.044 0.156
188.253 -0.021 0.034 0.166
188.450 -0.024 0.020 0.177
188.673 -0.025 0.007 0.186
188.857 -0.025 -0.007 0.197
189.050 -0.023 -0.015 0.207
189.273 -0.018 -0.022 0.211
189.455 -0.013 -0.020 0.216
189.656 -0.014 -0.014 0.226
189.875 -0.013 -0.005 0.229
190.060 -0.011 0.001 0.234
190.293 -0.009 0.012 0.230
190.473 -0.008 0.017 0.232
190.660 -0.008 0.019 0.233
190.894 -0.009 0.016 0.233
191.077 -0.009 0.012 0.235
191.261 -0.010 0.008 0.237
191.497 -0.011 0.001 0.238
191.673 -0.012 -0.007 0.241
191.859 -0.012 -0.012 0.243
192.097 -0.012 -0.014 0.240
192.277 -0.012 -0.011 0.235
192.459 -0.012 -0.010 0.234
192.697 -0.015 -0.003 0.234
192.873 -0.012 0.001 0.230
193.060 -0.009 0.004 0.227
193.293 -0.007 0.006 0.224
193.473 -0.007 0.007 0.222
193.659 -0.007 0.007 0.220
193.893 -0.008 0.004 0.219
194.073 -0.010 -0.003 0.217
194.259 -0.012 -0.008 0.216
194.493 -0.015 -0.013 0.215
194.673 -0.017 -0.017 0.211
194.859 -0.018 -0.014 0.205
195.093 -0.016 -0.012 0.199
195.273 -0.017 -0.009 0.193
195.459 -0.017 -0.003 0.187
195.693 -0.016 0.000 0.182
195.873 -0.016 0.003 0.177
196.059 -0.016 0.003 0.173
196.297 -0.018 0.005 0.168
196.477 -0.019 -0.002 0.166
196.659 -0.018 -0.003 0.160
196.893 -0.017 -0.007 0.156
197.077 -0.016 -0.009 0.152
197.259 -0.012 -0.011 0.148
197.497 -0.010 -0.005 0.146
197.673 -0.011 -0.002 0.145
197.859 -0.012 -0.006 0.142
198.093 -0.013 -0.008 0.138
198.273 -0.014 -0.013 0.135
198.459 -0.015 -0.021 0.130
198.693 -0.016 -0.022 0.125
198.873 -0.017 -0.020 0.121
199.059 -0.016 -0.017 0.119
199.297 -0.022 -0.015 0.115
199.473 -0.018 -0.008 0.113
199.659 -0.018 0.002 0.111
199.897 -0.017 0.010 0.109
200.073 -0.017 0.012 0.106
200.260 -0.018 0.012 0.105
200.493 -0.020 0.009 0.105
200.673 -0.022 0.003 0.107
200.859 -0.021 -0.000 0.110
201.093 -0.022 -0.011 0.109
201.277 -0.023 -0.018 0.114
201.459 -0.021 -0.005 0.136
201.693 -0.001 0.045 0.184
201.873 0.024 0.070 0.254
202.059 0.038 0.105 0.342
202.293 0.050 0.135 0.424
202.473 0.071 0.168 0.514
202.659 0.091 0.194 0.592
202.893 0.100 0.218 0.650
203.073 0.097 0.236 0.692
203.260 0.087 0.226 0.783
203.497 0.059 0.174 0.841
203.677 0.016 0.088 0.884
203.859 -0.039 0.005 0.927
204.093 -0.073 -0.058 0.967
204.277 -0.099 -0.088 0.990
204.459 -0.106 -0.090 0.987
204.693 -0.109 -0.077 0.986
204.873 -0.097 -0.052 0.981
205.059 -0.080 -0.023 0.967
205.297 -0.059 0.008 0.951
205.473 -0.037 0.034 0.939
205.659 -0.018 0.052 0.928
205.897 -0.001 0.060 0.919
206.077 0.017 0.065 0.912
206.259 0.026 0.060 0.901
206.493 0.031 0.047 0.893
206.673 0.029 0.036 0.877
206.859 0.026 0.023 0.864
207.093 0.021 0.012 0.850
207.273 0.016 -0.003 0.829
207.459 0.011 -0.010 0.814
207.697 0.007 -0.017 0.799
207.873 0.004 -0.021 0.788
208.059 0.003 -0.021 0.776
208.293 0.002 -0.017 0.764
208.477 0.003 -0.013 0.756
208.659 0.005 -0.008 0.747
208.897 0.006 -0.001 0.741
209.077 0.009 0.005 0.732
209.259 0.011 0.007 0.722
209.497 0.013 0.009 0.715
209.677 0.018 0.023 0.726
209.860 0.034 0.079 0.765
210.093 0.058 0.141 0.837
210.273 0.081 0.196 0.915
210.459 0.110 0.250 1.000
210.693 0.156 0.295 1.096
210.877 0.203 0.332 1.193
211.059 0.221 0.362 1.259
211.293 0.204 0.399 1.291
211.473 0.152 0.433 1.283
211.659 0.077 0.436 1.250
211.893 0.019 0.389 1.216
212.077 -0.020 0.299 1.183
212.259 -0.043 0.189 1.153
212.493 -0.048 0.075 1.126
212.673 -0.038 -0.020 1.104
212.859 -0.021 -0.095 1.085
213.093 -0.005 -0.136 1.074
213.273 0.015 -0.151 1.074
213.460 0.023 -0.141 1.085
213.697 0.029 -0.111 1.090
213.873 0.030 -0.071 1.093
214.060 0.031 -0.022 1.089
214.293 0.033 0.019 1.081
214.473 0.031 0.051 1.072
214.660 0.027 0.068 1.060
214.893 0.021 0.074 1.046
215.073 0.018 0.061 1.032
215.260 0.011 0.040 1.017
215.493 0.003 0.011 1.005
215.673 -0.003 -0.020 0.995
215.860 -0.007 -0.045 0.988
216.093 -0.006 -0.065 0.983
216.273 0.000 -0.073 0.980
216.460 0.006 -0.070 0.976
216.697 0.013 -0.053 0.969
216.877 0.021 -0.032 0.966
217.061 0.026 -0.007 0.960
217.296 0.034 0.014 0.945
217.473 0.035 0.030 0.932
217.660 0.034 0.038 0.915
217.894 0.036 0.040 0.896
218.074 0.031 0.032 0.881
218.260 0.030 0.022 0.860
218.497 0.024 0.008 0.853
218.673 0.022 -0.004 0.835
218.860 0.023 -0.014 0.822
219.094 0.023 -0.022 0.811
219.273 0.022 -0.026 0.808
219.460 0.023 -0.026 0.805
219.697 0.021 -0.024 0.802
219.873 0.018 -0.017 0.794
220.060 0.017 -0.010 0.790
220.297 0.015 -0.001 0.781
220.477 0.012 0.004 0.772
220.660 0.012 0.008 0.762
220.893 0.012 0.008 0.752
221.077 0.013 0.008 0.743
221.260 0.013 0.009 0.734
221.493 0.013 0.005 0.730
221.678 0.016 0.002 0.730
221.860 0.017 -0.001 0.732
222.093 0.018 -0.003 0.734
222.273 0.018 -0.004 0.738
222.460 0.017 -0.005 0.741
222.693 0.016 -0.005 0.745
222.873 0.015 -0.003 0.751
223.060 0.012 -0.002 0.752
223.293 0.008 -0.001 0.751
223.473 0.007 -0.001 0.751
223.661 0.006 -0.000 0.750
223.894 0.006 0.001 0.749
224.073 0.007 0.001 0.748
224.260 0.009 0.002 0.746
224.493 0.012 0.003 0.746
224.673 0.015 0.004 0.745
224.860 0.017 0.005 0.740
225.093 0.020 0.005 0.737
225.273 0.022 0.004 0.735
225.460 0.023 0.003 0.733
225.697 0.024 0.002 0.733
225.873 0.023 0.001 0.733
226.060 0.023 0.000 0.732
226.293 0.022 0.000 0.734
226.474 0.023 0.003 0.740
226.660 0.029 0.039 0.782
226.893 0.056 0.106 0.858
227.077 0.083 0.170 0.947
227.260 0.109 0.221 1.031
227.497 0.124 0.250 1.112
227.673 0.124 0.240 1.148
227.860 0.048 0.112 1.306
228.097 0.060 0.014 1.271
228.273 0.068 -0.075 1.220
228.460 0.063 -0.122 1.187
228.697 0.043 -0.161 1.152
228.877 -0.013 -0.181 1.130
229.070 -0.086 -0.223 1.091
229.293 -0.156 -0.252 1.058
229.482 -0.058 -0.291 0.853
229.717 -0.102 -0.266 0.814
229.894 -0.132 -0.218 0.749
230.080 -0.148 -0.151 0.663
230.313 -0.141 -0.096 0.577
230.494 -0.140 -0.025 0.468
230.680 -0.143 0.026 0.354
230.913 -0.132 0.052 0.242
231.094 -0.118 0.063 0.142
231.280 -0.099 0.052 0.048
231.514 -0.061 0.007 -0.015
231.694 -0.015 -0.037 -0.061
231.880 0.029 -0.090 -0.093
232.117 0.058 -0.118 -0.116
232.294 0.072 -0.136 -0.131
232.480 0.073 -0.131 -0.146
232.717 0.063 -0.112 -0.154
232.894 0.044 -0.084 -0.159
233.080 0.016 -0.077 -0.173
233.313 -0.011 -0.054 -0.182
233.493 -0.036 -0.036 -0.192
233.680 -0.044 -0.020 -0.207
233.913 -0.051 -0.018 -0.213
234.094 -0.053 -0.025 -0.222
234.279 0.738 0.650 2.605
234.513 2.047 0.029 2.889
234.697 2.085 0.038 2.864
234.880 2.035 0.058 2.866
235.113 2.026 0.072 2.852
235.294 2.021 0.083 2.846
235.479 2.027 0.101 2.851
235.713 2.033 0.119 2.861
235.889 2.034 0.137 2.873
236.080 2.032 0.156 2.890
236.301 2.027 0.176 2.908
236.485 2.021 0.195 2.928
236.680 2.016 0.215 2.950
236.905 2.013 0.235 2.972
237.081 2.012 0.255 2.993
237.280 2.012 0.276 3.013
237.501 2.013 0.294 3.031
237.681 2.015 0.309 3.047
237.880 2.020 0.321 3.062
238.104 2.025 0.332 3.075
238.293 2.027 0.343 3.078
238.490 2.035 0.351 3.085
238.717 2.041 0.358 3.090
238.893 2.047 0.366 3.097
239.090 2.047 0.372 3.099
239.313 2.052 0.378 3.108
239.493 2.056 0.384 3.116
239.690 2.058 0.390 3.122
239.918 2.058 0.398 3.127
240.093 2.060 0.405 3.135
240.290 2.059 0.412 3.139
240.513 2.061 0.418 -3.137
240.693 2.063 0.425 -3.131
240.890 2.066 0.431 -3.125
241.114 2.067 0.438 -3.121
241.294 2.070 0.443 -3.118
241.490 2.070 0.448 -3.116
241.713 2.071 0.452 -3.113
241.893 2.070 0.456 -3.112
242.090 2.067 0.460 -3.115
242.313 2.068 0.457 -3.106
242.494 2.069 0.457 -3.095
242.690 2.064 0.463 -3.090
242.913 2.056 0.475 -3.097
243.093 2.053 0.485 -3.098
243.289 2.053 0.491 -3.101
243.522 2.060 0.494 -3.097
243.705 2.063 0.514 -3.088
243.941 2.047 0.545 -3.106
244.121 2.037 0.567 -3.123
244.310 2.036 0.573 -3.120
244.545 2.050 0.561 -3.088
244.721 2.064 0.549 -3.061
244.911 2.071 0.547 -3.051
245.145 2.068 0.552 -3.056
245.321 2.071 0.549 -3.056
245.510 2.070 0.516 -3.073
245.741 2.040 0.431 3.130
245.921 1.997 0.313 3.023
246.110 2.002 0.145 2.936
246.345 2.043 -0.039 2.841
246.525 2.063 -0.171 2.732
246.710 2.076 -0.246 2.655
246.941 2.089 -0.299 2.615
247.121 2.097 -0.320 2.576
247.320 2.107 -0.338 2.554
247.553 2.110 -0.357 2.541
247.739 2.111 -0.386 2.544
247.920 2.110 -0.415 2.552
248.157 2.116 -0.449 2.553
248.337 2.173 -0.541 2.486
248.520 2.273 -0.667 2.309
248.753 2.413 -0.793 2.150
248.933 2.532 -0.838 1.982
249.120 2.633 -0.862 1.852
249.353 2.704 -0.850 1.762
249.533 2.746 -0.850 1.708
249.722 2.766 -0.874 1.681
249.953 2.797 -0.888 1.653
250.134 2.825 -0.904 1.621
250.320 2.853 -0.911 1.585
250.557 2.887 -0.909 1.537
250.733 2.919 -0.909 1.493
250.920 2.955 -0.918 1.452
251.153 2.989 -0.924 1.410
251.333 3.031 -0.934 1.368
251.520 3.069 -0.945 1.325
251.753 3.098 -0.944 1.288
251.937 3.126 -0.934 1.253
252.120 -3.132 -0.921 1.224
252.353 -3.110 -0.918 1.195
252.533 -3.089 -0.919 1.166
252.730 -3.061 -0.920 1.140
252.957 -3.024 -0.925 1.106
253.143 -2.971 -0.935 1.057
253.373 -2.915 -0.952 1.007
253.553 -2.858 -0.974 0.954
253.740 -2.809 -0.995 0.907
253.973 -2.780 -1.009 0.878
254.153 -2.775 -0.996 0.870
254.340 -2.783 -0.947 0.892
254.573 -2.792 -0.879 0.925
254.753 0.167 -0.038 1.595
254.940 0.149 -0.033 1.603
255.173 0.137 -0.032 1.612
255.355 0.109 -0.025 1.624
255.540 0.080 -0.011 1.642
255.773 0.063 0.008 1.660
255.953 0.058 0.031 1.680
256.140 0.064 0.053 1.695
256.373 0.073 0.072 1.711
256.553 0.084 0.086 1.725
256.741 0.090 0.090 1.746
256.973 0.089 0.099 1.741
257.153 0.092 0.104 1.758
257.340 0.089 0.108 1.773
257.573 0.085 0.110 1.791
257.754 0.076 0.111 1.809
257.941 0.067 0.115 1.818
258.173 0.054 0.121 1.831
258.360 0.045 0.127 1.843
258.542 0.038 0.132 1.854
258.773 0.042 0.136 1.865
258.954 0.040 0.139 1.877
259.140 0.039 0.141 1.886
259.373 0.039 0.142 1.896
259.553 0.041 0.139 1.907
259.740 0.043 0.135 1.916
259.973 0.046 0.130 1.924
260.154 0.046 0.120 1.929
260.340 0.046 0.095 1.932
260.573 0.063 0.070 1.925
260.754 0.065 0.027 1.895
260.942 0.110 -0.024 1.842
261.174 0.154 -0.073 1.784
261.353 0.188 -0.117 1.728
261.540 0.213 -0.160 1.682
261.773 0.242 -0.201 1.636
261.953 0.254 -0.230 1.599
262.140 0.237 -0.218 1.595
262.373 0.216 -0.140 1.638
262.553 0.194 -0.042 1.710
262.740 0.173 0.030 1.755
262.973 0.159 0.058 1.775
263.153 0.163 0.057 1.773
263.340 0.173 0.041 1.763
263.577 0.177 0.035 1.765
263.753 0.167 0.040 1.750
263.940 0.131 0.058 1.725
264.173 0.074 0.071 1.685
264.357 0.017 0.063 1.625
264.540 -0.024 0.041 1.551
264.777 -0.050 0.011 1.479
264.953 -0.065 -0.022 1.422
265.140 -0.074 -0.060 1.366
265.373 -0.072 -0.088 1.306
265.553 -0.060 -0.105 1.250
265.740 -0.046 -0.108 1.205
265.977 -0.029 -0.099 1.153
266.161 -0.013 -0.077 1.107
266.350 0.003 -0.054 1.075
266.585 0.018 -0.027 1.051
266.761 0.029 -0.008 1.024
266.950 0.035 0.009 0.997
267.185 0.035 0.022 0.971
267.361 0.030 0.031 0.947
267.550 0.022 0.035 0.926
267.781 0.017 0.032 0.909
267.965 0.015 0.025 0.896
268.154 0.016 0.015 0.889
268.385 0.019 0.003 0.886
268.561 0.020 -0.010 0.886
268.750 0.018 -0.020 0.887
268.981 0.017 -0.029 0.891
269.161 0.015 -0.032 0.893
269.350 0.013 -0.031 0.895
269.585 0.013 -0.025 0.891
269.765 0.012 -0.017 0.887
269.950 0.012 -0.008 0.880
270.181 0.012 0.001 0.873
270.362 0.012 0.007 0.868
270.550 0.013 0.013 0.860
270.781 0.014 0.014 0.853
270.965 0.014 0.012 0.849
271.150 0.012 0.005 0.844
271.385 0.006 -0.030 0.841
271.561 0.018 -0.089 0.831
271.750 0.033 -0.143 0.801
271.981 0.041 -0.179 0.770
272.165 0.049 -0.200 0.743
272.352 0.054 -0.209 0.722
272.585 0.057 -0.217 0.701
272.761 0.053 -0.221 0.695
272.950 0.060 -0.227 0.688
273.181 0.069 -0.232 0.687
273.361 0.078 -0.231 0.683
273.550 0.092 -0.233 0.679
273.787 0.097 -0.223 0.674
273.961 0.100 -0.184 0.690
274.150 0.106 -0.097 0.744
274.386 0.120 0.008 0.827
274.561 0.127 0.074 0.910
274.750 0.124 0.094 0.981
274.981 0.111 0.083 1.055
275.165 0.105 0.041 1.146
275.350 0.089 -0.008 1.218
275.581 0.052 -0.023 1.250
275.761 0.014 0.000 1.250
275.950 -0.002 0.038 1.209
276.181 -0.005 0.078 1.140
276.361 0.001 0.097 1.067
276.550 0.014 0.095 1.005
276.781 0.031 0.078 0.958
276.961 0.048 0.052 0.923
277.150 0.060 0.028 0.895
277.381 0.066 0.001 0.870
277.561 0.066 -0.016 0.852
277.750 0.057 -0.024 0.835
277.981 0.046 -0.024 0.824
278.161 0.033 -0.013 0.810
278.351 0.021 0.005 0.794
278.581 0.008 0.025 0.777
278.765 -0.003 0.045 0.759
278.950 -0.012 0.059 0.743
279.189 -0.019 0.065 0.730
279.361 -0.023 0.062 0.718
279.550 -0.023 0.052 0.708
279.785 -0.020 0.035 0.698
279.962 -0.016 0.018 0.691
280.150 -0.011 0.001 0.686
280.385 -0.004 -0.011 0.684
280.561 0.003 -0.017 0.682
280.751 0.010 -0.017 0.681
280.985 0.015 -0.012 0.678
281.165 0.019 -0.004 0.676
281.350 0.020 0.005 0.679
281.581 0.018 -0.010 0.680
281.761 0.033 -0.053 0.676
281.950 0.045 -0.108 0.654
282.185 0.053 -0.140 0.632
282.363 0.054 -0.154 0.620
282.550 0.058 -0.161 0.603
282.781 0.059 -0.137 0.598
282.961 0.061 -0.077 0.580
283.150 0.048 0.022 0.549
283.381 0.010 0.112 0.491
283.561 -0.036 0.191 0.385
283.750 -0.057 0.217 0.280
283.981 -0.069 0.203 0.212
284.161 -0.062 0.148 0.167
284.350 -0.041 0.084 0.130
284.585 -0.020 -0.016 0.098
284.761 0.003 -0.080 0.073
284.950 0.021 -0.118 0.052
285.185 0.034 -0.131 0.035
285.361 0.040 -0.118 0.023
285.550 0.039 -0.089 0.014
285.781 0.033 -0.048 0.010
285.961 0.022 -0.011 0.006
286.150 0.011 0.033 0.006
286.381 -0.002 0.054 0.007
286.562 -0.013 0.065 0.013
286.750 -0.024 0.057 0.019
286.985 -0.033 0.039 0.026
287.161 -0.039 0.014 0.037
287.350 -0.042 -0.010 0.049
287.585 -0.039 -0.035 0.059
287.770 -0.035 -0.048 0.068
287.950 -0.026 -0.058 0.076
288.182 -0.019 -0.056 0.085
288.361 -0.009 -0.044 0.092
288.550 -0.005 -0.032 0.101
288.781 0.001 -0.012 0.112
288.965 0.001 0.006 0.125
289.150 0.000 0.018 0.137
289.381 -0.004 0.021 0.148
289.561 -0.007 0.018 0.161
289.750 -0.012 0.009 0.171
289.981 -0.019 -0.002 0.180
290.161 -0.024 -0.012 0.188
290.350 -0.029 -0.019 0.197
290.585 -0.030 -0.025 0.206
290.765 -0.032 -0.028 0.219
290.950 -0.028 -0.027 0.232
291.182 -0.024 -0.023 0.246
291.365 -0.020 -0.017 0.261
291.556 -0.014 -0.012 0.273
291.785 -0.007 -0.006 0.285
291.961 -0.002 -0.004 0.296
292.150 -0.001 -0.001 0.304
292.385 -0.001 -0.001 0.312
292.562 -0.003 -0.003 0.320
292.750 -0.005 -0.006 0.326
292.985 -0.008 -0.009 0.330
293.161 -0.014 -0.002 0.334
293.350 -0.016 -0.002 0.342
293.581 -0.015 -0.003 0.350
293.761 -0.014 -0.003 0.361
293.950 -0.012 -0.001 0.370
294.181 -0.009 0.003 0.384
294.361 -0.005 0.005 0.395
294.550 0.004 0.001 0.407
294.781 0.006 0.001 0.415
294.965 0.007 0.000 0.419
295.150 0.006 -0.002 0.425
295.386 0.004 -0.004 0.430
295.565 0.001 -0.012 0.436
295.750 -0.001 -0.015 0.441
295.985 -0.003 -0.020 0.450
296.161 -0.002 -0.020 0.459
296.350 -0.003 -0.020 0.468
296.581 -0.002 -0.021 0.476
296.765 -0.003 -0.016 0.489
296.950 -0.000 -0.012 0.498
297.173 0.001 -0.010 0.508
297.353 0.003 -0.005 0.513
297.551 0.005 -0.003 0.516
297.777 0.006 -0.003 0.520
297.954 0.005 -0.002 0.522
298.150 0.004 -0.003 0.522
298.377 0.003 -0.007 0.522
298.553 0.001 -0.007 0.526
298.750 -0.002 -0.010 0.531
298.973 -0.003 -0.011 0.537
299.159 -0.003 -0.015 0.546
299.350 -0.003 -0.014 0.555
299.573 0.000 -0.017 0.564
299.753 0.003 -0.015 0.572
299.950 0.005 -0.012 0.578
300.175 0.005 -0.008 0.579
300.354 0.007 -0.009 0.580
300.550 0.006 -0.009 0.581
300.775 0.004 -0.026 0.574
300.953 0.011 -0.077 0.563
301.150 0.023 -0.120 0.546
301.375 0.027 -0.133 0.530
301.553 0.028 -0.096 0.555
301.750 0.030 -0.023 0.605
301.973 0.059 0.041 0.699
302.153 -0.004 0.091 0.716
302.350 -0.014 0.106 0.747
302.573 -0.026 0.109 0.763
302.757 -0.053 0.103 0.768
302.950 -0.086 0.090 0.755
303.173 -0.107 0.065 0.730
303.353 -0.120 0.032 0.706
303.550 -0.112 0.003 0.690
303.773 -0.092 -0.018 0.678
303.957 -0.066 -0.028 0.667
304.151 -0.042 -0.029 0.654
304.373 -0.021 -0.022 0.639
304.553 -0.001 -0.012 0.625
304.750 0.009 0.002 0.613
304.973 0.012 0.012 0.603
305.153 0.010 0.025 0.593
305.350 0.003 0.032 0.584
305.573 -0.005 0.030 0.573
305.757 -0.012 0.029 0.567
305.950 -0.019 0.019 0.557
306.177 -0.022 0.007 0.546
306.353 -0.022 -0.002 0.535
306.550 -0.020 -0.010 0.521
306.773 -0.017 -0.010 0.512
306.953 -0.014 -0.009 0.507
307.150 -0.012 -0.004 0.503
307.373 -0.011 0.000 0.504
307.553 -0.011 0.005 0.504
307.750 -0.013 0.007 0.504
307.973 -0.014 0.009 0.505
308.155 -0.015 0.008 0.505
308.350 -0.016 0.007 0.500
308.573 -0.016 0.005 0.496
308.753 -0.015 0.003 0.491
308.950 -0.013 0.002 0.489
309.173 -0.008 0.004 0.477
309.353 -0.005 0.058 0.404
309.550 -0.035 0.144 0.318
309.773 -0.088 0.212 0.215
309.957 -0.139 0.281 0.108
310.150 -0.184 0.325 -0.000
310.378 -0.208 0.319 -0.093
310.553 -0.236 0.272 -0.148
310.750 -0.233 0.174 -0.129
310.973 -0.220 0.041 -0.090
311.154 -0.198 -0.103 -0.040
311.350 -0.169 -0.244 0.002
311.575 -0.133 -0.364 0.043
311.753 -0.096 -0.406 0.047
311.950 -0.069 -0.359 0.009
312.173 -0.053 -0.243 -0.059
312.354 -0.066 -0.121 -0.155
312.550 -0.072 -0.032 -0.225
312.778 -0.059 -0.022 -0.254
312.953 -0.040 -0.062 -0.242
313.150 -0.036 -0.127 -0.232
313.377 -0.022 -0.155 -0.226
313.557 -0.023 -0.111 -0.247
313.750 -0.031 -0.026 -0.305
313.973 -0.040 0.067 -0.383
314.153 -0.038 0.128 -0.454
314.350 -0.024 0.138 -0.514
314.573 -0.011 0.091 -0.552
314.757 0.002 0.019 -0.569
314.950 0.004 -0.054 -0.575
315.173 -0.002 -0.120 -0.578
315.357 -0.007 -0.162 -0.590
315.550 -0.006 -0.149 -0.574
315.773 -0.011 -0.108 -0.530
315.957 -0.007 -0.071 -0.465
316.150 -0.017 -0.083 -0.418
316.374 -0.022 -0.127 -0.388
316.553 -0.027 -0.158 -0.376
316.801 -0.031 -0.159 -0.374
316.977 -0.036 -0.131 -0.380
317.160 -0.037 -0.080 -0.394
317.393 -0.040 -0.028 -0.412
317.573 -0.038 0.040 -0.432
317.770 -0.040 0.079 -0.456
317.995 -0.046 0.101 -0.482
318.177 -0.050 0.093 -0.508
318.370 -0.051 0.066 -0.530
318.593 -0.051 0.027 -0.545
318.773 -0.048 -0.018 -0.552
318.970 -0.041 -0.057 -0.556
319.193 -0.033 -0.087 -0.557
319.373 -0.027 -0.099 -0.555
319.570 -0.020 -0.097 -0.553
319.795 -0.012 -0.084 -0.551
319.980 -0.004 -0.063 -0.545
320.217 0.001 -0.042 -0.535
320.399 0.004 -0.024 -0.523
320.580 0.004 -0.011 -0.513
320.813 0.001 -0.004 -0.503
320.993 -0.004 -0.005 -0.493
321.180 -0.010 -0.012 -0.484
321.413 -0.015 -0.022 -0.472
321.601 -0.019 -0.034 -0.456
321.800 -0.020 -0.041 -0.439
322.021 -0.021 -0.042 -0.425
322.205 -0.018 -0.042 -0.408
322.408 -0.014 -0.039 -0.391
322.625 -0.007 -0.035 -0.373
322.803 -0.003 -0.033 -0.358
323.000 -0.000 -0.030 -0.344
323.221 0.001 -0.030 -0.333
323.410 0.000 -0.031 -0.322
323.641 -0.002 -0.032 -0.311
323.821 -0.006 -0.032 -0.300
324.010 -0.009 -0.034 -0.286
324.241 -0.010 -0.035 -0.269
324.425 -0.013 -0.033 -0.254
324.610 -0.017 -0.029 -0.243
324.845 -0.015 -0.022 -0.230
325.021 -0.015 -0.017 -0.221
325.210 -0.015 -0.013 -0.214
325.441 -0.015 -0.014 -0.205
325.625 -0.015 -0.016 -0.196
325.810 -0.015 -0.019 -0.188
326.041 -0.014 -0.023 -0.181
326.221 -0.014 -0.026 -0.176
326.410 -0.013 -0.028 -0.170
326.645 -0.014 -0.029 -0.162
326.821 -0.014 -0.027 -0.153
327.010 -0.015 -0.025 -0.145
327.241 -0.016 -0.023 -0.139
327.421 -0.018 -0.023 -0.134
327.610 -0.017 -0.023 -0.129
327.841 -0.017 -0.024 -0.124
328.021 -0.016 -0.026 -0.121
328.209 -0.014 -0.026 -0.118
328.445 -0.012 -0.027 -0.115
328.626 -0.010 -0.026 -0.114
328.819 -0.008 -0.024 -0.111
329.041 -0.009 -0.022 -0.106
329.221 -0.010 -0.021 -0.099
329.420 -0.012 -0.019 -0.094
329.641 -0.014 -0.018 -0.090
329.825 -0.015 -0.019 -0.087
330.020 -0.015 -0.021 -0.087
330.241 -0.014 -0.022 -0.087
330.423 -0.013 -0.025 -0.088
330.620 -0.012 -0.027 -0.087
330.845 -0.011 -0.028 -0.084
331.021 -0.011 -0.027 -0.080
331.220 -0.010 -0.026 -0.078
331.441 -0.011 -0.025 -0.077
331.621 -0.011 -0.024 -0.074
331.820 -0.010 -0.024 -0.071
332.045 -0.010 -0.024 -0.069
332.221 -0.009 -0.024 -0.068
332.420 -0.008 -0.025 -0.067
332.641 -0.007 -0.024 -0.065
332.823 -0.006 -0.022 -0.061
333.020 -0.006 -0.019 -0.058
333.241 -0.006 -0.018 -0.058
333.425 -0.007 -0.016 -0.058
333.620 -0.008 -0.017 -0.056
333.841 -0.008 -0.019 -0.054
334.025 -0.008 -0.023 -0.052
334.220 -0.008 -0.026 -0.053
334.445 -0.008 -0.028 -0.055
334.625 -0.007 -0.029 -0.059
334.819 -0.006 -0.028 -0.064
335.045 -0.006 -0.025 -0.069
335.225 -0.006 -0.022 -0.071
335.419 -0.006 -0.018 -0.071
335.633 -0.007 -0.015 -0.070
335.829 -0.008 -0.015 -0.069
336.053 -0.008 -0.016 -0.066
336.237 -0.008 -0.018 -0.064
336.430 -0.008 -0.021 -0.063
336.653 -0.007 -0.023 -0.065
336.833 -0.006 -0.025 -0.068
337.029 -0.006 -0.025 -0.074
337.253 -0.005 -0.024 -0.080
337.433 -0.005 -0.022 -0.086
337.629 -0.006 -0.020 -0.092
337.857 -0.007 -0.019 -0.097
338.034 -0.009 -0.017 -0.102
338.230 -0.010 -0.018 -0.103
338.453 -0.012 -0.020 -0.102
338.634 -0.012 -0.022 -0.097
338.833 -0.012 -0.023 -0.095
339.053 -0.011 -0.025 -0.095
339.233 -0.009 -0.025 -0.098
339.430 -0.007 -0.024 -0.102
339.657 -0.005 -0.021 -0.106
339.833 -0.004 -0.019 -0.112
340.030 -0.003 -0.018 -0.114
340.253 -0.005 -0.018 -0.116
340.434 -0.006 -0.019 -0.117
340.630 -0.007 -0.022 -0.118
340.857 -0.008 -0.025 -0.121
341.033 -0.008 -0.027 -0.126
341.230 -0.009 -0.027 -0.132
341.457 -0.008 -0.026 -0.138
341.634 -0.008 -0.024 -0.145
341.830 -0.008 -0.022 -0.151
342.054 -0.009 -0.019 -0.158
342.233 -0.009 -0.018 -0.162
342.430 -0.010 -0.019 -0.165
342.657 -0.010 -0.020 -0.167
342.838 -0.010 -0.023 -0.169
343.030 -0.009 -0.024 -0.174
343.253 -0.008 -0.024 -0.180
343.433 -0.007 -0.024 -0.187
343.630 -0.006 -0.022 -0.194
343.857 -0.007 -0.020 -0.201
344.037 -0.008 -0.020 -0.209
344.231 -0.009 -0.020 -0.216
344.453 -0.010 -0.021 -0.220
344.635 -0.011 -0.024 -0.223
344.830 -0.011 -0.026 -0.227
345.053 -0.010 -0.028 -0.232
345.234 -0.009 -0.028 -0.236
345.430 -0.007 -0.027 -0.241
345.653 -0.006 -0.025 -0.245
345.834 -0.007 -0.023 -0.249
346.030 -0.008 -0.022 -0.252
346.253 -0.010 -0.022 -0.254
346.433 -0.011 -0.024 -0.255
346.630 -0.013 -0.026 -0.254
346.853 -0.013 -0.029 -0.255
347.034 -0.013 -0.032 -0.256
347.230 -0.013 -0.034 -0.258
347.453 -0.013 -0.034 -0.261
347.634 -0.014 -0.033 -0.264
347.830 -0.015 -0.032 -0.267
348.053 -0.017 -0.031 -0.268
348.233 -0.018 -0.030 -0.269
348.430 -0.018 -0.029 -0.270
348.653 -0.018 -0.028 -0.272
348.833 -0.017 -0.027 -0.276
349.030 -0.016 -0.027 -0.279
349.257 -0.016 -0.026 -0.283
349.437 -0.016 -0.026 -0.286
349.630 -0.017 -0.027 -0.288
349.857 -0.018 -0.031 -0.289
350.037 -0.019 -0.034 -0.289
350.230 -0.020 -0.037 -0.288
350.453 -0.020 -0.038 -0.288
350.634 -0.018 -0.039 -0.290
350.831 -0.018 -0.038 -0.293
351.053 -0.017 -0.035 -0.298
351.240 -0.017 -0.034 -0.300
351.429 -0.018 -0.033 -0.301
351.657 -0.019 -0.031 -0.302
351.833 -0.019 -0.031 -0.302
352.030 -0.017 -0.031 -0.301
352.254 -0.016 -0.031 -0.301
352.435 -0.016 -0.032 -0.302
352.630 -0.014 -0.026 -0.308
352.859 -0.015 -0.000 -0.319
353.041 -0.030 0.023 -0.341
353.230 -0.043 0.030 -0.367
353.454 -0.048 0.021 -0.388
353.633 -0.047 0.003 -0.400
353.831 -0.043 -0.030 -0.406
354.057 -0.030 -0.059 -0.409
354.240 -0.011 -0.080 -0.412
354.477 0.007 -0.089 -0.421
354.653 0.022 -0.088 -0.431
354.840 0.031 -0.078 -0.444
355.073 0.033 -0.063 -0.455
355.253 0.028 -0.044 -0.464
355.440 0.020 -0.026 -0.472
355.677 0.008 -0.014 -0.479
355.853 -0.006 -0.002 -0.486
356.041 -0.017 -0.000 -0.490
356.278 -0.026 -0.004 -0.494
356.453 -0.032 -0.013 -0.497
356.640 -0.033 -0.025 -0.497
356.873 -0.031 -0.038 -0.497
357.053 -0.028 -0.050 -0.496
357.240 -0.025 -0.058 -0.493
357.473 -0.022 -0.062 -0.493
357.653 -0.019 -0.062 -0.494
357.840 -0.019 -0.076 -0.507
358.073 -0.008 -0.109 -0.516
358.254 0.012 -0.133 -0.529
358.440 0.020 -0.139 -0.543
358.673 0.023 -0.122 -0.559
358.857 0.022 -0.085 -0.576
359.040 0.004 -0.034 -0.602
359.273 -0.024 0.011 -0.638
359.454 -0.048 0.041 -0.676
359.644 -0.063 0.050 -0.703
359.874 -0.067 0.041 -0.720
360.053 -0.059 0.015 -0.728
360.246 -0.043 -0.019 -0.727
360.473 -0.023 -0.053 -0.728
360.653 -0.002 -0.078 -0.729
360.840 0.016 -0.094 -0.732
361.073 0.029 -0.099 -0.737
361.253 0.035 -0.094 -0.740
361.440 0.036 -0.081 -0.738
361.677 0.034 -0.066 -0.733
361.853 0.028 -0.050 -0.726
362.040 0.020 -0.037 -0.716
362.273 0.008 -0.029 -0.707
362.453 -0.007 -0.026 -0.700
362.640 -0.023 -0.027 -0.693
362.873 -0.038 -0.031 -0.686
363.057 -0.049 -0.036 -0.681
363.240 -0.055 -0.043 -0.677
363.474 -0.055 -0.048 -0.673
363.653 -0.050 -0.053 -0.670
363.850 -0.044 -0.055 -0.667
364.073 -0.035 -0.056 -0.661
364.253 -0.026 -0.053 -0.656
364.450 -0.018 -0.048 -0.649
364.678 -0.011 -0.042 -0.643
364.853 -0.006 -0.038 -0.637
365.050 -0.004 -0.034 -0.631
365.277 -0.005 -0.033 -0.625
365.453 -0.006 -0.033 -0.616
365.650 -0.007 -0.038 -0.606
365.877 -0.010 -0.042 -0.598
366.053 -0.013 -0.047 -0.591
366.250 -0.016 -0.051 -0.585
366.473 -0.020 -0.051 -0.581
366.653 -0.023 -0.051 -0.576
366.850 -0.026 -0.048 -0.573
367.077 -0.028 -0.045 -0.572
367.253 -0.029 -0.043 -0.569
367.450 -0.028 -0.041 -0.567
367.673 -0.028 -0.040 -0.565
367.857 -0.027 -0.038 -0.563
368.050 -0.025 -0.038 -0.562
368.273 -0.023 -0.038 -0.560
368.453 -0.022 -0.038 -0.559
368.651 -0.019 -0.039 -0.559
368.873 -0.017 -0.041 -0.556
369.053 -0.016 -0.043 -0.557
369.250 -0.015 -0.045 -0.554
369.473 -0.014 -0.051 -0.548
369.653 -0.020 -0.055 -0.548
369.850 -0.028 -0.056 -0.550
370.073 -0.038 -0.055 -0.550
370.253 -0.047 -0.053 -0.549
370.450 -0.053 -0.051 -0.545
370.673 -0.055 -0.049 -0.538
370.857 -0.050 -0.046 -0.526
371.050 -0.041 -0.038 -0.512
371.273 -0.030 -0.029 -0.499
371.453 -0.017 -0.023 -0.489
371.650 -0.008 -0.018 -0.483
371.873 -0.001 -0.018 -0.478
372.057 0.003 -0.021 -0.475
372.250 0.004 -0.027 -0.473
372.473 0.003 -0.032 -0.471
372.653 -0.001 -0.041 -0.468
372.853 -0.004 -0.046 -0.465
373.077 -0.006 -0.047 -0.463
373.253 -0.009 -0.045 -0.461
373.450 -0.012 -0.041 -0.460
373.673 -0.015 -0.035 -0.460
373.853 -0.020 -0.031 -0.460
374.050 -0.024 -0.030 -0.463
374.273 -0.027 -0.029 -0.466
374.457 -0.030 -0.030 -0.471
374.650 -0.030 -0.032 -0.476
374.877 -0.030 -0.036 -0.482
375.054 -0.028 -0.040 -0.487
375.250 -0.025 -0.044 -0.492
375.474 -0.021 -0.047 -0.497
375.653 -0.018 -0.050 -0.503
375.850 -0.015 -0.049 -0.509
376.073 -0.012 -0.049 -0.515
376.253 -0.011 -0.044 -0.521
376.450 -0.010 -0.039 -0.526
376.673 -0.008 -0.035 -0.527
376.857 -0.012 -0.046 -0.522
377.050 -0.037 -0.087 -0.496
377.273 -0.061 -0.149 -0.456
377.464 -0.081 -0.207 -0.426
377.650 -0.092 -0.249 -0.402
377.873 -0.101 -0.301 -0.378
378.053 -0.102 -0.334 -0.354
378.250 -0.092 -0.329 -0.353
378.473 -0.083 -0.253 -0.386
378.654 -0.095 -0.136 -0.456
378.859 -0.112 -0.008 -0.556
379.078 -0.128 0.089 -0.654
379.254 -0.124 0.113 -0.715
379.450 -0.107 0.069 -0.726
379.673 -0.089 -0.013 -0.715
379.860 -0.059 -0.083 -0.721
380.097 -0.031 -0.095 -0.747
380.273 -0.021 -0.056 -0.810
380.460 -0.013 0.006 -0.885
380.693 0.002 0.056 -0.962
380.877 0.013 0.087 -1.013
381.060 0.022 0.067 -1.030
381.297 0.023 0.028 -1.055
381.474 0.026 -0.014 -1.055
381.660 0.025 -0.064 -1.036
381.893 0.014 -0.104 -1.001
382.073 0.007 -0.124 -0.946
382.260 -0.008 -0.132 -0.883
382.494 -0.021 -0.141 -0.819
382.673 -0.040 -0.137 -0.776
382.860 -0.061 -0.118 -0.723
383.093 -0.068 -0.082 -0.700
383.273 -0.067 -0.047 -0.664
383.460 -0.065 -0.013 -0.663
383.693 -0.052 0.019 -0.657
383.874 -0.053 0.037 -0.646
384.060 -0.047 0.040 -0.631
384.297 -0.049 0.039 -0.619
384.473 -0.048 0.018 -0.604
384.660 -0.048 -0.000 -0.594
384.894 -0.045 -0.021 -0.583
385.073 -0.042 -0.042 -0.574
385.260 -0.060 -0.062 -0.558
385.494 -0.051 -0.071 -0.547
385.673 -0.048 -0.065 -0.544
385.860 -0.039 -0.060 -0.525
386.094 -0.035 -0.039 -0.511
386.274 -0.006 -0.023 -0.500
386.470 -0.000 -0.009 -0.492
386.701 0.001 -0.003 -0.485
386.885 -0.001 0.001 -0.479
387.070 -0.006 -0.003 -0.472
387.301 -0.011 -0.004 -0.470
387.481 -0.016 -0.010 -0.468
387.670 -0.016 -0.019 -0.483
387.901 -0.025 -0.065 -0.478
388.081 -0.053 -0.123 -0.451
388.270 -0.037 -0.162 -0.436
388.505 -0.035 -0.137 -0.443
388.681 -0.047 -0.051 -0.508
388.870 -0.043 0.056 -0.595
389.105 -0.040 0.146 -0.638
389.285 -0.019 0.225 -0.684
389.470 0.036 0.278 -0.689
389.701 0.113 0.303 -0.659
389.885 0.181 0.296 -0.615
390.070 0.227 0.270 -0.562
390.305 0.252 0.235 -0.505
390.481 0.253 0.192 -0.450
390.670 0.240 0.147 -0.391
390.901 0.210 0.162 -0.402
391.081 0.194 0.136 -0.305
391.270 0.177 0.123 -0.204
391.501 0.142 0.141 -0.072
391.682 0.132 0.164 0.040
391.870 0.139 0.198 0.148
392.105 0.159 0.230 0.263
392.282 0.224 0.267 0.353
392.470 -0.108 0.145 0.599
392.701 -0.098 0.169 0.729
392.881 -0.090 0.184 0.860
393.070 -0.082 0.194 0.996
393.302 -0.076 0.206 1.099
393.481 -0.072 0.225 1.223
393.671 -0.064 0.247 1.365
393.901 -0.058 0.272 1.507
394.081 -0.052 0.293 1.608
394.279 -0.043 0.317 1.753
394.505 -0.038 0.323 1.851
394.681 -0.026 0.341 2.000
394.880 -0.015 0.360 2.150
395.101 -0.006 0.370 2.299
395.281 0.010 0.379 2.451
395.480 0.029 0.385 2.603
395.701 0.050 0.387 2.754
395.881 0.073 0.383 2.896
396.080 0.081 0.351 3.008
396.301 0.064 0.296 3.098
396.481 0.034 0.227 -3.108
396.680 0.005 0.164 -3.038
396.905 -0.018 0.111 -2.972
397.081 -0.036 0.071 -2.912
397.280 -0.050 0.045 -2.886
397.501 -0.057 0.035 -2.836
397.686 -0.060 0.038 -2.790
397.881 -0.057 0.049 -2.780
398.102 -0.049 0.070 -2.736
398.281 -0.038 0.090 -2.717
398.481 -0.026 0.108 -2.741
398.701 -0.021 0.118 -2.728
398.881 -0.014 0.125 -2.705
399.080 -0.007 0.125 -2.684
399.305 -0.003 0.120 -2.666
399.481 -0.001 0.112 -2.651
399.680 -0.003 0.102 -2.644
399.901 -0.004 0.092 -2.636
400.085 -0.006 0.084 -2.628
400.280 -0.009 0.078 -2.622
400.505 -0.013 0.076 -2.617
400.685 -0.016 0.076 -2.614
400.880 -0.019 0.077 -2.611
401.101 -0.019 0.080 -2.609
401.285 -0.015 0.083 -2.606
401.480 -0.012 0.087 -2.603
401.701 -0.008 0.091 -2.600
401.885 -0.006 0.095 -2.600
402.079 -0.003 0.097 -2.598
402.301 -0.000 0.098 -2.595
402.481 0.001 0.100 -2.594
402.680 0.002 0.101 -2.592
402.905 0.003 0.101 -2.591
403.081 0.003 0.101 -2.591
403.280 0.004 0.101 -2.590
403.505 0.003 0.102 -2.590
403.681 0.003 0.103 -2.590
403.880 0.004 0.103 -2.590
404.101 0.004 0.104 -2.590
404.289 0.004 0.105 -2.591
404.525 0.003 0.107 -2.592
404.701 0.003 0.107 -2.593
404.899 0.003 0.107 -2.594
405.125 0.003 0.107 -2.593
405.301 0.003 0.108 -2.594
405.500 0.004 0.109 -2.594
405.722 0.002 0.110 -2.594
405.901 0.002 0.109 -2.593
406.101 -0.000 0.109 -2.591
406.321 -0.002 0.109 -2.590
406.501 -0.007 0.111 -2.587
406.700 -0.010 0.111 -2.581
406.921 -0.011 0.110 -2.575
407.105 -0.010 0.105 -2.569
407.300 -0.011 0.101 -2.565
407.521 -0.010 0.095 -2.556
407.709 -0.008 0.095 -2.548
407.941 -0.009 0.098 -2.544
408.125 -0.017 0.110 -2.531
408.310 -0.026 0.125 -2.517
408.541 -0.035 0.126 -2.510
408.725 -0.048 0.122 -2.500
408.910 -0.068 0.118 -2.492
409.145 -0.074 0.111 -2.492
409.321 -0.069 0.111 -2.487
409.510 -0.062 0.120 -2.478
409.741 -0.061 0.127 -2.476
409.921 -0.060 0.123 -2.469
410.110 -0.065 0.113 -2.467
410.345 -0.066 0.109 -2.466
410.521 -0.058 0.134 -2.464
410.710 -0.046 0.152 -2.462
410.941 -0.041 0.147 -2.458
411.125 -0.043 0.142 -2.456
411.310 -0.044 0.132 -2.449
411.541 -0.042 0.123 -2.444
411.721 -0.041 0.109 -2.433
411.910 -0.045 0.092 -2.416
412.141 -0.050 0.084 -2.394
412.321 -0.053 0.080 -2.378
412.510 -0.055 0.073 -2.349
412.745 -0.054 0.062 -2.323
412.921 -0.058 0.045 -2.301
413.120 -0.060 0.024 -2.281
413.341 -0.064 0.001 -2.269
413.521 -0.065 -0.024 -2.258
413.720 -0.067 -0.048 -2.253
413.945 -0.070 -0.071 -2.250
414.125 -0.071 -0.093 -2.248
414.320 -0.080 -0.122 -2.247
414.545 -0.079 -0.121 -2.247
414.721 -0.073 -0.094 -2.247
414.920 -0.063 -0.056 -2.247
415.141 -0.051 -0.010 -2.249
415.325 -0.043 0.043 -2.252
415.520 -0.042 0.083 -2.240
415.741 -0.063 0.135 -2.379
415.921 -0.083 0.153 -2.575
416.120 -0.083 0.147 -2.717
416.341 -0.088 0.129 -2.775
416.523 -0.088 0.102 -2.741
416.720 -0.091 0.095 -2.668
416.941 -0.093 0.087 -2.570
417.122 -0.091 0.064 -2.440
417.320 -0.080 0.024 -2.231
417.541 -0.065 -0.004 -2.013
417.721 -0.061 -0.045 -1.796
417.920 -0.066 -0.094 -1.578
418.145 -0.085 -0.124 -1.354
418.321 -0.072 -0.159 -1.207
418.520 -0.104 -0.194 -0.974
418.742 -0.141 -0.208 -0.736
418.921 -0.166 -0.188 -0.549
419.120 -0.172 -0.168 -0.434
419.345 -0.172 -0.174 -0.397
419.521 -0.184 -0.196 -0.337
419.720 -0.189 -0.186 -0.311
419.942 -0.181 -0.163 -0.302
420.121 -0.170 -0.143 -0.300
420.320 -0.166 -0.131 -0.297
420.541 -0.163 -0.137 -0.303
420.721 -0.163 -0.146 -0.307
420.920 -0.158 -0.153 -0.312
421.141 -0.155 -0.152 -0.318
421.321 -0.152 -0.146 -0.323
421.520 -0.150 -0.145 -0.326
421.745 -0.148 -0.142 -0.326
421.921 -0.144 -0.139 -0.327
422.119 -0.141 -0.139 -0.325
422.341 -0.137 -0.136 -0.318
422.530 -0.133 -0.114 -0.311
422.765 -0.129 -0.110 -0.307
422.941 -0.127 -0.123 -0.300
423.131 -0.129 -0.137 -0.298
423.365 -0.130 -0.146 -0.292
423.546 -0.133 -0.148 -0.291
423.730 -0.128 -0.141 -0.306
423.965 -0.125 -0.133 -0.318
424.141 -0.130 -0.129 -0.351
424.330 -0.112 -0.124 -0.394
424.561 -0.090 -0.120 -0.426
424.741 -0.065 -0.121 -0.471
424.930 -0.049 -0.128 -0.511
425.165 -0.049 -0.135 -0.529
425.345 -0.061 -0.142 -0.565
425.540 -0.072 -0.143 -0.594
425.761 -0.075 -0.139 -0.613
425.941 -0.063 -0.127 -0.619
426.140 -0.048 -0.123 -0.632
426.361 -0.046 -0.132 -0.628
426.545 -0.057 -0.147 -0.593
426.740 -0.088 -0.156 -0.490
426.961 -0.110 -0.156 -0.429
427.145 -0.124 -0.159 -0.383
427.340 -0.126 -0.171 -0.323
427.565 -0.141 -0.178 -0.237
427.741 -0.150 -0.176 -0.192
427.939 -0.159 -0.174 -0.163
428.161 -0.166 -0.176 -0.141
428.341 -0.174 -0.182 -0.126
428.593 -0.177 -0.182 -0.117
428.778 -0.177 -0.180 -0.108
428.960 -0.179 -0.178 -0.089
429.197 -0.200 -0.194 0.028
429.373 -0.241 -0.236 0.198
429.560 -0.266 -0.221 0.305
429.801 -0.261 -0.171 0.365
429.973 -0.246 -0.145 0.380
430.160 -0.245 -0.137 0.401
430.397 -0.252 -0.148 0.428
430.574 -0.264 -0.166 0.455
430.760 -0.272 -0.169 0.480
430.997 -0.274 -0.156 0.496
431.177 -0.272 -0.141 0.510
431.360 -0.272 -0.138 0.524
431.593 -0.275 -0.142 0.538
431.773 -0.281 -0.145 0.550
431.960 -0.285 -0.147 0.553
432.193 -0.286 -0.139 0.558
432.377 -0.285 -0.134 0.562
432.560 -0.285 -0.135 0.566
432.793 -0.286 -0.137 0.573
432.973 -0.290 -0.140 0.579
433.160 -0.292 -0.141 0.584
433.393 -0.290 -0.137 0.585
433.573 -0.288 -0.134 0.586
433.760 -0.288 -0.132 0.586
433.993 -0.289 -0.133 0.589
434.173 -0.290 -0.138 0.592
434.360 -0.291 -0.140 0.594
434.593 -0.289 -0.138 0.594
434.773 -0.287 -0.132 0.593
434.961 -0.286 -0.131 0.592
435.198 -0.285 -0.134 0.593
435.373 -0.267 -0.149 0.599
435.560 -0.252 -0.156 0.605
435.793 -0.242 -0.172 0.609
435.973 -0.219 -0.188 0.615
436.160 -0.202 -0.189 0.618
436.393 -0.189 -0.180 0.626
436.577 -0.175 -0.175 0.631
436.760 -0.168 -0.165 0.638
436.997 -0.161 -0.151 0.651
437.174 -0.158 -0.137 0.663
437.360 0.089 0.059 1.124
437.593 0.094 0.066 1.170
437.774 0.094 0.068 1.178
437.960 0.091 0.067 1.189
438.193 0.090 0.064 1.207
438.373 0.080 0.064 1.197
438.560 0.082 0.063 1.229
438.797 0.085 0.063 1.248
438.974 0.086 0.067 1.252
439.160 0.087 0.071 1.273
439.393 0.089 0.075 1.274
439.573 0.094 0.084 1.287
439.760 0.096 0.088 1.295
439.993 0.098 0.094 1.305
440.173 0.101 0.098 1.317
440.360 0.097 0.094 1.324
440.597 0.090 0.075 1.331
440.773 0.124 0.048 1.340
440.960 0.203 0.067 1.376
441.197 0.258 0.117 1.436
441.374 0.286 0.132 1.465
441.560 0.315 0.095 1.460
441.797 0.335 0.041 1.416
441.973 0.351 -0.022 1.362
442.160 0.348 -0.063 1.330
442.394 0.333 -0.057 1.341
442.577 0.314 -0.018 1.404
442.760 0.306 0.037 1.473
442.993 0.292 0.051 1.503
443.173 0.292 0.031 1.496
443.360 0.292 -0.010 1.469
443.593 0.283 -0.057 1.436
443.773 0.261 -0.067 1.428
443.960 0.240 -0.037 1.459
444.193 0.218 0.007 1.503
444.377 0.188 0.059 1.543
444.560 0.139 0.114 1.571
444.793 0.071 0.147 1.572
444.977 -0.002 0.160 1.548
445.160 -0.076 0.137 1.518
445.393 -0.123 0.095 1.481
445.573 -0.140 0.053 1.455
445.760 -0.150 0.004 1.430
445.997 -0.141 -0.032 1.403
446.174 -0.121 -0.052 1.373
446.360 -0.094 -0.056 1.342
446.593 -0.063 -0.055 1.312
446.777 -0.034 -0.050 1.283
446.960 -0.007 -0.043 1.255
447.197 0.016 -0.030 1.232
447.373 0.037 -0.015 1.209
447.560 0.050 0.001 1.187
447.793 0.058 0.016 1.168
447.977 0.059 0.029 1.153
448.160 0.055 0.038 1.140
448.397 0.050 0.043 1.126
448.577 0.043 0.039 1.113
448.760 0.036 0.031 1.098
448.993 0.032 0.018 1.087
449.177 0.030 0.006 1.080
449.360 0.027 -0.007 1.080
449.593 0.029 -0.014 1.083
449.773 0.029 -0.023 1.079
449.960 0.032 -0.023 1.070
450.193 0.034 -0.014 1.054
450.373 0.035 -0.004 1.033
450.560 0.031 0.007 1.011
450.793 0.024 0.014 0.987
450.977 0.017 0.015 0.963
451.160 0.010 0.012 0.944
451.393 0.001 0.003 0.926
451.573 -0.004 -0.008 0.913
451.760 -0.004 -0.021 0.906
451.995 -0.003 -0.031 0.903
452.174 -0.001 -0.038 0.901
452.360 0.002 -0.040 0.898
452.593 0.006 -0.036 0.894
452.773 0.010 -0.028 0.888
452.960 0.013 -0.017 0.882
453.193 0.016 -0.008 0.876
453.373 0.017 0.005 0.870
453.560 0.017 0.011 0.867
453.793 0.017 0.013 0.866
453.977 0.016 0.010 0.868
454.160 0.015 0.004 0.873
454.393 0.014 -0.002 0.875
454.577 0.014 -0.011 0.874
454.760 0.016 -0.017 0.871
454.997 0.016 -0.020 0.866
455.177 0.018 -0.020 0.861
455.370 0.018 -0.017 0.858
455.593 0.019 -0.011 0.856
455.773 0.020 -0.007 0.856
455.970 0.019 -0.001 0.858
456.197 0.018 0.002 0.862
456.373 0.019 0.001 0.869
456.570 0.017 -0.001 0.877
456.793 0.018 -0.005 0.885
456.973 0.017 -0.008 0.893
457.170 0.018 -0.013 0.902
457.393 0.019 -0.015 0.909
457.573 0.019 -0.015 0.916
457.770 0.021 -0.014 0.920
457.993 0.025 0.008 0.879
458.173 0.022 0.088 0.790
458.370 -0.002 0.159 0.684
458.597 -0.024 0.210 0.574
458.774 -0.049 0.247 0.473
458.970 -0.063 0.258 0.387
459.197 -0.089 0.255 0.293
459.373 -0.104 0.250 0.209
459.570 -0.119 0.239 0.135
459.793 -0.122 0.186 0.083
459.973 -0.129 0.081 0.080
460.170 -0.130 -0.023 0.111
460.393 -0.122 -0.113 0.133
460.573 -0.115 -0.169 0.158
460.770 -0.092 -0.179 0.178
460.995 -0.055 -0.132 0.219
461.173 -0.028 -0.080 0.279
461.370 0.001 -0.051 0.327
461.593 0.038 -0.051 0.367
461.773 0.054 -0.062 0.395
461.972 0.060 -0.076 0.414
462.193 0.058 -0.085 0.435
462.374 0.043 -0.091 0.449
462.570 0.024 -0.087 0.460
462.793 0.008 -0.075 0.471
462.973 -0.004 -0.057 0.483
463.170 -0.019 -0.041 0.498
463.393 -0.032 -0.025 0.512
463.573 -0.037 -0.009 0.514
463.770 -0.036 -0.000 0.508
463.993 -0.035 -0.002 0.520
464.177 -0.031 -0.008 0.536
464.370 -0.023 -0.024 0.555
464.593 -0.012 -0.037 0.565
464.773 -0.001 -0.054 0.595
464.970 0.017 -0.049 0.582
465.193 0.021 -0.046 0.581
465.377 0.028 0.005 0.550
465.570 0.012 0.075 0.503
465.793 0.001 0.134 0.426
465.977 -0.003 0.169 0.355
466.170 0.007 0.154 0.287
466.394 0.001 0.083 0.249
466.575 -0.003 -0.011 0.262
466.770 -0.012 -0.112 0.293
466.993 -0.003 -0.183 0.358
467.173 0.014 -0.264 0.390
467.370 -0.012 -0.281 0.479
467.593 -0.005 -0.182 0.591
467.783 0.011 -0.117 0.703
468.013 3.083 0.113 -2.381
468.193 3.080 0.068 -2.495
468.380 0.054 0.068 1.032
468.613 0.044 0.031 1.105
468.793 0.038 -0.024 1.144
468.980 0.010 -0.079 1.209
469.217 -0.009 -0.100 1.258
469.393 -0.021 -0.060 1.254
469.580 -0.033 0.028 1.210
469.813 -0.149 0.099 1.187
469.997 -2.238 -0.085 -1.353
470.180 -2.227 -0.139 -1.299
470.413 -2.161 -0.157 -1.245
470.597 -2.085 -0.157 -1.220
470.780 -2.058 -0.147 -1.236
471.017 -2.056 -0.118 -1.262
471.193 -2.057 -0.066 -1.290
471.380 -2.048 0.019 -1.304
471.617 -2.034 0.122 -1.297
471.793 -2.027 0.207 -1.275
471.980 -2.001 0.279 -1.226
472.213 -1.971 0.335 -1.171
472.393 -1.934 0.389 -1.120
472.580 -1.929 0.428 -1.109
472.813 -1.917 0.475 -1.106
472.993 -1.919 0.517 -1.113
473.180 -1.931 0.559 -1.139
473.417 -1.944 0.606 -1.175
473.593 -1.966 0.655 -1.223
473.780 -1.982 0.704 -1.257
474.013 -1.995 0.749 -1.305
474.193 -2.020 0.795 -1.365
474.380 -2.048 0.840 -1.431
474.613 -2.087 0.885 -1.508
474.793 -2.138 0.934 -1.594
474.981 -2.196 0.982 -1.684
475.213 -2.259 1.029 -1.779
475.393 -2.329 1.075 -1.881
475.582 -2.413 1.121 -1.996
475.813 -2.504 1.165 -2.121
475.993 -2.621 1.206 -2.262
476.180 -2.788 1.241 -2.454
476.413 -2.997 1.264 -2.693
476.593 3.020 1.221 -2.949
476.779 2.833 1.161 -3.121
477.013 2.696 1.091 3.047
477.197 2.597 1.022 2.969
477.380 2.517 0.974 2.889
477.613 2.466 0.943 2.832
477.793 2.422 0.909 2.787
477.980 2.383 0.887 2.740
478.213 2.350 0.873 2.701
478.393 2.321 0.868 2.655
478.580 2.293 0.864 2.615
478.813 2.267 0.863 2.573
478.993 2.244 0.857 2.537
479.180 2.226 0.848 2.507
479.417 2.212 0.835 2.487
479.597 2.204 0.824 2.474
479.780 2.198 0.810 2.468
480.013 2.196 0.797 2.466
480.193 2.193 0.786 2.464
480.380 2.193 0.777 2.465
480.615 2.202 0.772 2.471
480.794 2.229 0.767 2.492
481.033 2.250 0.772 2.509
481.217 2.261 0.779 2.519
481.400 2.261 0.792 2.520
481.633 2.257 0.805 2.519
481.818 2.246 0.821 2.511
482.001 2.236 0.835 2.501
482.233 2.226 0.846 2.493
482.415 2.224 0.849 2.492
482.600 2.222 0.851 2.491
482.835 2.224 0.850 2.494
483.013 2.226 0.844 2.498
483.200 2.229 0.839 2.502
483.433 2.232 0.832 2.507
483.617 2.235 0.826 2.512
483.800 2.244 0.817 2.518
484.033 2.269 0.786 2.545
484.213 2.274 0.770 2.544
484.401 2.253 0.776 2.514
484.633 2.241 0.789 2.486
484.818 2.203 0.816 2.424
485.000 2.159 0.848 2.347
485.234 2.103 0.873 2.270
485.413 2.045 0.887 2.204
485.600 2.009 0.883 2.172
485.833 2.010 0.860 2.183
486.015 2.035 0.821 2.219
486.200 2.065 0.775 2.265
486.436 2.087 0.737 2.282
486.617 2.095 0.705 2.285
486.800 2.104 0.669 2.297
487.037 2.098 0.648 2.286
487.213 2.089 0.631 2.271
487.400 2.073 0.618 2.254
487.633 2.061 0.610 2.228
487.814 -0.321 -0.319 -2.304
488.000 -0.325 -0.327 -2.285
488.237 -2.766 -0.574 -2.398
488.417 -2.754 -0.560 -2.411
488.600 -0.113 -0.134 -2.653
488.833 -0.005 -0.134 -2.648
489.013 -0.004 -0.148 -2.649
489.200 0.179 -0.250 -2.860
489.434 0.220 -0.179 -3.020
489.614 0.117 -0.139 -3.076
489.799 0.133 -0.093 2.983
490.033 0.122 -0.063 2.781
490.216 0.110 -0.036 2.553
490.400 0.089 -0.016 2.354
490.633 0.074 -0.004 2.135
490.816 0.046 0.002 1.931
491.000 0.020 0.007 1.698
491.233 0.009 0.003 1.478
491.415 0.005 0.005 1.245
491.601 0.004 0.003 1.012
491.834 -0.003 0.008 0.783
492.013 -0.004 0.011 0.556
492.200 -0.000 -0.005 0.419
492.433 0.004 -0.029 0.323
492.613 0.005 -0.063 0.240
492.800 0.004 -0.088 0.179
493.033 0.002 -0.099 0.145
493.213 -0.007 -0.098 0.122
493.400 -0.021 -0.094 0.110
493.637 -0.032 -0.080 0.103
493.814 -0.035 -0.039 0.091
494.000 -0.032 0.004 0.083
494.233 -0.029 0.032 0.080
494.414 -0.021 0.060 0.079
494.600 -0.014 0.070 0.082
494.837 -0.007 0.065 0.084
495.017 -0.003 0.052 0.086
495.200 -0.001 0.033 0.091
495.437 -0.003 -0.001 0.102
495.617 0.002 -0.037 0.126
495.800 -0.001 -0.058 0.127
496.033 -0.000 -0.072 0.134
496.217 0.007 -0.073 0.140
496.400 0.011 -0.047 0.148
496.637 0.014 -0.002 0.158
496.814 0.017 0.044 0.167
497.000 0.022 0.085 0.178
497.237 0.026 0.122 0.191
497.414 -0.808 0.949 1.815
497.600 -1.104 1.250 2.182
497.833 -1.086 1.271 2.210
498.014 -1.119 1.291 2.181
498.200 -1.227 1.298 2.080
498.433 -1.310 1.298 2.009
498.613 -1.292 1.297 2.029
498.800 -1.273 1.301 2.042
499.033 -1.279 1.306 2.032
499.213 -2.957 0.492 0.918
499.400 0.033 0.047 0.318
499.637 0.026 0.073 0.301
499.813 0.028 0.083 0.314
500.000 0.027 0.087 0.324
500.233 0.028 0.092 0.339
500.414 0.029 0.095 0.354
500.600 0.032 0.093 0.367
500.833 0.036 0.090 0.383
501.014 0.039 0.091 0.396
501.200 0.043 0.094 0.408
501.433 0.045 0.097 0.422
501.613 0.048 0.104 0.435
501.800 0.051 0.113 0.450
502.033 0.053 0.121 0.465
502.217 0.054 0.129 0.483
502.400 0.053 0.135 0.498
502.633 0.046 0.132 0.515
502.813 0.037 0.114 0.528
503.000 0.029 0.085 0.536
503.233 0.023 0.045 0.547
503.413 0.022 0.019 0.563
503.600 0.048 0.039 0.598
503.833 0.090 0.103 0.677
504.016 0.136 0.186 0.772
504.200 0.180 0.258 0.873
504.433 0.205 0.299 0.958
504.613 0.276 0.346 1.073
504.800 0.303 0.345 1.163
505.033 0.301 0.301 1.203
505.213 0.271 0.247 1.183
505.400 0.201 0.131 1.140
505.638 0.143 -0.015 1.127
505.814 0.097 -0.138 1.126
506.000 0.084 -0.182 1.115
506.233 0.080 -0.165 1.089
506.413 0.060 -0.081 1.029
506.600 0.040 -0.006 0.963
506.834 0.021 0.063 0.902
507.017 0.014 0.117 0.855
507.200 0.006 0.136 0.819
507.437 0.006 0.136 0.785
507.613 0.008 0.110 0.752
507.800 0.009 0.060 0.719
508.033 0.016 0.016 0.690
508.213 0.019 -0.017 0.657
508.400 0.027 -0.038 0.628
508.633 0.028 -0.039 0.605
508.814 0.025 -0.031 0.589
509.000 0.023 -0.016 0.578
509.237 0.024 -0.001 0.570
509.414 0.023 0.013 0.560
509.600 0.023 0.022 0.550
509.836 0.022 0.027 0.540
510.017 0.022 0.028 0.532
510.200 0.025 0.025 0.529
510.434 0.029 0.019 0.527
510.613 0.033 0.014 0.528
510.800 0.037 0.005 0.529
511.033 0.038 -0.000 0.531
511.218 0.036 -0.007 0.529
511.400 0.034 -0.009 0.523
511.634 0.031 -0.008 0.513
511.813 0.027 -0.006 0.502
512.000 0.021 -0.000 0.492
512.237 0.015 0.004 0.488
512.413 0.010 0.008 0.486
512.600 0.006 0.008 0.487
512.833 0.005 0.008 0.489
513.014 0.005 0.007 0.494
513.201 0.007 0.003 0.500
513.433 0.008 -0.000 0.507
513.618 0.012 -0.003 0.514
513.800 0.016 -0.006 0.524
514.033 0.018 -0.007 0.533
514.213 0.019 -0.008 0.544
514.400 0.019 -0.006 0.555
514.634 0.019 -0.005 0.567
514.817 0.017 -0.003 0.578
515.000 0.013 -0.000 0.589
515.233 0.011 0.002 0.599
515.413 0.010 0.003 0.612
515.600 0.009 0.004 0.622
515.837 0.009 0.005 0.630
516.017 0.011 0.008 0.634
516.200 0.012 0.011 0.631
516.437 0.016 0.014 0.629
516.613 0.018 0.016 0.630
516.800 0.018 0.015 0.635
517.033 0.018 0.013 0.640
517.213 0.019 0.009 0.645
517.400 0.017 0.004 0.648
517.637 0.017 -0.003 0.651
517.817 0.018 -0.008 0.656
518.000 0.019 -0.010 0.662
518.233 0.021 -0.007 0.670
518.414 0.023 -0.002 0.680
518.600 0.024 0.005 0.690
518.833 0.024 0.012 0.701
519.017 0.023 0.018 0.710
519.210 0.023 0.021 0.719
519.448 0.022 0.022 0.727
519.617 0.021 0.020 0.732
519.810 0.019 0.017 0.738
520.033 0.020 0.012 0.746
520.214 0.020 0.008 0.754
520.411 0.020 0.005 0.761
520.633 0.019 0.003 0.768
520.813 0.019 0.002 0.774
521.010 0.017 0.003 0.780
521.233 0.019 0.004 0.787
521.413 0.019 0.006 0.794
521.610 0.020 0.009 0.802
521.833 0.021 0.011 0.810
522.013 0.022 0.013 0.819
522.210 0.023 0.014 0.825
522.433 0.025 0.013 0.832
522.615 0.025 0.012 0.838
522.810 0.026 0.010 0.847
523.037 0.025 0.008 0.857
523.214 0.026 0.006 0.865
523.420 0.025 0.005 0.871
523.641 0.025 0.005 0.878
523.825 0.023 0.005 0.884
524.021 0.024 0.005 0.890
524.245 0.024 0.005 0.894
524.421 0.025 0.006 0.898
524.621 0.026 0.007 0.905
524.841 0.027 0.008 0.915
525.021 0.028 0.010 0.925
525.220 0.029 0.011 0.936
525.445 0.030 0.011 0.946
525.621 0.031 0.011 0.953
525.861 0.029 0.011 0.966
526.045 0.027 0.010 0.973
526.230 0.026 0.008 0.981
526.461 0.025 0.007 0.986
526.641 0.026 0.005 0.990
526.830 0.026 0.004 0.991
527.061 0.027 0.005 0.991
527.241 0.028 0.004 0.991
527.430 0.029 0.004 0.990
527.661 0.030 0.003 0.986
527.841 0.028 0.007 0.989
528.030 0.028 0.008 0.989
528.265 0.029 0.010 0.989
528.445 0.030 0.011 0.990
528.630 0.029 0.012 0.993
528.861 0.029 0.013 0.996
529.041 0.029 0.013 1.001
529.230 0.029 0.010 1.003
529.466 0.028 0.008 1.009
529.645 0.026 0.008 1.016
529.830 0.025 0.010 1.022
530.061 0.025 0.010 1.026
530.241 0.026 0.011 1.029
530.430 0.030 0.012 1.030
530.662 0.032 0.013 1.029
530.841 0.035 0.011 1.027
531.031 0.036 0.009 1.026
531.261 0.037 0.004 1.026
531.441 0.036 0.000 1.028
531.630 0.036 -0.003 1.028
531.861 0.033 -0.007 1.028
532.041 0.030 -0.010 1.029
532.230 0.025 -0.012 1.029
532.461 0.023 -0.010 1.029
532.641 0.021 -0.006 1.030
532.830 0.021 -0.002 1.032
533.065 0.023 0.007 1.040
533.245 0.025 0.016 1.044
533.430 0.026 0.019 1.045
533.666 0.036 0.036 1.057
533.841 0.038 0.043 1.060
534.030 0.039 0.041 1.060
534.261 0.037 0.030 1.057
534.441 0.034 0.010 1.050
534.631 0.031 -0.009 1.039
534.853 0.029 -0.029 1.027
535.034 0.027 -0.043 1.019
535.230 0.023 -0.048 1.016
535.453 0.021 -0.047 1.011
535.634 0.019 -0.034 1.010
535.830 0.018 -0.017 1.010
536.053 0.018 0.003 1.010
536.233 0.020 0.020 1.009
536.430 0.022 0.034 1.011
536.653 0.025 0.044 1.013
536.837 0.028 0.045 1.012
537.030 0.030 0.041 1.010
537.253 0.035 0.031 1.007
537.437 0.040 0.025 1.004
537.630 0.042 0.018 0.999
537.857 0.042 0.007 0.992
538.034 0.039 -0.003 0.985
538.237 0.034 -0.014 0.976
538.453 0.029 -0.025 0.967
538.637 0.024 -0.032 0.960
538.831 0.019 -0.033 0.953
539.053 0.016 -0.030 0.948
539.240 0.014 -0.023 0.943
539.440 0.014 -0.013 0.939
539.664 0.016 -0.001 0.935
539.845 0.017 0.009 0.933
540.040 0.022 0.021 0.933
540.261 0.026 0.030 0.934
540.441 0.029 0.034 0.933
540.640 0.031 0.033 0.931
540.861 0.033 0.028 0.925
541.040 0.032 0.021 0.919
541.273 0.032 0.012 0.910
541.453 0.031 0.004 0.902
541.639 0.029 -0.003 0.893
541.873 0.026 -0.008 0.885
542.053 0.023 -0.010 0.878
542.241 0.020 -0.010 0.872
542.473 0.017 -0.007 0.868
542.653 0.013 -0.002 0.866
542.840 0.011 0.003 0.865
543.073 0.010 0.008 0.865
543.253 0.010 0.012 0.864
543.441 0.011 0.015 0.865
543.673 0.013 0.017 0.866
543.858 0.015 0.017 0.866
544.040 0.019 0.015 0.863
544.273 0.021 0.012 0.858
544.453 0.024 0.009 0.851
544.639 0.023 0.004 0.842
544.873 0.023 0.000 0.833
545.053 0.021 -0.002 0.824
545.239 0.019 -0.002 0.816
545.473 0.018 -0.002 0.811
545.653 0.016 -0.001 0.807
545.840 0.015 0.003 0.804
546.077 0.014 0.006 0.801
546.253 0.013 0.008 0.800
546.453 0.012 0.010 0.798
546.674 0.013 0.010 0.794
546.853 0.014 0.011 0.791
547.050 0.015 0.010 0.787
547.273 0.018 0.009 0.785
547.453 0.020 0.009 0.783
547.649 0.021 0.008 0.781
547.873 0.022 0.008 0.778
548.054 0.022 0.008 0.776
548.250 0.021 0.007 0.772
548.474 0.018 0.007 0.768
548.653 0.017 0.005 0.765
548.850 0.016 0.004 0.764
549.073 0.014 0.003 0.764
549.253 0.015 0.004 0.764
549.450 0.015 0.005 0.765
549.673 0.016 0.005 0.766
549.857 0.016 0.006 0.768
550.050 0.016 0.007 0.771
550.273 0.017 0.007 0.774
550.457 0.018 0.007 0.779
550.650 0.018 0.008 0.785
550.874 0.018 0.008 0.789
551.053 0.017 0.009 0.794
551.250 0.015 0.010 0.798
551.477 0.014 0.011 0.802
551.653 0.014 0.012 0.805
551.850 0.014 0.012 0.808
552.077 0.015 0.012 0.812
552.257 0.016 0.011 0.816
552.450 0.017 0.010 0.818
552.677 0.018 0.009 0.816
552.853 0.017 0.008 0.814
553.052 0.018 0.007 0.810
553.273 0.016 0.006 0.808
553.453 0.017 0.005 0.808
553.650 0.017 0.006 0.811
553.873 0.018 0.007 0.814
554.053 0.021 0.009 0.818
554.250 0.022 0.012 0.823
554.473 0.023 0.013 0.827
554.657 0.023 0.014 0.831
554.850 0.022 0.014 0.834
555.081 0.022 0.013 0.836
555.263 0.021 0.012 0.836
555.460 0.021 0.010 0.837
555.681 0.021 0.010 0.839
555.862 0.022 0.010 0.843
556.060 0.023 0.010 0.845
556.281 0.023 0.011 0.847
556.463 0.023 0.012 0.847
556.660 0.022 0.012 0.847
556.885 0.021 0.012 0.844
557.072 0.021 0.011 0.842
557.301 0.021 0.010 0.841
557.481 0.024 0.010 0.843
557.670 0.024 0.011 0.848
557.905 0.024 0.012 0.852
558.081 0.024 0.013 0.857
558.270 0.023 0.014 0.863
558.493 0.022 0.015 0.868
558.673 0.022 0.015 0.873
558.870 0.021 0.014 0.876
559.094 0.022 0.013 0.878
559.273 0.024 0.011 0.880
559.470 0.027 0.010 0.881
559.693 0.029 0.009 0.886
559.877 0.030 0.010 0.889
560.070 0.031 0.010 0.894
560.297 0.030 0.011 0.899
560.473 0.029 0.013 0.903
560.670 0.029 0.014 0.907
560.893 0.028 0.014 0.910
561.074 0.027 0.015 0.913
561.270 0.028 0.015 0.916
561.494 0.028 0.015 0.918
561.675 0.027 0.014 0.921
561.870 0.027 0.013 0.922
562.093 0.026 0.011 0.922
562.273 0.026 0.009 0.922
562.470 0.025 0.008 0.923
562.693 0.025 0.009 0.924
562.877 0.025 0.009 0.923
563.070 0.025 0.010 0.923
563.293 0.025 0.011 0.922
563.474 0.025 0.012 0.923
563.670 0.026 0.014 0.923
563.894 0.026 0.016 0.924
564.073 0.026 0.016 0.925
564.270 0.027 0.016 0.927
564.494 0.027 0.015 0.928
564.673 0.027 0.013 0.930
564.870 0.028 0.012 0.930
565.093 0.027 0.010 0.932
565.277 0.026 0.008 0.933
565.470 0.025 0.007 0.933
565.699 0.025 0.007 0.934
565.873 0.025 0.008 0.934
566.069 0.026 0.009 0.934
566.293 0.026 0.011 0.935
566.473 0.026 0.012 0.937
566.670 0.027 0.014 0.939
566.893 0.026 0.015 0.941
567.077 0.027 0.016 0.944
567.270 0.027 0.016 0.947
567.497 0.027 0.015 0.949
567.673 0.026 0.013 0.954
567.870 0.026 0.010 0.958
568.093 0.025 0.009 0.962
568.273 0.024 0.007 0.965
568.473 0.023 0.004 0.964
568.700 0.024 0.005 0.966
568.873 0.024 0.006 0.969
569.069 0.024 0.009 0.976
569.293 0.024 0.011 0.977
569.477 0.026 0.011 0.978
569.670 0.026 0.013 0.979
569.893 0.028 0.012 0.977
570.073 0.030 0.013 0.979
570.313 0.029 0.014 0.986
570.493 0.029 0.013 0.987
570.680 0.029 0.011 0.989
570.916 0.029 0.009 0.991
571.093 0.028 0.009 0.998
571.280 0.028 0.006 0.996
571.513 0.028 0.006 0.999
571.693 0.027 0.006 1.000
571.880 0.028 0.007 1.003
572.117 0.027 0.008 1.005
572.293 0.028 0.009 1.007
572.480 0.028 0.010 1.009
572.713 0.027 0.011 1.010
572.893 0.028 0.012 1.014
573.080 0.028 0.013 1.012
573.313 0.029 0.012 1.006
573.493 0.028 0.012 1.002
573.680 0.028 0.011 1.000
573.913 0.027 0.010 1.000
574.097 0.027 0.008 1.000
574.280 0.027 0.008 1.000
574.515 0.027 0.006 1.001
574.693 0.026 0.009 1.007
574.880 0.026 0.009 1.006
575.117 0.026 0.011 1.004
575.293 0.026 0.010 0.995
575.480 0.025 0.013 0.991
575.713 0.023 0.017 0.991
575.893 0.023 0.019 0.988
576.080 0.021 0.020 0.987
576.314 0.022 0.017 0.985
576.493 0.021 0.016 0.989
576.680 0.021 0.014 0.988
576.914 0.022 0.012 0.986
577.093 0.024 0.012 0.985
577.280 0.026 0.013 0.980
577.513 0.026 0.015 0.975
577.693 0.025 0.017 0.968
577.880 0.024 0.019 0.964
578.113 0.022 0.020 0.958
578.298 0.021 0.019 0.958
578.480 0.021 0.018 0.959
578.713 0.020 0.016 0.961
578.893 0.020 0.013 0.962
579.080 0.020 0.009 0.961
579.313 0.019 0.007 0.961
579.497 0.020 0.006 0.959
579.680 0.021 0.009 0.957
579.917 0.023 0.013 0.955
580.097 0.023 0.017 0.952
580.280 0.024 0.020 0.950
580.517 0.024 0.022 0.949
580.693 0.026 0.021 0.947
580.880 0.027 0.018 0.946
581.117 0.028 0.015 0.945
581.297 0.028 0.013 0.943
581.479 0.028 0.011 0.941
581.713 0.028 0.010 0.939
581.893 0.027 0.011 0.935
582.081 0.025 0.011 0.931
582.313 0.023 0.012 0.928
582.493 0.022 0.011 0.930
582.680 0.020 0.010 0.933
582.922 0.020 0.010 0.935
583.093 0.020 0.010 0.934
583.279 0.022 0.011 0.935
583.513 0.024 0.013 0.934
583.693 0.026 0.014 0.933
583.879 0.027 0.015 0.934
584.113 0.029 0.014 0.934
584.293 0.030 0.014 0.933
584.480 0.031 0.012 0.933
584.720 0.032 0.011 0.936
584.893 0.031 0.010 0.938
585.080 0.030 0.011 0.938
585.317 0.029 0.012 0.938
585.493 0.027 0.013 0.937
585.683 0.025 0.015 0.935
585.914 0.024 0.015 0.934
586.093 0.023 0.014 0.934
586.281 0.023 0.012 0.934
586.513 0.024 0.008 0.935
586.697 0.026 0.006 0.936
586.880 0.029 0.005 0.939
587.117 0.031 0.006 0.939
587.293 0.033 0.008 0.937
587.480 0.033 0.013 0.937
587.717 0.032 0.017 0.936
587.893 0.032 0.020 0.937
588.080 0.031 0.021 0.936
588.313 0.029 0.020 0.938
588.493 0.029 0.017 0.939
588.689 0.028 0.012 0.940
588.917 0.027 0.008 0.942
589.093 0.026 0.005 0.944
589.280 0.025 0.005 0.945
589.517 0.025 0.005 0.946
589.694 0.025 0.007 0.945
589.880 0.025 0.010 0.945
590.113 0.026 0.011 0.943
590.280 0.027 0.012 0.939
590.502 0.028 0.012 0.939
590.683 0.028 0.012 0.942
590.880 0.029 0.011 0.947
591.105 0.029 0.011 0.951
591.285 0.028 0.010 0.954
591.480 0.026 0.009 0.955
591.701 0.025 0.009 0.956
591.887 0.024 0.009 0.955
592.080 0.023 0.010 0.956
592.301 0.023 0.012 0.960
592.485 0.024 0.014 0.961
592.680 0.024 0.015 0.965
592.901 0.023 0.015 0.969
593.081 0.023 0.013 0.973
593.280 0.024 0.011 0.977
593.501 0.026 0.008 0.977
593.682 0.028 0.007 0.978
593.890 0.030 0.007 0.979
594.113 0.032 0.008 0.981
594.293 0.031 0.011 0.983
594.489 0.030 0.012 0.981
594.713 0.028 0.014 0.985
594.909 0.025 0.015 0.991
595.133 0.024 0.014 0.996
595.319 0.024 0.011 1.000
595.553 0.026 0.010 1.004
595.733 0.027 0.008 1.011
595.919 0.028 0.007 1.020
596.154 0.027 0.006 1.028
596.333 0.027 0.004 1.036
596.519 0.027 0.003 1.041
596.753 0.027 0.004 1.044
596.933 0.027 0.005 1.046
597.120 0.028 0.006 1.049
597.353 0.028 0.008 1.056
597.533 0.028 0.009 1.065
597.720 0.027 0.009 1.075
597.953 0.027 0.009 1.085
598.133 0.027 0.008 1.096
598.320 0.028 0.007 1.106
598.553 0.029 0.006 1.117
598.733 0.029 0.005 1.130
598.920 0.031 0.005 1.138
599.157 0.034 0.006 1.148
599.333 0.036 0.008 1.159
599.520 0.037 0.010 1.171
599.753 0.037 0.011 1.184
599.933 0.035 0.010 1.197
600.120 0.034 0.009 1.209
600.353 0.033 0.006 1.221
600.533 0.033 0.003 1.232
600.720 0.035 0.000 1.240
600.953 0.036 -0.001 1.246
601.133 0.036 -0.001 1.253
601.320 0.037 -0.001 1.261
601.557 0.039 0.002 1.273
601.733 0.039 0.005 1.284
601.924 0.039 0.009 1.295
602.157 0.038 0.011 1.306
602.337 0.038 0.014 1.316
602.520 0.038 0.013 1.327
602.753 0.038 0.012 1.337
602.933 0.038 0.010 1.346
603.120 0.037 0.007 1.354
603.354 0.037 0.004 1.362
603.534 0.036 0.001 1.368
603.720 0.036 -0.002 1.375
603.955 0.036 -0.003 1.383
604.133 0.038 -0.002 1.390
604.320 0.038 -0.000 1.396
604.554 0.039 0.002 1.402
604.737 0.041 0.005 1.407
604.920 0.042 0.008 1.411
605.153 0.045 0.014 1.419
605.334 0.045 0.020 1.425
605.549 0.043 0.021 1.430
605.753 0.041 0.017 1.429
605.933 0.038 0.007 1.424
606.130 0.035 -0.004 1.414
606.358 0.033 -0.018 1.402
606.533 0.032 -0.029 1.393
606.730 0.032 -0.034 1.387
606.955 0.033 -0.033 1.383
607.137 0.035 -0.026 1.380
607.330 0.039 -0.013 1.378
607.554 0.043 0.000 1.378
607.737 0.046 0.015 1.379
607.930 0.047 0.028 1.380
608.158 0.047 0.035 1.383
608.335 0.045 0.036 1.385
608.530 0.041 0.031 1.385
608.753 0.038 0.022 1.380
608.933 0.036 0.009 1.374
609.130 0.036 -0.003 1.367
609.353 0.039 -0.013 1.362
609.537 0.041 -0.020 1.360
609.730 0.045 -0.021 1.360
609.954 0.047 -0.017 1.362
610.134 0.048 -0.010 1.365
610.330 0.048 -0.002 1.370
610.556 0.049 0.007 1.375
610.734 0.049 0.014 1.382
610.930 0.049 0.019 1.388
611.153 0.050 0.021 1.396
611.334 0.050 0.021 1.404
611.530 0.050 0.017 1.414
611.757 0.050 0.013 1.422
611.937 0.049 0.007 1.428
612.130 0.049 0.003 1.433
612.354 0.048 -0.001 1.435
612.534 0.048 -0.004 1.436
612.730 0.047 -0.005 1.436
612.957 0.047 -0.004 1.436
613.133 0.048 -0.003 1.437
613.330 0.049 0.000 1.437
613.554 0.050 0.002 1.438
613.737 0.052 0.004 1.441
613.930 0.053 0.005 1.445
614.153 0.054 0.006 1.450
614.335 0.055 0.006 1.457
614.530 0.055 0.006 1.463
614.755 0.054 0.004 1.469
614.933 0.051 0.002 1.473
615.130 0.048 -0.001 1.475
615.354 0.045 -0.004 1.473
615.533 0.042 -0.007 1.470
615.730 0.041 -0.008 1.466
615.954 0.041 -0.006 1.462
616.133 0.042 -0.004 1.456
616.330 0.043 -0.002 1.452
616.557 0.046 0.002 1.448
616.733 0.048 0.006 1.445
616.930 0.050 0.009 1.444
617.153 0.051 0.012 1.444
617.337 0.051 0.012 1.445
617.530 0.052 0.011 1.447
617.754 0.051 0.008 1.450
617.933 0.049 0.005 1.453
618.130 0.048 0.002 1.456
618.354 0.047 -0.002 1.458
618.537 0.045 -0.004 1.460
618.730 0.043 -0.006 1.462
618.953 0.043 -0.006 1.462
619.133 0.043 -0.004 1.463
619.330 0.044 -0.001 1.462
619.553 0.046 0.003 1.461
619.734 0.048 0.006 1.460
619.930 0.051 0.008 1.460
620.153 0.052 0.008 1.459
620.337 0.053 0.008 1.460
620.530 0.053 0.005 1.461
620.757 0.053 0.003 1.462
620.933 0.051 -0.000 1.464
621.130 0.050 -0.002 1.465
621.353 0.050 -0.005 1.466
621.533 0.049 -0.005 1.467
621.730 0.050 -0.004 1.468
621.957 0.050 -0.002 1.469
622.133 0.049 0.001 1.470
622.330 0.049 0.003 1.471
622.555 0.048 0.005 1.472
622.733 0.047 0.006 1.473
622.930 0.048 0.005 1.473
623.156 0.049 0.004 1.474
623.336 0.051 0.002 1.474
623.530 0.052 0.001 1.475
623.755 0.053 -0.002 1.476
623.934 0.053 -0.003 1.477
624.130 0.053 -0.004 1.478
624.353 0.053 -0.004 1.479
624.533 0.052 -0.003 1.480
624.730 0.052 -0.003 1.482
624.954 0.052 -0.001 1.483
625.133 0.052 0.000 1.484
625.330 0.052 0.001 1.485
625.553 0.051 0.001 1.485
625.734 0.050 -0.000 1.485
625.930 0.050 -0.001 1.485
626.155 0.051 -0.001 1.484
626.337 0.051 -0.002 1.484
626.530 0.051 -0.003 1.483
626.753 0.051 -0.003 1.484
626.933 0.051 -0.002 1.484
627.131 0.051 -0.002 1.484
627.353 0.051 -0.000 1.485
627.537 0.050 0.001 1.484
627.730 0.050 0.001 1.483
627.953 0.049 0.002 1.483
628.133 0.049 0.002 1.483
628.330 0.048 0.003 1.482
628.553 0.047 0.002 1.483
628.733 0.047 0.001 1.482
628.930 0.048 -0.000 1.482
629.157 0.049 -0.001 1.481
629.333 0.050 -0.001 1.480
629.530 0.051 -0.002 1.479
629.753 0.053 -0.001 1.479
629.938 0.053 -0.000 1.481
630.131 0.054 0.001 1.483
630.353 0.054 0.001 1.485
630.537 0.055 0.002 1.489
630.730 0.054 0.003 1.492
630.954 0.054 0.004 1.494
631.137 0.054 0.003 1.494
631.330 0.055 0.001 1.491
631.557 0.055 -0.002 1.489
631.733 0.056 -0.004 1.486
631.930 0.057 -0.006 1.483
632.155 0.058 -0.006 1.481
632.340 0.058 -0.006 1.481
632.577 0.057 -0.005 1.482
632.753 0.056 -0.003 1.485
632.955 0.055 -0.001 1.488
633.173 0.053 0.002 1.492
633.353 0.052 0.004 1.498
633.550 0.052 0.006 1.502
633.776 0.051 0.007 1.508
633.954 0.052 0.007 1.513
634.150 0.052 0.007 1.519
634.373 0.052 0.005 1.525
634.554 0.051 0.003 1.531
634.750 0.051 -0.001 1.534
634.977 0.051 -0.003 1.535
635.153 0.051 -0.005 1.535
635.350 0.052 -0.007 1.532
635.574 0.052 -0.009 1.529
635.764 0.053 -0.009 1.527
635.950 0.054 -0.008 1.524
636.177 0.055 -0.006 1.523
636.354 0.057 -0.002 1.524
636.550 0.057 0.001 1.526
636.773 0.058 0.003 1.530
636.953 0.058 0.004 1.535
637.150 0.057 0.004 1.541
637.377 0.056 0.004 1.547
637.558 0.056 0.003 1.552
637.750 0.057 0.001 1.558
637.973 0.057 -0.001 1.565
638.154 0.057 -0.002 1.570
638.351 0.056 -0.003 1.573
638.573 0.056 -0.004 1.576
638.753 0.054 -0.004 1.577
638.950 0.053 -0.005 1.577
639.173 0.052 -0.005 1.575
639.353 0.052 -0.005 1.574
639.550 0.052 -0.006 1.572
639.773 0.051 -0.007 1.570
639.957 0.051 -0.008 1.569
640.150 0.051 -0.007 1.569
640.377 0.051 -0.006 1.571
640.553 0.051 -0.003 1.574
640.750 0.052 -0.002 1.578
640.973 0.053 -0.001 1.584
641.153 0.054 0.001 1.589
641.349 0.054 0.002 1.596
641.573 0.054 0.002 1.604
641.753 0.053 0.001 1.610
641.950 0.052 -0.001 1.615
642.173 0.050 -0.004 1.617
642.354 0.050 -0.008 1.616
642.550 0.049 -0.012 1.613
642.773 0.050 -0.013 1.610
642.957 0.051 -0.014 1.607
643.151 0.052 -0.013 1.604
643.373 0.053 -0.011 1.602
643.555 0.054 -0.008 1.602
643.750 0.055 -0.004 1.602
643.973 0.055 -0.001 1.604
644.153 0.055 0.002 1.607
644.350 0.054 0.004 1.610
644.573 0.053 0.003 1.613
644.753 0.053 0.001 1.616
644.950 0.052 -0.001 1.620
645.173 0.053 -0.004 1.623
645.354 0.053 -0.006 1.625
645.550 0.053 -0.008 1.628
645.773 0.053 -0.009 1.630
645.954 0.053 -0.009 1.632
646.150 0.054 -0.009 1.633
646.374 0.054 -0.007 1.633
646.557 0.055 -0.006 1.634
646.750 0.055 -0.004 1.634
646.977 0.055 -0.003 1.634
647.154 0.055 -0.002 1.636
647.351 0.055 -0.002 1.638
647.573 0.055 -0.004 1.640
647.753 0.054 -0.006 1.641
647.950 0.054 -0.008 1.643
648.173 0.054 -0.010 1.644
648.353 0.054 -0.010 1.645
648.550 0.055 -0.010 1.647
648.773 0.056 -0.009 1.650
648.953 0.055 -0.007 1.653
649.150 0.055 -0.005 1.655
649.373 0.055 -0.004 1.657
649.553 0.055 -0.003 1.660
649.750 0.055 -0.003 1.661
649.977 0.056 -0.004 1.664
650.154 0.057 -0.005 1.666
650.350 0.058 -0.006 1.668
650.579 0.059 -0.008 1.670
650.757 0.059 -0.009 1.672
650.950 0.058 -0.011 1.675
651.173 0.058 -0.012 1.678
651.353 0.057 -0.013 1.682
651.550 0.056 -0.013 1.686
651.773 0.057 -0.013 1.689
651.954 0.057 -0.012 1.693
652.152 0.058 -0.012 1.698
652.373 0.059 -0.011 1.702
652.553 0.059 -0.010 1.706
652.751 0.058 -0.010 1.710
652.973 0.058 -0.010 1.713
653.157 0.058 -0.010 1.718
653.350 0.057 -0.011 1.721
653.573 0.057 -0.012 1.726
653.754 0.058 -0.012 1.731
653.950 0.059 -0.012 1.736
654.173 0.058 -0.012 1.741
654.357 0.059 -0.012 1.748
654.550 0.059 -0.012 1.755
654.776 0.059 -0.012 1.765
654.953 0.060 -0.011 1.773
655.150 0.061 -0.012 1.783
655.373 0.061 -0.013 1.794
655.555 0.060 -0.015 1.805
655.750 0.060 -0.015 1.815
655.973 0.059 -0.014 1.825
656.153 0.059 -0.012 1.836
656.350 0.059 -0.009 1.844
656.573 0.060 -0.008 1.852
656.753 0.061 -0.008 1.858
656.951 0.063 -0.010 1.864
657.177 0.064 -0.014 1.868
657.357 0.064 -0.018 1.872
657.550 0.065 -0.022 1.877
657.773 0.066 -0.025 1.882
657.957 0.066 -0.025 1.890
658.150 0.065 -0.024 1.899
658.373 0.065 -0.022 1.908
658.554 0.065 -0.019 1.918
658.750 0.065 -0.017 1.929
658.953 0.065 -0.014 1.941
659.151 0.065 -0.012 1.952
659.373 0.066 -0.012 1.965
659.553 0.066 -0.011 1.978
659.749 0.067 -0.013 1.990
659.977 0.065 -0.015 2.001
660.153 0.067 -0.017 2.009
660.349 0.068 -0.022 2.016
660.573 0.068 -0.025 2.022
660.755 0.069 -0.028 2.025
660.950 0.069 -0.030 2.030
661.173 0.070 -0.029 2.035
661.357 0.071 -0.028 2.040
661.550 0.073 -0.026 2.047
661.777 0.072 -0.025 2.053
661.953 0.074 -0.021 2.061
662.151 0.075 -0.018 2.068
662.373 0.074 -0.016 2.071
662.557 0.073 -0.017 2.075
662.750 0.071 -0.017 2.077
662.975 0.068 -0.018 2.081
663.153 0.067 -0.018 2.088
663.358 0.066 -0.020 2.093
663.573 0.067 -0.021 2.101
663.753 0.067 -0.022 2.109
663.952 0.068 -0.024 2.112
664.173 0.069 -0.026 2.115
664.353 0.069 -0.027 2.116
664.550 0.069 -0.023 2.123
664.777 0.068 -0.025 2.123
664.957 0.069 -0.030 2.119
665.150 0.069 -0.032 2.120
665.373 0.069 -0.034 2.123
665.553 0.068 -0.031 2.132
665.753 0.068 -0.030 2.134
665.974 0.070 -0.033 2.128
666.153 0.070 -0.033 2.128
666.350 0.070 -0.028 2.133
666.573 0.069 -0.026 2.135
666.753 0.069 -0.024 2.138
666.950 0.069 -0.023 2.144
667.173 0.069 -0.023 2.152
667.353 0.069 -0.023 2.158
667.550 0.069 -0.023 2.162
667.773 0.069 -0.023 2.165
667.954 0.068 -0.023 2.165
668.150 0.069 -0.024 2.162
668.375 0.066 -0.025 2.161
668.553 0.065 -0.028 2.157
668.759 0.065 -0.031 2.152
668.973 0.065 -0.035 2.151
669.153 0.066 -0.037 2.151
669.350 0.067 -0.037 2.150
669.573 0.067 -0.036 2.148
669.754 0.066 -0.034 2.145
669.950 0.067 -0.035 2.134
670.173 0.066 -0.032 2.129
670.354 0.064 -0.027 2.129
670.552 0.062 -0.022 2.129
670.773 0.062 -0.020 2.126
670.954 0.063 -0.019 2.126
671.149 0.064 -0.018 2.126
671.377 0.066 -0.023 2.120
671.553 0.067 -0.021 2.125
671.755 0.068 -0.023 2.123
671.973 0.069 -0.025 2.119
672.153 0.068 -0.026 2.115
672.350 0.068 -0.029 2.109
672.577 0.067 -0.031 2.104
672.758 0.068 -0.034 2.101
672.950 0.068 -0.035 2.099
673.173 0.069 -0.035 2.098
673.353 0.069 -0.033 2.098
673.550 0.071 -0.033 2.090
673.777 0.070 -0.028 2.090
673.953 0.069 -0.025 2.084
674.150 0.066 -0.016 2.085
674.374 0.067 -0.013 2.078
674.554 0.065 -0.013 2.074
674.750 0.064 -0.016 2.067
674.973 0.062 -0.012 2.073
675.154 0.062 -0.013 2.072
675.350 0.061 -0.016 2.069
675.574 0.064 -0.025 2.058
675.753 0.064 -0.028 2.053
675.954 0.065 -0.030 2.050
676.177 0.066 -0.033 2.047
676.357 0.068 -0.034 2.045
676.593 0.071 -0.032 2.041
676.773 0.071 -0.029 2.036
676.960 0.070 -0.024 2.030
677.199 0.068 -0.023 2.023
677.373 0.066 -0.019 2.017
677.560 0.062 -0.013 2.013
677.793 0.061 -0.010 2.007
677.973 0.060 -0.008 2.003
678.160 0.060 -0.008 2.002
678.397 0.060 -0.010 2.002
678.573 0.060 -0.012 1.999
678.761 0.061 -0.015 1.997
678.997 0.061 -0.018 1.991
679.173 0.061 -0.024 1.983
679.359 0.059 -0.028 1.980
679.594 0.057 -0.037 1.976
679.773 0.055 -0.044 1.974
679.960 0.051 -0.050 1.972
680.193 0.048 -0.057 1.970
680.373 0.046 -0.061 1.963
680.560 0.045 -0.061 1.963
680.793 0.045 -0.059 1.965
680.973 0.046 -0.055 1.965
681.160 0.047 -0.052 1.967
