-0.002 0.002 0.001 -0.015
0.208 0.003 0.000 -0.021
0.448 0.003 0.000 -0.028
0.688 0.001 0.001 -0.034
0.887 -0.001 0.001 -0.040
1.088 -0.001 0.003 -0.045
1.287 -0.001 0.004 -0.051
1.488 0.001 0.003 -0.056
1.697 0.002 0.002 -0.062
1.897 0.002 0.002 -0.068
2.098 0.001 0.003 -0.073
2.298 -0.001 0.005 -0.078
2.498 -0.002 0.006 -0.084
2.700 -0.002 0.006 -0.089
2.908 -0.001 0.005 -0.094
3.108 0.000 0.003 -0.099
3.309 0.001 0.003 -0.105
3.508 0.001 0.005 -0.110
3.708 -0.001 0.007 -0.115
3.920 -0.003 0.008 -0.120
4.128 -0.004 0.007 -0.125
4.338 -0.004 0.007 -0.130
4.538 -0.002 0.006 -0.135
4.738 -0.001 0.007 -0.140
4.938 -0.001 0.007 -0.145
5.138 -0.002 0.009 -0.149
5.337 -0.004 0.010 -0.154
5.537 -0.005 0.010 -0.159
5.737 -0.004 0.008 -0.163
5.937 -0.003 0.007 -0.168
6.177 -0.002 0.008 -0.173
6.378 -0.002 0.009 -0.178
6.578 -0.004 0.010 -0.183
6.778 -0.005 0.011 -0.187
6.978 -0.004 0.011 -0.192
7.178 -0.003 0.010 -0.196
7.378 -0.002 0.009 -0.201
7.580 -0.002 0.008 -0.205
7.789 -0.003 0.009 -0.210
7.989 -0.004 0.011 -0.214
8.198 -0.005 0.012 -0.219
8.412 -0.005 0.013 -0.223
8.608 -0.004 0.011 -0.228
8.808 -0.003 0.010 -0.233
9.008 -0.003 0.011 -0.237
9.208 -0.004 0.011 -0.242
9.408 -0.005 0.012 -0.247
9.608 -0.005 0.013 -0.251
9.808 -0.005 0.014 -0.256
10.008 -0.005 0.013 -0.261
10.207 -0.005 0.012 -0.265
10.408 -0.005 0.013 -0.270
10.608 -0.005 0.013 -0.274
10.829 -0.006 0.013 -0.279
11.037 -0.006 0.015 -0.284
11.269 -0.006 0.015 -0.289
11.457 -0.006 0.014 -0.293
11.693 -0.005 0.013 -0.297
11.873 -0.006 0.015 -0.302
12.057 -0.006 0.016 -0.306
12.289 -0.007 0.016 -0.310
12.475 -0.007 0.015 -0.315
12.657 -0.007 0.016 -0.319
12.893 -0.007 0.017 -0.323
13.069 -0.007 0.017 -0.328
13.270 -0.007 0.015 -0.332
13.489 -0.007 0.016 -0.336
13.687 -0.009 0.017 -0.341
13.921 -0.008 0.017 -0.345
14.101 -0.008 0.016 -0.349
14.298 -0.008 0.017 -0.354
14.529 -0.007 0.018 -0.358
14.713 -0.008 0.018 -0.362
14.898 -0.008 0.018 -0.367
15.129 -0.009 0.018 -0.371
15.309 -0.009 0.018 -0.376
15.507 -0.010 0.019 -0.380
15.741 -0.010 0.019 -0.386
15.938 -0.010 0.020 -0.391
16.169 -0.010 0.019 -0.395
16.349 -0.009 0.019 -0.400
16.593 -0.009 0.020 -0.406
16.769 -0.010 0.020 -0.411
16.957 -0.011 0.020 -0.417
17.189 -0.011 0.020 -0.422
17.369 -0.012 0.021 -0.428
17.559 -0.012 0.023 -0.433
17.793 -0.011 0.022 -0.439
17.982 -0.010 0.021 -0.445
18.177 -0.010 0.020 -0.450
18.401 -0.011 0.021 -0.455
18.587 -0.013 0.023 -0.460
18.821 -0.014 0.023 -0.466
19.001 -0.014 0.022 -0.471
19.188 -0.014 0.022 -0.476
19.421 -0.013 0.023 -0.481
19.601 -0.012 0.023 -0.486
19.797 -0.012 0.024 -0.491
20.029 -0.014 0.023 -0.496
20.209 -0.015 0.023 -0.500
20.398 -0.016 0.024 -0.505
20.629 -0.015 0.025 -0.509
20.809 -0.014 0.025 -0.514
20.998 -0.014 0.023 -0.518
21.229 -0.014 0.024 -0.523
21.409 -0.016 0.025 -0.527
21.598 -0.017 0.025 -0.531
21.829 -0.017 0.026 -0.536
22.009 -0.017 0.026 -0.540
22.198 -0.017 0.026 -0.544
22.429 -0.016 0.026 -0.548
22.609 -0.016 0.027 -0.552
22.798 -0.016 0.027 -0.556
23.029 -0.017 0.025 -0.560
23.209 -0.019 0.024 -0.564
23.407 -0.020 0.027 -0.569
23.633 -0.019 0.027 -0.573
23.829 -0.018 0.027 -0.578
24.027 -0.018 0.028 -0.582
24.249 -0.018 0.027 -0.586
24.428 -0.018 0.027 -0.590
24.661 -0.018 0.027 -0.594
24.841 -0.019 0.027 -0.598
25.028 -0.021 0.028 -0.602
25.265 -0.021 0.029 -0.606
25.441 -0.020 0.029 -0.611
25.628 1.567 -0.439 1.295
25.865 1.586 -0.421 1.228
26.041 1.603 -0.419 1.201
26.238 1.603 -0.416 1.200
26.465 1.601 -0.411 1.200
26.645 1.596 -0.407 1.202
26.838 1.592 -0.402 1.202
27.063 1.590 -0.398 1.201
27.241 1.586 -0.394 1.200
27.437 1.582 -0.389 1.202
27.669 1.576 -0.384 1.203
27.921 1.573 -0.380 1.201
28.107 1.573 -0.375 1.202
28.341 1.573 -0.371 1.203
28.530 1.574 -0.367 1.200
28.717 1.574 -0.362 1.200
28.949 1.572 -0.358 1.202
29.129 1.572 -0.354 1.204
29.318 1.574 -0.351 1.202
29.549 1.575 -0.347 1.202
29.733 1.576 -0.343 1.203
29.918 1.577 -0.339 1.202
30.149 1.579 -0.335 1.200
30.329 1.581 -0.333 1.199
30.518 1.579 -0.329 1.201
30.756 1.580 -0.326 1.200
30.942 1.583 -0.323 1.198
31.127 1.586 -0.319 1.199
31.365 1.588 -0.315 1.200
31.545 1.588 -0.311 1.199
31.728 1.587 -0.307 1.197
31.961 1.588 -0.303 1.198
32.145 1.589 -0.299 1.201
32.328 1.589 -0.295 1.202
32.561 1.589 -0.291 1.200
32.741 1.591 -0.287 1.200
32.937 1.593 -0.284 1.198
33.165 1.594 -0.280 1.199
33.347 1.593 -0.277 1.197
33.589 1.592 -0.273 1.199
33.778 1.593 -0.268 1.200
34.010 1.593 -0.266 1.198
34.208 1.594 -0.261 1.198
34.445 1.594 -0.257 1.199
34.626 1.595 -0.253 1.199
34.818 1.595 -0.249 1.198
35.041 1.594 -0.245 1.199
35.221 1.593 -0.242 1.201
35.418 1.593 -0.238 1.201
35.641 1.594 -0.236 1.199
35.829 1.595 -0.232 1.199
36.028 1.595 -0.229 1.198
36.253 1.594 -0.226 1.198
36.457 1.592 -0.221 1.199
36.701 1.592 -0.217 1.201
36.893 1.593 -0.213 1.201
37.125 1.594 -0.209 1.200
37.305 1.594 -0.205 1.200
37.498 1.594 -0.202 1.201
37.721 1.595 -0.198 1.200
37.902 1.593 -0.195 1.199
38.098 1.591 -0.191 1.202
38.321 1.591 -0.187 1.203
38.501 1.592 -0.183 1.203
38.697 1.594 -0.179 1.202
38.925 1.595 -0.175 1.202
39.101 1.594 -0.171 1.202
39.298 1.591 -0.167 1.202
39.525 1.590 -0.163 1.202
39.702 1.590 -0.159 1.204
39.897 1.591 -0.155 1.203
40.125 1.593 -0.151 1.203
40.307 1.593 -0.148 1.204
40.541 1.593 -0.144 1.203
40.724 1.591 -0.143 1.202
40.919 1.588 -0.140 1.203
41.141 1.587 -0.137 1.204
41.329 1.589 -0.134 1.204
41.565 1.591 -0.133 1.201
41.741 1.593 -0.131 1.201
41.931 1.592 -0.129 1.199
42.187 1.590 -0.127 1.200
42.385 1.588 -0.126 1.202
42.568 1.588 -0.125 1.201
42.809 1.589 -0.124 1.202
42.993 1.590 -0.122 1.202
43.188 1.589 -0.120 1.201
43.409 1.589 -0.117 1.202
43.593 1.589 -0.115 1.203
43.797 1.589 -0.112 1.202
44.025 1.588 -0.108 1.201
44.209 1.588 -0.105 1.202
44.445 1.589 -0.102 1.203
44.621 1.590 -0.099 1.202
44.808 1.591 -0.096 1.201
45.045 1.591 -0.093 1.203
45.221 1.589 -0.091 1.205
45.409 1.587 -0.090 1.205
45.641 1.587 -0.088 1.202
45.825 1.587 -0.088 1.201
46.008 1.911 -0.541 1.951
46.254 1.911 -0.543 1.956
46.433 1.914 -0.550 1.957
46.628 1.914 -0.551 1.957
46.861 1.911 -0.549 1.957
47.045 1.908 -0.544 1.958
47.237 1.907 -0.538 1.958
47.477 1.905 -0.530 1.957
47.709 1.902 -0.525 1.958
47.889 1.899 -0.521 1.961
48.129 1.895 -0.517 1.965
48.317 1.893 -0.514 1.966
48.508 1.892 -0.510 1.964
48.733 1.893 -0.508 1.964
48.913 1.892 -0.506 1.964
49.110 1.891 -0.504 1.964
49.329 1.890 -0.502 1.964
49.509 1.888 -0.500 1.966
49.708 1.886 -0.498 1.968
49.929 1.886 -0.497 1.968
50.109 1.885 -0.495 1.968
50.308 1.886 -0.494 1.967
50.529 1.887 -0.493 1.967
50.713 1.886 -0.493 1.968
50.908 1.886 -0.492 1.968
51.129 1.884 -0.492 1.966
51.313 1.883 -0.491 1.967
51.508 1.883 -0.491 1.969
51.730 1.881 -0.490 1.971
51.913 1.881 -0.489 1.972
52.108 1.882 -0.488 1.971
52.329 1.883 -0.487 1.969
52.509 1.885 -0.485 1.967
52.755 1.886 -0.483 1.968
52.938 1.884 -0.482 1.971
53.169 1.881 -0.482 1.974
53.354 1.879 -0.482 1.977
53.548 1.880 -0.481 1.976
53.773 1.882 -0.479 1.973
53.957 1.883 -0.479 1.971
54.189 1.884 -0.479 1.971
54.369 1.883 -0.480 1.971
54.557 1.882 -0.481 1.972
54.789 1.880 -0.482 1.973
54.970 1.880 -0.483 1.973
55.168 1.883 -0.484 1.972
55.401 1.885 -0.484 1.971
55.588 1.885 -0.482 1.970
55.821 1.883 -0.480 1.970
56.018 1.881 -0.479 1.971
56.245 1.879 -0.480 1.974
56.421 1.880 -0.479 1.975
56.631 1.882 -0.479 1.974
56.849 1.884 -0.479 1.972
57.029 1.884 -0.479 1.971
57.228 1.884 -0.481 1.970
57.449 1.883 -0.482 1.970
57.629 1.881 -0.483 1.972
57.828 1.881 -0.484 1.972
58.049 1.881 -0.484 1.971
58.235 1.883 -0.485 1.970
58.427 1.884 -0.484 1.970
58.665 1.885 -0.483 1.969
58.841 1.884 -0.483 1.970
59.038 1.882 -0.483 1.970
59.261 1.881 -0.483 1.971
59.448 1.881 -0.484 1.972
59.681 1.882 -0.485 1.973
59.866 1.884 -0.484 1.970
60.048 1.884 -0.484 1.969
60.281 1.883 -0.486 1.970
60.461 1.881 -0.486 1.972
60.648 1.881 -0.487 1.970
60.881 1.883 -0.487 1.968
61.066 1.884 -0.489 1.969
61.258 1.886 -0.490 1.968
61.485 1.885 -0.491 1.968
61.669 1.884 -0.492 1.968
61.868 1.883 -0.492 1.969
62.105 1.883 -0.493 1.969
62.281 1.884 -0.494 1.969
62.478 1.886 -0.495 1.968
62.701 1.886 -0.496 1.968
62.882 1.887 -0.497 1.967
63.077 1.885 -0.499 1.969
63.301 1.884 -0.500 1.970
63.481 1.884 -0.501 1.969
63.678 1.887 -0.502 1.966
63.901 1.888 -0.503 1.966
64.088 1.888 -0.504 1.966
64.321 1.888 -0.505 1.966
64.501 1.887 -0.506 1.967
64.688 1.886 -0.507 1.968
64.933 1.887 -0.508 1.968
65.109 1.887 -0.508 1.967
65.298 1.888 -0.509 1.966
65.521 1.890 -0.509 1.963
65.708 1.891 -0.509 1.963
65.953 1.889 -0.511 1.966
66.133 1.887 -0.512 1.967
66.381 1.887 -0.512 1.965
66.565 1.888 -0.512 1.965
66.809 1.889 -0.512 1.964
66.989 1.890 -0.512 1.963
67.178 1.891 -0.512 1.963
67.409 1.891 -0.512 1.964
67.589 1.890 -0.512 1.963
67.778 1.889 -0.512 1.964
68.009 1.888 -0.512 1.965
68.199 1.889 -0.512 1.964
68.434 1.890 -0.512 1.963
68.609 1.890 -0.512 1.964
68.797 1.890 -0.513 1.964
69.041 1.890 -0.513 1.964
69.221 1.890 -0.513 1.963
69.462 1.891 -0.514 1.963
69.642 1.890 -0.515 1.965
69.901 1.890 -0.516 1.963
70.081 1.892 -0.515 1.960
70.268 1.892 -0.516 1.960
70.501 1.891 -0.517 1.962
70.685 1.890 -0.517 1.964
70.869 1.890 -0.518 1.963
71.101 1.891 -0.518 1.963
71.281 1.891 -0.518 1.962
71.468 1.892 -0.519 1.960
71.701 1.892 -0.519 1.960
71.881 1.892 -0.520 1.962
72.068 1.893 -0.519 1.961
72.305 1.893 -0.518 1.960
72.481 1.892 -0.518 1.963
72.668 1.891 -0.518 1.963
72.901 1.892 -0.517 1.962
73.081 1.892 -0.517 1.962
73.281 1.892 -0.517 1.962
73.501 1.891 -0.517 1.962
73.681 1.891 -0.517 1.962
73.878 1.892 -0.517 1.962
74.109 1.891 -0.518 1.963
74.298 1.891 -0.518 1.964
74.529 1.893 -0.518 1.963
74.709 1.892 -0.517 1.963
74.907 1.894 -0.517 1.962
75.141 1.895 -0.517 1.962
75.321 1.892 -0.516 1.963
75.518 1.891 -0.517 1.965
75.745 1.889 -0.518 1.967
75.926 1.889 -0.517 1.966
76.119 1.892 -0.517 1.962
76.341 1.896 -0.517 1.959
76.529 1.897 -0.519 1.960
76.761 1.895 -0.520 1.961
76.941 1.893 -0.522 1.961
77.138 1.891 -0.524 1.962
77.363 1.892 -0.525 1.963
77.548 1.894 -0.526 1.961
77.748 1.894 -0.527 1.961
77.970 1.893 -0.527 1.960
78.161 1.892 -0.529 1.961
78.358 1.891 -0.530 1.962
78.585 1.890 -0.531 1.962
78.761 1.891 -0.532 1.962
78.958 1.892 -0.533 1.962
79.185 1.894 -0.533 1.961
79.362 1.895 -0.533 1.959
79.558 1.895 -0.533 1.957
79.781 1.894 -0.534 1.957
79.961 1.892 -0.536 1.960
80.158 1.892 -0.537 1.962
80.382 1.895 -0.538 1.959
80.562 1.896 -0.537 1.955
80.759 1.896 -0.538 1.955
80.985 1.895 -0.539 1.956
81.161 1.894 -0.540 1.958
81.358 1.894 -0.541 1.957
81.581 1.895 -0.541 1.957
81.761 1.895 -0.541 1.957
81.958 1.897 -0.540 1.954
82.193 1.897 -0.540 1.953
82.369 1.897 -0.541 1.955
82.558 1.897 -0.541 1.955
82.789 1.898 -0.541 1.954
82.969 1.897 -0.541 1.957
83.158 1.942 -0.625 1.883
83.389 2.006 -0.752 1.776
83.569 2.080 -0.913 1.716
83.757 2.246 -1.110 1.561
83.989 2.553 -1.242 1.284
84.169 2.909 -1.307 0.947
84.358 3.066 -1.331 0.813
84.589 -3.063 -1.348 0.671
84.773 -2.924 -1.361 0.524
84.958 -2.841 -1.370 0.424
85.189 -2.594 -1.361 0.146
85.369 -2.291 -1.306 -0.180
85.558 -2.151 -1.293 -0.325
85.789 -2.044 -1.285 -0.435
85.969 -1.933 -1.258 -0.571
86.158 -1.786 -1.238 -0.742
86.389 -1.717 -1.227 -0.824
86.569 -1.675 -1.223 -0.874
86.758 0.151 -0.422 -1.404
86.989 0.149 -0.443 -1.409
87.170 2.335 0.804 -0.527
87.358 2.352 0.871 -0.517
87.602 0.498 -0.042 -1.391
87.785 0.522 -0.047 -1.385
87.968 0.452 0.016 -1.399
88.201 0.326 0.103 -1.414
88.381 0.226 0.174 -1.430
88.568 0.206 0.201 -1.397
88.801 0.177 0.144 -1.373
88.987 0.163 0.096 -1.368
89.225 0.145 -0.025 -1.239
89.405 0.124 -0.107 -1.091
89.588 3.052 0.364 0.810
89.821 -0.684 -0.216 -2.482
90.001 -0.544 -0.288 -2.387
90.187 -0.539 -0.219 -2.438
90.425 -0.528 -0.182 -2.484
90.601 -0.539 -0.278 -2.414
90.789 -0.538 -0.253 -2.442
91.021 -0.568 -0.332 -2.459
91.201 -0.549 -0.376 -2.628
91.387 -0.502 -0.409 -2.731
91.621 -0.426 -0.460 -2.849
91.805 -0.351 -0.493 -2.958
92.008 -3.089 -0.095 0.721
92.229 3.096 -0.080 0.664
92.409 3.103 -0.083 0.672
92.608 3.103 -0.092 0.678
92.829 3.100 -0.101 0.687
93.009 3.105 -0.102 0.690
93.208 3.110 -0.091 0.691
93.430 3.109 -0.115 0.676
93.609 3.100 -0.109 0.673
93.809 3.076 -0.099 0.639
94.034 3.037 -0.080 0.608
94.209 2.992 -0.061 0.579
94.408 3.080 -0.094 0.702
94.629 3.069 -0.103 0.710
94.814 3.116 -0.108 0.571
95.049 3.118 -0.104 0.548
95.234 3.112 -0.098 0.516
95.418 3.132 0.307 0.276
95.649 3.139 0.333 0.282
95.834 -3.140 0.341 0.312
96.027 -3.134 0.347 0.325
96.266 -0.078 0.178 0.387
96.441 -0.059 0.179 0.350
96.628 -0.061 0.185 0.326
96.873 -0.063 0.191 0.309
97.049 -0.062 0.190 0.297
97.238 -0.058 0.194 0.290
97.469 -0.052 0.210 0.285
97.649 -0.046 0.241 0.285
97.838 -0.044 0.272 0.289
98.072 -0.054 0.287 0.241
98.249 -0.078 0.257 0.133
98.438 -0.099 0.187 -0.104
98.669 -0.093 0.119 -0.281
98.849 -0.080 0.079 -0.401
99.038 -0.064 0.087 -0.488
99.269 -0.044 0.115 -0.539
99.453 -0.032 0.147 -0.569
99.638 -0.030 0.176 -0.596
99.869 -0.035 0.192 -0.587
100.049 -0.042 0.193 -0.521
100.239 -0.059 0.190 -0.492
100.473 -0.076 0.183 -0.471
100.654 -0.085 0.187 -0.464
100.838 -0.090 0.190 -0.443
101.069 -0.087 0.190 -0.366
101.249 -0.088 0.191 -0.305
101.439 -0.086 0.183 -0.197
101.669 -0.090 0.170 -0.121
101.849 -0.095 0.149 -0.100
102.038 -0.096 0.117 -0.072
102.269 -0.094 0.101 -0.046
102.449 -0.090 0.101 -0.024
102.638 -0.088 0.114 -0.007
102.873 -0.075 0.134 0.011
103.049 -0.054 0.140 0.019
103.238 -0.078 0.171 0.021
103.469 -0.114 0.216 0.019
103.649 -0.135 0.228 0.022
103.838 -0.142 0.225 0.025
104.069 -0.145 0.186 0.028
104.249 -0.150 0.138 0.024
104.438 -0.152 0.052 0.034
104.673 -0.163 0.012 0.045
104.849 -0.147 0.020 0.047
105.037 -0.120 0.058 0.048
105.269 -0.096 0.109 0.050
105.449 -0.075 0.159 0.052
105.638 -0.062 0.210 0.053
105.873 -0.056 0.243 0.051
106.049 -0.057 0.259 0.049
106.238 -0.056 0.243 0.062
106.469 -0.060 0.222 0.068
106.649 -0.077 0.187 0.070
106.838 -0.140 0.158 0.071
107.069 -0.162 0.147 0.073
107.254 -0.169 0.150 0.072
107.438 -0.160 0.155 0.076
107.669 -0.142 0.164 0.074
107.853 -0.117 0.173 0.075
108.038 -0.086 0.169 0.087
108.269 -0.063 0.166 0.092
108.454 -0.047 0.159 0.099
108.638 -0.036 0.160 0.102
108.869 -0.034 0.172 0.103
109.049 -0.040 0.178 0.104
109.238 -0.082 0.161 0.106
109.469 -0.099 0.170 0.101
109.654 -0.103 0.199 0.096
109.848 -0.096 0.234 0.093
110.069 -0.085 0.268 0.094
110.249 -0.073 0.289 0.098
110.448 -0.061 0.279 0.117
110.669 -0.053 0.270 0.128
110.849 -0.061 0.247 0.140
111.048 -0.064 0.232 0.152
111.273 -0.073 0.212 0.162
111.449 -0.092 0.192 0.176
111.648 -0.099 0.190 0.180
111.869 -0.099 0.191 0.193
112.054 -0.093 0.194 0.207
112.248 -0.057 0.216 0.220
112.473 -0.039 0.224 0.233
112.654 -0.034 0.218 0.244
112.848 -0.039 0.204 0.253
113.069 -0.054 0.187 0.259
113.257 -0.070 0.168 0.267
113.489 -0.082 0.155 0.274
113.669 -0.092 0.145 0.280
113.868 -0.098 0.139 0.287
114.093 -0.101 0.139 0.293
114.269 -0.098 0.141 0.299
114.521 -0.092 0.148 0.305
114.701 -0.087 0.153 0.310
114.888 -0.081 0.158 0.314
115.125 -0.076 0.159 0.318
115.301 -0.073 0.160 0.321
115.498 -0.071 0.159 0.325
115.733 -0.069 0.156 0.327
115.909 -0.069 0.153 0.328
116.098 -0.068 0.151 0.328
116.329 -0.069 0.148 0.326
116.510 -0.071 0.146 0.321
116.698 -0.071 0.143 0.320
116.929 -0.071 0.145 0.315
117.113 -0.072 0.158 0.301
117.298 -0.073 0.160 0.295
117.533 -0.076 0.158 0.293
117.709 -0.079 0.157 0.289
117.898 -0.081 0.158 0.282
118.135 -0.084 0.157 0.277
118.309 -0.086 0.152 0.279
118.498 -0.091 0.158 0.270
118.733 -0.096 0.162 0.263
118.913 -0.100 0.172 0.254
119.098 -0.104 0.173 0.247
119.333 -0.103 0.184 0.237
119.510 -0.108 0.182 0.231
119.698 -0.118 0.206 0.206
119.933 -0.137 0.234 0.185
120.109 -0.154 0.255 0.162
120.361 -0.172 0.276 0.135
120.541 -0.190 0.292 0.107
120.728 -0.208 0.308 0.076
120.961 -2.988 0.371 0.308
121.145 -2.985 0.318 0.336
121.328 -2.990 0.318 0.343
121.565 -0.271 0.348 -0.066
121.741 -0.281 0.366 -0.109
121.938 -0.293 0.380 -0.153
122.173 -0.314 0.396 -0.198
122.349 -0.325 0.406 -0.238
122.557 -2.533 0.859 0.911
122.782 -2.604 0.865 0.930
122.962 -0.924 0.500 -0.048
123.158 0.974 -0.301 0.417
123.381 -0.363 0.337 -0.344
123.565 -0.467 0.342 -0.251
123.758 -0.470 0.366 -0.181
123.986 -0.437 0.342 -0.179
124.172 -0.336 -0.715 -0.517
124.405 -0.349 0.271 -0.082
124.581 -0.262 0.187 -0.079
124.770 -0.175 0.106 -0.081
125.001 -0.097 0.061 -0.095
125.181 -0.026 0.011 -0.029
125.368 -0.015 -0.050 0.186
125.601 -0.013 -0.093 0.273
125.782 -0.004 -0.084 0.305
125.968 -0.005 -0.038 0.326
126.202 -0.012 0.039 0.341
126.381 -0.019 0.130 0.350
126.568 -0.026 0.219 0.355
126.802 -0.035 0.318 0.344
127.002 -0.035 0.412 0.342
127.197 -0.025 0.472 0.342
127.421 -0.017 0.500 0.347
127.609 -0.014 0.491 0.359
127.808 -0.007 0.450 0.376
128.033 -0.009 0.412 0.383
128.209 -0.012 0.380 0.387
128.408 -0.017 0.340 0.393
128.635 -0.022 0.275 0.402
128.809 -0.050 0.206 0.404
129.008 -0.034 0.175 0.411
129.229 -0.021 0.173 0.421
129.409 -0.019 0.195 0.424
129.608 -0.020 0.220 0.431
129.837 -0.044 0.228 0.431
130.009 -0.036 0.259 0.432
130.241 -0.038 0.283 0.427
130.422 -0.052 0.276 0.434
130.608 -0.060 0.271 0.429
130.845 -0.063 0.264 0.426
131.025 -0.060 0.242 0.435
131.207 -0.057 0.223 0.440
131.441 -0.057 0.214 0.442
131.625 -0.060 0.213 0.438
131.807 -0.060 0.206 0.441
132.041 -0.067 0.196 0.441
132.221 -0.066 0.196 0.443
132.407 -0.072 0.194 0.444
132.645 -0.077 0.195 0.442
132.821 -0.085 0.196 0.440
133.008 -0.090 0.201 0.441
133.241 -0.095 0.201 0.440
133.425 -0.098 0.202 0.439
133.607 -0.098 0.204 0.438
133.841 -0.096 0.203 0.439
134.025 -0.091 0.201 0.441
134.207 -0.086 0.202 0.439
134.441 -0.080 0.197 0.439
134.621 -0.075 0.197 0.438
134.807 -0.069 0.196 0.438
135.045 -0.065 0.192 0.440
135.225 -0.065 0.190 0.437
135.407 -0.065 0.190 0.436
135.641 -0.067 0.190 0.435
135.821 -0.068 0.190 0.433
136.007 -0.070 0.185 0.431
136.245 -0.076 0.187 0.434
136.421 -0.082 0.194 0.427
136.607 -0.084 0.196 0.425
136.841 -0.085 0.196 0.424
137.021 -0.085 0.189 0.425
137.207 -0.087 0.196 0.420
137.441 -0.086 0.194 0.420
137.625 -0.089 0.197 0.417
137.807 -0.084 0.193 0.418
138.041 -0.083 0.196 0.415
138.221 -0.081 0.195 0.416
138.407 -0.082 0.194 0.415
138.641 -0.082 0.195 0.413
138.821 -0.082 0.194 0.414
139.007 -0.082 0.193 0.416
139.245 -0.083 0.192 0.416
139.421 -0.089 0.196 0.415
139.607 -0.092 0.199 0.413
139.845 -0.089 0.195 0.417
140.025 -0.088 0.193 0.418
140.207 -0.089 0.195 0.418
140.441 -0.089 0.194 0.419
140.621 -0.089 0.197 0.419
140.807 -0.089 0.196 0.421
141.045 -0.086 0.192 0.428
141.221 -0.088 0.195 0.425
141.407 -0.087 0.197 0.425
141.641 -0.089 0.197 0.422
141.821 -0.090 0.198 0.421
142.007 -0.089 0.198 0.422
142.241 -0.091 0.201 0.421
142.425 -0.090 0.200 0.421
142.607 -0.092 0.205 0.419
142.845 -0.094 0.203 0.422
143.021 -0.094 0.203 0.422
143.207 -0.094 0.201 0.420
143.445 -0.092 0.198 0.426
143.621 -0.093 0.197 0.426
143.807 -0.086 0.192 0.433
144.041 -0.085 0.192 0.433
144.221 -0.083 0.190 0.435
144.407 -0.084 0.196 0.431
144.645 -0.083 0.196 0.430
144.821 -0.083 0.195 0.429
145.008 -0.083 0.196 0.431
145.241 -0.083 0.195 0.430
145.421 -0.074 0.167 0.428
145.607 -0.072 0.157 0.426
145.845 -0.072 0.154 0.425
146.021 -0.074 0.159 0.424
146.207 -0.072 0.151 0.425
146.441 -0.073 0.151 0.424
146.621 -0.080 0.165 0.422
146.807 -0.086 0.175 0.422
147.041 -0.085 0.176 0.421
147.225 -0.087 0.173 0.421
147.407 -0.087 0.173 0.420
147.641 -0.089 0.172 0.413
147.821 -0.088 0.170 0.413
148.007 -0.088 0.172 0.410
148.245 -0.089 0.173 0.407
148.421 -0.090 0.171 0.405
148.608 -0.089 0.174 0.403
148.841 -0.089 0.174 0.402
149.021 -0.090 0.176 0.400
149.207 -0.091 0.174 0.397
149.441 -0.091 0.176 0.393
149.625 -0.092 0.178 0.390
149.807 -0.092 0.174 0.385
150.041 -0.092 0.168 0.381
150.221 -0.093 0.170 0.379
150.407 -0.090 0.171 0.376
150.641 -0.093 0.170 0.370
150.825 -0.093 0.166 0.367
151.007 -0.089 0.164 0.368
151.241 -0.094 0.164 0.360
151.425 -0.091 0.166 0.361
151.607 -0.092 0.168 0.356
151.845 -0.081 0.197 0.365
152.021 -0.077 0.209 0.367
152.207 -1.696 -0.258 0.804
152.445 -0.101 0.187 0.364
152.621 -0.056 -0.280 0.332
152.807 -0.051 -0.294 0.329
153.041 -0.052 -0.294 0.325
153.225 -0.344 0.667 1.313
153.407 0.936 0.668 1.431
153.645 -0.100 0.694 1.278
153.825 -0.398 0.590 1.272
154.007 -0.400 0.561 1.295
154.241 -0.393 0.557 1.297
154.421 -0.223 0.426 1.135
154.607 -0.225 0.425 1.130
154.841 -0.230 0.414 1.126
155.025 -0.235 0.393 1.125
155.207 -0.236 0.366 1.130
155.441 -0.237 0.338 1.135
155.621 -0.238 0.315 1.140
155.838 -0.240 0.302 1.145
156.061 -0.243 0.297 1.148
156.242 -0.235 0.287 1.151
156.438 2.410 -0.612 1.743
156.665 2.456 -0.613 1.740
156.841 2.441 -0.613 1.741
157.081 2.429 -0.617 1.744
157.268 2.424 -0.616 1.742
157.501 2.424 -0.614 1.741
157.682 2.332 -0.644 1.783
157.868 2.307 -0.649 1.794
158.104 2.316 -0.639 1.784
158.281 2.244 -0.658 1.805
158.478 2.198 -0.673 1.833
158.701 2.177 -0.684 1.853
158.885 2.198 -0.672 1.826
159.078 2.243 -0.649 1.796
159.301 2.247 -0.643 1.786
159.481 2.269 -0.629 1.765
159.678 2.302 -0.606 1.742
159.905 2.365 -0.580 1.725
160.083 2.430 -0.559 1.710
160.277 2.485 -0.542 1.700
160.505 2.526 -0.532 1.698
160.681 2.547 -0.528 1.701
160.921 2.552 -0.531 1.709
161.101 2.544 -0.538 1.720
161.297 2.541 -0.542 1.722
161.521 0.031 0.542 0.329
161.705 -0.009 -0.280 0.258
161.897 -0.019 0.093 0.348
162.121 -0.035 0.093 0.347
162.305 -0.083 0.172 0.283
162.497 -0.094 0.198 0.281
162.725 -0.100 0.209 0.299
162.918 -0.094 0.213 0.297
163.145 -0.091 0.215 0.301
163.328 -0.091 0.213 0.305
163.561 -0.086 0.206 0.307
163.745 -0.082 0.193 0.311
163.927 -0.078 0.180 0.312
164.165 -0.077 0.180 0.317
164.346 -0.076 0.200 0.314
164.537 -0.070 0.230 0.321
164.761 -0.066 0.286 0.317
164.941 -0.063 0.333 0.318
165.138 -0.059 0.372 0.318
165.362 -0.055 0.402 0.317
165.545 -0.054 0.404 0.308
165.739 -0.063 0.370 0.311
165.965 -0.066 0.335 0.309
166.141 -0.072 0.280 0.309
166.347 -0.064 0.218 0.312
166.582 -0.060 0.166 0.315
166.765 -0.059 0.134 0.316
166.958 -0.070 0.119 0.312
167.185 -0.085 0.120 0.312
167.361 -0.092 0.126 0.312
167.557 -0.097 0.140 0.309
167.781 -0.095 0.159 0.316
167.961 -0.077 0.174 0.317
168.158 -0.061 0.195 0.311
168.381 -0.072 0.212 0.303
168.565 -0.143 0.241 0.305
168.801 -0.157 0.238 0.299
168.985 -0.148 0.224 0.299
169.167 -0.128 0.196 0.302
169.405 -0.079 0.152 0.311
169.581 -0.030 0.116 0.319
169.768 0.002 0.089 0.320
170.005 0.018 0.076 0.322
170.185 0.016 0.080 0.324
170.368 1.960 0.155 -1.420
170.605 -3.106 0.604 -2.995
170.781 -3.110 0.601 -3.005
170.968 -3.100 0.609 -3.004
171.201 -3.087 0.613 -2.994
171.381 -3.102 0.613 -3.006
171.571 -3.073 0.621 -2.989
171.805 -3.106 0.624 -3.011
171.981 -3.107 0.633 -3.010
172.168 -3.108 0.634 -3.007
172.401 -3.127 0.623 -3.009
172.581 -3.113 0.619 -3.006
172.778 -0.132 0.494 -2.001
173.001 -2.303 -0.898 -2.091
173.181 -2.282 -0.906 -2.097
173.378 1.666 0.533 2.315
173.605 1.658 0.540 2.303
173.785 1.652 0.545 2.322
173.978 1.667 0.253 -1.314
174.201 1.666 0.246 -1.217
174.385 1.613 0.246 -1.137
174.578 1.565 0.230 -1.091
174.804 1.564 0.230 -1.081
174.981 1.600 0.232 -1.139
175.178 1.647 0.236 -1.231
175.401 -0.046 -0.004 -2.555
175.589 -0.265 0.476 1.154
175.787 -0.245 0.375 1.164
176.009 -0.194 0.325 1.182
176.189 -0.161 0.312 1.191
176.388 -0.138 0.331 1.197
176.609 -1.534 -1.161 2.770
176.797 -1.425 -1.149 2.637
177.053 3.035 -0.180 0.421
177.231 3.011 -0.181 0.419
177.438 2.981 -0.193 0.418
177.661 -2.711 -0.362 0.996
177.849 -2.715 -0.364 0.986
178.048 -2.717 -0.363 0.987
178.273 -2.713 -0.360 0.990
178.458 2.583 -0.788 2.671
178.695 2.424 -0.956 2.447
178.869 2.459 -0.944 2.415
179.058 2.485 -0.934 2.393
179.293 2.502 -0.929 2.379
179.473 -1.983 -0.917 -0.420
179.658 -1.968 -0.912 -0.436
179.889 0.463 -0.927 -2.809
180.073 3.044 -0.418 -2.705
180.258 3.082 -0.386 -2.699
180.493 3.087 -0.390 -2.705
180.673 3.090 -0.392 -2.706
180.858 3.091 -0.394 -2.712
181.093 -0.817 0.828 1.519
181.269 -0.753 0.849 1.509
181.457 3.067 -0.073 0.316
181.693 3.078 -0.065 0.313
181.869 3.085 -0.059 0.308
182.057 3.084 -0.057 0.302
182.289 3.079 -0.058 0.297
182.473 -0.787 -1.017 -2.013
182.657 -0.826 -1.046 -1.994
182.889 -0.825 -1.022 -1.989
183.069 -0.827 -1.024 -1.985
183.268 -0.834 -1.037 -1.982
183.489 2.869 -0.832 -0.176
183.674 2.799 -0.832 -0.183
183.913 2.693 -0.855 -0.176
184.089 2.653 -0.883 -0.154
184.288 2.648 -0.892 -0.141
184.514 0.107 -0.103 0.008
184.689 -0.050 0.026 0.002
184.888 -0.050 0.071 0.006
185.109 -0.043 0.085 0.015
185.289 -0.038 0.065 0.029
185.529 -0.028 0.020 0.044
185.733 -0.020 -0.040 0.062
185.909 -0.080 -0.033 0.973
186.107 -0.049 -0.036 0.971
186.329 -0.010 -0.049 0.998
186.527 0.027 -0.100 1.019
186.761 0.066 -0.162 0.984
186.941 0.145 0.295 0.631
187.128 0.177 0.288 0.627
187.362 0.193 0.241 0.611
187.546 0.194 0.206 0.520
187.728 0.188 0.170 0.464
187.961 0.170 0.144 0.436
188.145 0.137 0.134 0.424
188.327 0.112 0.145 0.415
188.565 0.115 0.153 0.403
188.741 0.087 0.123 0.398
188.927 0.051 0.095 0.389
189.163 0.005 0.073 0.368
189.341 -0.040 0.045 0.399
189.528 -0.077 0.026 0.355
189.773 -0.098 0.020 0.239
189.953 -0.109 0.032 0.170
190.147 -0.107 0.059 0.118
190.369 -0.125 0.098 0.073
190.549 -0.138 0.134 0.041
190.748 -0.133 0.164 0.013
190.981 -0.125 0.189 -0.010
191.166 -0.125 0.222 -0.047
191.358 -0.109 0.218 -0.067
191.581 -0.089 0.196 -0.076
191.765 -0.067 0.172 -0.101
191.957 -0.055 0.152 -0.117
192.181 -0.043 0.129 -0.131
192.361 -0.036 0.116 -0.146
192.557 -0.035 0.106 -0.154
192.785 -0.038 0.112 -0.169
192.961 -0.045 0.127 -0.185
193.157 -0.057 0.144 -0.202
193.381 -0.068 0.158 -0.213
193.561 -0.077 0.173 -0.226
193.757 -0.087 0.185 -0.239
193.985 -0.094 0.189 -0.251
194.161 -0.099 0.185 -0.262
194.357 -0.102 0.175 -0.274
194.581 -0.101 0.161 -0.284
194.765 -0.098 0.145 -0.296
194.958 -0.093 0.129 -0.306
195.181 -0.085 0.115 -0.316
195.361 -0.080 0.107 -0.327
195.557 -0.076 0.105 -0.336
195.785 -0.073 0.110 -0.348
195.965 -0.073 0.119 -0.360
196.157 -0.076 0.132 -0.373
196.381 -0.078 0.144 -0.384
196.561 -0.081 0.152 -0.393
196.757 -0.084 0.158 -0.403
196.985 -0.087 0.159 -0.412
197.165 -0.090 0.158 -0.421
197.357 -0.089 0.154 -0.428
197.581 -0.088 0.149 -0.435
197.761 -0.087 0.145 -0.440
197.957 -0.084 0.140 -0.443
198.181 -0.082 0.136 -0.445
198.361 -0.081 0.133 -0.448
198.557 -0.080 0.130 -0.450
198.785 -0.081 0.128 -0.452
198.961 -0.082 0.128 -0.452
199.157 -0.082 0.129 -0.452
199.385 -0.085 0.132 -0.453
199.565 -0.086 0.133 -0.453
199.758 -0.086 0.136 -0.453
199.985 -0.088 0.138 -0.455
200.161 -0.088 0.140 -0.454
200.357 -0.088 0.140 -0.454
200.581 -0.087 0.141 -0.454
200.761 -0.086 0.139 -0.453
200.957 -0.084 0.137 -0.453
201.181 -0.085 0.135 -0.454
201.365 -0.086 0.132 -0.455
201.557 -0.086 0.132 -0.456
201.781 -0.086 0.130 -0.457
201.965 -0.085 0.132 -0.459
202.157 -0.085 0.134 -0.463
202.381 -0.084 0.135 -0.465
202.561 -0.083 0.138 -0.468
202.757 -0.082 0.140 -0.471
202.981 -0.081 0.141 -0.473
203.161 -0.084 0.136 -0.488
203.357 -0.072 0.131 -0.528
203.585 -0.053 0.139 -0.541
203.765 -0.040 0.150 -0.547
203.957 -0.043 0.168 -0.545
204.181 -0.046 0.185 -0.532
204.365 -0.054 0.198 -0.519
204.558 -0.063 0.200 -0.504
204.782 -0.071 0.193 -0.484
204.961 -0.079 0.178 -0.461
205.158 -0.084 0.158 -0.436
205.385 -0.088 0.139 -0.410
205.565 -0.089 0.125 -0.387
205.757 -0.089 0.117 -0.362
205.981 -0.088 0.115 -0.338
206.165 -0.087 0.119 -0.315
206.357 -0.085 0.127 -0.291
206.581 -0.082 0.137 -0.268
206.761 -0.079 0.150 -0.246
206.957 -0.074 0.164 -0.221
207.181 -0.072 0.173 -0.199
207.361 -0.070 0.175 -0.174
207.557 -0.072 0.178 -0.152
207.781 -0.071 0.177 -0.131
207.961 -0.073 0.172 -0.107
208.157 -0.074 0.166 -0.086
208.381 -0.072 0.158 -0.064
208.561 -0.072 0.152 -0.042
208.757 -0.072 0.150 -0.023
208.981 -0.070 0.153 -0.006
209.161 -0.069 0.156 0.012
209.358 -0.068 0.163 0.032
209.585 -0.066 0.167 0.052
209.761 -0.066 0.173 0.069
209.957 -0.066 0.178 0.084
210.185 -0.066 0.181 0.101
210.361 -0.064 0.185 0.122
210.557 -0.062 0.192 0.161
210.781 -0.073 0.194 0.196
210.961 -0.084 0.191 0.219
211.157 -0.110 0.198 0.226
211.381 -0.153 0.211 0.215
211.561 -0.191 0.212 0.198
211.757 -0.214 0.204 0.187
211.981 -0.218 0.197 0.181
212.161 -0.209 0.195 0.177
212.357 -0.194 0.202 0.174
212.581 -0.174 0.211 0.170
212.765 -0.157 0.227 0.170
212.960 -0.133 0.234 0.169
213.185 -0.115 0.241 0.169
213.361 -0.096 0.232 0.166
213.557 -0.083 0.218 0.161
213.781 -0.072 0.204 0.156
213.961 -0.071 0.186 0.150
214.157 -0.070 0.172 0.142
214.385 -0.078 0.160 0.135
214.571 -0.084 0.153 0.125
214.801 -0.095 0.152 0.116
214.981 -0.105 0.156 0.106
215.168 -0.113 0.162 0.095
215.401 -0.119 0.169 0.082
215.581 -0.123 0.175 0.068
215.768 -0.125 0.178 0.053
216.001 -0.126 0.179 0.037
216.181 -0.127 0.177 0.022
216.368 -0.126 0.175 0.007
216.625 -0.126 0.170 -0.009
216.805 -0.126 0.165 -0.024
216.988 -0.126 0.162 -0.038
217.221 -0.126 0.161 -0.051
217.405 -0.128 0.161 -0.063
217.588 -0.130 0.161 -0.076
217.825 -0.133 0.162 -0.087
218.002 -0.137 0.163 -0.096
218.188 -0.140 0.163 -0.105
218.421 -0.142 0.162 -0.112
218.601 -0.144 0.160 -0.118
218.788 -0.146 0.157 -0.124
219.021 -0.148 0.154 -0.129
219.201 -0.148 0.152 -0.133
219.388 -0.149 0.150 -0.137
219.625 -0.149 0.149 -0.140
219.801 -0.149 0.149 -0.143
219.988 -0.149 0.149 -0.146
220.225 -0.150 0.151 -0.149
220.406 -0.151 0.155 -0.153
220.588 -0.152 0.158 -0.157
220.821 -0.154 0.163 -0.161
221.005 -0.155 0.167 -0.165
221.188 -0.156 0.171 -0.169
221.421 -0.157 0.173 -0.172
221.601 -0.157 0.173 -0.176
221.841 -0.157 0.172 -0.180
222.021 -0.158 0.170 -0.184
222.208 -0.158 0.168 -0.189
222.441 -0.157 0.166 -0.193
222.621 -0.158 0.164 -0.198
222.817 -0.158 0.163 -0.203
223.041 -0.155 0.161 -0.179
223.221 -0.129 0.167 -0.020
223.418 -0.119 0.178 0.057
223.641 -0.107 0.193 0.115
223.821 -0.095 0.206 0.161
224.019 -0.086 0.211 0.201
224.241 -0.075 0.209 0.235
224.422 -0.067 0.201 0.263
224.665 -0.062 0.189 0.287
224.845 -0.059 0.178 0.306
225.027 -0.057 0.168 0.322
225.265 -0.057 0.160 0.334
225.441 -0.057 0.155 0.343
225.628 -0.058 0.153 0.349
225.865 -0.059 0.155 0.352
226.048 -0.058 0.158 0.353
226.285 -0.058 0.162 0.351
226.469 -0.057 0.167 0.348
226.658 -0.057 0.171 0.343
226.889 -0.057 0.174 0.337
227.069 -0.058 0.170 0.330
227.278 -0.054 0.162 0.323
227.501 -0.043 0.165 0.317
227.681 -0.035 0.177 0.312
227.878 -2.308 -0.002 0.876
228.101 -2.324 0.021 0.884
228.285 -2.352 -0.091 0.889
228.477 -2.337 -0.278 0.896
228.701 -2.293 -0.462 0.906
228.885 -2.262 -0.568 0.914
229.133 -2.241 -0.620 0.913
229.309 -2.233 -0.639 0.910
229.501 -2.235 -0.641 0.909
229.729 -2.246 -0.640 0.915
229.909 -2.259 -0.639 0.926
230.108 -2.267 -0.639 0.938
230.333 -2.268 -0.641 0.944
230.509 -2.264 -0.649 0.943
230.708 -2.263 -0.651 0.942
230.933 -2.267 -0.649 0.945
231.109 -2.274 -0.647 0.949
231.308 -2.281 -0.646 0.954
231.529 -2.286 -0.645 0.962
231.709 -2.287 -0.647 0.963
231.908 -2.288 -0.650 0.965
232.134 -2.291 -0.651 0.967
232.309 -2.293 -0.652 0.969
232.509 -2.296 -0.653 0.973
232.729 -2.300 -0.652 0.977
232.918 -2.304 -0.653 0.981
233.153 -2.307 -0.654 0.985
233.331 -2.311 -0.655 0.989
233.517 -2.312 -0.656 0.990
233.753 -2.314 -0.657 0.994
233.929 -2.319 -0.657 0.999
234.117 -1.752 0.583 0.390
234.349 -1.630 0.722 0.398
234.529 -1.793 0.589 0.399
234.769 -1.863 0.515 0.401
234.973 -1.864 0.509 0.402
235.157 -1.858 0.509 0.404
235.389 -1.852 0.509 0.406
235.569 -1.849 0.506 0.407
235.778 -1.845 0.504 0.406
236.001 -1.840 0.503 0.407
236.197 -1.835 0.501 0.410
236.425 -1.830 0.500 0.414
236.602 -1.828 0.496 0.415
236.798 -1.824 0.494 0.415
237.021 -1.820 0.492 0.416
237.202 -1.817 0.489 0.418
237.397 -1.814 0.487 0.416
237.625 -1.810 0.485 0.416
237.805 -1.804 0.483 0.420
238.008 -1.800 0.479 0.424
238.233 -1.799 0.477 0.424
238.428 -1.796 0.474 0.423
238.649 -1.791 0.473 0.426
238.833 -1.787 0.471 0.426
239.028 -1.786 0.467 0.425
239.261 -1.781 0.465 0.427
239.458 -1.777 0.462 0.430
239.681 -1.775 0.460 0.431
239.862 -1.772 0.458 0.430
240.058 -1.770 0.454 0.430
240.281 -1.766 0.454 0.432
240.461 -1.764 0.451 0.434
240.659 -1.760 0.449 0.435
240.883 -1.759 0.446 0.434
241.061 -1.755 0.444 0.434
241.258 -1.753 0.442 0.434
241.481 -1.751 0.439 0.435
241.661 -1.749 0.438 0.436
241.857 -1.747 0.436 0.438
242.082 -1.745 0.434 0.439
242.261 -1.741 0.432 0.439
242.458 -1.739 0.429 0.438
242.681 -1.738 0.428 0.438
242.861 -1.737 0.427 0.439
243.058 -1.735 0.425 0.441
243.285 -1.733 0.424 0.441
243.469 -1.731 0.422 0.440
243.714 -1.729 0.420 0.441
243.918 -1.741 0.424 0.442
244.141 -1.735 0.430 0.441
244.325 -1.736 0.431 0.442
244.518 -1.734 0.433 0.443
244.741 -1.735 0.435 0.443
244.925 -1.736 0.436 0.442
245.118 -1.738 0.438 0.440
245.345 -1.740 0.441 0.437
245.521 -1.741 0.444 0.436
245.718 -1.743 0.446 0.435
245.945 -1.745 0.450 0.436
246.121 -1.746 0.452 0.440
246.317 -1.748 0.454 0.441
246.545 -1.750 0.456 0.437
246.725 -1.753 0.460 0.435
246.918 -1.754 0.464 0.436
247.141 -1.756 0.466 0.434
247.325 -1.757 0.469 0.432
247.518 -1.758 0.472 0.432
247.741 -1.763 0.475 0.433
247.927 -1.768 0.480 0.429
248.161 -1.771 0.485 0.426
248.341 -1.772 0.489 0.426
248.528 -1.773 0.492 0.428
248.765 -1.775 0.493 0.427
248.941 -1.779 0.495 0.426
249.127 -1.780 0.498 0.425
249.361 -1.783 0.500 0.424
249.541 -1.784 0.503 0.421
249.739 -1.785 0.507 0.421
249.961 -1.788 0.510 0.423
250.141 -1.792 0.514 0.421
250.337 -1.796 0.519 0.417
250.565 -1.800 0.524 0.414
250.745 -1.802 0.526 0.415
250.937 -1.802 0.527 0.418
251.165 -1.804 0.529 0.417
251.341 -1.805 0.532 0.414
251.538 -1.808 0.533 0.413
251.765 -1.810 0.535 0.414
251.947 -1.812 0.537 0.411
252.181 -1.812 0.540 0.410
252.365 -1.813 0.540 0.412
252.557 -1.813 0.539 0.414
252.785 -1.813 0.540 0.413
252.961 -1.814 0.541 0.412
253.158 -1.815 0.542 0.412
253.385 -1.814 0.542 0.411
253.561 -1.815 0.542 0.411
253.757 -1.815 0.543 0.412
253.985 -1.815 0.543 0.412
254.165 -1.814 0.543 0.411
254.357 -1.814 0.543 0.410
254.585 -1.813 0.543 0.411
254.765 -1.814 0.541 0.412
254.957 -1.814 0.542 0.410
255.181 -1.813 0.541 0.408
255.367 -1.810 0.541 0.410
255.605 -1.810 0.539 0.414
255.785 -1.810 0.539 0.413
255.968 -1.811 0.538 0.410
256.201 -1.811 0.539 0.408
256.381 -1.810 0.540 0.408
256.577 -1.807 0.539 0.412
256.809 -1.808 0.537 0.413
256.997 -1.808 0.538 0.412
257.233 -1.808 0.538 0.412
257.413 -1.807 0.538 0.415
257.598 -1.806 0.537 0.414
257.829 -1.806 0.536 0.411
258.021 -1.806 0.536 0.410
258.207 -1.805 0.535 0.411
258.441 -1.804 0.536 0.413
258.633 -1.804 0.535 0.413
258.827 -1.804 0.535 0.412
259.049 -1.803 0.535 0.410
259.233 -1.804 0.536 0.409
259.428 -1.804 0.535 0.410
259.654 -1.803 0.536 0.410
259.829 -1.802 0.535 0.410
260.027 -1.802 0.534 0.412
260.251 -1.801 0.534 0.414
260.434 -1.801 0.533 0.414
260.627 -1.803 0.535 0.412
260.849 -1.803 0.536 0.410
261.037 -1.805 0.537 0.408
261.269 -1.808 0.546 0.404
261.449 -1.821 0.559 0.393
261.637 -1.834 0.581 0.382
261.889 -1.842 0.585 0.387
262.069 -1.854 0.598 0.387
262.269 -1.861 0.600 0.396
262.489 -1.869 0.610 0.396
262.674 -1.879 0.621 0.390
262.868 -2.967 -0.029 1.800
263.089 -2.968 -0.026 1.806
263.278 -2.959 -0.042 1.795
263.510 -2.953 -0.054 1.794
263.689 -2.956 -0.054 1.787
263.879 -2.977 -0.041 1.768
264.113 -3.029 -0.021 1.739
264.289 -3.086 -0.018 1.691
264.488 -3.135 -0.033 1.625
264.713 3.115 -0.059 1.551
264.889 3.092 -0.090 1.489
265.088 3.078 -0.125 1.434
265.313 3.074 -0.157 1.378
265.489 3.079 -0.174 1.328
265.688 3.098 -0.175 1.266
265.909 3.117 -0.164 1.215
266.090 3.130 -0.159 1.171
266.288 3.135 -0.150 1.150
266.513 3.128 -0.151 1.142
266.689 3.133 -0.151 1.134
266.889 -3.136 -0.151 1.127
267.114 -3.118 -0.150 1.123
267.289 -3.098 -0.148 1.116
267.488 -3.077 -0.143 1.112
267.709 -3.058 -0.139 1.108
267.890 -3.042 -0.135 1.106
268.097 -3.027 -0.131 1.100
268.329 -3.016 -0.128 1.096
268.518 -3.009 -0.126 1.091
268.749 -3.003 -0.126 1.088
268.933 -3.001 -0.126 1.085
269.128 -3.001 -0.124 1.083
269.349 -3.005 -0.123 1.080
269.529 -3.008 -0.124 1.081
269.728 -3.010 -0.124 1.077
269.953 -3.013 -0.124 1.075
270.134 -3.019 -0.125 1.076
270.328 -3.023 -0.127 1.073
270.549 -3.027 -0.126 1.068
270.742 -3.032 -0.124 1.063
270.938 -3.036 -0.125 1.058
271.161 -3.041 -0.127 1.057
271.348 -3.044 -0.127 1.055
271.589 -3.047 -0.127 1.051
271.769 -3.052 -0.128 1.049
271.978 -3.056 -0.127 1.043
272.201 -3.058 -0.126 1.040
272.387 -3.061 -0.127 1.038
272.625 -3.064 -0.126 1.033
272.801 -3.068 -0.127 1.029
272.987 -3.069 -0.125 1.024
273.225 -3.071 -0.124 1.020
273.401 -3.073 -0.123 1.021
273.598 -3.074 -0.125 1.015
273.827 -3.073 -0.123 1.010
274.018 -3.075 -0.122 1.008
274.245 -3.078 -0.122 1.004
274.428 -3.079 -0.123 0.999
274.661 -3.078 -0.123 0.998
274.845 -3.078 -0.121 0.994
275.028 -3.079 -0.121 0.989
275.265 -3.079 -0.121 0.989
275.447 -3.080 -0.121 0.987
275.641 -3.080 -0.120 0.985
275.861 -3.080 -0.120 0.983
276.045 -3.081 -0.121 0.979
276.238 -3.081 -0.121 0.978
276.461 -3.081 -0.119 0.974
276.641 -3.082 -0.118 0.974
276.838 -3.082 -0.118 0.973
277.062 -3.081 -0.118 0.972
277.242 -3.082 -0.117 0.970
277.438 -3.082 -0.117 0.968
277.661 -3.082 -0.118 0.967
277.841 -3.082 -0.116 0.965
278.039 -3.083 -0.114 0.965
278.261 -3.081 -0.116 0.964
278.441 -3.081 -0.116 0.964
278.637 -3.083 -0.114 0.965
278.865 -3.084 -0.113 0.965
279.045 -3.084 -0.114 0.965
279.281 -3.084 -0.116 0.965
279.461 -3.083 -0.116 0.965
279.648 -3.083 -0.116 0.966
279.885 -3.084 -0.119 0.968
280.062 -3.086 -0.120 0.971
280.248 -3.087 -0.120 0.972
280.481 -3.086 -0.120 0.974
280.665 -3.085 -0.122 0.978
280.849 -3.084 -0.122 0.979
281.081 -3.085 -0.121 0.981
281.265 -3.088 -0.121 0.984
281.448 -3.089 -0.122 0.987
281.681 -3.090 -0.121 0.992
281.865 -3.089 -0.122 0.996
282.048 -3.087 -0.125 1.000
282.281 -3.086 -0.127 1.004
282.465 -3.087 -0.125 1.009
282.648 -3.091 -0.122 1.013
282.881 -3.094 -0.121 1.017
283.073 -3.095 -0.125 1.022
283.257 -3.091 -0.127 1.025
283.493 -3.089 -0.126 1.030
283.686 -3.089 -0.124 1.034
283.878 0.069 -0.023 2.858
284.113 0.039 0.014 2.803
284.291 -0.009 0.062 2.759
284.488 -0.072 0.127 2.715
284.709 -0.131 0.179 2.680
284.893 -0.173 0.213 2.650
285.088 -0.201 0.226 2.626
285.313 -0.209 0.224 2.610
285.493 -0.201 0.206 2.603
285.688 -0.180 0.176 2.603
285.909 -0.156 0.145 2.604
286.089 -0.119 0.118 2.595
286.289 -0.091 0.098 2.601
286.509 -0.074 0.094 2.605
286.690 -0.065 0.097 2.613
286.888 -0.064 0.116 2.622
287.109 -0.069 0.140 2.628
287.293 -0.070 0.144 2.648
287.488 -0.084 0.172 2.652
287.713 -0.095 0.180 2.661
287.901 -0.112 0.195 2.670
288.145 -0.122 0.193 2.676
288.321 -0.125 0.181 2.686
288.508 -0.122 0.161 2.696
288.741 -0.116 0.143 2.708
288.922 -0.110 0.128 2.720
289.108 -0.101 0.116 2.734
289.341 -0.095 0.111 2.748
289.521 -0.092 0.115 2.756
289.708 -0.093 0.122 2.769
289.941 -0.094 0.134 2.779
290.125 -0.093 0.147 2.788
290.307 -0.093 0.157 2.798
290.541 -0.095 0.166 2.804
290.722 -0.096 0.170 2.817
290.908 -0.097 0.168 2.830
291.142 -0.098 0.169 2.842
291.325 -0.101 0.165 2.856
291.508 -0.106 0.159 2.868
291.745 -0.107 0.153 2.882
291.928 -0.108 0.148 2.894
292.165 -0.108 0.147 2.895
292.341 -0.109 0.144 2.895
292.529 -0.110 0.147 2.896
292.761 -0.111 0.152 2.896
292.945 -0.112 0.157 2.896
293.128 -0.111 0.157 2.896
293.365 -0.110 0.156 2.897
293.541 -0.109 0.157 2.898
293.738 -0.107 0.157 2.898
293.961 -0.108 0.154 2.972
294.142 -0.108 0.143 2.986
294.338 -0.108 0.135 2.997
294.565 -0.111 0.133 3.003
294.742 -0.112 0.130 3.011
294.938 -0.109 0.119 3.024
295.165 -0.113 0.129 3.023
295.345 -0.112 0.128 3.029
295.538 -0.111 0.133 3.036
295.765 -0.112 0.140 3.041
295.946 -0.113 0.141 3.048
296.138 -0.109 0.136 3.061
296.365 -0.113 0.145 3.064
296.545 -0.113 0.145 3.075
296.738 -0.111 0.140 3.086
296.965 -0.112 0.140 3.095
297.158 -0.112 0.135 3.107
297.385 -0.112 0.134 3.113
297.565 -0.112 0.130 3.117
297.758 -0.114 0.133 3.117
297.985 -0.115 0.132 3.117
298.165 -0.113 0.130 3.122
298.357 -0.112 0.136 3.120
298.581 -0.109 0.138 3.123
298.765 -0.109 0.139 3.129
298.957 -0.110 0.141 3.138
299.181 -0.111 0.145 -3.138
299.378 -0.113 0.148 -3.130
299.613 -0.115 0.146 -3.122
299.789 -0.117 0.146 -3.115
299.979 -0.119 0.143 -3.109
300.213 -0.117 0.139 -3.107
300.389 -0.117 0.135 -3.106
300.578 -0.116 0.136 -3.107
300.810 -0.122 0.154 -3.113
300.989 -0.150 0.188 -3.128
301.177 -0.184 0.221 3.131
301.413 -0.195 0.229 3.122
301.589 -0.176 0.198 -3.140
301.777 -0.140 0.137 -3.080
302.013 -0.106 0.092 -3.015
302.189 -0.110 0.088 -3.013
302.378 -0.111 0.089 -3.011
302.609 -0.107 0.094 -3.008
302.790 -0.098 0.100 -3.006
302.978 -0.087 0.105 -3.004
303.209 -0.073 0.112 -3.002
303.389 -0.060 0.119 -2.999
303.578 -0.048 0.124 -2.997
303.813 -0.037 0.128 -2.994
303.989 -0.029 0.132 -2.992
304.178 -0.022 0.136 -2.990
304.413 -0.015 0.139 -2.987
304.597 -0.010 0.140 -2.984
304.788 -0.007 0.139 -2.981
305.009 -0.005 0.139 -2.979
305.193 -0.005 0.139 -2.976
305.388 -0.007 0.138 -2.974
305.609 -0.007 0.137 -2.971
305.789 -0.007 0.139 -2.968
305.988 -0.007 0.138 -2.965
306.225 -0.009 0.135 -2.963
306.418 -0.011 0.133 -2.960
306.642 -0.013 0.132 -2.957
306.825 -0.014 0.132 -2.954
307.018 -0.015 0.132 -2.951
307.245 -0.017 0.131 -2.949
307.425 -0.019 0.129 -2.946
307.618 -0.019 0.127 -2.943
307.842 -0.020 0.126 -2.940
308.022 -0.021 0.128 -2.937
308.218 -0.021 0.128 -2.934
308.445 -0.023 0.125 -2.932
308.621 -0.025 0.123 -2.928
308.818 -0.025 0.124 -2.926
309.045 -0.025 0.123 -2.922
309.225 -0.026 0.120 -2.919
309.422 -0.027 0.120 -2.916
309.645 -0.027 0.122 -2.912
309.828 -0.027 0.123 -2.909
310.061 -0.027 0.122 -2.906
310.245 -0.027 0.120 -2.902
310.438 -0.026 0.120 -2.898
310.661 -0.027 0.122 -2.895
310.845 -0.027 0.121 -2.891
311.039 -2.520 0.869 -0.008
311.261 -2.525 0.869 -0.012
311.443 -2.460 0.964 -0.016
311.638 -2.378 1.129 -0.026
311.862 -2.333 1.294 -0.034
312.042 -2.326 1.407 -0.037
312.238 -2.351 1.466 -0.058
312.469 -2.396 1.493 -0.098
312.649 -2.422 1.498 -0.122
312.849 2.380 1.241 -1.362
313.069 2.474 1.194 -1.241
313.249 2.613 1.160 -1.091
313.448 2.648 1.155 -1.063
313.673 2.577 1.169 -1.170
313.849 2.421 1.195 -1.364
314.048 2.073 1.233 -1.805
314.273 1.847 1.247 -2.061
314.453 1.990 1.254 -1.974
314.648 2.128 1.259 -1.859
314.869 2.335 1.252 -1.693
315.053 2.511 1.215 -1.522
315.248 2.637 1.170 -1.421
315.469 2.713 1.133 -1.364
315.649 2.654 1.164 -1.401
315.889 2.573 1.193 -1.411
316.069 2.509 1.202 -1.415
316.258 2.533 1.193 -1.350
316.493 2.552 1.186 -1.313
316.669 2.638 1.150 -1.224
316.868 2.631 1.145 -1.235
317.089 2.539 1.170 -1.334
317.280 2.412 1.197 -1.472
317.509 2.254 1.226 -1.642
317.689 2.092 1.242 -1.813
317.877 1.982 1.244 -1.935
318.109 1.960 1.240 -1.978
318.298 2.018 1.236 -1.942
318.529 2.131 1.223 -1.856
318.713 2.296 1.200 -1.703
318.898 2.398 1.191 -1.629
319.129 2.479 1.181 -1.552
319.309 2.489 1.192 -1.546
319.498 2.533 1.181 -1.495
319.729 2.547 1.186 -1.484
319.901 2.558 1.187 -1.474
320.098 2.542 1.199 -1.480
320.321 2.448 1.231 -1.563
320.501 2.444 1.233 -1.553
320.699 2.401 1.240 -1.588
320.921 2.291 1.258 -1.683
321.108 2.290 1.253 -1.666
321.341 2.282 1.247 -1.675
321.521 2.418 1.220 -1.518
321.713 2.422 1.217 -1.503
321.949 2.406 1.221 -1.497
322.133 2.417 1.219 -1.467
322.328 2.425 1.222 -1.443
322.561 2.422 1.227 -1.432
322.745 2.440 1.226 -1.396
322.928 2.422 1.238 -1.393
323.161 2.398 1.251 -1.410
323.358 2.334 1.262 -1.463
323.581 2.363 1.255 -1.422
323.765 2.398 1.242 -1.374
323.958 2.397 1.238 -1.362
324.185 2.397 1.235 -1.346
324.361 2.382 1.235 -1.347
324.558 2.368 1.237 -1.347
324.785 2.338 1.245 -1.362
324.961 2.316 1.247 -1.374
325.158 2.328 1.242 -1.350
325.381 2.338 1.238 -1.335
325.561 2.325 1.242 -1.343
325.758 2.342 1.239 -1.312
325.986 2.361 1.236 -1.283
326.166 2.355 1.240 -1.287
326.401 2.382 1.234 -1.256
326.582 2.378 1.235 -1.257
326.768 2.370 1.236 -1.250
327.001 2.353 1.239 -1.258
327.182 2.335 1.240 -1.278
327.368 2.340 1.239 -1.260
327.601 2.350 1.234 -1.245
327.781 2.377 1.229 -1.211
327.967 2.352 1.236 -1.238
328.205 2.363 1.236 -1.223
328.381 2.391 1.231 -1.191
328.567 2.413 1.227 -1.167
328.813 2.356 1.244 -1.225
328.989 2.376 1.239 -1.194
329.178 2.349 1.244 -1.216
329.409 2.374 1.235 -1.189
329.589 2.337 1.242 -1.219
329.778 2.380 1.228 -1.175
330.013 2.352 1.235 -1.203
330.208 2.353 1.236 -1.199
330.429 2.382 1.232 -1.170
330.609 2.396 1.228 -1.161
330.807 2.390 1.228 -1.166
331.029 2.373 1.232 -1.174
331.209 2.394 1.228 -1.152
331.408 2.381 1.234 -1.161
331.629 2.367 1.238 -1.178
331.809 2.333 1.247 -1.206
332.008 2.320 1.250 -1.215
332.229 2.336 1.243 -1.197
332.409 2.355 1.240 -1.177
332.608 2.359 1.240 -1.178
332.834 2.388 1.234 -1.143
333.009 2.380 1.236 -1.148
333.208 2.365 1.239 -1.161
333.433 2.370 1.236 -1.158
333.609 2.344 1.242 -1.182
333.808 2.310 1.248 -1.211
334.029 2.310 1.249 -1.209
334.209 2.362 1.238 -1.157
334.408 2.402 1.228 -1.123
334.629 2.395 1.232 -1.136
334.813 2.402 1.231 -1.131
335.008 2.395 1.232 -1.142
335.233 2.347 1.245 -1.196
335.409 2.369 1.239 -1.172
335.645 2.373 1.241 -1.161
335.827 2.368 1.239 -1.167
336.061 2.328 1.248 -1.206
336.245 2.356 1.240 -1.168
336.427 2.366 1.239 -1.163
336.665 2.340 1.244 -1.192
336.845 2.354 1.243 -1.177
337.027 2.366 1.241 -1.175
337.265 2.355 1.244 -1.194
337.441 2.349 1.246 -1.210
337.627 2.380 1.236 -1.176
337.861 2.385 1.236 -1.181
338.045 2.347 1.244 -1.224
338.228 2.349 1.241 -1.216
338.461 2.353 1.240 -1.213
338.641 2.369 1.235 -1.197
338.829 2.379 1.232 -1.182
339.065 2.398 1.228 -1.163
339.245 2.359 1.242 -1.208
339.428 2.355 1.246 -1.214
339.668 2.329 1.253 -1.243
339.845 2.350 1.249 -1.226
340.027 2.354 1.247 -1.228
340.265 2.367 1.243 -1.210
340.445 2.363 1.244 -1.217
340.628 2.384 1.239 -1.202
340.861 2.346 1.248 -1.239
341.045 2.359 1.245 -1.231
341.228 2.395 1.235 -1.202
341.461 2.402 1.233 -1.199
341.645 2.358 1.244 -1.253
341.838 2.336 1.249 -1.282
342.069 2.338 1.247 -1.280
342.253 2.370 1.239 -1.253
342.438 2.363 1.240 -1.269
342.669 2.356 1.242 -1.274
342.861 2.360 1.243 -1.274
343.109 2.371 1.240 -1.270
343.289 2.379 1.239 -1.270
343.478 2.381 1.240 -1.278
343.709 2.370 1.243 -1.291
343.893 2.363 1.244 -1.305
344.078 2.345 1.247 -1.330
344.313 2.338 1.248 -1.344
344.489 2.326 1.249 -1.360
344.678 2.354 1.242 -1.332
344.909 2.351 1.244 -1.342
345.091 2.362 1.242 -1.336
345.277 2.375 1.241 -1.326
345.509 2.370 1.243 -1.338
345.695 2.354 1.248 -1.356
345.878 2.344 1.251 -1.371
346.113 2.352 1.246 -1.364
346.289 2.336 1.248 -1.386
346.478 2.361 1.239 -1.355
346.714 2.342 1.244 -1.378
346.889 2.383 1.235 -1.337
347.078 2.372 1.237 -1.351
347.313 2.367 1.239 -1.363
347.489 2.377 1.234 -1.351
347.678 2.377 1.234 -1.359
347.909 2.354 1.239 -1.383
348.089 2.352 1.237 -1.384
348.277 2.352 1.236 -1.387
348.509 2.373 1.230 -1.364
348.689 2.368 1.230 -1.373
348.878 2.369 1.231 -1.373
349.113 2.371 1.231 -1.373
349.289 2.349 1.237 -1.399
349.477 2.354 1.235 -1.400
349.713 2.364 1.232 -1.391
349.893 2.369 1.230 -1.388
350.078 2.373 1.228 -1.382
350.309 2.361 1.232 -1.395
350.489 2.368 1.230 -1.390
350.697 2.387 1.226 -1.368
350.921 2.379 1.229 -1.382
351.105 2.369 1.232 -1.397
351.297 2.362 1.233 -1.407
351.521 2.355 1.234 -1.413
351.705 2.356 1.234 -1.415
351.898 2.363 1.232 -1.405
352.121 2.375 1.230 -1.390
352.305 2.366 1.235 -1.403
352.498 2.363 1.236 -1.406
352.726 2.353 1.237 -1.426
352.914 2.286 1.241 -1.509
353.108 2.195 1.238 -1.613
353.329 2.161 1.232 -1.668
353.528 2.210 1.220 -1.637
353.761 2.268 1.214 -1.589
353.949 2.359 1.209 -1.510
354.138 2.446 1.210 -1.431
354.377 2.493 1.213 -1.392
354.549 2.580 1.214 -1.318
354.747 2.588 1.222 -1.321
354.973 2.570 1.240 -1.354
355.149 2.523 1.252 -1.407
355.349 2.464 1.258 -1.479
355.573 2.415 1.253 -1.533
355.753 2.335 1.255 -1.618
355.947 2.318 1.245 -1.633
356.169 2.299 1.240 -1.653
356.353 2.292 1.234 -1.663
356.548 2.308 1.222 -1.659
356.773 2.348 1.212 -1.626
356.950 2.391 1.211 -1.562
357.148 2.434 1.207 -1.520
357.373 2.446 1.206 -1.513
357.549 2.456 1.205 -1.507
357.748 2.440 1.210 -1.528
357.969 2.532 1.189 -1.449
358.153 2.667 1.160 -1.330
358.348 2.695 1.177 -1.325
358.573 2.701 1.180 -1.337
358.753 2.654 1.204 -1.400
358.948 2.568 1.218 -1.504
359.169 2.395 1.233 -1.700
359.349 2.232 1.229 -1.895
359.548 2.249 1.209 -1.879
359.769 2.108 1.212 -2.060
359.957 2.132 1.212 -2.043
360.194 2.253 1.210 -1.929
360.369 2.371 1.210 -1.821
360.568 2.508 1.198 -1.687
360.793 2.572 1.207 -1.635
360.969 2.611 1.221 -1.602
361.225 2.646 1.223 -1.575
361.405 2.633 1.230 -1.589
361.588 2.583 1.247 -1.636
361.821 2.530 1.258 -1.679
362.009 2.476 1.260 -1.718
362.198 2.431 1.257 -1.750
362.435 2.403 1.245 -1.771
362.613 2.380 1.228 -1.784
362.798 2.377 1.210 -1.784
363.033 2.390 1.190 -1.755
363.209 2.342 1.197 -1.806
363.397 2.374 1.187 -1.770
363.629 2.358 1.197 -1.780
363.833 2.407 1.190 -1.722
364.028 2.334 1.221 -1.791
364.249 2.408 1.211 -1.729
364.429 2.411 1.221 -1.702
364.681 2.420 1.228 -1.700
364.861 2.426 1.231 -1.681
365.048 2.409 1.237 -1.691
365.289 2.495 1.207 -1.600
365.469 2.469 1.215 -1.622
365.658 2.443 1.219 -1.637
365.889 2.433 1.221 -1.641
366.069 2.424 1.222 -1.643
366.258 2.459 1.207 -1.599
366.489 2.435 1.209 -1.622
366.673 2.456 1.197 -1.596
366.857 2.429 1.203 -1.620
367.093 2.431 1.199 -1.616
367.274 2.432 1.197 -1.610
367.468 2.437 1.196 -1.608
367.705 2.426 1.199 -1.614
367.881 2.435 1.197 -1.604
368.068 2.437 1.198 -1.599
368.301 2.433 1.202 -1.602
368.481 2.435 1.204 -1.598
368.678 2.440 1.206 -1.592
368.901 2.428 1.213 -1.606
369.088 2.448 1.209 -1.581
369.325 2.462 1.207 -1.564
369.501 2.447 1.214 -1.581
369.688 2.465 1.203 -1.558
369.933 2.479 1.184 -1.548
370.109 2.456 1.184 -1.568
370.308 2.433 1.177 -1.585
370.531 2.446 1.165 -1.575
370.709 2.396 1.179 -1.620
370.908 2.373 1.192 -1.630
371.141 2.388 1.196 -1.591
371.327 2.390 1.206 -1.586
371.561 2.349 1.231 -1.606
371.741 2.342 1.239 -1.605
371.937 2.380 1.239 -1.561
372.169 2.393 1.242 -1.546
372.358 2.415 1.238 -1.524
372.589 2.418 1.238 -1.518
372.769 2.442 1.229 -1.490
372.957 2.451 1.225 -1.481
373.189 2.438 1.226 -1.497
373.369 2.432 1.222 -1.499
373.557 2.412 1.224 -1.519
373.789 2.395 1.225 -1.534
373.969 2.380 1.224 -1.548
374.160 2.353 1.225 -1.580
374.401 2.352 1.220 -1.583
374.581 2.345 1.221 -1.595
374.768 2.362 1.218 -1.580
375.001 2.386 1.212 -1.565
375.181 2.386 1.216 -1.573
375.368 2.397 1.216 -1.567
375.601 2.423 1.213 -1.549
375.785 2.431 1.215 -1.548
375.968 2.421 1.223 -1.566
376.205 2.426 1.224 -1.565
376.382 2.418 1.226 -1.577
376.568 2.408 1.228 -1.590
376.810 2.414 1.230 -1.581
376.981 2.493 1.189 -1.486
377.177 2.556 1.145 -1.398
377.405 2.607 1.105 -1.321
377.581 2.664 1.059 -1.254
377.778 2.745 0.995 -1.160
378.001 2.798 0.944 -1.097
378.181 2.831 0.913 -1.055
378.378 2.849 0.898 -1.040
378.605 2.845 0.889 -1.045
378.781 2.840 0.896 -1.049
378.978 2.144 1.141 -1.931
379.205 2.131 1.132 -1.935
379.385 2.125 1.127 -1.940
379.578 2.124 1.130 -1.943
379.801 2.124 1.135 -1.949
379.981 2.125 1.141 -1.954
380.188 2.127 1.146 -1.958
380.409 -2.211 0.769 -0.527
380.589 -2.174 0.802 -0.547
380.788 -0.473 0.099 -0.898
381.009 -0.471 0.071 -0.892
381.189 -0.471 0.099 -0.886
381.387 -0.470 0.158 -0.880
381.613 -0.469 0.227 -0.875
381.789 -0.465 0.295 -0.870
381.988 -0.461 0.357 -0.865
382.214 -0.457 0.407 -0.860
382.407 -0.452 0.447 -0.854
382.641 -0.447 0.475 -0.849
382.821 -0.443 0.495 -0.845
383.007 -0.440 0.509 -0.841
383.241 -0.438 0.517 -0.839
383.425 -0.438 0.523 -0.837
383.608 -0.437 0.528 -0.836
383.842 -0.436 0.528 -0.834
384.025 -0.436 0.526 -0.831
384.218 -0.434 0.527 -0.829
384.445 -0.433 0.530 -0.828
384.621 -0.432 0.529 -0.827
384.818 -0.431 0.528 -0.824
385.041 -0.431 0.527 -0.823
385.238 -0.430 0.527 -0.822
385.461 -0.429 0.527 -0.821
385.641 -0.428 0.526 -0.819
385.837 -0.428 0.523 -0.818
386.061 -0.428 0.524 -0.817
386.242 3.127 0.168 2.688
386.481 3.110 0.156 2.689
386.677 -3.017 0.284 2.686
386.858 -2.829 0.397 2.684
387.089 -2.723 0.446 2.683
387.273 -2.687 0.461 2.683
387.468 -2.674 0.466 2.681
387.689 -2.669 0.467 2.680
387.873 -2.666 0.470 2.679
388.068 -2.662 0.472 2.680
388.289 -2.658 0.473 2.679
388.473 -2.656 0.474 2.679
388.668 -2.653 0.476 2.680
388.889 -2.652 0.477 2.680
389.073 -2.649 0.478 2.680
389.268 -2.649 0.477 2.678
389.489 -2.646 0.478 2.676
389.673 -2.644 0.481 2.677
389.868 -2.642 0.482 2.678
390.089 -2.639 0.481 2.680
390.273 -2.637 0.478 2.683
390.468 -2.634 0.476 2.688
390.693 -2.633 0.472 2.693
390.869 -2.628 0.471 2.700
391.068 -2.625 0.469 2.703
391.289 -2.622 0.463 2.711
391.469 -2.621 0.464 2.711
391.668 -2.617 0.460 2.720
391.889 -2.615 0.460 2.721
392.069 -2.613 0.460 2.724
392.309 -2.611 0.452 2.733
392.493 -2.609 0.448 2.737
392.677 -2.604 0.445 2.748
392.910 -2.602 0.439 2.760
393.089 -2.597 0.433 2.770
393.277 -2.592 0.423 2.781
393.513 -2.587 0.414 2.793
393.693 -2.580 0.402 2.807
393.887 -2.574 0.389 2.824
394.109 -2.569 0.375 2.843
394.297 -2.564 0.364 2.860
394.533 -2.561 0.352 2.876
394.709 -2.557 0.341 2.891
394.898 -2.553 0.339 2.900
395.133 -2.547 0.329 2.916
395.313 -2.542 0.319 2.932
395.498 -2.542 0.318 2.932
395.729 -2.540 0.309 2.945
395.909 -2.539 0.304 2.949
396.097 -2.536 0.303 2.950
396.329 -2.535 0.304 2.950
396.513 -2.535 0.304 2.949
396.698 -2.533 0.304 2.949
396.929 -2.534 0.302 2.948
397.109 -2.533 0.300 2.948
397.298 -2.532 0.299 2.950
397.529 -2.531 0.299 2.953
397.709 -2.529 0.299 2.955
397.898 -2.527 0.298 2.957
398.134 -2.528 0.296 2.959
398.328 -2.528 0.295 2.960
398.549 -2.527 0.293 2.961
398.729 -2.527 0.292 2.961
398.928 -2.525 0.292 2.963
399.149 -2.525 0.292 2.964
399.329 -2.524 0.293 2.965
399.528 -2.524 0.292 2.967
399.762 -2.524 0.292 2.967
399.945 -2.522 0.290 2.967
400.137 -2.522 0.287 2.967
400.361 -2.521 0.287 2.968
400.541 -2.520 0.287 2.970
400.737 -2.521 0.287 2.971
400.961 -2.520 0.286 2.972
401.141 -2.520 0.286 2.974
401.337 -2.520 0.286 2.975
401.565 -2.519 0.287 2.975
401.745 -2.519 0.287 2.975
401.937 -2.518 0.287 2.975
402.165 -2.517 0.286 2.975
402.341 -2.518 0.284 2.974
402.537 -2.517 0.284 2.975
402.765 -2.518 0.285 2.976
402.945 -2.516 0.285 2.975
403.138 -2.516 0.283 2.976
403.369 -2.518 0.285 2.977
403.549 -2.536 0.282 2.957
403.747 -2.513 0.294 2.923
403.969 -2.517 0.396 2.908
404.158 -2.555 0.466 2.890
404.390 -2.548 0.472 2.891
404.569 -2.512 0.449 2.951
404.814 -2.485 0.333 3.003
404.989 -2.488 0.248 3.034
405.177 -2.509 0.257 3.062
405.409 -2.552 0.324 3.095
405.589 -2.632 0.447 3.134
405.778 -2.724 0.567 -3.102
406.009 -2.786 0.636 -3.055
406.189 -2.817 0.677 -3.005
406.377 -2.819 0.693 -2.957
406.613 -2.818 0.702 -2.947
406.790 -2.789 0.688 -2.902
406.987 -2.756 0.661 -2.856
407.209 -2.717 0.621 -2.816
407.398 -2.679 0.574 -2.784
407.637 -2.650 0.522 -2.759
407.813 -2.642 0.490 -2.750
407.997 -2.635 0.476 -2.739
408.229 -2.625 0.450 -2.723
408.413 -2.619 0.429 -2.709
408.597 -2.612 0.420 -2.690
408.821 -2.605 0.417 -2.665
409.001 -2.598 0.414 -2.638
409.198 -2.589 0.405 -2.612
409.421 -2.581 0.392 -2.588
409.605 -2.574 0.377 -2.566
409.798 -2.567 0.358 -2.547
410.021 -2.559 0.338 -2.532
410.208 -2.551 0.338 -2.537
410.441 -2.542 0.314 -2.511
410.621 -2.533 0.302 -2.487
410.808 -2.525 0.292 -2.461
411.041 -2.518 0.280 -2.434
411.221 -2.513 0.268 -2.408
411.407 -2.509 0.253 -2.386
411.641 -2.505 0.247 -2.375
411.821 -2.499 0.230 -2.354
412.017 -2.490 0.218 -2.327
412.241 -2.482 0.205 -2.301
412.425 -2.474 0.188 -2.276
412.618 -2.466 0.173 -2.251
412.842 -2.461 0.167 -2.235
413.037 -2.458 0.150 -2.210
413.261 -2.454 0.138 -2.185
413.441 -2.450 0.132 -2.166
413.638 -2.445 0.122 -2.147
413.865 -2.441 0.113 -2.129
414.041 -2.436 0.103 -2.110
414.238 -2.431 0.094 -2.090
414.461 -2.429 0.085 -2.070
414.648 -2.427 0.076 -2.052
414.881 -2.422 0.066 -2.035
415.065 -2.416 0.058 -2.018
415.258 -2.411 0.048 -2.000
415.485 -2.408 0.037 -1.983
415.665 -2.406 0.033 -1.967
415.858 -2.405 0.029 -1.949
416.085 -2.404 0.024 -1.933
416.269 -2.399 0.014 -1.923
416.470 -2.393 0.003 -1.917
416.689 -2.389 -0.002 -1.904
416.878 -2.388 -0.004 -1.890
417.109 -2.388 -0.009 -1.880
417.289 -2.385 -0.014 -1.872
417.478 -2.382 -0.019 -1.864
417.713 -2.379 -0.024 -1.855
417.889 -2.379 -0.032 -1.846
418.077 -2.375 -0.037 -1.836
418.314 -2.371 -0.041 -1.824
418.489 -2.369 -0.046 -1.814
418.677 -2.368 -0.052 -1.807
418.909 -2.367 -0.056 -1.799
419.089 -2.366 -0.058 -1.791
419.278 -2.364 -0.061 -1.784
419.509 -2.361 -0.067 -1.779
419.693 -2.357 -0.073 -1.772
419.877 -2.356 -0.073 -1.762
420.113 -2.357 -0.075 -1.754
420.293 -2.356 -0.080 -1.749
420.477 -2.352 -0.085 -1.746
420.714 -2.350 -0.089 -1.740
420.889 -2.349 -0.092 -1.735
421.078 -2.346 -0.095 -1.731
421.313 -2.346 -0.094 -1.731
421.489 -2.346 -0.097 -1.724
421.678 -2.347 -0.100 -1.715
421.909 -2.345 -0.103 -1.709
422.093 -2.342 -0.109 -1.705
422.288 -2.336 -0.114 -1.700
422.509 -2.335 -0.117 -1.691
422.689 -2.336 -0.118 -1.684
422.888 -2.335 -0.120 -1.677
423.109 -2.333 -0.125 -1.676
423.293 -2.333 -0.128 -1.673
423.488 -2.331 -0.129 -1.670
423.709 -2.328 -0.134 -1.670
423.889 -2.327 -0.136 -1.667
424.087 -2.326 -0.134 -1.659
424.313 -2.326 -0.134 -1.654
424.498 -2.324 -0.137 -1.657
424.735 -2.324 -0.143 -1.658
424.913 -2.324 -0.142 -1.657
425.098 -2.324 -0.142 -1.653
425.329 -2.323 -0.141 -1.652
425.509 -2.323 -0.142 -1.651
425.708 -2.322 -0.143 -1.650
425.929 -2.320 -0.146 -1.651
426.109 -2.320 -0.148 -1.651
426.308 -2.321 -0.147 -1.648
426.533 -2.322 -0.146 -1.645
426.709 -2.321 -0.147 -1.644
426.949 -2.319 -0.149 -1.641
427.129 -2.320 -0.150 -1.640
427.318 -2.320 -0.150 -1.640
427.553 -2.317 -0.153 -1.642
427.729 -2.316 -0.156 -1.644
427.918 -2.316 -0.156 -1.643
428.149 -2.318 -0.151 -1.638
428.329 -2.319 -0.148 -1.633
428.569 -2.318 -0.153 -1.638
428.749 -2.315 -0.155 -1.641
428.938 -2.317 -0.154 -1.639
429.173 -2.316 -0.153 -1.638
429.349 -2.316 -0.155 -1.641
429.537 -2.316 -0.155 -1.641
429.770 -2.317 -0.153 -1.638
429.965 -2.317 -0.153 -1.638
430.157 -2.316 -0.155 -1.641
430.381 -2.316 -0.156 -1.642
430.561 -2.315 -0.154 -1.638
430.757 -2.316 -0.154 -1.637
430.981 -2.314 -0.156 -1.641
431.165 -2.315 -0.155 -1.640
431.357 -2.316 -0.154 -1.640
431.581 -2.317 -0.154 -1.642
431.765 -2.316 -0.155 -1.645
431.957 -2.316 -0.154 -1.646
432.181 -2.317 -0.152 -1.644
432.365 -2.317 -0.151 -1.644
432.557 -2.316 -0.153 -1.646
432.781 -2.317 -0.153 -1.648
432.961 -2.318 -0.150 -1.646
433.157 -2.319 -0.149 -1.647
433.385 -2.317 -0.151 -1.651
433.561 -2.317 -0.151 -1.652
433.759 -2.317 -0.149 -1.650
433.981 -2.318 -0.148 -1.649
434.162 -2.318 -0.149 -1.652
434.358 -2.317 -0.151 -1.655
434.581 -2.319 -0.148 -1.653
434.765 -2.319 -0.147 -1.653
435.005 -2.318 -0.148 -1.656
435.187 -2.316 -0.149 -1.657
435.367 -2.318 -0.149 -1.657
435.601 -2.319 -0.146 -1.655
435.781 -2.322 -0.144 -1.655
435.968 -2.322 -0.143 -1.656
436.205 -2.319 -0.145 -1.659
436.385 -2.320 -0.145 -1.665
436.578 -2.322 -0.142 -1.665
436.801 -2.325 -0.136 -1.662
436.981 -2.326 -0.132 -1.662
437.178 -2.325 -0.133 -1.667
437.405 -2.324 -0.134 -1.671
437.581 -2.326 -0.132 -1.672
437.777 -2.328 -0.129 -1.673
438.001 -2.329 -0.128 -1.675
438.183 -2.330 -0.126 -1.676
438.377 -2.331 -0.122 -1.674
438.601 -2.332 -0.121 -1.674
438.781 -2.331 -0.123 -1.679
438.977 -2.330 -0.125 -1.684
439.205 -2.331 -0.123 -1.685
439.381 -2.334 -0.120 -1.683
439.578 -2.336 -0.114 -1.680
439.805 -2.337 -0.112 -1.680
439.997 -2.336 -0.114 -1.685
440.221 -2.335 -0.116 -1.688
440.405 -2.335 -0.115 -1.688
440.641 -2.337 -0.114 -1.689
440.848 -2.337 -0.112 -1.690
441.074 -2.338 -0.111 -1.690
441.253 -2.340 -0.109 -1.689
441.448 -2.340 -0.107 -1.689
441.669 -2.338 -0.110 -1.693
441.849 -2.337 -0.111 -1.697
442.047 -2.282 1.408 1.917
442.269 -2.240 1.425 1.928
442.449 -2.218 1.456 1.963
442.660 -2.300 1.452 1.882
442.881 -2.396 1.509 1.879
443.068 -2.476 1.516 1.812
443.305 -2.632 1.499 1.654
443.481 -2.655 1.478 1.632
443.668 -2.728 1.454 1.517
443.901 -2.729 1.459 1.516
444.082 -2.736 1.464 1.511
444.268 -2.760 1.463 1.487
444.501 -2.792 1.457 1.454
444.681 -2.816 1.451 1.430
444.867 -2.829 1.449 1.416
445.101 -2.838 1.447 1.410
445.285 -2.861 1.441 1.389
445.480 -2.878 1.436 1.371
445.701 -2.885 1.436 1.366
445.881 -2.911 1.436 1.343
446.077 -2.947 1.434 1.310
446.301 -2.978 1.431 1.279
446.481 -3.008 1.430 1.247
446.677 -3.003 1.435 1.255
446.905 -3.028 1.442 1.230
447.085 -3.063 1.446 1.196
447.278 -3.096 1.449 1.162
447.502 -3.129 1.453 1.128
447.681 3.121 1.460 1.097
447.878 3.094 1.464 1.071
448.101 3.057 1.467 1.033
448.281 3.016 1.475 0.991
448.477 2.964 1.486 0.938
448.701 2.909 1.493 0.885
448.883 2.872 1.494 0.849
449.078 2.845 1.494 0.823
449.301 2.772 1.502 0.750
449.485 2.710 1.508 0.687
449.677 2.664 1.510 0.641
449.901 2.366 1.283 -0.022
450.081 2.355 1.231 -0.031
450.277 2.342 1.201 -0.044
450.501 2.339 1.210 -0.048
450.681 2.342 1.232 -0.046
450.878 2.336 1.258 -0.055
451.109 2.322 1.284 -0.071
451.293 2.331 1.301 -0.061
451.488 2.336 1.315 -0.058
451.709 2.345 1.321 -0.051
451.897 2.332 1.331 -0.067
452.088 2.312 1.340 -0.088
452.313 2.301 1.345 -0.098
452.502 2.290 1.346 -0.107
452.698 2.272 1.348 -0.124
452.921 2.261 1.350 -0.137
453.103 2.262 1.346 -0.138
453.299 2.263 1.345 -0.139
453.521 2.254 1.346 -0.148
453.705 2.234 1.349 -0.167
453.898 2.227 1.348 -0.172
454.121 2.220 1.345 -0.177
454.308 2.213 1.343 -0.183
454.541 2.208 1.343 -0.189
454.725 2.202 1.342 -0.197
454.907 2.191 1.341 -0.209
455.145 2.186 1.341 -0.215
455.325 2.179 1.339 -0.221
455.508 2.168 1.335 -0.231
455.741 2.155 1.337 -0.243
455.922 2.147 1.337 -0.252
456.108 2.142 1.334 -0.260
456.341 2.137 1.334 -0.265
456.521 2.128 1.332 -0.274
456.707 2.117 1.331 -0.285
456.941 2.112 1.332 -0.287
457.127 2.110 1.328 -0.289
457.366 2.107 1.327 -0.294
457.541 2.095 1.328 -0.307
457.728 2.088 1.326 -0.315
457.961 2.081 1.324 -0.322
458.141 2.073 1.322 -0.329
458.328 2.068 1.322 -0.333
458.561 2.061 1.320 -0.340
458.742 2.054 1.321 -0.349
458.927 2.052 1.318 -0.352
459.165 2.046 1.317 -0.358
459.345 2.037 1.317 -0.367
459.527 2.031 1.315 -0.372
459.761 2.037 1.314 -0.365
459.941 2.033 1.313 -0.371
460.127 2.021 1.311 -0.383
460.361 2.016 1.311 -0.388
460.541 2.012 1.311 -0.391
460.727 2.002 1.310 -0.400
460.969 1.996 1.309 -0.407
461.153 2.001 1.307 -0.402
461.368 2.003 1.305 -0.401
461.589 1.993 1.305 -0.410
461.788 1.991 1.305 -0.410
462.025 1.984 1.303 -0.417
462.205 1.988 1.302 -0.412
462.387 1.989 1.300 -0.409
462.625 1.980 1.301 -0.420
462.801 1.979 1.301 -0.421
462.989 1.981 1.299 -0.420
463.221 1.978 1.298 -0.422
463.405 1.974 1.298 -0.425
463.587 1.971 1.297 -0.427
463.821 1.973 1.294 -0.424
464.005 1.983 1.293 -0.414
464.187 1.974 1.293 -0.425
464.421 1.956 1.294 -0.443
464.601 1.959 1.290 -0.441
464.787 1.969 1.289 -0.431
465.025 1.966 1.289 -0.433
465.201 1.950 1.289 -0.449
465.387 1.943 1.287 -0.456
465.621 1.945 1.285 -0.453
465.801 1.948 1.284 -0.450
465.987 1.946 1.283 -0.453
466.229 1.939 1.282 -0.462
466.416 1.939 1.281 -0.464
466.598 1.936 1.281 -0.464
466.829 1.923 1.280 -0.475
467.013 1.923 1.277 -0.475
467.197 1.929 1.277 -0.468
467.433 3.138 -0.334 0.546
467.613 -3.135 -0.375 0.594
467.853 3.138 -0.334 0.592
468.035 3.068 -0.090 0.589
468.219 3.025 0.060 0.586
468.453 3.011 0.106 0.583
468.633 3.007 0.119 0.583
468.820 3.006 0.125 0.579
469.049 3.007 0.126 0.576
469.233 3.008 0.130 0.573
469.418 3.006 0.133 0.569
469.653 3.002 0.133 0.567
469.829 3.000 0.134 0.564
470.028 3.001 0.137 0.563
470.261 3.002 0.138 0.560
470.445 3.004 0.141 0.557
470.628 3.002 0.145 0.554
470.861 3.000 0.147 0.550
471.041 2.997 0.145 0.547
471.228 2.995 0.147 0.544
471.465 2.994 0.149 0.541
471.641 2.995 0.151 0.538
471.828 2.996 0.151 0.535
472.061 2.996 0.155 0.531
472.241 2.994 0.157 0.528
472.428 2.992 0.159 0.524
472.661 2.990 0.159 0.521
472.858 2.990 0.159 0.517
473.093 2.989 0.162 0.514
473.269 2.989 0.163 0.510
473.459 2.988 0.166 0.506
473.689 2.987 0.163 0.503
473.877 2.985 0.165 0.500
474.109 2.985 0.167 0.497
474.289 2.985 0.167 0.494
474.477 2.983 0.168 0.491
474.709 2.983 0.171 0.486
474.889 2.982 0.175 0.482
475.077 2.979 0.174 0.479
475.313 2.977 0.173 0.475
475.493 2.975 0.173 0.471
475.677 2.974 0.173 0.468
475.913 2.977 0.175 0.465
476.089 2.978 0.176 0.461
476.287 2.975 0.180 0.457
476.521 2.973 0.179 0.454
476.713 2.970 0.177 0.450
476.907 2.970 0.179 0.447
477.134 2.970 0.180 0.444
477.309 2.973 0.180 0.441
477.520 2.973 0.181 0.438
477.741 2.972 0.183 0.434
477.921 2.970 0.184 0.431
478.118 2.967 0.183 0.427
478.349 2.966 0.183 0.423
478.537 2.967 0.184 0.419
478.769 2.968 0.187 0.415
478.949 2.969 0.188 0.411
479.138 2.969 0.186 0.408
479.373 2.968 0.186 0.404
479.549 2.968 0.187 0.399
479.738 2.968 0.189 0.395
479.974 2.965 0.190 0.391
480.149 2.964 0.187 0.387
480.348 2.964 0.190 0.383
480.574 2.964 0.191 0.379
480.749 2.964 0.191 0.374
480.957 2.963 0.191 0.370
481.181 2.964 0.190 0.368
481.362 2.962 0.191 0.363
481.601 2.962 0.192 0.358
481.781 2.962 0.192 0.355
481.968 2.963 0.192 0.351
482.201 2.963 0.193 0.347
482.381 2.962 0.194 0.343
482.577 2.960 0.193 0.339
482.801 2.959 0.194 0.335
482.981 2.958 0.195 0.332
483.177 2.958 0.193 0.328
483.405 2.959 0.193 0.326
483.581 2.959 0.195 0.322
483.779 2.959 0.196 0.318
484.001 2.958 0.195 0.315
484.182 2.956 0.196 0.312
484.378 2.955 0.195 0.309
484.605 2.954 0.196 0.306
484.785 2.955 0.196 0.303
484.987 2.957 0.195 0.300
485.213 2.958 0.197 0.297
485.389 2.956 0.198 0.294
485.587 2.954 0.198 0.292
485.809 2.954 0.198 0.289
485.989 2.955 0.198 0.287
486.187 2.956 0.198 0.285
486.419 2.954 0.198 0.282
486.607 2.953 0.200 0.280
486.841 2.952 0.200 0.277
487.025 2.952 0.199 0.275
487.207 2.953 0.199 0.274
487.445 2.953 0.198 0.272
487.625 2.955 0.201 0.270
487.808 2.954 0.200 0.268
488.041 2.953 0.199 0.266
488.221 2.955 0.199 0.265
488.408 2.955 0.202 0.264
488.645 2.488 1.302 2.638
488.825 0.331 0.657 1.034
489.018 0.291 0.609 1.028
489.241 0.331 0.573 1.030
489.425 0.321 0.583 1.032
489.628 0.286 0.624 1.035
489.849 0.256 0.659 1.038
490.036 0.238 0.682 1.040
490.269 0.232 0.696 1.043
490.459 0.231 0.700 1.045
490.638 0.233 0.698 1.047
490.870 0.237 0.688 1.048
491.049 0.242 0.674 1.050
491.237 0.247 0.661 1.053
491.470 0.252 0.649 1.055
491.654 0.257 0.631 1.057
491.847 0.259 0.617 1.059
492.069 0.259 0.603 1.061
492.253 0.261 0.591 1.063
492.447 0.263 0.579 1.065
492.669 0.266 0.568 1.069
492.854 0.267 0.557 1.071
493.048 0.266 0.547 1.072
493.274 0.266 0.538 1.075
493.449 0.268 0.534 1.078
493.648 0.269 0.524 1.081
493.873 0.270 0.514 1.083
494.053 0.017 0.086 -2.982
494.248 0.007 0.050 -2.992
494.469 -0.011 0.037 -2.990
494.658 -0.045 0.026 -2.987
494.893 -0.047 0.025 -2.984
495.069 -0.033 0.032 -2.982
495.258 -3.128 -0.077 0.162
495.489 -3.131 -0.099 0.167
495.669 -2.048 -0.151 -0.618
495.858 -2.033 -0.139 -0.621
496.089 -1.989 -0.109 -0.623
496.278 -1.936 -0.073 -0.623
496.505 -1.900 -0.048 -0.624
496.686 -1.875 -0.032 -0.628
496.878 -1.864 -0.021 -0.628
497.105 -1.863 -0.015 -0.626
497.288 -1.867 -0.012 -0.625
497.521 -1.872 -0.011 -0.627
497.705 -1.878 -0.013 -0.628
497.887 -1.886 -0.014 -0.629
498.121 -1.890 -0.013 -0.629
498.301 -1.897 -0.014 -0.631
498.488 -1.906 -0.014 -0.631
498.725 -1.915 -0.013 -0.630
498.902 -1.925 -0.012 -0.634
499.098 -1.933 -0.015 -0.635
499.321 -3.062 0.364 0.234
499.509 -3.078 0.385 0.231
499.741 -3.061 0.371 0.225
499.937 -3.041 0.352 0.218
500.161 -3.033 0.341 0.212
500.345 -3.031 0.334 0.205
500.538 -3.035 0.334 0.198
500.761 -3.041 0.341 0.192
500.941 -3.044 0.343 0.186
501.137 -3.046 0.345 0.179
501.361 -3.048 0.349 0.180
501.541 1.984 1.284 -1.070
501.738 1.906 1.336 -1.107
501.966 1.863 1.340 -1.124
502.141 1.863 1.339 -1.106
502.338 1.787 1.341 -1.178
502.561 1.661 1.337 -1.276
502.741 1.726 1.332 -1.193
502.938 1.900 1.322 -1.021
503.161 2.086 1.304 -0.818
503.357 2.281 1.284 -0.619
503.581 2.282 1.300 -0.596
503.761 2.137 1.346 -0.693
503.958 1.771 1.400 -0.986
504.183 1.031 1.381 -1.642
504.361 0.635 1.284 -1.975
504.558 0.459 1.310 -2.009
504.781 0.306 1.285 -2.058
504.965 0.328 1.285 -2.030
505.173 0.354 1.283 -2.002
505.393 0.374 1.276 -1.983
505.569 0.391 1.261 -1.972
505.813 0.421 1.236 -1.950
505.989 0.448 1.208 -1.931
506.188 0.467 1.170 -1.920
506.413 0.479 1.132 -1.913
506.589 0.491 1.097 -1.904
506.788 0.506 1.068 -1.893
507.009 0.520 1.044 -1.883
507.189 -0.055 0.020 -2.856
507.388 -0.051 0.015 -2.890
507.613 -0.063 0.038 -2.925
507.789 -0.086 0.069 -2.958
507.987 -0.094 0.057 -2.955
508.209 -0.134 0.127 -3.022
508.393 -0.149 0.139 -3.046
508.588 -0.162 0.154 -3.077
508.813 -0.156 0.148 -3.100
508.993 -0.148 0.138 -3.111
509.187 -0.140 0.124 -3.116
509.414 -0.133 0.113 -3.123
509.594 -0.128 0.106 -3.132
509.788 -0.124 0.101 3.138
510.009 -0.123 0.100 3.130
510.189 -0.127 0.099 3.126
510.388 -0.133 0.099 3.127
510.609 -0.138 0.102 3.125
510.791 -0.144 0.108 3.124
510.987 -0.149 0.111 3.125
511.217 -0.152 0.118 3.123
511.405 -0.153 0.122 3.116
511.608 -0.150 0.124 3.109
511.829 -0.146 0.127 3.097
512.009 -0.139 0.126 3.089
512.208 -0.131 0.124 3.084
512.429 -0.125 0.125 3.081
512.609 -0.120 0.124 3.084
512.808 -0.119 0.124 3.088
513.029 -0.120 0.127 3.092
513.209 -0.123 0.129 3.096
513.449 -0.126 0.129 3.104
513.629 -0.131 0.130 3.111
513.832 -0.134 0.130 3.120
514.061 -0.138 0.132 3.127
514.245 -0.138 0.131 3.139
514.437 -0.137 0.127 -3.132
514.661 -0.136 0.129 -3.122
514.842 -0.133 0.130 -3.112
515.037 -0.130 0.127 -3.101
515.265 -0.126 0.126 -3.087
515.444 -0.123 0.122 -3.074
515.696 -0.123 0.128 -3.066
515.869 -0.120 0.123 -3.056
516.068 -0.121 0.122 -3.055
516.293 -0.121 0.115 -3.058
516.477 -0.121 0.112 -3.059
516.713 -0.122 0.110 -3.057
516.894 -0.124 0.111 -3.054
517.078 -0.124 0.111 -3.047
517.310 -0.126 0.117 -3.043
517.489 -0.129 0.121 -3.040
517.689 -0.132 0.126 -3.037
517.925 -0.135 0.127 -3.031
518.101 -0.138 0.128 -3.025
518.288 -0.138 0.126 -3.017
518.521 -0.135 0.119 -3.007
518.701 -0.131 0.113 -2.996
518.898 -0.129 0.110 -2.987
519.125 -0.126 0.106 -2.976
519.301 -0.124 0.104 -2.968
519.498 -0.123 0.105 -2.960
519.721 -0.124 0.109 -2.956
519.903 -0.127 0.115 -2.949
520.098 -0.130 0.119 -2.942
520.321 -0.132 0.124 -2.937
520.501 -0.136 0.130 -2.931
520.698 -0.137 0.131 -2.922
520.922 -0.138 0.135 -2.918
521.102 -0.136 0.132 -2.910
521.298 -0.138 0.136 -2.908
521.521 -0.136 0.132 -2.898
521.705 -0.137 0.132 -2.891
521.898 -0.135 0.131 -2.887
522.122 -0.134 0.128 -2.883
522.305 -0.135 0.129 -2.878
522.497 -0.135 0.131 -2.875
522.721 -0.134 0.134 -2.872
522.902 -0.135 0.135 -2.868
523.141 -0.134 0.135 -2.864
523.321 -0.134 0.134 -2.861
523.507 -0.137 0.122 -2.811
523.741 -0.136 0.124 -2.805
523.921 -0.137 0.125 -2.800
524.110 -0.137 0.124 -2.795
524.345 -0.137 0.122 -2.789
524.522 -0.137 0.120 -2.784
524.708 -0.138 0.119 -2.777
524.941 -0.139 0.119 -2.769
525.122 -0.139 0.118 -2.758
525.308 -0.139 0.116 -2.749
525.541 -0.140 0.115 -2.737
525.722 -0.139 0.113 -2.728
525.908 -0.139 0.115 -2.718
526.141 -0.139 0.118 -2.710
526.321 -0.137 0.119 -2.703
526.507 -0.137 0.122 -2.698
526.741 -0.138 0.120 -2.694
526.921 -0.139 0.122 -2.695
527.108 -0.141 0.125 -2.696
527.341 -0.141 0.121 -2.694
527.521 -0.141 0.121 -2.695
527.708 -0.141 0.121 -2.696
527.941 -0.140 0.122 -2.698
528.125 -0.139 0.120 -2.698
528.308 -0.139 0.118 -2.696
528.541 -0.139 0.114 -2.694
528.722 -0.138 0.112 -2.690
528.965 -0.137 0.112 -2.687
529.141 -0.137 0.112 -2.682
529.328 -0.137 0.114 -2.676
529.561 -0.136 0.116 -2.671
529.741 -0.136 0.119 -2.665
529.928 -0.133 0.117 -2.658
530.161 -0.131 0.117 -2.656
530.341 -0.130 0.112 -2.651
530.528 -0.132 0.110 -2.651
530.765 -0.134 0.108 -2.653
530.941 -0.139 0.112 -2.657
531.128 -0.141 0.112 -2.657
531.365 -0.144 0.116 -2.655
531.545 -0.146 0.121 -2.656
531.728 -0.144 0.123 -2.654
531.965 -0.144 0.129 -2.654
532.145 -0.145 0.137 -2.656
532.389 -0.140 0.132 -2.652
532.573 -0.138 0.133 -2.653
532.758 -0.136 0.133 -2.652
532.989 -0.133 0.124 -2.646
533.175 -0.128 0.112 -2.637
533.358 -0.125 0.107 -2.633
533.589 -0.125 0.092 -2.626
533.787 -0.124 0.087 -2.621
534.009 -0.123 0.086 -2.618
534.193 -0.125 0.087 -2.616
534.388 -0.129 0.092 -2.614
534.615 -0.133 0.096 -2.611
534.803 -0.134 0.096 -2.609
534.998 -0.132 0.094 -2.606
535.221 -0.130 0.092 -2.603
535.402 -0.124 0.092 -2.601
535.599 -0.106 0.095 -2.604
535.821 -0.083 0.099 -2.611
536.017 -0.086 0.098 -2.620
536.241 -0.082 0.093 -2.630
536.421 -0.069 0.082 -2.638
536.618 -0.056 0.074 -2.649
536.845 -0.043 0.065 -2.659
537.022 -0.034 0.056 -2.667
537.227 -0.044 0.054 -2.676
537.453 -0.071 0.059 -2.684
537.629 -0.102 0.066 -2.691
537.827 -0.130 0.077 -2.698
538.049 -0.152 0.085 -2.706
538.238 -0.160 0.090 -2.713
538.427 -0.154 0.089 -2.720
538.649 -0.137 0.090 -2.725
538.847 -0.128 0.087 -2.731
539.069 -0.133 0.080 -2.735
539.275 -0.146 0.074 -2.738
539.465 -0.159 0.072 -2.742
539.705 -0.170 0.072 -2.747
539.882 -0.164 0.077 -2.753
540.125 -0.155 0.084 -2.758
540.305 -0.148 0.089 -2.764
540.488 -0.147 0.088 -2.768
540.731 -0.152 0.082 -2.770
540.905 -0.160 0.077 -2.774
541.087 -0.165 0.076 -2.777
541.321 -0.166 0.075 -2.780
541.505 -0.163 0.076 -2.785
541.707 -0.160 0.079 -2.790
541.941 -0.158 0.079 -2.794
542.125 -0.158 0.078 -2.797
542.318 -0.158 0.077 -2.801
542.542 -0.159 0.077 -2.804
542.721 -0.160 0.077 -2.808
542.973 -0.160 0.077 -2.811
543.149 -0.160 0.075 -2.814
543.348 -0.159 0.073 -2.816
543.573 -0.159 0.072 -2.818
543.757 -0.159 0.073 -2.821
544.001 -0.159 0.073 -2.823
544.181 -0.160 0.074 -2.824
544.379 -0.160 0.074 -2.825
544.601 -0.160 0.074 -2.827
544.784 -0.160 0.073 -2.827
544.987 -0.161 0.070 -2.826
545.209 -0.162 0.070 -2.826
545.389 -0.161 0.073 -2.826
545.587 -0.161 0.076 -2.826
545.809 -0.161 0.076 -2.825
546.017 -0.161 0.077 -2.823
546.245 -0.160 0.077 -2.821
546.428 -0.159 0.077 -2.819
546.665 -0.159 0.076 -2.817
546.841 -0.159 0.076 -2.814
547.038 -0.159 0.079 -2.811
547.261 -0.158 0.082 -2.808
547.457 -0.158 0.081 -2.804
547.689 -0.158 0.079 -2.799
547.869 -0.158 0.080 -2.795
548.068 -0.157 0.082 -2.790
548.289 -0.155 0.082 -2.785
548.478 -0.155 0.082 -2.780
548.709 -0.155 0.083 -2.775
548.889 -0.155 0.084 -2.770
549.087 -0.154 0.084 -2.764
549.309 -0.154 0.084 -2.759
549.493 -0.153 0.086 -2.754
549.697 -0.152 0.089 -2.749
549.921 -0.152 0.089 -2.744
550.108 -0.152 0.088 -2.738
550.341 -0.151 0.088 -2.733
550.534 -0.151 0.091 -2.728
550.708 -0.151 0.092 -2.723
550.953 -0.150 0.092 -2.718
551.149 -0.149 0.093 -2.712
551.381 -0.149 0.093 -2.707
551.565 -0.148 0.094 -2.702
551.748 -0.147 0.092 -2.696
551.981 -0.147 0.092 -2.691
552.161 -0.146 0.094 -2.686
552.347 -0.146 0.097 -2.680
552.581 -0.145 0.098 -2.675
552.766 -0.145 0.099 -2.669
553.011 -0.144 0.097 -2.662
553.181 -0.142 0.097 -2.655
553.387 -0.141 0.099 -2.649
553.609 -0.141 0.101 -2.643
553.793 -0.141 0.102 -2.636
553.988 -0.141 0.102 -2.630
554.209 -0.140 0.102 -2.623
554.453 -0.139 0.103 -2.615
554.629 -0.138 0.103 -2.608
554.831 -0.137 0.103 -2.602
555.049 -0.136 0.105 -2.595
555.238 -0.136 0.107 -2.588
555.473 -0.137 0.108 -2.581
555.653 -0.137 0.105 -2.573
555.837 -0.135 0.104 -2.566
556.069 -0.131 0.106 -2.559
556.250 -0.129 0.107 -2.551
556.457 -0.129 0.106 -2.544
556.681 -0.130 0.108 -2.536
556.861 -0.131 0.111 -2.529
557.101 -0.132 0.113 -2.522
557.281 -0.131 0.112 -2.514
557.477 -0.129 0.111 -2.507
557.701 -0.126 0.111 -2.501
557.881 -0.123 0.113 -2.494
558.078 -0.123 0.114 -2.487
558.305 -0.125 0.113 -2.481
558.497 -0.125 0.113 -2.473
558.725 -0.124 0.115 -2.467
558.902 -0.123 0.115 -2.461
559.098 -0.122 0.113 -2.454
559.321 -0.122 0.113 -2.447
559.501 -0.121 0.114 -2.440
559.699 -0.120 0.117 -2.434
559.922 -0.120 0.116 -2.427
560.108 -0.120 0.117 -2.419
560.341 -0.119 0.117 -2.412
560.521 -0.116 0.118 -2.405
560.707 -0.114 0.117 -2.397
560.945 -0.114 0.118 -2.390
561.130 -0.113 0.119 -2.382
561.328 -0.113 0.119 -2.375
561.554 -0.112 0.120 -2.367
561.729 -0.111 0.120 -2.360
561.928 -0.110 0.120 -2.352
562.149 -0.110 0.120 -2.345
562.329 -0.109 0.122 -2.337
562.528 -0.109 0.124 -2.329
562.749 -0.109 0.124 -2.322
562.929 -0.109 0.125 -2.314
563.128 -0.107 0.125 -2.306
563.353 -0.104 0.125 -2.298
563.529 -0.102 0.125 -2.290
563.728 -0.100 0.125 -2.283
563.953 -0.100 0.126 -2.275
564.129 -0.100 0.127 -2.268
564.328 -0.100 0.127 -2.261
564.549 -0.098 0.127 -2.254
564.729 -0.097 0.128 -2.248
564.928 -0.095 0.127 -2.243
565.149 -0.094 0.126 -2.239
565.337 -0.095 0.126 -2.234
565.573 -0.095 0.128 -2.230
565.749 -0.096 0.131 -2.228
565.948 -0.096 0.131 -2.227
566.182 -0.095 0.130 -2.226
566.361 -0.095 0.129 -2.225
566.559 -0.095 0.128 -2.225
566.785 -0.095 0.128 -2.227
566.985 -0.095 0.129 -2.227
567.178 -0.095 0.130 -2.228
567.405 -0.094 0.129 -2.228
567.581 -0.094 0.126 -2.228
567.777 -0.094 0.126 -2.229
568.005 -0.094 0.128 -2.228
568.185 -0.094 0.130 -2.228
568.378 -0.095 0.132 -2.228
568.601 -0.096 0.133 -2.231
568.808 -0.096 0.135 -2.237
569.033 -0.093 0.134 -2.246
569.209 -0.090 0.133 -2.258
569.407 -0.090 0.132 -2.272
569.633 -0.093 0.131 -2.289
569.809 -0.095 0.138 -2.313
570.008 -0.098 0.142 -2.342
570.229 -0.104 0.135 -2.370
570.413 -0.115 0.121 -2.394
570.649 -0.126 0.107 -2.418
570.829 -0.134 0.100 -2.438
571.030 -0.134 0.099 -2.456
571.249 -0.129 0.103 -2.473
571.437 -0.127 0.106 -2.488
571.673 -0.126 0.109 -2.501
571.849 -0.127 0.106 -2.512
572.038 -0.119 0.102 -2.540
572.273 -0.099 0.104 -2.620
572.449 -0.096 0.108 -2.722
572.638 -0.118 0.102 -2.805
572.873 -0.158 0.085 -2.874
573.053 -0.201 0.071 -2.931
573.238 -0.218 0.060 -2.999
573.469 -0.200 0.038 -3.139
573.649 -0.179 0.007 2.921
573.838 -0.157 -0.033 2.660
574.070 -0.138 -0.067 2.456
574.249 -0.137 -0.078 2.287
574.448 -0.110 -0.079 2.137
574.673 -0.117 -0.084 2.009
574.849 -0.113 -0.091 1.892
575.058 -0.096 -0.100 1.779
575.285 -0.072 -0.107 1.677
575.461 -0.052 -0.112 1.584
575.659 -0.047 -0.112 1.496
575.885 -0.048 -0.111 1.414
576.061 -0.052 -0.113 1.336
576.258 -0.047 -0.110 1.259
576.481 -0.040 -0.104 1.184
576.661 -0.027 -0.103 1.112
576.858 -0.012 -0.107 1.045
577.085 0.003 -0.108 0.986
577.261 0.019 -0.111 0.932
577.458 0.018 -0.110 0.888
577.681 0.016 -0.096 0.881
577.862 -0.005 -0.076 0.914
578.058 -0.013 -0.088 0.961
578.281 -0.018 -0.105 1.010
578.468 -0.023 -0.107 1.053
578.701 -0.029 -0.109 1.084
578.886 -0.032 -0.115 1.098
579.068 -0.032 -0.118 1.095
579.305 -0.026 -0.119 1.090
579.485 -0.020 -0.109 1.084
579.668 -0.009 -0.095 1.076
579.901 0.002 -0.095 1.071
580.081 0.005 -0.101 1.064
580.268 -0.008 -0.104 1.061
580.501 -0.020 -0.101 1.067
580.681 -0.019 -0.102 1.074
580.867 -0.015 -0.105 1.080
581.101 -0.009 -0.113 1.084
581.284 -0.006 -0.119 1.088
581.533 -0.007 -0.119 1.092
581.713 -0.010 -0.115 1.095
581.898 -0.014 -0.109 1.097
582.121 -0.017 -0.106 1.098
582.301 -0.017 -0.109 1.098
582.498 -0.015 -0.116 1.096
582.721 -0.011 -0.122 1.095
582.908 -0.008 -0.118 1.092
583.141 -0.006 -0.115 1.088
583.321 -0.009 -0.110 1.082
583.507 -0.011 -0.108 1.078
583.741 -0.011 -0.109 1.074
583.925 -0.009 -0.111 1.072
584.107 -0.007 -0.115 1.071
584.341 -0.006 -0.117 1.071
584.525 -0.005 -0.116 1.072
584.707 -0.007 -0.112 1.073
584.945 -0.007 -0.111 1.072
585.125 -0.009 -0.114 1.071
585.307 -0.007 -0.115 1.071
585.541 -0.003 -0.115 1.071
585.725 -0.003 -0.116 1.070
585.918 -0.004 -0.116 1.067
586.145 -0.004 -0.114 1.065
586.332 -0.006 -0.112 1.064
586.562 -0.006 -0.112 1.064
586.741 -0.004 -0.113 1.065
586.938 -0.001 -0.114 1.065
587.162 -0.001 -0.116 1.063
587.341 -0.002 -0.117 1.062
587.538 -0.004 -0.115 1.062
587.765 -0.005 -0.111 1.061
587.950 -0.004 -0.111 1.061
588.148 -0.002 -0.111 1.057
588.369 0.001 -0.111 1.053
588.557 0.002 -0.114 1.050
588.801 0.001 -0.114 1.048
588.998 -0.002 -0.114 1.047
589.222 -0.004 -0.115 1.045
589.401 -0.005 -0.116 1.044
589.598 -0.003 -0.115 1.043
589.821 -0.002 -0.115 1.041
590.003 0.000 -0.114 1.039
590.208 0.000 -0.113 1.036
590.403 -0.001 -0.114 1.033
590.621 -0.001 -0.115 1.030
590.809 -0.001 -0.114 1.028
591.049 0.000 -0.113 1.024
591.234 0.001 -0.113 1.019
591.428 0.001 -0.114 1.013
591.649 0.000 -0.114 1.008
591.838 0.001 -0.111 1.002
592.069 0.003 -0.108 0.997
592.258 0.005 -0.108 0.993
592.493 0.006 -0.110 0.989
592.669 0.006 -0.111 0.985
592.867 0.005 -0.111 0.981
593.105 0.004 -0.112 0.977
593.288 0.003 -0.110 0.972
593.525 0.002 -0.109 0.967
593.701 0.004 -0.107 0.961
593.897 0.007 -0.106 0.956
594.124 0.010 -0.107 0.951
594.318 0.010 -0.110 0.946
594.549 0.008 -0.110 0.942
594.729 0.007 -0.107 0.937
594.975 0.006 -0.106 0.932
595.168 0.007 -0.107 0.927
595.401 0.010 -0.109 0.923
595.587 0.011 -0.108 0.917
595.821 0.011 -0.106 0.911
596.001 0.010 -0.107 0.905
596.187 0.009 -0.106 0.899
596.421 0.009 -0.103 0.893
596.601 0.011 -0.102 0.887
596.787 0.014 -0.105 0.881
597.022 0.015 -0.108 0.876
597.201 0.015 -0.106 0.869
597.388 0.014 -0.102 0.863
597.625 0.013 -0.101 0.856
597.808 0.013 -0.101 0.848
598.045 0.016 -0.102 0.841
598.221 0.019 -0.101 0.834
598.408 0.020 -0.101 0.826
598.641 0.020 -0.103 0.818
598.821 0.018 -0.102 0.810
599.008 0.016 -0.099 0.803
599.241 0.017 -0.096 0.795
599.427 0.019 -0.095 0.788
599.608 0.022 -0.097 0.780
599.841 0.022 -0.098 0.773
600.021 0.022 -0.097 0.766
600.214 0.021 -0.094 0.759
600.441 0.020 -0.092 0.751
600.621 0.019 -0.093 0.743
600.838 0.020 -0.093 0.734
601.061 0.023 -0.092 0.726
601.241 0.025 -0.091 0.719
601.438 0.027 -0.092 0.712
601.681 0.027 -0.090 0.704
601.867 0.023 -0.088 0.697
602.058 0.023 -0.089 0.691
602.281 0.024 -0.089 0.685
602.462 0.026 -0.088 0.678
602.658 0.027 -0.089 0.670
602.883 0.027 -0.089 0.663
603.061 0.027 -0.088 0.656
603.301 0.028 -0.084 0.648
603.485 0.029 -0.081 0.641
603.729 0.030 -0.083 0.634
603.910 0.030 -0.086 0.626
604.108 0.026 -0.087 0.620
604.335 0.017 -0.088 0.616
604.521 0.007 -0.092 0.619
604.718 -0.002 -0.098 0.631
604.941 -0.001 -0.104 0.656
605.128 0.002 -0.107 0.678
605.362 0.008 -0.109 0.695
605.558 0.021 -0.102 0.709
605.793 0.021 -0.099 0.720
605.969 0.017 -0.095 0.730
606.169 0.018 -0.090 0.743
606.389 0.014 -0.102 0.764
606.570 0.019 -0.106 0.783
606.768 0.016 -0.110 0.796
606.989 0.019 -0.109 0.807
607.187 0.015 -0.104 0.815
607.421 0.007 -0.104 0.823
607.605 0.002 -0.102 0.831
607.788 0.002 -0.103 0.841
608.025 0.005 -0.104 0.850
608.201 0.010 -0.108 0.860
608.388 0.014 -0.110 0.868
608.626 0.015 -0.111 0.875
608.801 0.011 -0.110 0.881
609.053 0.007 -0.106 0.889
609.229 0.004 -0.103 0.895
609.481 0.005 -0.106 0.903
609.661 0.006 -0.111 0.909
609.848 0.010 -0.114 0.916
610.081 0.009 -0.115 0.920
610.262 0.005 -0.113 0.923
610.448 0.001 -0.113 0.926
610.689 -0.002 -0.113 0.931
610.869 -0.003 -0.111 0.937
611.068 0.001 -0.114 0.942
611.293 0.004 -0.118 0.947
611.481 0.006 -0.118 0.951
611.678 0.004 -0.111 0.955
611.901 0.002 -0.108 0.959
612.081 0.000 -0.109 0.963
612.277 0.000 -0.112 0.967
612.505 0.001 -0.114 0.971
612.688 0.003 -0.115 0.975
612.925 0.002 -0.117 0.978
613.102 0.000 -0.117 0.982
613.297 -0.002 -0.115 0.986
613.521 -0.002 -0.113 0.989
613.705 -0.001 -0.111 0.993
613.898 0.001 -0.115 0.997
614.121 0.002 -0.117 1.000
614.301 -0.001 -0.118 1.004
614.541 -0.002 -0.118 1.008
614.725 -0.002 -0.117 1.011
614.908 -0.002 -0.115 1.015
615.141 -0.002 -0.116 1.018
615.321 -0.004 -0.118 1.021
615.508 -0.005 -0.121 1.023
615.745 -0.006 -0.119 1.026
615.925 -0.007 -0.117 1.029
616.118 -0.006 -0.118 1.033
616.341 -0.008 -0.125 1.040
616.537 -0.009 -0.132 1.050
616.769 -0.007 -0.131 1.061
616.949 -0.008 -0.121 1.070
617.138 -0.010 -0.114 1.078
617.369 -0.010 -0.111 1.081
617.549 -0.010 -0.103 1.080
617.747 -0.005 -0.108 1.077
617.974 0.002 -0.116 1.075
618.149 0.007 -0.120 1.074
618.389 0.006 -0.119 1.076
618.587 0.004 -0.113 1.076
618.821 -0.005 -0.109 1.075
619.001 -0.008 -0.110 1.076
619.198 -0.005 -0.117 1.077
619.429 -0.003 -0.122 1.078
619.609 -0.003 -0.122 1.078
619.798 -0.009 -0.120 1.077
620.033 -0.013 -0.120 1.076
620.213 -0.012 -0.119 1.077
620.398 -0.006 -0.118 1.078
620.629 0.002 -0.119 1.079
620.809 0.003 -0.118 1.079
620.998 0.000 -0.118 1.079
621.229 -0.007 -0.117 1.080
621.409 -0.013 -0.118 1.080
621.598 -0.014 -0.118 1.078
621.842 -0.008 -0.118 1.076
622.025 0.000 -0.120 1.075
622.262 0.005 -0.122 1.076
622.445 0.005 -0.119 1.077
622.628 0.001 -0.116 1.079
622.861 -0.004 -0.113 1.081
623.041 -0.007 -0.114 1.083
623.228 -0.005 -0.115 1.084
623.461 -0.000 -0.118 1.086
623.641 0.002 -0.122 1.088
623.828 -0.001 -0.120 1.090
624.061 -0.005 -0.120 1.093
624.241 -0.011 -0.120 1.095
624.428 -0.015 -0.120 1.095
624.661 -0.016 -0.123 1.095
624.841 -0.014 -0.125 1.093
625.038 -0.011 -0.126 1.092
625.263 -0.006 -0.126 1.092
625.445 -0.010 -0.125 1.090
625.638 -0.008 -0.122 1.091
625.873 -0.006 -0.122 1.093
626.053 -0.008 -0.121 1.093
626.248 -0.006 -0.121 1.096
626.469 -0.007 -0.125 1.098
626.649 -0.008 -0.126 1.101
626.848 -0.010 -0.127 1.102
627.069 -0.012 -0.126 1.101
627.253 -0.014 -0.126 1.099
627.448 -0.014 -0.126 1.099
627.669 -0.013 -0.126 1.097
627.854 -0.011 -0.128 1.097
628.089 -0.007 -0.128 1.097
628.273 -0.006 -0.126 1.096
628.458 -0.007 -0.124 1.093
628.689 -0.009 -0.123 1.091
628.870 -0.008 -0.122 1.090
629.113 -0.005 -0.121 1.091
629.289 -0.003 -0.122 1.092
629.482 -0.002 -0.121 1.092
629.709 -0.004 -0.122 1.090
629.889 -0.008 -0.122 1.088
630.078 -0.009 -0.121 1.086
630.309 -0.007 -0.122 1.086
630.493 -0.004 -0.125 1.086
630.678 -0.003 -0.125 1.085
630.909 -0.004 -0.123 1.085
631.089 -0.003 -0.123 1.085
631.278 -0.002 -0.123 1.088
631.509 -0.001 -0.122 1.091
631.689 -0.004 -0.121 1.093
631.888 -0.006 -0.120 1.093
632.109 -0.004 -0.119 1.092
632.293 -0.005 -0.119 1.090
632.488 -0.005 -0.118 1.086
632.745 -0.003 -0.116 1.081
632.921 -0.001 -0.116 1.073
633.165 -0.001 -0.114 1.063
633.353 0.002 -0.116 1.055
633.541 0.004 -0.118 1.049
633.738 0.006 -0.122 1.046
633.969 0.007 -0.123 1.046
634.158 0.000 -0.112 1.047
634.389 -0.004 -0.107 1.047
634.573 -0.004 -0.108 1.048
634.758 -0.003 -0.111 1.049
634.991 0.006 -0.111 1.051
635.177 0.015 -0.106 1.051
635.413 0.016 -0.107 1.052
635.589 0.013 -0.111 1.057
635.787 0.006 -0.114 1.065
636.009 -0.006 -0.116 1.071
636.198 -0.010 -0.117 1.075
636.429 -0.013 -0.120 1.076
636.609 -0.006 -0.114 1.075
636.797 0.007 -0.103 1.072
637.031 0.017 -0.097 1.069
637.209 0.019 -0.102 1.068
637.407 0.014 -0.112 1.072
637.629 0.006 -0.119 1.078
637.816 0.001 -0.116 1.084
638.069 -0.001 -0.103 1.087
638.250 -0.004 -0.098 1.087
638.448 0.000 -0.100 1.085
638.669 0.004 -0.102 1.078
638.853 0.006 -0.115 1.073
639.048 0.007 -0.122 1.069
639.273 0.007 -0.120 1.068
639.453 0.004 -0.119 1.071
639.647 0.002 -0.117 1.076
639.869 0.005 -0.110 1.080
640.053 0.016 -0.097 1.085
640.247 0.018 -0.095 1.089
640.473 0.010 -0.106 1.092
640.649 -0.000 -0.116 1.095
640.847 -0.009 -0.120 1.099
641.073 -0.012 -0.120 1.101
641.249 -0.009 -0.120 1.101
641.447 -0.006 -0.119 1.099
641.685 -0.003 -0.117 1.095
641.867 0.001 -0.115 1.092
642.109 0.006 -0.112 1.088
642.289 0.006 -0.109 1.086
642.477 0.003 -0.109 1.083
642.709 -0.002 -0.111 1.082
642.889 -0.005 -0.113 1.080
643.129 -0.005 -0.109 1.078
643.321 0.000 -0.111 1.075
643.508 0.002 -0.110 1.073
643.745 0.002 -0.111 1.070
643.925 0.002 -0.113 1.069
644.108 0.003 -0.113 1.069
644.341 0.005 -0.108 1.068
644.525 0.009 -0.101 1.064
644.708 0.008 -0.101 1.060
644.945 0.003 -0.107 1.056
645.121 -0.003 -0.115 1.052
645.308 0.005 -0.108 1.048
645.541 0.016 -0.105 1.043
645.721 0.024 -0.104 1.039
645.907 0.028 -0.108 1.041
646.142 0.020 -0.109 1.042
646.321 0.013 -0.108 1.046
646.508 0.006 -0.111 1.054
646.741 -0.001 -0.116 1.064
646.921 -0.008 -0.122 1.077
647.108 -0.010 -0.126 1.087
647.341 -0.010 -0.127 1.093
647.525 -0.010 -0.125 1.095
647.707 -0.010 -0.122 1.097
647.946 -0.010 -0.120 1.101
648.145 -0.012 -0.117 1.105
648.338 -0.012 -0.117 1.112
648.561 -0.011 -0.124 1.122
648.741 -0.006 -0.127 1.134
648.938 -0.004 -0.127 1.144
649.161 -0.006 -0.123 1.149
649.357 -0.014 -0.118 1.153
649.581 -0.015 -0.116 1.157
649.765 -0.019 -0.120 1.161
649.957 -0.019 -0.123 1.166
650.181 -0.009 -0.129 1.170
650.361 -0.008 -0.124 1.174
650.557 -0.008 -0.124 1.179
650.781 -0.012 -0.122 1.183
650.968 -0.017 -0.120 1.187
651.201 -0.019 -0.119 1.190
651.385 -0.019 -0.119 1.194
651.588 -0.015 -0.124 1.198
651.809 -0.013 -0.127 1.202
651.993 -0.013 -0.125 1.204
652.188 -0.016 -0.122 1.207
652.410 -0.023 -0.121 1.207
652.589 -0.025 -0.122 1.209
652.788 -0.022 -0.120 1.210
653.009 -0.018 -0.122 1.211
653.189 -0.014 -0.124 1.212
653.388 -0.015 -0.124 1.213
653.609 -0.016 -0.123 1.214
653.808 -0.018 -0.121 1.216
654.029 -0.019 -0.120 1.217
654.209 -0.020 -0.123 1.217
654.453 -0.019 -0.125 1.216
654.633 -0.018 -0.125 1.216
654.830 -0.016 -0.124 1.215
655.082 -0.016 -0.123 1.213
655.269 -0.016 -0.122 1.211
655.458 -0.017 -0.120 1.209
655.701 -0.017 -0.121 1.207
655.885 -0.016 -0.124 1.207
656.067 -0.015 -0.126 1.207
656.309 -0.015 -0.124 1.206
656.489 -0.016 -0.123 1.203
656.688 -0.019 -0.125 1.199
656.909 -0.019 -0.125 1.196
657.089 -0.016 -0.122 1.193
657.334 -0.018 -0.123 1.187
657.509 -0.019 -0.126 1.183
657.698 -0.016 -0.127 1.179
657.929 -0.012 -0.125 1.176
658.109 -0.009 -0.121 1.174
658.307 -0.008 -0.118 1.172
658.534 -0.009 -0.117 1.172
658.709 -0.011 -0.119 1.172
658.953 -0.013 -0.119 1.171
659.129 -0.015 -0.120 1.169
659.327 -0.014 -0.122 1.168
659.569 -0.013 -0.122 1.168
659.753 -0.012 -0.120 1.166
659.949 -0.009 -0.117 1.163
660.169 -0.007 -0.115 1.159
660.349 -0.006 -0.115 1.157
660.547 -0.008 -0.119 1.155
660.773 -0.008 -0.121 1.155
660.950 -0.008 -0.122 1.155
661.148 -0.009 -0.122 1.156
661.369 -0.011 -0.121 1.157
661.567 -0.014 -0.121 1.157
661.793 -0.014 -0.121 1.155
661.971 -0.013 -0.121 1.152
662.222 -0.009 -0.117 1.147
662.405 -0.007 -0.119 1.144
662.598 -0.006 -0.121 1.141
662.821 -0.007 -0.121 1.140
663.007 -0.009 -0.119 1.139
663.241 -0.011 -0.118 1.138
663.421 -0.010 -0.118 1.138
663.618 -0.009 -0.121 1.136
663.845 -0.008 -0.122 1.133
664.021 -0.008 -0.120 1.130
664.218 -0.008 -0.118 1.126
664.441 -0.008 -0.117 1.121
664.625 -0.007 -0.117 1.117
664.838 -0.007 -0.118 1.114
665.069 -0.005 -0.118 1.111
665.268 -0.003 -0.118 1.108
665.493 -0.002 -0.118 1.105
665.679 -0.004 -0.119 1.103
665.929 -0.004 -0.117 1.100
666.109 -0.005 -0.117 1.097
666.308 -0.005 -0.117 1.094
666.529 -0.003 -0.118 1.092
666.713 -0.003 -0.121 1.092
666.949 0.004 -0.120 1.096
667.201 0.004 -0.117 1.099
667.381 -0.000 -0.114 1.100
667.578 -0.003 -0.114 1.105
667.821 -0.007 -0.116 1.110
668.007 -0.008 -0.120 1.117
668.241 -0.006 -0.123 1.125
668.421 -0.008 -0.123 1.134
668.607 -0.009 -0.121 1.148
668.845 -0.011 -0.117 1.165
669.025 -0.020 -0.112 1.185
669.216 -0.020 -0.113 1.204
669.441 -0.022 -0.110 1.215
669.621 -0.019 -0.116 1.222
669.818 -0.016 -0.118 1.229
670.046 -0.015 -0.122 1.235
670.221 -0.016 -0.124 1.241
670.418 -0.017 -0.123 1.248
670.649 -0.018 -0.118 1.254
670.829 -0.019 -0.120 1.261
671.028 -0.020 -0.122 1.267
671.253 -0.021 -0.125 1.273
671.429 -0.020 -0.126 1.279
671.627 -0.020 -0.126 1.285
671.849 -0.020 -0.124 1.292
672.029 -0.021 -0.123 1.299
672.227 -0.023 -0.122 1.307
672.449 -0.024 -0.122 1.315
672.629 -0.024 -0.123 1.323
672.828 -0.024 -0.125 1.330
673.050 -0.026 -0.127 1.337
673.229 -0.028 -0.130 1.345
673.427 -0.028 -0.125 1.352
673.652 -0.027 -0.123 1.359
673.829 -0.028 -0.123 1.365
674.028 -0.028 -0.125 1.371
674.249 -0.028 -0.123 1.376
674.429 -0.028 -0.123 1.378
674.628 -0.028 -0.123 1.378
674.853 -0.029 -0.125 1.378
675.029 -0.030 -0.126 1.378
675.228 -0.030 -0.127 1.379
675.453 -0.031 -0.127 1.380
675.629 -0.032 -0.127 1.382
675.827 -0.032 -0.126 1.384
676.058 -0.032 -0.125 1.386
676.229 -0.031 -0.124 1.388
676.440 -0.030 -0.126 1.390
676.665 -0.028 -0.127 1.392
676.841 -0.029 -0.126 1.395
677.038 -0.033 -0.125 1.398
677.265 -0.036 -0.124 1.401
677.447 -0.036 -0.126 1.405
677.681 -0.036 -0.127 1.408
677.865 -0.034 -0.127 1.411
678.047 -0.033 -0.126 1.415
678.285 -0.034 -0.127 1.419
678.465 -0.035 -0.128 1.423
678.667 -0.038 -0.127 1.428
678.893 -0.039 -0.124 1.432
679.086 -0.037 -0.125 1.436
679.325 -0.036 -0.127 1.441
679.501 -0.036 -0.128 1.445
679.687 -0.037 -0.126 1.450
679.928 -0.038 -0.124 1.455
680.161 -0.039 -0.125 1.460
680.345 -0.039 -0.127 1.465
680.537 -0.039 -0.127 1.470
680.769 -0.039 -0.126 1.475
680.968 -0.040 -0.125 1.480
681.189 -0.041 -0.124 1.485
