-0.002 -0.000 -0.000 1.748
0.208 -0.000 0.000 1.745
0.448 0.000 0.000 1.748
0.688 0.000 0.000 1.749
0.887 0.000 0.000 1.747
1.088 0.000 0.000 1.748
1.287 0.000 0.000 1.747
1.488 0.000 0.000 1.747
1.697 0.000 0.000 1.745
1.897 0.000 0.000 1.747
2.098 0.000 0.000 1.747
2.298 0.000 0.000 1.748
2.498 0.000 0.000 1.748
2.700 0.000 0.000 1.747
2.908 0.000 0.000 1.745
3.108 0.000 0.000 1.748
3.309 0.000 0.000 1.747
3.508 0.000 0.000 1.747
3.708 0.000 0.000 1.745
3.920 0.000 0.000 1.744
4.128 0.000 -0.000 1.746
4.338 0.000 -0.000 1.745
4.538 -0.000 -0.000 1.745
4.738 -0.000 -0.000 1.747
4.938 -0.000 -0.000 1.748
5.138 -0.000 -0.000 1.749
5.337 -0.000 -0.000 1.749
5.537 0.000 0.000 1.747
5.737 0.000 0.000 1.747
5.937 0.000 0.000 1.744
6.177 0.000 0.000 1.748
6.378 0.000 0.000 1.746
6.578 0.000 0.000 1.746
6.778 0.000 0.000 1.747
6.978 0.001 0.000 1.744
7.178 0.001 0.000 1.745
7.378 0.001 0.000 1.746
7.580 0.001 0.000 1.746
7.789 0.001 0.000 1.746
7.989 0.001 0.000 1.745
8.198 0.001 0.001 1.744
8.412 0.000 0.000 1.746
8.608 0.000 0.000 1.747
8.808 0.000 0.000 1.748
9.008 0.000 0.000 1.747
9.208 0.000 -0.000 1.744
9.408 0.000 -0.000 1.746
9.608 0.000 -0.000 1.747
9.808 0.000 -0.000 1.746
10.008 -0.000 -0.000 1.747
10.207 -0.000 -0.000 1.746
10.408 -0.000 -0.000 1.748
10.608 -0.000 -0.000 1.747
10.829 -0.000 0.000 1.745
11.037 -0.001 -0.000 1.748
11.269 -0.000 -0.000 1.749
11.457 -0.000 -0.000 1.748
11.693 0.000 -0.000 1.748
11.873 -0.000 -0.000 1.745
12.057 -0.001 -0.000 1.749
12.289 -0.000 -0.000 1.747
12.475 -0.001 -0.001 1.750
12.657 -0.001 0.000 1.747
12.893 -0.001 0.000 1.746
13.069 0.001 0.000 1.744
13.270 0.001 -0.000 1.745
13.489 0.002 -0.000 1.745
13.687 0.002 -0.001 1.746
13.921 0.001 -0.002 1.748
14.101 0.002 -0.001 1.746
14.298 0.002 0.000 1.743
14.529 0.002 0.000 1.748
14.713 0.003 -0.001 1.746
14.898 0.001 0.000 1.748
15.129 0.002 0.000 1.747
15.309 0.002 0.001 1.747
15.507 0.003 0.001 1.746
15.741 0.003 0.001 1.747
15.938 0.001 0.000 1.748
16.169 0.002 0.001 1.747
16.349 0.002 0.001 1.744
16.593 0.003 0.002 1.746
16.769 0.003 0.002 1.745
16.957 0.001 0.000 1.746
17.189 0.002 0.001 1.746
17.369 0.001 -0.001 1.747
17.559 -0.002 -0.000 1.747
17.793 -0.003 -0.001 1.748
17.982 -0.008 -0.001 1.750
18.177 -0.006 -0.001 1.750
18.401 -0.017 -0.003 1.747
18.587 -0.017 -0.002 1.745
18.821 -0.024 -0.005 1.746
19.001 -0.027 -0.007 1.746
19.188 -0.028 -0.011 1.747
19.421 -0.029 -0.013 1.748
19.601 -0.030 -0.019 1.744
19.797 -0.031 -0.020 1.743
20.029 -0.033 -0.012 1.746
20.209 -0.035 -0.011 1.747
20.398 -0.037 -0.015 1.749
20.629 -0.029 -0.007 1.747
20.809 -0.017 0.000 1.744
20.998 -0.017 0.004 1.747
21.229 -0.017 0.005 1.748
21.409 -0.022 0.003 1.746
21.598 -0.023 0.003 1.746
21.829 -0.025 0.002 1.747
22.009 -0.029 -0.001 1.748
22.198 -0.027 0.001 1.747
22.429 -0.030 -0.002 1.748
22.609 -0.030 -0.001 1.749
22.798 -0.028 -0.010 1.747
23.029 -0.028 -0.017 1.745
23.209 -0.029 -0.013 1.745
23.407 -0.030 -0.006 1.744
23.633 -0.041 -0.020 1.745
23.829 -0.053 -0.023 1.748
24.027 -0.050 -0.035 1.746
24.249 -0.052 -0.027 1.747
24.428 -0.053 -0.029 1.747
24.661 -0.059 -0.031 1.745
24.841 -0.056 -0.031 1.747
25.028 -0.055 -0.020 1.745
25.265 -0.064 -0.030 1.746
25.441 -0.069 -0.038 1.746
25.628 0.400 0.291 1.372
25.865 0.395 0.302 1.357
26.041 0.369 0.316 1.570
26.238 0.316 0.343 1.770
26.465 0.261 0.372 1.792
26.645 0.202 0.404 1.788
26.838 0.139 0.438 1.781
27.063 0.074 0.476 1.777
27.241 0.006 0.517 1.767
27.437 -0.065 0.560 1.763
27.669 -0.152 0.612 1.756
27.921 -0.242 0.666 1.753
28.107 -0.328 0.717 1.751
28.341 -0.414 0.766 1.748
28.530 -0.507 0.818 1.750
28.717 -0.599 0.869 1.750
28.949 -0.694 0.922 1.747
29.129 -0.793 0.974 1.744
29.318 -0.897 1.026 1.745
29.549 -1.003 1.081 1.741
29.733 -1.114 1.135 1.741
29.918 -1.228 1.191 1.739
30.149 -1.348 1.246 1.738
30.329 -1.473 1.301 1.741
30.518 -1.600 1.359 1.742
30.756 -1.732 1.416 1.744
30.942 -1.874 1.478 1.745
31.127 -2.013 1.539 1.745
31.365 -2.155 1.603 1.743
31.545 -2.304 1.664 1.744
31.728 -2.454 1.730 1.742
31.961 -2.611 1.790 1.745
32.145 -2.772 1.850 1.749
32.328 -2.930 1.921 1.745
32.561 -3.101 1.994 1.741
32.741 -3.273 2.056 1.744
32.937 -3.448 2.122 1.745
33.165 -3.636 2.193 1.746
33.347 -3.816 2.265 1.746
33.589 -4.018 2.344 1.746
33.778 -4.214 2.419 1.746
34.010 -4.422 2.505 1.744
34.208 -4.630 2.575 1.748
34.445 -4.838 2.657 1.748
34.626 -5.038 2.739 1.746
34.818 -5.248 2.810 1.749
35.041 -5.455 2.895 1.748
35.221 -5.663 2.987 1.745
35.418 -5.879 3.067 1.745
35.641 -6.000 3.137 1.748
35.829 -6.000 3.230 1.747
36.028 -6.000 3.317 1.747
36.253 -6.000 3.399 1.749
36.457 -6.000 3.512 1.746
36.701 -6.000 3.602 1.747
36.893 -6.000 3.700 1.746
37.125 -6.000 3.787 1.748
37.305 -6.000 3.895 1.746
37.498 -6.000 3.987 1.746
37.721 -6.000 4.069 1.749
37.902 -6.000 4.176 1.748
38.098 -6.000 4.275 1.748
38.321 -6.000 4.355 1.750
38.501 -6.000 4.469 1.749
38.697 -6.000 4.579 1.747
38.925 -6.000 4.674 1.749
39.101 -6.000 4.795 1.747
39.298 -6.000 4.926 1.744
39.525 -6.000 5.014 1.744
39.702 -6.000 5.086 1.747
39.897 -6.000 5.197 1.746
40.125 -6.000 5.308 1.747
40.307 -6.000 5.444 1.744
40.541 -6.000 5.537 1.747
40.724 -6.000 5.662 1.746
40.919 -6.000 5.795 1.743
41.141 -6.000 5.887 1.745
41.329 -6.000 5.980 1.747
41.565 -6.000 6.000 1.750
41.741 -6.000 6.000 1.748
41.931 -6.000 6.000 1.749
42.187 -6.000 6.000 1.745
42.385 -6.000 6.000 1.746
42.568 -6.000 6.000 1.747
42.809 -6.000 6.000 1.746
42.993 -6.000 6.000 1.747
43.188 -6.000 6.000 1.747
43.409 -6.000 6.000 1.746
43.593 -6.000 6.000 1.746
43.797 -6.000 6.000 1.750
44.025 -6.000 6.000 1.747
44.209 -6.000 6.000 1.744
44.445 -6.000 6.000 1.746
44.621 -6.000 6.000 1.744
44.808 -6.000 6.000 1.746
45.045 -6.000 6.000 1.748
45.221 -6.000 6.000 1.745
45.409 -6.000 6.000 1.747
45.641 -6.000 6.000 1.747
45.825 -6.000 6.000 1.747
46.008 -0.194 0.244 1.307
46.254 -0.252 0.294 1.447
46.433 -0.429 0.415 1.693
46.628 -0.591 0.523 1.749
46.861 -0.751 0.630 1.761
47.045 -0.903 0.728 1.761
47.237 -1.055 0.824 1.756
47.477 -1.242 0.940 1.753
47.709 -1.401 1.037 1.754
47.889 -1.564 1.131 1.755
48.129 -1.745 1.235 1.750
48.317 -1.922 1.332 1.751
48.508 -2.093 1.423 1.749
48.733 -2.266 1.513 1.750
48.913 -2.442 1.601 1.750
49.110 -2.620 1.689 1.748
49.329 -2.799 1.774 1.748
49.509 -2.981 1.858 1.747
49.708 -3.165 1.940 1.746
49.929 -3.351 2.019 1.748
50.109 -3.540 2.099 1.746
50.308 -3.729 2.175 1.749
50.529 -3.922 2.251 1.747
50.713 -4.116 2.325 1.745
50.908 -4.312 2.397 1.746
51.129 -4.511 2.468 1.747
51.313 -4.711 2.537 1.748
51.508 -4.914 2.605 1.745
51.730 -5.119 2.670 1.744
51.913 -5.326 2.734 1.744
52.108 -5.535 2.796 1.745
52.329 -5.746 2.857 1.745
52.509 -5.959 2.917 1.744
52.755 -6.000 2.986 1.742
52.938 -6.000 3.038 1.746
53.169 -6.000 3.095 1.746
53.354 -6.000 3.146 1.747
53.548 -6.000 3.196 1.748
53.773 -6.000 3.247 1.748
53.957 -6.000 3.297 1.746
54.189 -6.000 3.344 1.744
54.369 -6.000 3.389 1.745
54.557 -6.000 3.431 1.746
54.789 -6.000 3.473 1.747
54.970 -6.000 3.510 1.745
55.168 -6.000 3.549 1.745
55.401 -6.000 3.588 1.745
55.588 -6.000 3.623 1.748
55.821 -6.000 3.660 1.746
56.018 -6.000 3.695 1.745
56.245 -6.000 3.725 1.742
56.421 -6.000 3.755 1.744
56.631 -6.000 3.782 1.747
56.849 -6.000 3.809 1.747
57.029 -6.000 3.835 1.746
57.228 -6.000 3.858 1.746
57.449 -6.000 3.879 1.745
57.629 -6.000 3.894 1.743
57.828 -6.000 3.929 1.748
58.049 -6.000 3.939 1.747
58.235 -6.000 3.949 1.746
58.427 -6.000 3.958 1.744
58.665 -6.000 3.972 1.746
58.841 -6.000 3.982 1.746
59.038 -6.000 3.991 1.744
59.261 -6.000 4.000 1.745
59.448 -6.000 4.007 1.745
59.681 -6.000 4.009 1.744
59.866 -6.000 4.016 1.748
60.048 -6.000 4.019 1.745
60.281 -6.000 4.018 1.747
60.461 -6.000 4.011 1.745
60.648 -6.000 4.004 1.744
60.881 -6.000 3.997 1.743
61.066 -6.000 3.997 1.746
61.258 -6.000 3.992 1.748
61.485 -6.000 3.972 1.746
61.669 -6.000 3.944 1.744
61.868 -6.000 3.934 1.744
62.105 -6.000 3.924 1.744
62.281 -6.000 3.909 1.745
62.478 -6.000 3.884 1.744
62.701 -6.000 3.866 1.745
62.882 -6.000 3.847 1.746
63.077 -6.000 3.822 1.746
63.301 -6.000 3.790 1.746
63.481 -6.000 3.770 1.746
63.678 -6.000 3.741 1.746
63.901 -6.000 3.700 1.746
64.088 -6.000 3.668 1.746
64.321 -6.000 3.627 1.745
64.501 -6.000 3.590 1.744
64.688 -6.000 3.555 1.744
64.933 -6.000 3.548 1.747
65.109 -6.000 3.509 1.747
65.298 -6.000 3.470 1.748
65.521 -6.000 3.424 1.748
65.708 -6.000 3.377 1.749
65.953 -6.000 3.339 1.748
66.133 -6.000 3.281 1.744
66.381 -6.000 3.249 1.745
66.565 -6.000 3.199 1.743
66.809 -6.000 3.146 1.745
66.989 -6.000 3.094 1.745
67.178 -6.000 3.035 1.746
67.409 -6.000 2.983 1.746
67.589 -6.000 2.932 1.745
67.778 -6.000 2.868 1.746
68.009 -6.000 2.813 1.743
68.199 -6.000 2.745 1.743
68.434 -6.000 2.680 1.744
68.609 -6.000 2.587 1.748
68.797 -6.000 2.522 1.749
69.041 -6.000 2.460 1.747
69.221 -6.000 2.392 1.746
69.462 -6.000 2.317 1.745
69.642 -6.000 2.248 1.746
69.901 -6.000 2.145 1.744
70.081 -6.000 2.072 1.746
70.268 -6.000 1.995 1.747
70.501 -6.000 1.920 1.746
70.685 -6.000 1.841 1.746
70.869 -6.000 1.771 1.747
71.101 -6.000 1.661 1.744
71.281 -6.000 1.586 1.745
71.468 -6.000 1.497 1.744
71.701 -6.000 1.414 1.746
71.881 -6.000 1.323 1.746
72.068 -6.000 1.231 1.744
72.305 -6.000 1.130 1.745
72.481 -6.000 1.032 1.745
72.668 -6.000 0.923 1.745
72.901 -6.000 0.778 1.749
73.081 -6.000 0.681 1.749
73.281 -6.000 0.642 1.746
73.501 -6.000 0.543 1.746
73.681 -6.000 0.433 1.746
73.878 -6.000 0.331 1.745
74.109 -6.000 0.221 1.742
74.298 -6.000 0.126 1.744
74.529 -6.000 0.034 1.746
74.709 -6.000 -0.083 1.747
74.907 -6.000 -0.206 1.747
75.141 -6.000 -0.316 1.748
75.321 -6.000 -0.275 1.743
75.518 -6.000 -0.404 1.742
75.745 -6.000 -0.474 1.744
75.926 -6.000 -0.559 1.744
76.119 -6.000 -0.630 1.746
76.341 -6.000 -0.723 1.743
76.529 -6.000 -0.952 1.748
76.761 -6.000 -1.040 1.746
76.941 -6.000 -1.194 1.744
77.138 -6.000 -1.129 1.746
77.363 -6.000 -1.206 1.746
77.548 -6.000 -1.358 1.746
77.748 -6.000 -1.483 1.746
77.970 -6.000 -1.756 1.744
78.161 -6.000 -1.948 1.742
78.358 -6.000 -1.883 1.744
78.585 -6.000 -2.143 1.742
78.761 -6.000 -1.994 1.743
78.958 -6.000 -1.946 1.746
79.185 -6.000 -2.133 1.746
79.362 -6.000 -2.270 1.746
79.558 -6.000 -2.371 1.745
79.781 -6.000 -2.491 1.744
79.961 -6.000 -2.624 1.744
80.158 -6.000 -2.662 1.745
80.382 -6.000 -2.761 1.746
80.562 -6.000 -2.905 1.745
80.759 -6.000 -3.003 1.744
80.985 -6.000 -3.099 1.743
81.161 -6.000 -3.234 1.744
81.358 -6.000 -3.316 1.745
81.581 -6.000 -3.481 1.744
81.761 -6.000 -3.597 1.747
81.958 -6.000 -3.723 1.746
82.193 -6.000 -3.729 1.744
82.369 -6.000 -3.800 1.743
82.558 -6.000 -4.109 1.747
82.789 -6.000 -4.242 1.747
82.969 -6.000 -4.286 1.746
83.158 -6.000 -6.000 1.745
83.389 -6.000 -6.000 1.752
83.569 -6.000 -6.000 1.741
83.757 -6.000 -6.000 1.732
83.989 -6.000 -6.000 1.727
84.169 -6.000 -6.000 1.743
84.358 -6.000 -6.000 1.740
84.589 -6.000 -6.000 1.742
84.773 -6.000 -5.089 1.744
84.958 -6.000 -4.360 1.740
85.189 -6.000 -2.209 1.741
85.369 -6.000 -3.331 1.731
85.558 -6.000 -3.416 1.723
85.789 -6.000 -3.550 1.712
85.969 -6.000 -5.000 1.691
86.158 -6.000 -6.000 1.657
86.389 -6.000 -6.000 1.617
86.569 -6.000 -6.000 1.567
86.758 0.995 -0.041 0.096
86.989 1.340 0.569 1.738
87.170 1.165 -0.255 0.868
87.358 1.854 -0.883 1.761
87.602 1.046 0.001 0.474
87.785 1.647 -0.166 1.329
87.968 2.332 -0.375 1.429
88.201 3.140 -0.644 1.309
88.381 3.994 -0.941 1.179
88.568 4.844 -1.232 1.076
88.801 5.775 -1.517 1.013
88.987 6.000 -1.763 0.960
89.225 6.000 -1.950 0.932
89.405 6.000 -1.935 0.895
89.588 0.951 0.103 0.012
89.821 0.682 0.028 -0.141
90.001 0.727 -0.033 -0.166
90.187 0.616 0.039 0.043
90.425 0.727 0.009 -0.033
90.601 0.756 -0.027 -0.142
90.789 0.766 -0.019 -0.140
91.021 0.719 -0.004 0.126
91.201 0.638 0.116 0.604
91.387 0.576 0.268 0.694
91.621 0.532 0.462 0.695
91.805 0.515 0.701 0.671
92.008 1.008 0.074 0.175
92.229 1.001 0.069 0.041
92.409 0.999 0.071 0.049
92.608 0.999 0.069 0.038
92.829 0.998 0.069 0.027
93.009 1.000 0.066 -0.007
93.208 0.998 0.067 -0.009
93.430 0.988 0.070 0.034
93.609 0.962 0.076 0.298
93.809 0.914 0.086 0.539
94.034 0.862 0.100 0.576
94.209 0.805 0.118 0.564
94.408 0.995 0.070 -0.021
94.629 0.993 0.068 0.024
94.814 1.028 0.070 0.054
95.049 1.016 0.069 0.364
95.234 1.002 0.067 0.422
95.418 1.068 0.048 -0.001
95.649 1.065 0.045 -0.034
95.834 1.045 0.037 0.111
96.027 1.016 0.018 0.359
96.266 -0.513 -0.388 0.282
96.441 -0.509 -0.370 0.286
96.628 -0.520 -0.360 0.307
96.873 -0.500 -0.338 0.304
97.049 -0.496 -0.323 0.316
97.238 -0.492 -0.310 0.316
97.469 -0.491 -0.299 0.297
97.649 -0.496 -0.292 0.269
97.838 -0.503 -0.286 0.238
98.072 -0.507 -0.279 0.229
98.249 -0.479 -0.267 0.196
98.438 -0.440 -0.256 0.187
98.669 -0.413 -0.250 0.180
98.849 -0.398 -0.243 0.179
99.038 -0.388 -0.238 0.166
99.269 -0.384 -0.232 0.135
99.453 -0.383 -0.227 0.110
99.638 -0.383 -0.224 0.096
99.869 -0.380 -0.222 0.088
100.049 -0.373 -0.222 0.088
100.239 -0.369 -0.223 0.084
100.473 -0.368 -0.223 0.066
100.654 -0.368 -0.222 0.046
100.838 -0.368 -0.221 0.034
101.069 -0.368 -0.220 0.024
101.249 -0.367 -0.216 0.019
101.439 -0.362 -0.212 0.019
101.669 -0.356 -0.210 0.022
101.849 -0.350 -0.205 0.020
102.038 -0.335 -0.202 0.023
102.269 -0.325 -0.198 0.026
102.449 -0.318 -0.195 0.027
102.638 -0.314 -0.193 0.032
102.873 -0.311 -0.190 0.039
103.049 -0.307 -0.186 0.042
103.238 -0.306 -0.184 0.050
103.469 -0.307 -0.185 0.056
103.649 -0.299 -0.183 0.065
103.838 -0.289 -0.182 0.075
104.069 -0.256 -0.197 0.084
104.249 -0.229 -0.212 0.091
104.438 -0.207 -0.221 0.092
104.673 -0.190 -0.228 0.088
104.849 -0.182 -0.232 0.068
105.037 -0.177 -0.234 0.065
105.269 -0.174 -0.235 0.065
105.449 -0.169 -0.238 0.093
105.638 -0.169 -0.239 0.079
105.873 -0.166 -0.242 0.090
106.049 -0.161 -0.244 0.098
106.238 -0.155 -0.245 0.116
106.469 -0.148 -0.245 0.120
106.649 -0.140 -0.248 0.138
106.838 -0.133 -0.253 0.135
107.069 -0.128 -0.258 0.133
107.254 -0.126 -0.263 0.125
107.438 -0.122 -0.266 0.128
107.669 -0.120 -0.268 0.133
107.853 -0.118 -0.270 0.142
108.038 -0.115 -0.269 0.152
108.269 -0.112 -0.270 0.165
108.454 -0.108 -0.271 0.176
108.638 -0.106 -0.273 0.171
108.869 -0.105 -0.275 0.170
109.049 -0.103 -0.277 0.168
109.238 -0.099 -0.282 0.166
109.469 -0.098 -0.287 0.148
109.654 -0.100 -0.292 0.116
109.848 -0.104 -0.298 0.080
110.069 -0.109 -0.301 0.044
110.249 -0.112 -0.305 0.036
110.448 -0.111 -0.304 0.010
110.669 -0.113 -0.306 -0.001
110.849 -0.116 -0.309 -0.006
111.048 -0.120 -0.310 -0.031
111.273 -0.123 -0.311 -0.042
111.449 -0.126 -0.314 -0.050
111.648 -0.131 -0.316 -0.063
111.869 -0.137 -0.317 -0.070
112.054 -0.143 -0.317 -0.064
112.248 -0.150 -0.316 -0.064
112.473 -0.157 -0.316 -0.074
112.654 -0.161 -0.316 -0.071
112.848 -0.164 -0.317 -0.066
113.069 -0.167 -0.319 -0.059
113.257 -0.168 -0.320 -0.049
113.489 -0.171 -0.320 -0.039
113.669 -0.174 -0.321 -0.027
113.868 -0.176 -0.321 -0.015
114.093 -0.179 -0.321 -0.001
114.269 -0.183 -0.320 0.016
114.521 -0.186 -0.319 0.033
114.701 -0.190 -0.318 0.056
114.888 -0.193 -0.317 0.070
115.125 -0.195 -0.316 0.095
115.301 -0.197 -0.315 0.111
115.498 -0.198 -0.314 0.135
115.733 -0.199 -0.312 0.159
115.909 -0.199 -0.310 0.182
116.098 -0.199 -0.308 0.206
116.329 -0.198 -0.306 0.229
116.510 -0.197 -0.304 0.254
116.698 -0.196 -0.301 0.280
116.929 -0.194 -0.298 0.309
117.113 -0.194 -0.297 0.335
117.298 -0.193 -0.294 0.362
117.533 -0.191 -0.290 0.389
117.709 -0.188 -0.287 0.418
117.898 -0.186 -0.284 0.447
118.135 -0.183 -0.280 0.476
118.309 -0.179 -0.275 0.503
118.498 -0.176 -0.272 0.531
118.733 -0.171 -0.268 0.561
118.913 -0.168 -0.264 0.590
119.098 -0.162 -0.260 0.621
119.333 -0.158 -0.256 0.654
119.510 -0.150 -0.253 0.689
119.698 -0.145 -0.250 0.737
119.933 -0.136 -0.244 0.863
120.109 -0.125 -0.237 0.916
120.361 -0.113 -0.228 0.948
120.541 -0.100 -0.219 0.976
120.728 -0.086 -0.210 1.008
120.961 0.998 0.033 0.328
121.145 1.222 0.116 0.981
121.328 1.452 0.208 1.153
121.565 -0.074 -0.257 0.957
121.741 -0.157 -0.415 1.070
121.938 -0.110 -0.341 1.085
122.173 -0.224 -0.521 1.188
122.349 -0.350 -0.696 1.219
122.557 1.016 0.013 0.261
122.782 1.125 0.035 0.449
122.962 0.198 -0.204 0.889
123.158 0.423 -0.126 0.651
123.381 -0.038 -0.227 0.960
123.565 -0.140 -0.124 1.081
123.758 -0.260 -0.022 1.098
123.986 -0.392 0.084 1.078
124.172 1.022 -0.040 0.544
124.405 -0.041 -0.331 0.777
124.581 -0.013 -0.330 0.741
124.770 0.011 -0.321 0.704
125.001 0.032 -0.299 0.647
125.181 0.077 -0.275 0.607
125.368 0.132 -0.251 0.580
125.601 0.185 -0.220 0.558
125.782 0.221 -0.204 0.547
125.968 0.243 -0.197 0.541
126.202 0.259 -0.196 0.534
126.381 0.271 -0.197 0.513
126.568 0.276 -0.201 0.485
126.802 0.263 -0.212 0.451
127.002 0.233 -0.227 0.415
127.197 0.199 -0.244 0.382
127.421 0.160 -0.262 0.349
127.609 0.132 -0.276 0.308
127.808 0.110 -0.285 0.265
128.033 0.090 -0.296 0.215
128.209 0.070 -0.306 0.165
128.408 0.057 -0.312 0.116
128.635 0.067 -0.309 0.070
128.809 0.070 -0.309 0.044
129.008 0.065 -0.310 0.016
129.229 0.057 -0.312 -0.023
129.409 0.047 -0.316 -0.069
129.608 0.038 -0.319 -0.102
129.837 0.030 -0.322 -0.123
130.009 0.020 -0.324 -0.146
130.241 0.011 -0.328 -0.161
130.422 0.005 -0.328 -0.177
130.608 -0.002 -0.331 -0.201
130.845 -0.009 -0.332 -0.219
131.025 -0.014 -0.332 -0.230
131.207 -0.020 -0.331 -0.234
131.441 -0.026 -0.333 -0.241
131.625 -0.034 -0.336 -0.249
131.807 -0.041 -0.337 -0.251
132.041 -0.047 -0.340 -0.253
132.221 -0.055 -0.342 -0.255
132.407 -0.062 -0.345 -0.257
132.645 -0.069 -0.348 -0.252
132.821 -0.075 -0.352 -0.263
133.008 -0.081 -0.355 -0.266
133.241 -0.087 -0.359 -0.270
133.425 -0.093 -0.362 -0.273
133.607 -0.099 -0.365 -0.277
133.841 -0.104 -0.367 -0.280
134.025 -0.110 -0.369 -0.284
134.207 -0.116 -0.372 -0.288
134.441 -0.120 -0.374 -0.292
134.621 -0.126 -0.377 -0.295
134.807 -0.131 -0.379 -0.299
135.045 -0.136 -0.381 -0.300
135.225 -0.140 -0.384 -0.303
135.407 -0.145 -0.386 -0.305
135.641 -0.149 -0.389 -0.308
135.821 -0.153 -0.391 -0.309
136.007 -0.156 -0.392 -0.307
136.245 -0.160 -0.394 -0.310
136.421 -0.165 -0.398 -0.314
136.607 -0.169 -0.400 -0.315
136.841 -0.172 -0.402 -0.314
137.021 -0.175 -0.403 -0.313
137.207 -0.179 -0.406 -0.316
137.441 -0.182 -0.408 -0.316
137.625 -0.185 -0.412 -0.320
137.807 -0.188 -0.412 -0.320
138.041 -0.192 -0.415 -0.320
138.221 -0.195 -0.416 -0.321
138.407 -0.198 -0.418 -0.319
138.641 -0.201 -0.420 -0.323
138.821 -0.203 -0.422 -0.322
139.007 -0.206 -0.423 -0.316
139.245 -0.209 -0.425 -0.321
139.421 -0.211 -0.428 -0.322
139.607 -0.214 -0.430 -0.322
139.845 -0.216 -0.430 -0.322
140.025 -0.218 -0.431 -0.321
140.207 -0.221 -0.433 -0.321
140.441 -0.223 -0.435 -0.323
140.621 -0.226 -0.437 -0.322
140.807 -0.227 -0.438 -0.322
141.045 -0.229 -0.439 -0.322
141.221 -0.231 -0.441 -0.321
141.407 -0.234 -0.443 -0.321
141.641 -0.236 -0.445 -0.320
141.821 -0.237 -0.447 -0.315
142.007 -0.239 -0.448 -0.319
142.241 -0.241 -0.450 -0.319
142.425 -0.242 -0.452 -0.318
142.607 -0.244 -0.454 -0.317
142.845 -0.245 -0.456 -0.317
143.021 -0.247 -0.457 -0.316
143.207 -0.247 -0.458 -0.316
143.445 -0.248 -0.458 -0.316
143.621 -0.249 -0.460 -0.316
143.807 -0.250 -0.459 -0.317
144.041 -0.251 -0.461 -0.317
144.221 -0.253 -0.462 -0.317
144.407 -0.255 -0.464 -0.319
144.645 -0.256 -0.466 -0.319
144.821 -0.257 -0.467 -0.299
145.008 -0.258 -0.469 -0.318
145.241 -0.259 -0.470 -0.320
145.421 -0.256 -0.468 -0.312
145.607 -0.256 -0.468 -0.320
145.845 -0.257 -0.470 -0.324
146.021 -0.259 -0.472 -0.327
146.207 -0.259 -0.473 -0.323
146.441 -0.260 -0.475 -0.325
146.621 -0.263 -0.479 -0.330
146.807 -0.265 -0.483 -0.327
147.041 -0.266 -0.484 -0.328
147.225 -0.267 -0.486 -0.329
147.407 -0.268 -0.487 -0.330
147.641 -0.269 -0.489 -0.330
147.821 -0.270 -0.490 -0.329
148.007 -0.271 -0.492 -0.325
148.245 -0.272 -0.493 -0.327
148.421 -0.272 -0.494 -0.326
148.608 -0.274 -0.496 -0.325
148.841 -0.275 -0.497 -0.325
149.021 -0.277 -0.499 -0.324
149.207 -0.277 -0.500 -0.324
149.441 -0.278 -0.502 -0.327
149.625 -0.279 -0.504 -0.323
149.807 -0.280 -0.505 -0.322
150.041 -0.280 -0.506 -0.323
150.221 -0.281 -0.508 -0.323
150.407 -0.282 -0.510 -0.323
150.641 -0.283 -0.512 -0.323
150.825 -0.284 -0.513 -0.324
151.007 -0.285 -0.514 -0.324
151.241 -0.286 -0.516 -0.324
151.425 -0.288 -0.517 -0.325
151.607 -0.289 -0.519 -0.327
151.845 -0.294 -0.520 -0.338
152.021 -0.297 -0.521 -0.290
152.207 1.256 0.119 0.000
152.445 -0.293 -0.521 -0.308
152.621 -0.344 -0.539 -0.278
152.807 -0.339 -0.538 -0.284
153.041 -0.426 -0.576 -0.163
153.225 0.899 0.123 -0.166
153.407 0.923 0.131 -0.187
153.645 0.963 0.236 -0.256
153.825 1.017 0.113 -0.166
154.007 1.051 0.102 -0.160
154.241 1.083 0.103 -0.197
154.421 1.094 0.143 -0.195
154.607 1.138 0.193 -0.437
154.841 1.183 0.242 -0.534
155.025 1.230 0.295 -0.579
155.207 1.280 0.352 -0.604
155.441 1.333 0.414 -0.619
155.621 1.392 0.484 -0.630
155.838 1.456 0.563 -0.636
156.061 1.517 0.638 -0.637
156.242 1.578 0.713 -0.638
156.438 1.141 -0.078 -0.026
156.665 1.113 -0.083 -0.388
156.841 1.087 -0.082 -0.671
157.081 1.053 -0.090 -0.685
157.268 1.022 -0.105 -0.638
157.501 0.988 -0.127 -0.580
157.682 0.958 -0.151 -0.529
157.868 0.949 -0.164 -0.476
158.104 0.948 -0.177 -0.417
158.281 0.946 -0.198 -0.360
158.478 0.952 -0.212 -0.320
158.701 0.954 -0.228 -0.299
158.885 0.956 -0.246 -0.278
159.078 0.950 -0.272 -0.259
159.301 0.939 -0.303 -0.248
159.481 0.929 -0.335 -0.235
159.678 0.919 -0.368 -0.218
159.905 0.914 -0.402 -0.194
160.083 0.935 -0.413 -0.180
160.277 0.975 -0.417 -0.164
160.505 1.021 -0.424 -0.145
160.681 1.065 -0.437 -0.122
160.921 1.110 -0.457 -0.096
161.101 1.154 -0.478 -0.070
161.297 1.189 -0.509 -0.038
161.521 -0.450 -0.520 -0.045
161.705 -0.395 -0.489 -0.052
161.897 -0.341 -0.462 -0.038
162.121 -0.335 -0.456 0.067
162.305 -0.293 -0.453 -0.021
162.497 -0.281 -0.449 0.004
162.725 -0.268 -0.442 0.027
162.918 -0.255 -0.433 0.057
163.145 -0.244 -0.427 0.083
163.328 -0.232 -0.421 0.126
163.561 -0.222 -0.416 0.142
163.745 -0.211 -0.410 0.170
163.927 -0.200 -0.404 0.196
164.165 -0.190 -0.399 0.209
164.346 -0.183 -0.398 0.199
164.537 -0.180 -0.397 0.184
164.761 -0.182 -0.400 0.159
164.941 -0.188 -0.405 0.125
165.138 -0.197 -0.410 0.091
165.362 -0.209 -0.416 0.064
165.545 -0.219 -0.421 0.045
165.739 -0.227 -0.425 0.025
165.965 -0.234 -0.428 0.017
166.141 -0.239 -0.431 0.013
166.347 -0.244 -0.432 0.010
166.582 -0.248 -0.434 0.011
166.765 -0.254 -0.437 0.017
166.958 -0.260 -0.439 0.025
167.185 -0.268 -0.443 0.038
167.361 -0.275 -0.445 0.045
167.557 -0.283 -0.448 0.060
167.781 -0.291 -0.450 0.071
167.961 -0.299 -0.453 0.064
168.158 -0.308 -0.456 0.056
168.381 -0.314 -0.459 0.061
168.565 -0.322 -0.470 0.062
168.801 -0.327 -0.474 0.065
168.985 -0.331 -0.476 0.071
169.167 -0.335 -0.477 0.079
169.405 -0.337 -0.476 0.087
169.581 -0.339 -0.477 0.094
169.768 -0.345 -0.480 0.188
170.005 -0.352 -0.484 0.237
170.185 -0.358 -0.489 0.256
170.368 0.028 -0.525 0.186
170.605 1.083 0.073 0.072
170.781 1.056 0.062 0.120
170.968 1.090 0.078 0.073
171.201 1.092 0.081 0.073
171.381 1.097 0.081 0.070
171.571 1.097 0.085 0.067
171.805 1.099 0.083 0.054
171.981 1.090 0.082 0.096
172.168 1.061 0.069 0.386
172.401 1.034 0.056 0.485
172.581 1.010 0.043 0.518
172.778 1.124 0.045 -0.160
173.001 1.104 0.022 0.037
173.181 1.190 -0.057 0.395
173.378 1.058 -0.157 0.188
173.605 1.096 -0.167 0.429
173.785 1.144 -0.180 0.490
173.978 1.402 -0.016 0.039
174.201 1.375 0.005 0.147
174.385 1.317 0.041 0.410
174.578 1.254 0.075 0.468
174.804 1.188 0.110 0.463
174.981 1.120 0.150 0.443
175.178 1.049 0.197 0.424
175.401 1.259 -0.030 -0.041
175.589 1.117 0.001 -0.133
175.787 1.263 0.063 0.284
176.009 1.418 0.112 0.395
176.189 1.586 0.148 0.400
176.388 1.769 0.182 0.393
176.609 1.301 0.238 0.309
176.797 1.511 0.344 0.417
177.053 1.370 0.118 0.400
177.231 1.283 0.187 0.529
177.438 1.193 0.264 0.555
177.661 -0.122 -0.438 0.356
177.849 -0.313 -0.701 0.502
178.048 -0.525 -0.993 0.548
178.273 -0.739 -1.287 0.559
178.458 1.318 0.068 0.380
178.695 1.283 0.015 0.549
178.869 1.243 0.023 0.631
179.058 1.202 0.049 0.656
179.293 1.161 0.090 0.672
179.473 1.162 -0.038 0.532
179.658 1.115 -0.029 0.692
179.889 0.985 -0.231 0.492
180.073 1.317 -0.006 -0.006
180.258 1.339 -0.012 0.119
180.493 1.396 -0.029 0.637
180.673 1.455 -0.044 0.799
180.858 1.512 -0.056 0.852
181.093 1.035 -0.012 -0.073
181.269 0.922 0.066 0.636
181.457 1.044 0.055 -0.017
181.693 0.976 0.128 0.655
181.869 0.907 0.203 0.953
182.057 0.835 0.279 1.036
182.289 0.759 0.358 1.072
182.473 0.641 -0.087 0.130
182.657 0.685 -0.037 0.492
182.889 0.840 0.107 1.065
183.069 0.995 0.247 1.207
183.268 1.159 0.392 1.256
183.489 0.819 0.146 0.434
183.674 0.823 0.246 1.057
183.913 0.841 0.373 1.281
184.089 0.865 0.500 1.330
184.288 0.887 0.634 1.343
184.514 1.030 -0.058 0.212
184.689 1.002 -0.069 -0.094
184.888 0.995 -0.066 -0.094
185.109 0.984 -0.060 -0.047
185.289 0.994 -0.058 -0.102
185.529 0.998 -0.055 -0.085
185.733 1.003 -0.052 -0.065
185.909 0.126 -0.581 0.863
186.107 0.019 -0.822 1.126
186.329 -0.086 -1.095 1.109
186.527 -0.185 -1.405 1.036
186.761 -0.283 -1.732 0.962
186.941 -0.181 -0.624 0.646
187.128 -0.252 -0.671 0.707
187.362 -0.355 -0.757 0.741
187.546 -0.468 -0.840 0.724
187.728 -0.596 -0.917 0.638
187.961 -0.730 -0.987 0.580
188.145 -0.869 -1.055 0.514
188.327 -1.009 -1.123 0.466
188.565 -0.175 -0.419 0.226
188.741 -0.153 -0.397 0.176
188.927 -0.137 -0.384 0.149
189.163 -0.122 -0.373 0.125
189.341 -0.100 -0.361 0.113
189.528 -0.078 -0.348 0.105
189.773 -0.064 -0.339 0.098
189.953 -0.055 -0.331 0.096
190.147 -0.049 -0.321 0.096
190.369 -0.051 -0.315 0.097
190.549 -0.050 -0.309 0.093
190.748 -0.051 -0.303 0.083
190.981 -0.051 -0.296 0.081
191.166 -0.054 -0.292 0.082
191.358 -0.053 -0.286 0.086
191.581 -0.051 -0.278 0.091
191.765 -0.049 -0.272 0.097
191.957 -0.049 -0.268 0.097
192.181 -0.047 -0.262 0.098
192.361 -0.046 -0.258 0.097
192.557 -0.046 -0.254 0.094
192.785 -0.046 -0.250 0.096
192.961 -0.049 -0.248 0.089
193.157 -0.050 -0.246 0.086
193.381 -0.052 -0.243 0.084
193.561 -0.055 -0.241 0.080
193.757 -0.058 -0.240 0.076
193.985 -0.060 -0.238 0.072
194.161 -0.063 -0.237 0.068
194.357 -0.064 -0.235 0.064
194.581 -0.066 -0.234 0.061
194.765 -0.067 -0.233 0.059
194.958 -0.068 -0.231 0.056
195.181 -0.069 -0.230 0.053
195.361 -0.070 -0.229 0.048
195.557 -0.072 -0.227 0.046
195.785 -0.074 -0.226 0.045
195.965 -0.077 -0.225 0.043
196.157 -0.080 -0.224 0.043
196.381 -0.083 -0.223 0.042
196.561 -0.086 -0.222 0.041
196.757 -0.089 -0.221 0.043
196.985 -0.091 -0.220 0.050
197.165 -0.094 -0.220 0.170
197.357 -0.095 -0.220 0.036
197.581 -0.098 -0.220 0.029
197.761 -0.100 -0.220 0.022
197.957 -0.101 -0.220 0.017
198.181 -0.103 -0.220 0.014
198.361 -0.105 -0.220 0.011
198.557 -0.106 -0.220 0.010
198.785 -0.107 -0.221 0.007
198.961 -0.108 -0.221 0.011
199.157 -0.110 -0.221 0.011
199.385 -0.111 -0.222 0.007
199.565 -0.112 -0.222 0.007
199.758 -0.112 -0.222 0.008
199.985 -0.113 -0.223 0.014
200.161 -0.114 -0.223 0.009
200.357 -0.115 -0.224 0.014
200.581 -0.116 -0.224 0.010
200.761 -0.117 -0.224 0.011
200.957 -0.117 -0.225 0.012
201.181 -0.118 -0.226 0.012
201.365 -0.118 -0.226 0.013
201.557 -0.119 -0.226 0.013
201.781 -0.119 -0.227 0.012
201.965 -0.120 -0.228 0.013
202.157 -0.121 -0.229 0.013
202.381 -0.122 -0.230 0.013
202.561 -0.123 -0.231 0.014
202.757 -0.124 -0.233 0.014
202.981 -0.124 -0.236 0.014
203.161 -0.129 -0.241 0.020
203.357 -0.141 -0.255 0.025
203.585 -0.154 -0.268 0.029
203.765 -0.164 -0.279 0.032
203.957 -0.175 -0.289 0.029
204.181 -0.184 -0.296 0.031
204.365 -0.193 -0.302 0.031
204.558 -0.201 -0.306 0.032
204.782 -0.208 -0.310 0.036
204.961 -0.214 -0.313 0.035
205.158 -0.219 -0.316 0.035
205.385 -0.224 -0.318 0.030
205.565 -0.230 -0.321 0.039
205.757 -0.235 -0.321 0.029
205.981 -0.240 -0.322 0.028
206.165 -0.246 -0.323 0.027
206.357 -0.252 -0.323 0.026
206.581 -0.258 -0.323 0.026
206.761 -0.264 -0.323 0.026
206.957 -0.270 -0.321 0.025
207.181 -0.275 -0.321 0.025
207.361 -0.280 -0.321 0.027
207.557 -0.285 -0.320 0.028
207.781 -0.289 -0.320 0.029
207.961 -0.293 -0.319 0.030
208.157 -0.297 -0.319 0.031
208.381 -0.300 -0.318 0.035
208.561 -0.303 -0.317 0.036
208.757 -0.306 -0.317 0.037
208.981 -0.310 -0.316 0.041
209.161 -0.313 -0.316 0.041
209.358 -0.316 -0.315 0.042
209.585 -0.320 -0.314 0.043
209.761 -0.323 -0.314 0.044
209.957 -0.326 -0.314 0.046
210.185 -0.329 -0.315 0.047
210.361 -0.333 -0.317 0.050
210.557 -0.345 -0.325 0.055
210.781 -0.376 -0.352 0.066
210.961 -0.403 -0.379 0.077
211.157 -0.429 -0.408 0.085
211.381 -0.453 -0.439 0.094
211.561 -0.475 -0.467 0.126
211.757 -0.496 -0.488 0.230
211.981 -0.519 -0.510 0.258
212.161 -0.544 -0.535 0.256
212.357 -0.571 -0.561 0.255
212.581 -0.599 -0.590 0.246
212.765 -0.627 -0.622 0.231
212.960 -0.656 -0.656 0.216
213.185 -0.686 -0.692 0.200
213.361 -0.718 -0.729 0.186
213.557 -0.752 -0.765 0.178
213.781 -0.787 -0.802 0.170
213.961 -0.823 -0.837 0.165
214.157 -0.857 -0.871 0.165
214.385 -0.891 -0.904 0.169
214.571 -0.925 -0.941 0.174
214.801 -0.958 -0.979 0.182
214.981 -0.990 -1.020 0.194
215.168 -1.026 -1.064 0.208
215.401 -1.064 -1.111 0.226
215.581 -1.107 -1.158 0.242
215.768 -1.152 -1.206 0.259
216.001 -1.199 -1.252 0.275
216.181 -1.250 -1.301 0.298
216.368 -1.300 -1.348 0.316
216.625 -1.357 -1.400 0.341
216.805 -1.412 -1.446 0.359
216.988 -1.467 -1.493 0.380
217.221 -1.525 -1.540 0.400
217.405 -1.583 -1.587 0.426
217.588 -1.645 -1.634 0.447
217.825 -1.707 -1.682 0.472
218.002 -1.771 -1.730 0.500
218.188 -1.837 -1.777 0.525
218.421 -1.905 -1.827 0.554
218.601 -1.974 -1.874 0.581
218.788 -2.046 -1.918 0.605
219.021 -2.120 -1.965 0.630
219.201 -2.195 -2.014 0.658
219.388 -2.273 -2.062 0.684
219.625 -2.349 -2.115 0.715
219.801 -2.430 -2.166 0.744
219.988 -2.509 -2.218 0.774
220.225 -2.592 -2.271 0.801
220.406 -2.674 -2.325 0.832
220.588 -2.752 -2.379 0.859
220.821 -2.833 -2.433 0.889
221.005 -2.911 -2.488 0.919
221.188 -2.988 -2.542 0.949
221.421 -3.066 -2.601 0.980
221.601 -3.146 -2.657 1.011
221.841 -3.227 -2.718 1.041
222.021 -3.300 -2.777 1.065
222.208 -3.392 -2.836 1.094
222.441 -3.485 -2.895 1.125
222.621 -3.585 -2.955 1.153
222.817 -3.695 -3.019 1.182
223.041 -3.795 -3.080 1.210
223.221 -3.888 -3.152 1.239
223.418 -3.974 -3.321 1.260
223.641 -4.050 -3.395 1.289
223.821 -4.100 -3.540 1.313
224.019 -4.191 -3.615 1.341
224.241 -4.227 -3.772 1.364
224.422 -4.298 -3.876 1.388
224.665 -4.349 -3.926 1.415
224.845 -4.394 -3.995 1.439
225.027 -4.417 -4.087 1.461
225.265 -4.299 -4.104 1.490
225.441 -4.313 -4.208 1.513
225.628 -4.261 -4.309 1.539
225.865 -4.256 -4.435 1.568
226.048 -4.277 -4.561 1.595
226.285 -4.310 -4.689 1.623
226.469 -4.357 -4.771 1.645
226.658 -4.422 -4.915 1.675
226.889 -4.504 -5.062 1.705
227.069 -4.480 -5.114 1.726
227.278 -4.501 -5.173 1.747
227.501 -4.580 -5.259 1.760
227.681 -4.584 -5.495 1.765
227.878 -0.638 -0.161 0.573
228.101 -1.087 -0.416 1.967
228.285 -1.269 -0.947 2.100
228.477 -1.602 -1.883 2.006
228.701 -2.145 -3.151 1.886
228.885 -2.677 -4.345 1.804
229.133 -3.168 -5.493 1.762
229.309 -3.579 -6.000 1.745
229.501 -3.990 -6.000 1.742
229.729 -4.432 -6.000 1.743
229.909 -4.861 -6.000 1.744
230.108 -5.292 -6.000 1.742
230.333 -5.724 -6.000 1.745
230.509 -6.000 -6.000 1.740
230.708 -6.000 -6.000 1.736
230.933 -6.000 -6.000 1.736
231.109 -6.000 -6.000 1.739
231.308 -6.000 -6.000 1.742
231.529 -6.000 -6.000 1.746
231.709 -6.000 -6.000 1.743
231.908 -6.000 -6.000 1.741
232.134 -6.000 -6.000 1.743
232.309 -6.000 -6.000 1.740
232.509 -6.000 -6.000 1.738
232.729 -6.000 -6.000 1.741
232.918 -6.000 -6.000 1.742
233.153 -6.000 -6.000 1.742
233.331 -6.000 -6.000 1.743
233.517 -6.000 -6.000 1.739
233.753 -6.000 -6.000 1.742
233.929 -6.000 -6.000 1.742
234.117 -1.133 0.108 0.135
234.349 -3.667 2.174 1.854
234.529 -6.000 3.698 1.906
234.769 -6.000 5.315 1.767
234.973 -6.000 6.000 1.739
235.157 -6.000 6.000 1.737
235.389 -6.000 6.000 1.743
235.569 -6.000 6.000 1.737
235.778 -6.000 6.000 1.738
236.001 -6.000 6.000 1.736
236.197 -6.000 6.000 1.739
236.425 -6.000 6.000 1.742
236.602 -6.000 6.000 1.738
236.798 -6.000 6.000 1.738
237.021 -6.000 6.000 1.736
237.202 -6.000 6.000 1.738
237.397 -6.000 6.000 1.737
237.625 -6.000 6.000 1.739
237.805 -6.000 6.000 1.744
238.008 -6.000 6.000 1.740
238.233 -6.000 6.000 1.739
238.428 -6.000 6.000 1.736
238.649 -6.000 6.000 1.739
238.833 -6.000 6.000 1.744
239.028 -6.000 6.000 1.741
239.261 -6.000 6.000 1.739
239.458 -6.000 6.000 1.742
239.681 -6.000 6.000 1.742
239.862 -6.000 6.000 1.744
240.058 -6.000 6.000 1.739
240.281 -6.000 6.000 1.742
240.461 -6.000 6.000 1.739
240.659 -6.000 6.000 1.743
240.883 -6.000 6.000 1.739
241.061 -6.000 6.000 1.744
241.258 -6.000 6.000 1.743
241.481 -6.000 6.000 1.738
241.661 -6.000 6.000 1.744
241.857 -6.000 6.000 1.740
242.082 -6.000 6.000 1.739
242.261 -6.000 6.000 1.746
242.458 -6.000 6.000 1.744
242.681 -6.000 6.000 1.741
242.861 -6.000 6.000 1.742
243.058 -6.000 6.000 1.739
243.285 -6.000 6.000 1.744
243.469 -6.000 6.000 1.742
243.714 -6.000 6.000 1.742
243.918 -6.000 6.000 1.732
244.141 -6.000 6.000 1.740
244.325 -6.000 6.000 1.741
244.518 -6.000 6.000 1.742
244.741 -6.000 6.000 1.745
244.925 -6.000 6.000 1.745
245.118 -6.000 6.000 1.747
245.345 -6.000 6.000 1.744
245.521 -6.000 6.000 1.746
245.718 -6.000 6.000 1.747
245.945 -6.000 6.000 1.746
246.121 -6.000 6.000 1.748
246.317 -6.000 6.000 1.743
246.545 -6.000 6.000 1.742
246.725 -6.000 6.000 1.745
246.918 -6.000 6.000 1.747
247.141 -6.000 6.000 1.745
247.325 -6.000 6.000 1.748
247.518 -6.000 6.000 1.747
247.741 -6.000 6.000 1.745
247.927 -6.000 6.000 1.746
248.161 -6.000 6.000 1.741
248.341 -6.000 6.000 1.745
248.528 -6.000 6.000 1.749
248.765 -6.000 6.000 1.747
248.941 -6.000 6.000 1.742
249.127 -6.000 6.000 1.747
249.361 -6.000 6.000 1.740
249.541 -6.000 6.000 1.744
249.739 -6.000 6.000 1.748
249.961 -6.000 6.000 1.745
250.141 -6.000 6.000 1.740
250.337 -6.000 6.000 1.743
250.565 -6.000 6.000 1.744
250.745 -6.000 6.000 1.746
250.937 -6.000 6.000 1.745
251.165 -6.000 6.000 1.748
251.341 -6.000 6.000 1.745
251.538 -6.000 6.000 1.743
251.765 -6.000 6.000 1.743
251.947 -6.000 6.000 1.740
252.181 -6.000 6.000 1.747
252.365 -6.000 6.000 1.747
252.557 -6.000 6.000 1.743
252.785 -6.000 6.000 1.742
252.961 -6.000 6.000 1.745
253.158 -6.000 6.000 1.740
253.385 -6.000 6.000 1.740
253.561 -6.000 6.000 1.742
253.757 -6.000 6.000 1.743
253.985 -6.000 6.000 1.745
254.165 -6.000 6.000 1.744
254.357 -6.000 6.000 1.740
254.585 -6.000 6.000 1.743
254.765 -6.000 6.000 1.738
254.957 -6.000 6.000 1.744
255.181 -6.000 6.000 1.741
255.367 -6.000 6.000 1.750
255.605 -6.000 6.000 1.743
255.785 -6.000 6.000 1.740
255.968 -6.000 6.000 1.740
256.201 -6.000 6.000 1.739
256.381 -6.000 6.000 1.748
256.577 -6.000 6.000 1.747
256.809 -6.000 6.000 1.745
256.997 -6.000 6.000 1.740
257.233 -6.000 6.000 1.741
257.413 -6.000 6.000 1.745
257.598 -6.000 6.000 1.741
257.829 -6.000 6.000 1.738
258.021 -6.000 6.000 1.742
258.207 -6.000 6.000 1.742
258.441 -6.000 6.000 1.746
258.633 -6.000 6.000 1.741
258.827 -6.000 6.000 1.740
259.049 -6.000 6.000 1.743
259.233 -6.000 6.000 1.743
259.428 -6.000 6.000 1.741
259.654 -6.000 6.000 1.745
259.829 -6.000 6.000 1.744
260.027 -6.000 6.000 1.743
260.251 -6.000 6.000 1.745
260.434 -6.000 6.000 1.744
260.627 -6.000 6.000 1.741
260.849 -6.000 6.000 1.746
261.037 -6.000 6.000 1.739
261.269 -6.000 6.000 1.752
261.449 -6.000 6.000 1.746
261.637 -6.000 6.000 1.767
261.889 -6.000 6.000 1.746
262.069 -6.000 6.000 1.750
262.269 -6.000 6.000 1.745
262.489 -6.000 6.000 1.744
262.674 -6.000 6.000 1.748
262.868 0.056 0.109 0.251
263.089 0.014 0.116 0.267
263.278 -0.021 0.135 0.176
263.510 -0.054 0.137 0.160
263.689 -0.071 0.140 0.122
263.879 -0.079 0.141 0.122
264.113 -0.062 0.147 0.041
264.289 -0.040 0.153 0.015
264.488 -0.014 0.159 -0.002
264.713 0.011 0.163 -0.022
264.889 0.032 0.164 -0.021
265.088 0.048 0.164 -0.012
265.313 0.061 0.161 -0.008
265.489 0.074 0.157 0.045
265.688 0.079 0.152 -0.006
265.909 0.087 0.145 0.040
266.090 0.090 0.139 0.038
266.288 0.111 0.128 0.706
266.513 0.152 0.102 1.671
266.689 0.202 0.078 1.871
266.889 0.267 0.055 1.888
267.114 0.351 0.029 1.866
267.289 0.453 0.000 1.841
267.488 0.572 -0.031 1.819
267.709 0.705 -0.065 1.801
267.890 0.849 -0.100 1.787
268.097 1.008 -0.139 1.773
268.329 1.180 -0.182 1.764
268.518 1.340 -0.223 1.755
268.749 1.503 -0.265 1.748
268.933 1.669 -0.310 1.744
269.128 1.849 -0.359 1.738
269.349 2.025 -0.408 1.736
269.529 2.209 -0.459 1.736
269.728 2.402 -0.514 1.734
269.953 2.604 -0.572 1.732
270.134 2.817 -0.634 1.737
270.328 3.039 -0.699 1.737
270.549 3.272 -0.768 1.736
270.742 3.528 -0.845 1.736
270.938 3.780 -0.925 1.736
271.161 4.057 -1.013 1.737
271.348 4.330 -1.098 1.738
271.589 4.623 -1.191 1.735
271.769 4.928 -1.289 1.736
271.978 5.242 -1.392 1.737
272.201 5.547 -1.493 1.735
272.387 5.878 -1.606 1.737
272.625 6.000 -1.718 1.740
272.801 6.000 -1.834 1.743
272.987 6.000 -1.949 1.739
273.225 6.000 -2.072 1.739
273.401 6.000 -2.200 1.740
273.598 6.000 -2.339 1.744
273.827 6.000 -2.484 1.740
274.018 6.000 -2.623 1.740
274.245 6.000 -2.767 1.742
274.428 6.000 -2.922 1.744
274.661 6.000 -3.073 1.743
274.845 6.000 -3.227 1.742
275.028 6.000 -3.388 1.743
275.265 6.000 -3.551 1.742
275.447 6.000 -3.719 1.742
275.641 6.000 -3.899 1.741
275.861 6.000 -4.074 1.739
276.045 6.000 -4.254 1.741
276.238 6.000 -4.436 1.742
276.461 6.000 -4.624 1.742
276.641 6.000 -4.818 1.745
276.838 6.000 -5.014 1.743
277.062 6.000 -5.213 1.740
277.242 6.000 -5.416 1.742
277.438 6.000 -5.625 1.743
277.661 6.000 -5.836 1.744
277.841 6.000 -6.000 1.744
278.039 6.000 -6.000 1.747
278.261 6.000 -6.000 1.741
278.441 6.000 -6.000 1.743
278.637 6.000 -6.000 1.746
278.865 6.000 -6.000 1.745
279.045 6.000 -6.000 1.746
279.281 6.000 -6.000 1.745
279.461 6.000 -6.000 1.741
279.648 6.000 -6.000 1.745
279.885 6.000 -6.000 1.745
280.062 6.000 -6.000 1.742
280.248 6.000 -6.000 1.744
280.481 6.000 -6.000 1.747
280.665 6.000 -6.000 1.747
280.849 6.000 -6.000 1.746
281.081 6.000 -6.000 1.745
281.265 6.000 -6.000 1.745
281.448 6.000 -6.000 1.742
281.681 6.000 -6.000 1.742
281.865 6.000 -6.000 1.744
282.048 6.000 -6.000 1.743
282.281 6.000 -6.000 1.744
282.465 6.000 -6.000 1.742
282.648 6.000 -6.000 1.744
282.881 6.000 -6.000 1.744
283.073 6.000 -6.000 1.748
283.257 6.000 -6.000 1.742
283.493 6.000 -6.000 1.743
283.686 6.000 -6.000 1.741
283.878 0.044 1.289 0.226
284.113 0.001 1.289 0.126
284.291 -0.014 1.291 0.120
284.488 -0.022 1.300 0.054
284.709 -0.021 1.309 0.025
284.893 -0.020 1.316 0.063
285.088 -0.016 1.324 0.066
285.313 -0.011 1.332 0.076
285.493 -0.007 1.341 0.096
285.688 -0.006 1.348 0.151
285.909 -0.008 1.358 0.320
286.089 -0.012 1.348 -0.054
286.289 -0.016 1.346 -0.076
286.509 -0.018 1.345 -0.074
286.690 -0.018 1.346 -0.035
286.888 -0.015 1.342 -0.057
287.109 -0.011 1.340 -0.055
287.293 -0.011 1.343 0.092
287.488 -0.008 1.340 0.181
287.713 -0.008 1.349 0.566
287.901 -0.007 1.335 -0.017
288.145 -0.009 1.334 -0.047
288.321 -0.011 1.334 -0.030
288.508 -0.015 1.332 -0.055
288.741 -0.018 1.331 -0.055
288.922 -0.021 1.332 -0.026
289.108 -0.023 1.331 -0.027
289.341 -0.025 1.330 -0.031
289.521 -0.024 1.329 -0.033
289.708 -0.022 1.327 -0.033
289.941 -0.019 1.326 -0.025
290.125 -0.018 1.324 -0.032
290.307 -0.017 1.322 -0.029
290.541 -0.017 1.320 -0.024
290.722 -0.018 1.318 -0.019
290.908 -0.019 1.317 -0.026
291.142 -0.019 1.315 -0.008
291.325 -0.020 1.314 0.000
291.508 -0.022 1.314 -0.031
291.745 -0.023 1.313 -0.002
291.928 -0.024 1.312 0.039
292.165 -0.032 1.311 1.268
292.341 -0.043 1.308 1.811
292.529 -0.050 1.307 1.902
292.761 -0.055 1.308 1.895
292.945 -0.060 1.310 1.869
293.128 -0.064 1.315 1.845
293.365 -0.066 1.321 1.825
293.541 -0.066 1.328 1.811
293.738 -0.064 1.337 1.791
293.961 -0.021 1.302 -0.053
294.142 -0.024 1.301 -0.043
294.338 -0.026 1.300 -0.048
294.565 -0.028 1.299 -0.038
294.742 -0.028 1.298 -0.035
294.938 -0.029 1.297 -0.040
295.165 -0.027 1.296 -0.039
295.345 -0.027 1.294 -0.047
295.538 -0.026 1.293 -0.041
295.765 -0.024 1.292 -0.033
295.946 -0.024 1.291 -0.035
296.138 -0.025 1.289 -0.036
296.365 -0.025 1.289 -0.028
296.545 -0.026 1.288 -0.032
296.738 -0.027 1.286 -0.038
296.965 -0.028 1.285 -0.033
297.158 -0.029 1.284 -0.047
297.385 -0.030 1.283 -0.025
297.565 -0.031 1.283 -0.033
297.758 -0.030 1.282 -0.043
297.985 -0.029 1.282 -0.030
298.165 -0.028 1.281 -0.027
298.357 -0.027 1.280 -0.027
298.581 -0.026 1.279 -0.029
298.765 -0.027 1.278 -0.035
298.957 -0.027 1.276 -0.031
299.181 -0.028 1.275 0.001
299.378 -0.028 1.274 0.008
299.613 -0.029 1.272 -0.007
299.789 -0.030 1.271 0.011
299.979 -0.030 1.270 0.005
300.213 -0.030 1.269 -0.008
300.389 -0.030 1.269 -0.040
300.578 -0.028 1.269 -0.031
300.810 -0.022 1.286 -0.020
300.989 -0.010 1.329 -0.043
301.177 0.002 1.379 -0.026
301.413 -0.002 1.422 -0.061
301.589 -0.026 1.453 -0.054
301.777 -0.066 1.476 -0.034
302.013 -0.100 1.492 -0.027
302.189 -0.120 1.516 1.324
302.378 -0.141 1.539 1.834
302.609 -0.165 1.569 1.914
302.790 -0.195 1.608 1.904
302.978 -0.229 1.657 1.877
303.209 -0.268 1.717 1.852
303.389 -0.311 1.785 1.828
303.578 -0.358 1.861 1.809
303.813 -0.406 1.942 1.793
303.989 -0.456 2.025 1.781
304.178 -0.506 2.108 1.773
304.413 -0.557 2.193 1.763
304.597 -0.608 2.277 1.755
304.788 -0.662 2.365 1.749
305.009 -0.713 2.448 1.745
305.193 -0.766 2.532 1.741
305.388 -0.820 2.616 1.743
305.609 -0.876 2.703 1.739
305.789 -0.935 2.792 1.735
305.988 -0.995 2.884 1.734
306.225 -1.068 2.993 1.737
306.418 -1.135 3.091 1.736
306.642 -1.206 3.193 1.736
306.825 -1.280 3.298 1.737
307.018 -1.356 3.406 1.735
307.245 -1.433 3.517 1.734
307.425 -1.515 3.633 1.735
307.618 -1.599 3.750 1.734
307.842 -1.688 3.870 1.737
308.022 -1.778 3.991 1.737
308.218 -1.867 4.114 1.734
308.445 -1.961 4.241 1.737
308.621 -2.058 4.369 1.738
308.818 -2.157 4.499 1.738
309.045 -2.258 4.631 1.737
309.225 -2.363 4.766 1.740
309.422 -2.469 4.902 1.740
309.645 -2.582 5.046 1.739
309.828 -2.692 5.185 1.738
310.061 -2.802 5.327 1.741
310.245 -2.921 5.477 1.740
310.438 -3.039 5.622 1.740
310.661 -3.158 5.768 1.739
310.845 -3.280 5.916 1.738
311.039 0.109 0.881 0.781
311.261 0.360 0.563 2.062
311.443 0.941 -0.025 2.130
311.638 1.769 -0.732 2.017
311.862 2.738 -1.392 1.903
312.042 3.717 -1.985 1.822
312.238 4.612 -2.593 1.777
312.469 5.485 -3.288 1.750
312.649 6.000 -4.000 1.737
312.849 0.135 0.488 -0.052
313.069 0.168 0.414 -0.068
313.249 0.205 0.359 -0.079
313.448 0.220 0.289 0.097
313.673 0.209 0.225 0.291
313.849 0.173 0.144 0.695
314.048 0.122 0.106 0.128
314.273 0.077 0.052 -0.052
314.453 0.045 -0.013 -0.016
314.648 0.018 -0.075 0.033
314.869 0.004 -0.129 0.025
315.053 -0.008 -0.170 0.076
315.248 -0.014 -0.200 0.123
315.469 -0.021 -0.205 0.100
315.649 -0.037 -0.191 0.194
315.889 -0.044 -0.156 0.120
316.069 -0.042 -0.121 0.112
316.258 -0.039 -0.093 0.316
316.493 -0.032 -0.068 0.862
316.669 0.017 -0.047 0.214
316.868 0.037 -0.039 0.215
317.089 0.049 -0.037 0.178
317.280 0.055 -0.043 0.169
317.509 0.055 -0.050 0.181
317.689 0.052 -0.059 0.168
317.877 0.048 -0.067 0.176
318.109 0.040 -0.075 0.156
318.298 0.032 -0.080 0.176
318.529 0.025 -0.084 0.145
318.713 0.020 -0.087 0.154
318.898 0.018 -0.089 0.155
319.129 0.016 -0.089 0.160
319.309 0.015 -0.088 0.141
319.498 0.015 -0.087 0.205
319.729 0.015 -0.085 0.188
319.901 0.017 -0.084 0.180
320.098 0.019 -0.084 0.178
320.321 0.023 -0.084 0.162
320.501 0.027 -0.084 0.329
320.699 0.030 -0.084 0.350
320.921 0.032 -0.084 0.481
321.108 0.034 -0.084 0.611
321.341 0.047 -0.088 1.606
321.521 0.039 -0.084 0.156
321.713 0.040 -0.082 0.147
321.949 0.040 -0.080 0.144
322.133 0.042 -0.078 0.125
322.328 0.044 -0.076 0.134
322.561 0.046 -0.075 0.160
322.745 0.048 -0.074 0.185
322.928 0.050 -0.073 0.103
323.161 0.051 -0.071 0.074
323.358 0.055 -0.069 0.422
323.581 0.057 -0.069 0.185
323.765 0.060 -0.068 0.147
323.958 0.063 -0.066 0.168
324.185 0.065 -0.064 0.140
324.361 0.067 -0.061 0.142
324.558 0.068 -0.059 0.178
324.785 0.068 -0.058 0.121
324.961 0.068 -0.058 0.134
325.158 0.068 -0.058 0.104
325.381 0.069 -0.058 0.100
325.561 0.070 -0.058 0.155
325.758 0.071 -0.057 0.103
325.986 0.073 -0.056 0.092
326.166 0.073 -0.056 0.092
326.401 0.073 -0.056 0.109
326.582 0.073 -0.055 0.116
326.768 0.073 -0.054 0.091
327.001 0.072 -0.053 0.087
327.182 0.072 -0.053 0.232
327.368 0.072 -0.052 0.112
327.601 0.073 -0.051 0.138
327.781 0.074 -0.051 0.106
327.967 0.074 -0.050 0.102
328.205 0.074 -0.051 0.137
328.381 0.075 -0.051 0.129
328.567 0.075 -0.052 0.129
328.813 0.075 -0.052 0.131
328.989 0.075 -0.052 0.124
329.178 0.075 -0.051 0.118
329.409 0.075 -0.050 0.118
329.589 0.076 -0.049 0.093
329.778 0.077 -0.049 0.120
330.013 0.077 -0.048 0.094
330.208 0.077 -0.049 0.122
330.429 0.077 -0.050 0.134
330.609 0.077 -0.050 0.134
330.807 0.076 -0.050 0.161
331.029 0.075 -0.050 0.225
331.209 0.075 -0.049 0.113
331.408 0.075 -0.049 0.121
331.629 0.076 -0.049 0.223
331.809 0.076 -0.048 0.096
332.008 0.077 -0.048 0.111
332.229 0.078 -0.048 0.126
332.409 0.078 -0.049 0.099
332.608 0.078 -0.049 0.129
332.834 0.078 -0.049 0.105
333.009 0.077 -0.048 0.124
333.208 0.076 -0.048 0.101
333.433 0.076 -0.048 0.099
333.609 0.076 -0.048 0.172
333.808 0.076 -0.047 0.200
334.029 0.076 -0.047 0.128
334.209 0.077 -0.047 0.099
334.408 0.077 -0.047 0.116
334.629 0.077 -0.048 0.132
334.813 0.077 -0.049 0.132
335.008 0.077 -0.050 0.146
335.233 0.076 -0.050 0.137
335.409 0.077 -0.050 0.166
335.645 0.077 -0.050 0.136
335.827 0.077 -0.049 0.142
336.061 0.077 -0.048 0.135
336.245 0.078 -0.048 0.163
336.427 0.078 -0.047 0.098
336.665 0.077 -0.048 0.150
336.845 0.077 -0.048 0.129
337.027 0.077 -0.049 0.098
337.265 0.076 -0.050 0.164
337.441 0.075 -0.051 0.147
337.627 0.075 -0.052 0.152
337.861 0.076 -0.052 0.144
338.045 0.075 -0.052 0.137
338.228 0.075 -0.052 0.129
338.461 0.076 -0.051 0.142
338.641 0.076 -0.050 0.143
338.829 0.076 -0.048 0.165
339.065 0.076 -0.048 0.098
339.245 0.075 -0.048 0.092
339.428 0.074 -0.048 0.087
339.668 0.073 -0.049 0.091
339.845 0.072 -0.050 0.149
340.027 0.072 -0.051 0.157
340.265 0.072 -0.051 0.134
340.445 0.072 -0.050 0.144
340.628 0.073 -0.049 0.139
340.861 0.072 -0.049 0.110
341.045 0.072 -0.048 0.107
341.228 0.072 -0.049 0.111
341.461 0.072 -0.049 0.150
341.645 0.070 -0.050 0.146
341.838 0.069 -0.051 0.138
342.069 0.069 -0.052 0.143
342.253 0.069 -0.053 0.109
342.438 0.069 -0.053 0.105
342.669 0.069 -0.052 0.130
342.861 0.069 -0.052 0.128
343.109 0.069 -0.052 0.134
343.289 0.068 -0.052 0.132
343.478 0.068 -0.053 0.107
343.709 0.067 -0.053 0.105
343.893 0.066 -0.054 0.106
344.078 0.065 -0.054 0.161
344.313 0.064 -0.054 0.109
344.489 0.064 -0.054 0.150
344.678 0.064 -0.053 0.120
344.909 0.064 -0.053 0.112
345.091 0.064 -0.053 0.182
345.277 0.063 -0.053 0.137
345.509 0.062 -0.054 0.111
345.695 0.060 -0.054 0.107
345.878 0.059 -0.054 0.100
346.113 0.059 -0.054 0.170
346.289 0.059 -0.053 0.130
346.478 0.060 -0.053 0.198
346.714 0.060 -0.051 0.096
346.889 0.060 -0.051 0.123
347.078 0.059 -0.051 0.095
347.313 0.058 -0.051 0.099
347.489 0.057 -0.051 0.172
347.678 0.056 -0.051 0.140
347.909 0.056 -0.050 0.171
348.089 0.056 -0.050 0.118
348.277 0.057 -0.050 0.200
348.509 0.057 -0.049 0.146
348.689 0.057 -0.049 0.124
348.878 0.057 -0.049 0.123
349.113 0.056 -0.049 0.131
349.289 0.056 -0.049 0.129
349.477 0.055 -0.050 0.133
349.713 0.055 -0.050 0.135
349.893 0.054 -0.050 0.130
350.078 0.055 -0.050 0.132
350.309 0.055 -0.049 0.187
350.489 0.055 -0.049 0.204
350.697 0.054 -0.050 0.113
350.921 0.054 -0.050 0.147
351.105 0.053 -0.051 0.107
351.297 0.053 -0.051 0.179
351.521 0.054 -0.051 0.179
351.705 0.054 -0.050 0.103
351.898 0.055 -0.050 0.172
352.121 0.055 -0.050 0.116
352.305 0.055 -0.051 0.140
352.498 0.055 -0.051 0.110
352.726 0.047 -0.056 0.186
352.914 0.026 -0.067 0.072
353.108 0.010 -0.075 0.100
353.329 -0.003 -0.081 0.133
353.528 -0.013 -0.084 0.117
353.761 -0.018 -0.083 0.160
353.949 -0.017 -0.079 0.135
354.138 -0.015 -0.075 0.118
354.377 -0.015 -0.074 0.435
354.549 -0.013 -0.071 0.138
354.747 -0.013 -0.071 0.427
354.973 -0.011 -0.070 0.222
355.149 -0.009 -0.069 0.145
355.349 -0.007 -0.068 0.222
355.573 -0.004 -0.067 0.168
355.753 -0.002 -0.065 0.248
355.947 0.002 -0.065 0.619
356.169 0.002 -0.062 0.160
356.353 0.002 -0.061 0.338
356.548 -0.003 -0.061 0.165
356.773 -0.006 -0.061 0.142
356.950 -0.001 -0.060 0.197
357.148 -0.002 -0.061 0.146
357.373 -0.004 -0.061 0.162
357.549 -0.005 -0.062 0.265
357.748 -0.002 -0.064 0.741
357.969 0.020 -0.060 0.110
358.153 0.053 -0.058 0.106
358.348 0.082 -0.060 0.103
358.573 0.102 -0.065 0.121
358.753 0.109 -0.071 0.190
358.948 0.102 -0.081 0.112
359.169 0.094 -0.091 0.174
359.349 0.083 -0.098 0.132
359.548 0.083 -0.106 0.722
359.769 0.065 -0.098 0.186
359.957 0.059 -0.091 0.119
360.194 0.057 -0.086 0.111
360.369 0.057 -0.081 0.123
360.568 0.057 -0.078 0.166
360.793 0.058 -0.075 0.179
360.969 0.059 -0.073 0.150
361.225 0.061 -0.071 0.121
361.405 0.065 -0.070 0.124
361.588 0.069 -0.069 0.297
361.821 0.072 -0.069 0.198
362.009 0.074 -0.070 0.168
362.198 0.075 -0.071 0.128
362.435 0.075 -0.073 0.132
362.613 0.076 -0.074 0.135
362.798 0.076 -0.074 0.231
363.033 0.077 -0.074 0.234
363.209 0.077 -0.072 0.129
363.397 0.078 -0.072 0.128
363.629 0.077 -0.071 0.101
363.833 0.078 -0.072 0.116
364.028 0.077 -0.071 0.098
364.249 0.077 -0.072 0.126
364.429 0.078 -0.071 0.094
364.681 0.079 -0.071 0.127
364.861 0.079 -0.070 0.092
365.048 0.079 -0.069 0.145
365.289 0.081 -0.069 0.350
365.469 0.082 -0.067 0.130
365.658 0.082 -0.065 0.105
365.889 0.083 -0.065 0.218
366.069 0.083 -0.065 0.156
366.258 0.083 -0.066 0.128
366.489 0.082 -0.067 0.150
366.673 0.083 -0.067 0.171
366.857 0.083 -0.067 0.170
367.093 0.083 -0.067 0.124
367.274 0.084 -0.066 0.126
367.468 0.085 -0.066 0.101
367.705 0.085 -0.066 0.165
367.881 0.085 -0.065 0.164
368.068 0.086 -0.065 0.161
368.301 0.086 -0.064 0.129
368.481 0.086 -0.064 0.125
368.678 0.086 -0.064 0.135
368.901 0.085 -0.065 0.117
369.088 0.084 -0.065 0.108
369.325 0.084 -0.068 0.179
369.501 0.085 -0.074 0.167
369.688 0.085 -0.082 0.151
369.933 0.085 -0.089 0.157
370.109 0.086 -0.092 0.151
370.308 0.086 -0.095 0.149
370.531 0.087 -0.097 0.159
370.709 0.088 -0.099 0.569
370.908 0.087 -0.096 0.266
371.141 0.088 -0.094 0.236
371.327 0.089 -0.092 0.333
371.561 0.088 -0.090 0.229
371.741 0.089 -0.088 0.329
371.937 0.090 -0.086 0.242
372.169 0.090 -0.083 0.294
372.358 0.091 -0.081 0.400
372.589 0.092 -0.078 0.220
372.769 0.093 -0.075 0.378
372.957 0.093 -0.074 0.171
373.189 0.093 -0.074 0.139
373.369 0.093 -0.075 0.164
373.557 0.092 -0.077 0.210
373.789 0.091 -0.079 0.171
373.969 0.091 -0.080 0.226
374.160 0.090 -0.081 0.210
374.401 0.090 -0.081 0.194
374.581 0.090 -0.081 0.227
374.768 0.089 -0.081 0.165
375.001 0.090 -0.081 0.260
375.181 0.089 -0.081 0.176
375.368 0.088 -0.082 0.233
375.601 0.088 -0.082 0.141
375.785 0.088 -0.082 0.136
375.968 0.088 -0.081 0.169
376.205 0.088 -0.081 0.157
376.382 0.087 -0.082 0.183
376.568 0.086 -0.082 0.229
376.810 0.090 -0.092 0.165
376.981 0.105 -0.126 0.125
377.177 0.127 -0.167 0.145
377.405 0.155 -0.218 0.146
377.581 0.185 -0.272 0.266
377.778 0.221 -0.334 0.215
378.001 0.260 -0.395 0.422
378.181 0.302 -0.458 0.769
378.378 0.342 -0.523 1.149
378.605 0.391 -0.589 1.757
378.781 0.438 -0.653 1.868
378.978 0.256 -0.681 0.371
379.205 0.195 -0.713 1.446
379.385 0.137 -0.746 1.776
379.578 0.070 -0.775 1.832
379.801 -0.006 -0.801 1.830
379.981 -0.092 -0.826 1.819
380.188 -0.190 -0.851 1.805
380.409 0.133 -1.084 -0.064
380.589 0.127 -1.135 0.236
380.788 0.181 -1.215 0.995
381.009 0.325 -1.357 1.746
381.189 0.470 -1.533 1.886
381.387 0.635 -1.754 1.886
381.613 0.830 -2.020 1.863
381.789 1.052 -2.326 1.838
381.988 1.297 -2.662 1.813
382.214 1.558 -3.016 1.792
382.407 1.855 -3.416 1.778
382.641 2.133 -3.788 1.767
382.821 2.419 -4.167 1.758
383.007 2.712 -4.556 1.749
383.241 3.012 -4.953 1.747
383.425 3.323 -5.363 1.747
383.608 3.645 -5.786 1.745
383.842 3.978 -6.000 1.745
384.025 4.342 -6.000 1.745
384.218 4.701 -6.000 1.743
384.445 5.071 -6.000 1.741
384.621 5.454 -6.000 1.741
384.818 5.850 -6.000 1.738
385.041 6.000 -6.000 1.739
385.238 6.000 -6.000 1.740
385.461 6.000 -6.000 1.740
385.641 6.000 -6.000 1.739
385.837 6.000 -6.000 1.743
386.061 6.000 -6.000 1.744
386.242 -0.081 -0.712 0.687
386.481 -0.304 -0.016 2.014
386.677 -0.389 1.392 2.058
386.858 -0.349 3.075 1.903
387.089 -0.229 4.722 1.800
387.273 -0.125 6.000 1.765
387.468 -0.030 6.000 1.750
387.689 0.066 6.000 1.746
387.873 0.165 6.000 1.748
388.068 0.269 6.000 1.748
388.289 0.380 6.000 1.745
388.473 0.495 6.000 1.746
388.668 0.617 6.000 1.742
388.889 0.741 6.000 1.743
389.073 0.872 6.000 1.740
389.268 1.007 6.000 1.745
389.489 1.153 6.000 1.744
389.673 1.305 6.000 1.744
389.868 1.460 6.000 1.744
390.089 1.618 6.000 1.743
390.273 1.778 6.000 1.743
390.468 1.936 6.000 1.740
390.693 2.088 6.000 1.744
390.869 2.232 6.000 1.744
391.068 2.375 6.000 1.740
391.289 2.507 6.000 1.744
391.469 2.640 6.000 1.743
391.668 2.763 6.000 1.740
391.889 2.876 6.000 1.737
392.069 2.994 6.000 1.737
392.309 3.103 6.000 1.741
392.493 3.193 6.000 1.742
392.677 3.271 6.000 1.738
392.910 3.324 6.000 1.746
393.089 3.348 6.000 1.740
393.277 3.351 6.000 1.741
393.513 3.326 6.000 1.740
393.693 3.271 6.000 1.738
393.887 3.174 6.000 1.738
394.109 3.025 6.000 1.745
394.297 2.826 6.000 1.743
394.533 2.576 6.000 1.745
394.709 2.272 6.000 1.745
394.898 1.930 6.000 1.742
395.133 1.554 6.000 1.741
395.313 1.130 6.000 1.741
395.498 0.679 6.000 1.741
395.729 0.193 6.000 1.742
395.909 -0.326 6.000 1.744
396.097 -0.867 6.000 1.742
396.329 -1.412 6.000 1.743
396.513 -1.960 6.000 1.746
396.698 -2.511 6.000 1.743
396.929 -3.066 6.000 1.745
397.109 -3.625 6.000 1.743
397.298 -4.193 6.000 1.744
397.529 -4.777 6.000 1.743
397.709 -5.374 6.000 1.744
397.898 -5.986 6.000 1.738
398.134 -6.000 6.000 1.742
398.328 -6.000 6.000 1.744
398.549 -6.000 6.000 1.744
398.729 -6.000 6.000 1.745
398.928 -6.000 6.000 1.746
399.149 -6.000 6.000 1.742
399.329 -6.000 6.000 1.736
399.528 -6.000 6.000 1.741
399.762 -6.000 6.000 1.743
399.945 -6.000 6.000 1.741
400.137 -6.000 6.000 1.744
400.361 -6.000 6.000 1.746
400.541 -6.000 6.000 1.742
400.737 -6.000 6.000 1.745
400.961 -6.000 6.000 1.742
401.141 -6.000 6.000 1.744
401.337 -6.000 6.000 1.742
401.565 -6.000 6.000 1.740
401.745 -6.000 6.000 1.747
401.937 -6.000 6.000 1.743
402.165 -6.000 6.000 1.741
402.341 -6.000 6.000 1.743
402.537 -6.000 6.000 1.742
402.765 -6.000 6.000 1.745
402.945 -6.000 6.000 1.743
403.138 -6.000 6.000 1.741
403.369 -6.000 6.000 1.741
403.549 -6.000 6.000 1.762
403.747 -6.000 6.000 1.738
403.969 -6.000 6.000 1.690
404.158 -6.000 6.000 1.700
404.390 -6.000 6.000 1.695
404.569 -6.000 6.000 1.671
404.814 -6.000 6.000 1.658
404.989 -6.000 6.000 1.691
405.177 -6.000 6.000 1.707
405.409 -6.000 6.000 1.717
405.589 -6.000 6.000 1.730
405.778 -6.000 6.000 1.728
406.009 -6.000 6.000 1.736
406.189 -6.000 6.000 1.735
406.377 -6.000 6.000 1.723
406.613 -6.000 6.000 1.722
406.790 -6.000 6.000 1.701
406.987 -6.000 6.000 1.693
407.209 -6.000 6.000 1.693
407.398 -6.000 6.000 1.687
407.637 -6.000 6.000 1.702
407.813 -6.000 6.000 1.722
407.997 -6.000 6.000 1.737
408.229 -6.000 6.000 1.746
408.413 -6.000 6.000 1.756
408.597 -6.000 6.000 1.756
408.821 -6.000 6.000 1.749
409.001 -6.000 6.000 1.738
409.198 -6.000 6.000 1.731
409.421 -6.000 6.000 1.730
409.605 -6.000 6.000 1.731
409.798 -6.000 6.000 1.740
410.021 -6.000 6.000 1.748
410.208 -6.000 6.000 1.741
410.441 -6.000 6.000 1.747
410.621 -6.000 6.000 1.747
410.808 -6.000 6.000 1.742
411.041 -6.000 6.000 1.740
411.221 -6.000 6.000 1.743
411.407 -6.000 6.000 1.747
411.641 -6.000 6.000 1.743
411.821 -6.000 6.000 1.752
412.017 -6.000 6.000 1.745
412.241 -6.000 6.000 1.746
412.425 -6.000 6.000 1.745
412.618 -6.000 6.000 1.747
412.842 -6.000 6.000 1.744
413.037 -6.000 6.000 1.745
413.261 -6.000 6.000 1.752
413.441 -6.000 6.000 1.753
413.638 -6.000 6.000 1.749
413.865 -6.000 6.000 1.746
414.041 -6.000 6.000 1.742
414.238 -6.000 6.000 1.747
414.461 -6.000 6.000 1.750
414.648 -6.000 6.000 1.747
414.881 -6.000 6.000 1.750
415.065 -6.000 6.000 1.747
415.258 -6.000 6.000 1.744
415.485 -6.000 6.000 1.753
415.665 -6.000 6.000 1.747
415.858 -6.000 6.000 1.745
416.085 -6.000 6.000 1.749
416.269 -6.000 6.000 1.748
416.470 -6.000 6.000 1.748
416.689 -6.000 6.000 1.745
416.878 -6.000 6.000 1.747
417.109 -6.000 6.000 1.748
417.289 -6.000 6.000 1.745
417.478 -6.000 6.000 1.747
417.713 -6.000 6.000 1.742
417.889 -6.000 6.000 1.749
418.077 -6.000 6.000 1.750
418.314 -6.000 6.000 1.746
418.489 -6.000 6.000 1.746
418.677 -6.000 6.000 1.744
418.909 -6.000 6.000 1.750
419.089 -6.000 6.000 1.749
419.278 -6.000 6.000 1.747
419.509 -6.000 6.000 1.748
419.693 -6.000 6.000 1.748
419.877 -6.000 6.000 1.742
420.113 -6.000 6.000 1.745
420.293 -6.000 6.000 1.749
420.477 -6.000 6.000 1.746
420.714 -6.000 6.000 1.744
420.889 -6.000 6.000 1.747
421.078 -6.000 6.000 1.743
421.313 -6.000 6.000 1.744
421.489 -6.000 6.000 1.740
421.678 -6.000 6.000 1.746
421.909 -6.000 6.000 1.748
422.093 -6.000 6.000 1.749
422.288 -6.000 6.000 1.744
422.509 -6.000 6.000 1.743
422.689 -6.000 6.000 1.743
422.888 -6.000 6.000 1.745
423.109 -6.000 6.000 1.746
423.293 -6.000 6.000 1.753
423.488 -6.000 6.000 1.750
423.709 -6.000 6.000 1.745
423.889 -6.000 6.000 1.749
424.087 -6.000 6.000 1.743
424.313 -6.000 6.000 1.745
424.498 -6.000 6.000 1.744
424.735 -6.000 6.000 1.748
424.913 -6.000 6.000 1.747
425.098 -6.000 6.000 1.746
425.329 -6.000 6.000 1.743
425.509 -6.000 6.000 1.748
425.708 -6.000 6.000 1.744
425.929 -6.000 6.000 1.742
426.109 -6.000 6.000 1.745
426.308 -6.000 6.000 1.744
426.533 -6.000 6.000 1.745
426.709 -6.000 6.000 1.745
426.949 -6.000 6.000 1.741
427.129 -6.000 6.000 1.744
427.318 -6.000 6.000 1.747
427.553 -6.000 6.000 1.745
427.729 -6.000 6.000 1.746
427.918 -6.000 6.000 1.747
428.149 -6.000 6.000 1.748
428.329 -6.000 6.000 1.740
428.569 -6.000 6.000 1.748
428.749 -6.000 6.000 1.739
428.938 -6.000 6.000 1.746
429.173 -6.000 6.000 1.743
429.349 -6.000 6.000 1.741
429.537 -6.000 6.000 1.741
429.770 -6.000 6.000 1.746
429.965 -6.000 6.000 1.746
430.157 -6.000 6.000 1.745
430.381 -6.000 6.000 1.742
430.561 -6.000 6.000 1.744
430.757 -6.000 6.000 1.745
430.981 -6.000 6.000 1.739
431.165 -6.000 6.000 1.744
431.357 -6.000 6.000 1.742
431.581 -6.000 6.000 1.748
431.765 -6.000 6.000 1.748
431.957 -6.000 6.000 1.745
432.181 -6.000 6.000 1.747
432.365 -6.000 6.000 1.746
432.557 -6.000 6.000 1.744
432.781 -6.000 6.000 1.746
432.961 -6.000 6.000 1.745
433.157 -6.000 6.000 1.744
433.385 -6.000 6.000 1.743
433.561 -6.000 6.000 1.745
433.759 -6.000 6.000 1.741
433.981 -6.000 6.000 1.741
434.162 -6.000 6.000 1.742
434.358 -6.000 6.000 1.745
434.581 -6.000 6.000 1.749
434.765 -6.000 6.000 1.743
435.005 -6.000 6.000 1.748
435.187 -6.000 6.000 1.742
435.367 -6.000 6.000 1.746
435.601 -6.000 6.000 1.743
435.781 -6.000 6.000 1.748
435.968 -6.000 6.000 1.744
436.205 -6.000 6.000 1.745
436.385 -6.000 6.000 1.744
436.578 -6.000 6.000 1.746
436.801 -6.000 6.000 1.745
436.981 -6.000 6.000 1.741
437.178 -6.000 3.107 1.740
437.405 -6.000 -2.191 1.738
437.581 -6.000 -6.000 1.745
437.777 -6.000 -6.000 1.746
438.001 -6.000 -6.000 1.745
438.183 -6.000 -6.000 1.745
438.377 -6.000 -6.000 1.741
438.601 -6.000 -6.000 1.743
438.781 -6.000 -6.000 1.742
438.977 -6.000 -6.000 1.747
439.205 -6.000 -6.000 1.747
439.381 -6.000 -6.000 1.743
439.578 -6.000 -6.000 1.747
439.805 -6.000 -6.000 1.745
439.997 -6.000 -6.000 1.745
440.221 -6.000 -6.000 1.742
440.405 -6.000 -6.000 1.745
440.641 -6.000 -6.000 1.749
440.848 -6.000 -6.000 1.742
441.074 -6.000 -6.000 1.745
441.253 -6.000 -6.000 1.745
441.448 -6.000 -6.000 1.747
441.669 -6.000 -6.000 1.745
441.849 -6.000 -6.000 1.742
442.047 0.720 -0.005 0.542
442.269 0.664 0.048 0.436
442.449 0.606 0.037 0.556
442.660 0.519 0.092 1.356
442.881 0.468 0.011 0.691
443.068 0.406 0.020 0.877
443.305 0.353 0.044 0.551
443.481 0.291 0.063 1.099
443.668 0.244 0.092 1.214
443.901 0.177 0.103 1.761
444.082 0.108 0.105 1.857
444.268 0.035 0.099 1.855
444.501 -0.042 0.084 1.836
444.681 -0.123 0.056 1.817
444.867 -0.208 0.017 1.800
445.101 -0.296 -0.030 1.786
445.285 -0.385 -0.084 1.776
445.480 -0.483 -0.149 1.763
445.701 -0.577 -0.217 1.756
445.881 -0.671 -0.289 1.751
446.077 -0.765 -0.365 1.749
446.301 -0.860 -0.446 1.744
446.481 -0.953 -0.531 1.742
446.677 -1.045 -0.623 1.738
446.905 -1.137 -0.723 1.737
447.085 -1.230 -0.837 1.737
447.278 -1.321 -0.966 1.738
447.502 -1.415 -1.103 1.733
447.681 -1.506 -1.263 1.734
447.878 -1.600 -1.440 1.734
448.101 -1.695 -1.631 1.734
448.281 -1.791 -1.838 1.735
448.477 -1.894 -2.062 1.735
448.701 -2.005 -2.316 1.737
448.883 -2.121 -2.586 1.739
449.078 -2.234 -2.846 1.737
449.301 -2.348 -3.130 1.740
449.485 -2.466 -3.415 1.741
449.677 -2.590 -3.714 1.742
449.901 0.190 0.085 0.337
450.081 0.495 -0.020 1.393
450.277 0.840 -0.130 1.732
450.501 1.145 -0.238 1.792
450.681 1.450 -0.351 1.794
450.878 1.776 -0.468 1.784
451.109 2.149 -0.596 1.775
451.293 2.533 -0.721 1.770
451.488 2.938 -0.850 1.761
451.709 3.359 -0.985 1.759
451.897 3.797 -1.124 1.757
452.088 4.252 -1.267 1.752
452.313 4.723 -1.414 1.747
452.502 5.231 -1.571 1.749
452.698 5.732 -1.723 1.748
452.921 6.000 -1.879 1.744
453.103 6.000 -2.042 1.748
453.299 6.000 -2.208 1.749
453.521 6.000 -2.379 1.751
453.705 6.000 -2.553 1.744
453.898 6.000 -2.732 1.744
454.121 6.000 -2.922 1.745
454.308 6.000 -3.106 1.747
454.541 6.000 -3.294 1.749
454.725 6.000 -3.486 1.749
454.907 6.000 -3.683 1.746
455.145 6.000 -3.885 1.747
455.325 6.000 -4.090 1.747
455.508 6.000 -4.300 1.751
455.741 6.000 -4.508 1.748
455.922 6.000 -4.719 1.743
456.108 6.000 -4.942 1.747
456.341 6.000 -5.166 1.745
456.521 6.000 -5.395 1.746
456.707 6.000 -5.628 1.747
456.941 6.000 -5.874 1.745
457.127 6.000 -6.000 1.748
457.366 6.000 -6.000 1.748
457.541 6.000 -6.000 1.747
457.728 6.000 -6.000 1.746
457.961 6.000 -6.000 1.746
458.141 6.000 -6.000 1.749
458.328 6.000 -6.000 1.747
458.561 6.000 -6.000 1.748
458.742 6.000 -6.000 1.745
458.927 6.000 -6.000 1.747
459.165 6.000 -6.000 1.746
459.345 6.000 -6.000 1.746
459.527 6.000 -6.000 1.748
459.761 6.000 -6.000 1.746
459.941 6.000 -6.000 1.745
460.127 6.000 -6.000 1.749
460.361 6.000 -6.000 1.748
460.541 6.000 -6.000 1.745
460.727 6.000 -6.000 1.745
460.969 6.000 -6.000 1.744
461.153 6.000 -6.000 1.744
461.368 6.000 -6.000 1.749
461.589 6.000 -6.000 1.748
461.788 6.000 -6.000 1.745
462.025 6.000 -6.000 1.747
462.205 6.000 -6.000 1.745
462.387 6.000 -6.000 1.747
462.625 6.000 -6.000 1.746
462.801 6.000 -6.000 1.746
462.989 6.000 -6.000 1.746
463.221 6.000 -6.000 1.745
463.405 6.000 -6.000 1.746
463.587 6.000 -6.000 1.745
463.821 6.000 -6.000 1.745
464.005 6.000 -6.000 1.747
464.187 6.000 -6.000 1.746
464.421 6.000 -6.000 1.743
464.601 6.000 -6.000 1.747
464.787 6.000 -6.000 1.747
465.025 6.000 -6.000 1.746
465.201 6.000 -6.000 1.745
465.387 6.000 -6.000 1.746
465.621 6.000 -6.000 1.747
465.801 6.000 -6.000 1.747
465.987 6.000 -6.000 1.746
466.229 6.000 -6.000 1.747
466.416 6.000 -6.000 1.745
466.598 6.000 -6.000 1.745
466.829 6.000 -6.000 1.743
467.013 6.000 -6.000 1.748
467.197 6.000 -6.000 1.746
467.433 0.436 -0.850 0.089
467.613 0.836 -0.311 1.021
467.853 1.765 0.851 2.044
468.035 2.908 2.161 1.963
468.219 4.065 3.493 1.823
468.453 5.154 4.757 1.768
468.633 6.000 6.000 1.755
468.820 6.000 6.000 1.746
469.049 6.000 6.000 1.749
469.233 6.000 6.000 1.750
469.418 6.000 6.000 1.746
469.653 6.000 6.000 1.746
469.829 6.000 6.000 1.746
470.028 6.000 6.000 1.746
470.261 6.000 6.000 1.748
470.445 6.000 6.000 1.748
470.628 6.000 6.000 1.746
470.861 6.000 6.000 1.746
471.041 6.000 6.000 1.747
471.228 6.000 6.000 1.749
471.465 6.000 6.000 1.746
471.641 6.000 6.000 1.747
471.828 6.000 6.000 1.751
472.061 6.000 6.000 1.748
472.241 6.000 6.000 1.749
472.428 6.000 6.000 1.746
472.661 6.000 6.000 1.747
472.858 6.000 6.000 1.746
473.093 6.000 6.000 1.746
473.269 6.000 6.000 1.749
473.459 6.000 6.000 1.742
473.689 6.000 6.000 1.746
473.877 6.000 6.000 1.745
474.109 6.000 6.000 1.746
474.289 6.000 6.000 1.747
474.477 6.000 6.000 1.748
474.709 6.000 6.000 1.747
474.889 6.000 6.000 1.741
475.077 6.000 6.000 1.742
475.313 6.000 6.000 1.744
475.493 6.000 6.000 1.747
475.677 6.000 6.000 1.748
475.913 6.000 6.000 1.747
476.089 6.000 6.000 1.747
476.287 6.000 6.000 1.743
476.521 6.000 6.000 1.744
476.713 6.000 6.000 1.746
476.907 6.000 6.000 1.745
477.134 6.000 6.000 1.747
477.309 6.000 6.000 1.749
477.520 6.000 6.000 1.748
477.741 6.000 6.000 1.747
477.921 6.000 6.000 1.741
478.118 6.000 6.000 1.747
478.349 6.000 6.000 1.749
478.537 6.000 6.000 1.749
478.769 6.000 6.000 1.747
478.949 6.000 6.000 1.744
479.138 6.000 6.000 1.745
479.373 6.000 6.000 1.746
479.549 6.000 6.000 1.748
479.738 6.000 6.000 1.744
479.974 6.000 6.000 1.742
480.149 6.000 6.000 1.748
480.348 6.000 6.000 1.746
480.574 6.000 6.000 1.745
480.749 6.000 6.000 1.746
480.957 6.000 6.000 1.742
481.181 6.000 6.000 1.742
481.362 6.000 6.000 1.748
481.601 6.000 6.000 1.749
481.781 6.000 6.000 1.748
481.968 6.000 6.000 1.745
482.201 6.000 6.000 1.748
482.381 6.000 6.000 1.745
482.577 6.000 6.000 1.748
482.801 6.000 6.000 1.747
482.981 6.000 6.000 1.743
483.177 6.000 6.000 1.745
483.405 6.000 6.000 1.748
483.581 6.000 6.000 1.748
483.779 6.000 6.000 1.747
484.001 6.000 6.000 1.748
484.182 6.000 6.000 1.747
484.378 6.000 6.000 1.749
484.605 6.000 6.000 1.747
484.785 6.000 6.000 1.746
484.987 6.000 6.000 1.749
485.213 6.000 6.000 1.749
485.389 6.000 6.000 1.748
485.587 6.000 6.000 1.749
485.809 6.000 6.000 1.749
485.989 6.000 6.000 1.751
486.187 6.000 6.000 1.745
486.419 6.000 6.000 1.747
486.607 6.000 6.000 1.744
486.841 6.000 6.000 1.745
487.025 6.000 6.000 1.747
487.207 6.000 6.000 1.745
487.445 6.000 6.000 1.750
487.625 6.000 6.000 1.748
487.808 6.000 6.000 1.746
488.041 6.000 6.000 1.746
488.221 6.000 6.000 1.747
488.408 6.000 6.000 1.748
488.645 -1.071 0.136 1.960
488.825 -0.274 -0.173 0.602
489.018 -0.299 -0.030 0.808
489.241 -0.511 0.450 1.661
489.425 -0.696 0.937 1.840
489.628 -0.890 1.477 1.834
489.849 -1.071 2.017 1.803
490.036 -1.239 2.572 1.778
490.269 -1.395 3.166 1.758
490.459 -1.519 3.738 1.746
490.638 -1.620 4.323 1.738
490.870 -1.698 4.925 1.733
491.049 -1.753 5.548 1.734
491.237 -1.786 6.000 1.732
491.470 -1.798 6.000 1.728
491.654 -1.786 6.000 1.732
491.847 -1.752 6.000 1.733
492.069 -1.698 6.000 1.732
492.253 -1.621 6.000 1.730
492.447 -1.524 6.000 1.731
492.669 -1.406 6.000 1.735
492.854 -1.269 6.000 1.737
493.048 -1.110 6.000 1.736
493.274 -0.931 6.000 1.739
493.449 -0.732 6.000 1.737
493.648 -0.515 6.000 1.740
493.873 -0.277 6.000 1.741
494.053 0.414 0.071 1.009
494.248 0.519 -0.051 1.009
494.469 0.435 0.149 1.289
494.658 0.250 0.513 1.684
494.893 0.076 0.858 1.764
495.069 -0.101 1.211 1.772
495.258 0.885 -0.039 1.280
495.489 0.971 -0.039 1.482
495.669 0.740 -0.507 1.705
495.858 0.708 -0.966 1.839
496.089 0.681 -1.461 1.838
496.278 0.651 -2.045 1.808
496.505 0.619 -2.598 1.784
496.686 0.582 -3.167 1.763
496.878 0.539 -3.748 1.751
497.105 0.494 -4.343 1.745
497.288 0.444 -4.986 1.741
497.521 0.393 -5.616 1.738
497.705 0.336 -6.000 1.736
497.887 0.275 -6.000 1.738
498.121 0.210 -6.000 1.733
498.301 0.140 -6.000 1.733
498.488 0.064 -6.000 1.735
498.725 -0.015 -6.000 1.736
498.902 -0.105 -6.000 1.735
499.098 -0.197 -6.000 1.739
499.321 0.523 -0.676 1.532
499.509 0.085 -1.501 1.765
499.741 -0.342 -2.292 1.782
499.937 -0.883 -3.243 1.767
500.161 -1.393 -4.110 1.755
500.345 -1.934 -5.009 1.743
500.538 -2.504 -5.940 1.742
500.761 -3.103 -6.000 1.745
500.941 -3.735 -6.000 1.742
501.137 -4.400 -6.000 1.741
501.361 -5.093 -6.000 1.744
501.541 0.589 -0.244 0.532
501.738 0.718 -0.172 0.446
501.966 0.716 -0.165 0.419
502.141 0.727 -0.150 0.430
502.338 0.741 -0.132 0.321
502.561 0.722 -0.131 0.307
502.741 0.723 -0.122 0.257
502.938 0.712 -0.118 0.278
503.161 0.706 -0.112 0.278
503.357 0.696 -0.106 0.239
503.581 0.658 -0.097 0.213
503.761 0.605 -0.079 0.265
503.958 0.536 -0.064 0.200
504.183 0.457 -0.055 0.191
504.361 0.370 -0.045 0.567
504.558 0.290 -0.053 0.438
504.781 0.204 -0.062 0.394
504.965 0.136 -0.023 1.533
505.173 0.067 0.033 1.837
505.393 0.001 0.116 1.884
505.569 -0.055 0.222 1.879
505.813 -0.104 0.370 1.859
505.989 -0.139 0.549 1.836
506.188 -0.165 0.777 1.819
506.413 -0.178 1.029 1.805
506.589 -0.182 1.312 1.791
506.788 -0.180 1.616 1.777
507.009 -0.178 1.930 1.767
507.189 -0.046 -0.145 -0.043
507.388 -0.050 -0.144 -0.039
507.613 -0.051 -0.140 -0.041
507.789 -0.049 -0.134 -0.053
507.987 -0.138 -0.113 1.162
508.209 -0.052 -0.116 0.128
508.393 -0.055 -0.105 0.466
508.588 -0.035 -0.100 0.337
508.813 -0.016 -0.102 0.017
508.993 -0.011 -0.101 0.001
509.187 -0.008 -0.100 -0.011
509.414 -0.007 -0.099 -0.007
509.594 -0.009 -0.098 0.147
509.788 -0.010 -0.100 -0.006
510.009 -0.012 -0.100 -0.029
510.189 -0.014 -0.100 0.028
510.388 -0.016 -0.100 -0.039
510.609 -0.019 -0.099 0.025
510.791 -0.021 -0.098 0.018
510.987 -0.023 -0.097 -0.043
511.217 -0.023 -0.096 -0.008
511.405 -0.023 -0.095 -0.040
511.608 -0.022 -0.094 -0.019
511.829 -0.020 -0.094 -0.026
512.009 -0.018 -0.094 -0.030
512.208 -0.017 -0.095 -0.023
512.429 -0.016 -0.096 -0.024
512.609 -0.016 -0.097 -0.028
512.808 -0.015 -0.098 -0.028
513.029 -0.014 -0.099 -0.019
513.209 -0.013 -0.100 -0.018
513.449 -0.013 -0.101 0.016
513.629 -0.012 -0.102 0.010
513.832 -0.012 -0.103 -0.017
514.061 -0.011 -0.104 0.074
514.245 -0.010 -0.105 0.051
514.437 -0.010 -0.106 -0.016
514.661 -0.009 -0.106 0.005
514.842 -0.008 -0.107 0.033
515.037 -0.007 -0.109 0.234
515.265 -0.005 -0.109 -0.018
515.444 -0.005 -0.111 -0.023
515.696 -0.003 -0.112 0.044
515.869 -0.004 -0.113 0.056
516.068 -0.005 -0.115 0.068
516.293 -0.007 -0.119 0.044
516.477 -0.007 -0.121 -0.014
516.713 -0.007 -0.123 -0.008
516.894 -0.007 -0.124 -0.031
517.078 -0.007 -0.126 0.056
517.310 -0.006 -0.126 0.047
517.489 -0.006 -0.125 -0.017
517.689 -0.005 -0.122 0.079
517.925 -0.005 -0.120 0.238
518.101 -0.006 -0.118 -0.007
518.288 -0.006 -0.117 0.018
518.521 -0.006 -0.117 0.000
518.701 -0.005 -0.116 -0.029
518.898 -0.004 -0.116 -0.027
519.125 -0.003 -0.116 -0.030
519.301 -0.002 -0.117 0.020
519.498 -0.002 -0.118 0.017
519.721 -0.001 -0.118 0.019
519.903 -0.001 -0.119 0.016
520.098 -0.002 -0.121 0.013
520.321 -0.002 -0.122 0.010
520.501 -0.001 -0.123 -0.006
520.698 0.000 -0.124 -0.001
520.922 0.001 -0.125 0.004
521.102 0.001 -0.126 -0.004
521.298 0.002 -0.127 0.009
521.521 -0.000 -0.132 0.801
521.705 0.001 -0.132 0.624
521.898 -0.004 -0.142 1.661
522.122 -0.007 -0.149 1.884
522.305 -0.007 -0.151 1.902
522.497 -0.005 -0.151 1.884
522.721 -0.002 -0.148 1.860
522.902 -0.000 -0.142 1.840
523.141 0.003 -0.134 1.819
523.321 0.007 -0.125 1.802
523.507 0.004 -0.136 0.019
523.741 0.005 -0.136 0.086
523.921 0.005 -0.137 -0.035
524.110 0.005 -0.137 -0.031
524.345 0.006 -0.137 0.007
524.522 0.006 -0.137 -0.030
524.708 0.006 -0.138 -0.031
524.941 0.006 -0.139 -0.023
525.122 0.006 -0.140 0.042
525.308 0.006 -0.142 -0.016
525.541 0.007 -0.143 -0.016
525.722 0.007 -0.144 0.019
525.908 0.008 -0.145 0.027
526.141 0.009 -0.145 0.017
526.321 0.010 -0.147 0.131
526.507 0.011 -0.147 0.162
526.741 0.012 -0.147 -0.002
526.921 0.012 -0.147 0.007
527.108 0.012 -0.147 0.017
527.341 0.011 -0.147 0.018
527.521 0.011 -0.147 -0.014
527.708 0.011 -0.146 0.006
527.941 0.011 -0.145 -0.014
528.125 0.010 -0.145 0.099
528.308 0.011 -0.144 0.192
528.541 0.011 -0.144 0.033
528.722 0.011 -0.144 0.032
528.965 0.011 -0.145 0.025
529.141 0.011 -0.146 0.211
529.328 0.011 -0.147 0.144
529.561 0.012 -0.148 0.198
529.741 0.012 -0.149 0.242
529.928 0.013 -0.150 0.205
530.161 0.014 -0.150 0.163
530.341 0.014 -0.151 0.057
530.528 0.015 -0.151 0.065
530.765 0.015 -0.150 0.026
530.941 0.015 -0.149 0.006
531.128 0.014 -0.149 0.016
531.365 0.013 -0.150 0.353
531.545 0.012 -0.149 -0.015
531.728 0.012 -0.148 -0.012
531.965 0.012 -0.148 -0.010
532.145 0.013 -0.147 -0.007
532.389 0.014 -0.147 0.093
532.573 0.014 -0.147 0.027
532.758 0.014 -0.148 0.029
532.989 0.014 -0.149 0.028
533.175 0.013 -0.152 0.110
533.358 0.012 -0.158 1.210
533.589 0.013 -0.155 -0.016
533.787 0.013 -0.158 0.667
534.009 0.012 -0.167 1.664
534.193 0.012 -0.173 1.878
534.388 0.011 -0.178 1.897
534.615 0.010 -0.183 1.879
534.803 0.007 -0.188 1.857
534.998 0.006 -0.190 1.832
535.221 0.005 -0.190 1.810
535.402 0.004 -0.186 1.799
535.599 0.002 -0.179 1.785
535.821 -0.006 -0.165 1.772
536.017 -0.016 -0.150 1.762
536.241 -0.024 -0.136 1.753
536.421 -0.030 -0.121 1.741
536.618 -0.035 -0.108 1.734
536.845 -0.039 -0.096 1.724
537.022 -0.043 -0.089 1.716
537.227 -0.049 -0.089 1.712
537.453 -0.057 -0.090 1.714
537.629 -0.071 -0.079 1.720
537.827 -0.087 -0.053 1.722
538.049 -0.107 -0.006 1.728
538.238 -0.127 0.051 1.733
538.427 -0.147 0.115 1.741
538.649 -0.160 0.163 1.744
538.847 -0.170 0.199 1.740
539.069 -0.178 0.227 1.737
539.275 -0.192 0.256 1.735
539.465 -0.214 0.291 1.734
539.705 -0.237 0.332 1.731
539.882 -0.269 0.383 1.735
540.125 -0.290 0.432 1.737
540.305 -0.299 0.472 1.741
540.488 -0.304 0.506 1.741
540.731 -0.308 0.538 1.743
540.905 -0.320 0.572 1.744
541.087 -0.337 0.611 1.742
541.321 -0.359 0.654 1.742
541.505 -0.377 0.698 1.739
541.707 -0.396 0.741 1.740
541.941 -0.411 0.783 1.742
542.125 -0.424 0.821 1.745
542.318 -0.440 0.866 1.742
542.542 -0.455 0.905 1.745
542.721 -0.471 0.948 1.746
542.973 -0.491 1.001 1.745
543.149 -0.508 1.046 1.748
543.348 -0.525 1.097 1.745
543.573 -0.544 1.149 1.743
543.757 -0.563 1.197 1.743
544.001 -0.584 1.247 1.745
544.181 -0.603 1.304 1.743
544.379 -0.621 1.357 1.743
544.601 -0.641 1.412 1.742
544.784 -0.659 1.466 1.744
544.987 -0.681 1.525 1.744
545.209 -0.703 1.582 1.745
545.389 -0.721 1.640 1.743
545.587 -0.741 1.699 1.744
545.809 -0.760 1.759 1.745
546.017 -0.782 1.829 1.746
546.245 -0.809 1.890 1.745
546.428 -0.835 1.952 1.743
546.665 -0.850 2.019 1.747
546.841 -0.876 2.085 1.746
547.038 -0.902 2.152 1.743
547.261 -0.926 2.218 1.743
547.457 -0.940 2.290 1.746
547.689 -0.962 2.356 1.748
547.869 -0.994 2.429 1.741
548.068 -1.019 2.501 1.744
548.289 -1.049 2.575 1.744
548.478 -1.073 2.642 1.745
548.709 -1.100 2.713 1.745
548.889 -1.126 2.785 1.747
549.087 -1.165 2.861 1.745
549.309 -1.191 2.933 1.747
549.493 -1.227 3.012 1.744
549.697 -1.262 3.092 1.743
549.921 -1.284 3.170 1.745
550.108 -1.311 3.246 1.746
550.341 -1.351 3.325 1.744
550.534 -1.390 3.406 1.742
550.708 -1.416 3.484 1.744
550.953 -1.461 3.571 1.742
551.149 -1.499 3.657 1.743
551.381 -1.529 3.735 1.745
551.565 -1.573 3.818 1.744
551.748 -1.615 3.899 1.744
551.981 -1.657 3.973 1.745
552.161 -1.699 4.061 1.744
552.347 -1.739 4.145 1.745
552.581 -1.793 4.229 1.744
552.766 -1.839 4.318 1.744
553.011 -1.868 4.407 1.747
553.181 -1.921 4.507 1.744
553.387 -1.970 4.597 1.744
553.609 -2.016 4.685 1.744
553.793 -2.075 4.776 1.742
553.988 -2.124 4.863 1.742
554.209 -2.148 4.948 1.747
554.453 -2.218 5.059 1.744
554.629 -2.271 5.152 1.745
554.831 -2.323 5.238 1.746
555.049 -2.382 5.330 1.747
555.238 -2.450 5.430 1.745
555.473 -2.513 5.523 1.745
555.653 -2.582 5.613 1.744
555.837 -2.649 5.705 1.745
556.069 -2.695 5.808 1.743
556.250 -2.765 5.901 1.743
556.457 -2.842 6.000 1.741
556.681 -2.906 6.000 1.740
556.861 -2.945 6.000 1.743
557.101 -3.008 6.000 1.744
557.281 -3.060 6.000 1.746
557.477 -3.139 6.000 1.743
557.701 -3.210 6.000 1.743
557.881 -3.279 6.000 1.743
558.078 -3.330 6.000 1.744
558.305 -3.451 6.000 1.741
558.497 -3.530 6.000 1.742
558.725 -3.612 6.000 1.743
558.902 -3.693 6.000 1.744
559.098 -3.771 6.000 1.744
559.321 -3.862 6.000 1.746
559.501 -3.913 6.000 1.744
559.699 -4.011 6.000 1.748
559.922 -4.109 6.000 1.746
560.108 -4.199 6.000 1.747
560.341 -4.291 6.000 1.746
560.521 -4.366 6.000 1.746
560.707 -4.447 6.000 1.747
560.945 -4.535 6.000 1.747
561.130 -4.668 6.000 1.745
561.328 -4.763 6.000 1.744
561.554 -4.845 6.000 1.745
561.729 -4.939 6.000 1.745
561.928 -5.032 6.000 1.745
562.149 -5.119 6.000 1.748
562.329 -5.241 6.000 1.746
562.528 -5.297 6.000 1.747
562.749 -5.429 6.000 1.746
562.929 -5.530 6.000 1.746
563.128 -5.662 6.000 1.745
563.353 -5.791 6.000 1.743
563.529 -5.850 6.000 1.744
563.728 -5.862 6.000 1.746
563.953 -5.989 6.000 1.746
564.129 -6.000 6.000 1.744
564.328 -6.000 6.000 1.745
564.549 -6.000 6.000 1.745
564.729 -6.000 6.000 1.744
564.928 -6.000 6.000 1.744
565.149 -6.000 6.000 1.743
565.337 -6.000 6.000 1.744
565.573 -6.000 6.000 1.747
565.749 -6.000 6.000 1.742
565.948 -6.000 6.000 1.743
566.182 -6.000 6.000 1.742
566.361 -6.000 6.000 1.744
566.559 -6.000 6.000 1.746
566.785 -6.000 6.000 1.745
566.985 -6.000 6.000 1.745
567.178 -6.000 6.000 1.746
567.405 -6.000 6.000 1.744
567.581 -6.000 6.000 1.743
567.777 -6.000 6.000 1.744
568.005 -6.000 6.000 1.746
568.185 -6.000 6.000 1.745
568.378 -6.000 6.000 1.744
568.601 -6.000 6.000 1.744
568.808 -6.000 6.000 1.744
569.033 -6.000 6.000 1.744
569.209 -6.000 6.000 1.746
569.407 -6.000 6.000 1.745
569.633 -6.000 6.000 1.744
569.809 -6.000 6.000 1.747
570.008 -6.000 6.000 1.746
570.229 -6.000 6.000 1.747
570.413 -6.000 6.000 1.749
570.649 -6.000 6.000 1.746
570.829 -4.211 6.000 1.741
571.030 -3.992 6.000 1.740
571.249 -4.954 6.000 1.742
571.437 -5.049 6.000 1.743
571.673 -4.993 6.000 1.745
571.849 -5.045 6.000 1.745
572.038 -5.039 6.000 1.746
572.273 -4.888 6.000 1.746
572.449 -4.662 6.000 1.745
572.638 -3.519 6.000 1.749
572.873 -3.450 6.000 1.750
573.053 -0.942 6.000 1.746
573.238 0.101 6.000 1.741
573.469 -1.137 6.000 1.744
573.649 0.544 6.000 1.738
573.838 -2.444 3.406 1.742
574.070 -3.342 1.798 1.747
574.249 -2.903 2.605 1.747
574.448 -2.898 2.651 1.749
574.673 -2.977 3.183 1.748
574.849 -3.038 3.560 1.747
575.058 -2.915 3.268 1.750
575.285 -3.304 3.917 1.745
575.461 -3.379 4.063 1.743
575.659 -2.988 3.668 1.745
575.885 -3.243 3.840 1.743
576.061 -2.994 3.749 1.745
576.258 -3.069 3.748 1.743
576.481 -2.706 3.830 1.747
576.661 -2.725 3.837 1.747
576.858 -2.979 3.824 1.745
577.085 -2.939 3.825 1.745
577.261 -3.053 3.864 1.743
577.458 -3.024 3.859 1.743
577.681 -3.164 3.883 1.739
577.862 -2.665 4.131 1.746
578.058 -2.665 4.153 1.747
578.281 -2.663 4.060 1.747
578.468 -2.677 4.158 1.749
578.701 -2.644 3.937 1.747
578.886 -2.645 3.922 1.747
579.068 -2.614 3.757 1.745
579.305 -2.631 3.811 1.746
579.485 -2.622 3.748 1.744
579.668 -2.616 3.821 1.746
579.901 -2.564 3.863 1.751
580.081 -2.556 3.868 1.753
580.268 -2.604 3.851 1.750
580.501 -2.638 3.754 1.745
580.681 -2.646 3.767 1.744
580.867 -2.663 3.747 1.741
581.101 -2.681 3.819 1.744
581.284 -2.698 3.846 1.744
581.533 -2.727 3.902 1.746
581.713 -2.731 3.893 1.746
581.898 -2.735 3.874 1.744
582.121 -2.743 3.895 1.745
582.301 -2.736 3.900 1.747
582.498 -2.770 3.888 1.744
582.721 -2.783 3.904 1.744
582.908 -2.797 3.920 1.744
583.141 -2.820 3.954 1.746
583.321 -2.827 3.949 1.745
583.507 -2.839 3.941 1.746
583.741 -2.851 3.950 1.747
583.925 -2.868 3.981 1.744
584.107 -2.881 3.988 1.744
584.341 -2.899 4.005 1.745
584.525 -2.910 4.006 1.744
584.707 -2.922 4.004 1.743
584.945 -2.937 4.009 1.742
585.125 -2.949 4.020 1.742
585.307 -2.958 4.013 1.744
585.541 -2.973 4.033 1.747
585.725 -2.984 4.035 1.746
585.918 -2.996 4.039 1.746
586.145 -3.011 4.046 1.745
586.332 -3.030 4.047 1.746
586.562 -3.052 4.097 1.744
586.741 -3.068 4.091 1.745
586.938 -3.086 4.100 1.745
587.162 -3.104 4.113 1.745
587.341 -3.128 4.117 1.745
587.538 -3.142 4.128 1.746
587.765 -3.159 4.146 1.746
587.950 -3.185 4.165 1.745
588.148 -3.199 4.185 1.745
588.369 -3.247 4.183 1.747
588.557 -3.247 4.205 1.745
588.801 -3.263 4.195 1.744
588.998 -3.297 4.216 1.744
589.222 -3.314 4.225 1.744
589.401 -3.343 4.238 1.743
589.598 -3.315 4.254 1.744
589.821 -3.321 4.270 1.746
590.003 -3.350 4.284 1.746
590.208 -3.362 4.299 1.746
590.403 -3.380 4.313 1.746
590.621 -3.399 4.329 1.745
590.809 -3.425 4.336 1.742
591.049 -3.454 4.345 1.746
591.234 -3.459 4.375 1.744
591.428 -3.481 4.389 1.743
591.649 -3.508 4.416 1.745
591.838 -3.534 4.434 1.746
592.069 -3.537 4.476 1.745
592.258 -3.619 4.448 1.746
592.493 -3.541 4.504 1.744
592.669 -3.647 4.536 1.747
592.867 -3.656 4.544 1.747
593.105 -3.684 4.542 1.745
593.288 -3.707 4.555 1.745
593.525 -3.759 4.600 1.743
593.701 -3.760 4.565 1.745
593.897 -3.774 4.642 1.743
594.124 -4.029 4.597 1.748
594.318 -3.818 4.585 1.744
594.549 -3.852 4.623 1.744
594.729 -3.877 4.635 1.744
594.975 -3.912 4.682 1.743
595.168 -3.933 4.682 1.744
595.401 -3.953 4.672 1.744
595.587 -3.985 4.727 1.746
595.821 -3.972 4.716 1.744
596.001 -4.035 4.749 1.746
596.187 -4.054 4.773 1.743
596.421 -4.074 4.819 1.743
596.601 -4.122 4.762 1.745
596.787 -4.189 4.741 1.746
597.022 -4.165 4.735 1.744
597.201 -4.198 4.764 1.745
597.388 -4.212 4.836 1.745
597.625 -4.278 4.696 1.746
597.808 -4.332 4.641 1.748
598.045 -4.286 4.772 1.745
598.221 -4.145 4.773 1.741
598.408 -4.281 4.831 1.742
598.641 -4.527 5.017 1.746
598.821 -4.551 5.083 1.748
599.008 -4.655 5.031 1.743
599.241 -4.666 5.002 1.744
599.427 -4.675 5.217 1.741
599.608 -4.812 5.101 1.743
599.841 -4.858 5.139 1.744
600.021 -4.891 5.177 1.744
600.214 -4.955 5.219 1.745
600.441 -4.902 5.377 1.741
600.621 -4.973 5.321 1.742
600.838 -4.988 5.304 1.742
601.061 -4.977 5.228 1.745
601.241 -5.060 5.261 1.747
601.438 -4.890 5.229 1.744
601.681 -4.754 5.113 1.742
601.867 -5.113 5.111 1.747
602.058 -5.180 5.379 1.745
602.281 -5.217 5.431 1.744
602.462 -5.268 5.476 1.744
602.658 -5.296 5.489 1.744
602.883 -5.325 5.442 1.742
603.061 -5.339 5.500 1.743
603.301 -5.385 5.567 1.746
603.485 -5.195 5.808 1.744
603.729 -5.598 5.578 1.747
603.910 -5.525 5.569 1.745
604.108 -5.700 5.554 1.745
604.335 -5.930 5.617 1.744
604.521 -5.664 5.560 1.744
604.718 -6.000 6.000 1.738
604.941 -5.072 5.890 1.739
605.128 -3.919 6.000 1.740
605.362 -3.238 6.000 1.741
605.558 -3.600 6.000 1.739
605.793 -3.986 6.000 1.744
605.969 -4.087 6.000 1.745
606.169 -4.189 6.000 1.746
606.389 -4.226 6.000 1.745
606.570 -4.185 6.000 1.746
606.768 -4.276 6.000 1.743
606.989 -4.367 6.000 1.742
607.187 -4.444 6.000 1.745
607.421 -4.406 6.000 1.744
607.605 -4.378 6.000 1.745
607.788 -4.401 6.000 1.745
608.025 -4.396 6.000 1.745
608.201 -4.419 6.000 1.744
608.388 -4.476 6.000 1.745
608.626 -4.568 6.000 1.747
608.801 -4.545 6.000 1.746
609.053 -4.554 6.000 1.745
609.229 -4.499 6.000 1.743
609.481 -4.640 6.000 1.744
609.661 -4.710 6.000 1.746
609.848 -4.753 6.000 1.746
610.081 -4.840 6.000 1.743
610.262 -4.844 6.000 1.744
610.448 -4.896 6.000 1.743
610.689 -4.891 6.000 1.742
610.869 -4.593 6.000 1.746
611.068 -4.612 6.000 1.746
611.293 -4.646 6.000 1.745
611.481 -4.662 5.634 1.741
611.678 -4.942 5.896 1.743
611.901 -5.153 5.744 1.744
612.081 -5.358 5.477 1.745
612.277 -5.223 5.822 1.743
612.505 -5.289 5.692 1.744
612.688 -5.308 5.792 1.743
612.925 -5.323 5.914 1.744
613.102 -5.340 5.978 1.744
613.297 -5.345 5.763 1.745
613.521 -5.372 5.683 1.746
613.705 -5.185 6.000 1.741
613.898 -5.514 6.000 1.744
614.121 -5.641 6.000 1.745
614.301 -5.734 5.647 1.743
614.541 -5.732 5.697 1.744
614.725 -5.753 5.769 1.744
614.908 -5.775 5.845 1.743
615.141 -5.933 5.695 1.745
615.321 -5.955 5.689 1.745
615.508 -6.000 5.728 1.743
615.745 -6.000 5.727 1.743
615.925 -6.000 5.590 1.744
616.118 -6.000 5.456 1.744
616.341 -6.000 5.307 1.745
616.537 -6.000 4.343 1.742
616.769 -6.000 3.449 1.739
616.949 -6.000 4.208 1.740
617.138 -6.000 3.691 1.742
617.369 -6.000 4.434 1.741
617.549 -6.000 2.087 1.746
617.747 -6.000 2.260 1.747
617.974 -6.000 2.611 1.746
618.149 -6.000 1.973 1.745
618.389 -6.000 1.926 1.746
618.587 -6.000 0.753 1.743
618.821 -6.000 0.449 1.745
619.001 -6.000 0.274 1.746
619.198 -6.000 0.676 1.745
619.429 -6.000 0.576 1.745
619.609 -6.000 0.541 1.744
619.798 -6.000 0.390 1.743
620.033 -6.000 -0.030 1.744
620.213 -6.000 0.146 1.742
620.398 -6.000 0.204 1.741
620.629 -6.000 0.255 1.743
620.809 -6.000 -0.503 1.742
620.998 -6.000 0.021 1.744
621.229 -6.000 -0.053 1.744
621.409 -6.000 -0.173 1.744
621.598 -6.000 0.002 1.743
621.842 -6.000 -0.409 1.744
622.025 -6.000 -0.616 1.745
622.262 -6.000 -0.931 1.744
622.445 -6.000 -0.488 1.745
622.628 -6.000 -0.719 1.745
622.861 -6.000 -0.708 1.741
623.041 -6.000 -1.505 1.743
623.228 -6.000 -1.690 1.744
623.461 -6.000 -1.903 1.745
623.641 -6.000 -2.143 1.743
623.828 -6.000 -2.018 1.744
624.061 -6.000 -2.213 1.743
624.241 -6.000 -2.246 1.745
624.428 -6.000 -2.171 1.744
624.661 -6.000 -2.082 1.742
624.841 -6.000 -1.986 1.740
625.038 -6.000 -1.968 1.741
625.263 -6.000 -1.493 1.743
625.445 -6.000 -1.747 1.741
625.638 -6.000 -1.821 1.743
625.873 -6.000 -1.971 1.744
626.053 -6.000 -1.907 1.740
626.248 -6.000 -1.917 1.739
626.469 -6.000 -2.174 1.743
626.649 -6.000 -2.145 1.744
626.848 -6.000 -2.713 1.741
627.069 -6.000 -2.712 1.742
627.253 -6.000 -2.611 1.740
627.448 -6.000 -2.531 1.738
627.669 -6.000 -3.020 1.742
627.854 -6.000 -3.215 1.743
628.089 -6.000 -3.080 1.743
628.273 -6.000 -3.277 1.743
628.458 -6.000 -3.490 1.741
628.689 -6.000 -3.522 1.742
628.870 -6.000 -3.445 1.742
629.113 -6.000 -3.148 1.740
629.289 -6.000 -3.783 1.744
629.482 -6.000 -3.813 1.743
629.709 -6.000 -3.869 1.742
629.889 -6.000 -4.057 1.744
630.078 -6.000 -3.887 1.743
630.309 -6.000 -3.569 1.740
630.493 -6.000 -3.608 1.742
630.678 -6.000 -3.887 1.742
630.909 -6.000 -4.056 1.741
631.089 -6.000 -4.123 1.741
631.278 -6.000 -4.113 1.742
631.509 -6.000 -4.097 1.744
631.689 -6.000 -4.099 1.742
631.888 -6.000 -4.412 1.744
632.109 -6.000 -4.329 1.744
632.293 -6.000 -4.603 1.745
632.488 -6.000 -4.551 1.746
632.745 -6.000 -3.620 1.742
632.921 -6.000 -4.075 1.744
633.165 -6.000 -4.271 1.745
633.353 -6.000 -4.296 1.745
633.541 -6.000 -4.149 1.746
633.738 -6.000 -5.100 1.744
633.969 -6.000 -6.000 1.740
634.158 -6.000 -6.000 1.742
634.389 -6.000 -5.552 1.744
634.573 -6.000 -5.167 1.743
634.758 -6.000 -4.724 1.742
634.991 -6.000 -4.977 1.743
635.177 -6.000 -5.211 1.744
635.413 -6.000 -5.214 1.745
635.589 -6.000 -4.909 1.748
635.787 -6.000 -4.835 1.749
636.009 -6.000 -5.744 1.747
636.198 -6.000 -5.874 1.745
636.429 -6.000 -6.000 1.741
636.609 -6.000 -6.000 1.741
636.797 -6.000 -6.000 1.744
637.031 -6.000 -6.000 1.747
637.209 -6.000 -6.000 1.748
637.407 -6.000 -6.000 1.748
637.629 -6.000 -6.000 1.745
637.816 -6.000 -6.000 1.743
638.069 -6.000 -6.000 1.745
638.250 -6.000 -6.000 1.750
638.448 -6.000 -6.000 1.750
638.669 -6.000 -6.000 1.747
638.853 -6.000 -6.000 1.748
639.048 -6.000 -6.000 1.746
639.273 -6.000 -6.000 1.743
639.453 -6.000 -6.000 1.742
639.647 -6.000 -6.000 1.742
639.869 -6.000 -6.000 1.743
640.053 -6.000 -6.000 1.745
640.247 -6.000 -6.000 1.747
640.473 -6.000 -6.000 1.749
640.649 -6.000 -6.000 1.746
640.847 -6.000 -6.000 1.743
641.073 -6.000 -6.000 1.740
641.249 -6.000 -6.000 1.738
641.447 -6.000 -6.000 1.737
641.685 -6.000 -6.000 1.738
641.867 -6.000 -6.000 1.741
642.109 -6.000 -6.000 1.743
642.289 -6.000 -6.000 1.747
642.477 -6.000 -6.000 1.749
642.709 -6.000 -6.000 1.746
642.889 -6.000 -6.000 1.745
643.129 -6.000 -6.000 1.740
643.321 -6.000 -6.000 1.743
643.508 -6.000 -6.000 1.744
643.745 -6.000 -6.000 1.744
643.925 -6.000 -6.000 1.744
644.108 -6.000 -6.000 1.742
644.341 -6.000 -6.000 1.743
644.525 -6.000 -6.000 1.746
644.708 -6.000 -6.000 1.746
644.945 -6.000 -6.000 1.747
645.121 -6.000 -6.000 1.746
645.308 -6.000 -6.000 1.742
645.541 -6.000 -6.000 1.745
645.721 -6.000 -6.000 1.748
645.907 -6.000 -6.000 1.750
646.142 -6.000 -6.000 1.749
646.321 -6.000 -6.000 1.747
646.508 -6.000 -6.000 1.745
646.741 -6.000 -6.000 1.744
646.921 -6.000 -6.000 1.745
647.108 -6.000 -6.000 1.742
647.341 -6.000 -6.000 1.740
647.525 -6.000 -6.000 1.739
647.707 -6.000 -6.000 1.741
647.946 -6.000 -6.000 1.744
648.145 -6.000 -6.000 1.745
648.338 -6.000 -6.000 1.747
648.561 -6.000 -6.000 1.746
648.741 -6.000 -6.000 1.742
648.938 -6.000 -6.000 1.743
649.161 -6.000 -6.000 1.741
649.357 -6.000 -6.000 1.747
649.581 -6.000 -6.000 1.748
649.765 -6.000 -6.000 1.747
649.957 -6.000 -6.000 1.744
650.181 -6.000 -6.000 1.747
650.361 -6.000 -6.000 1.742
650.557 -6.000 -6.000 1.743
650.781 -6.000 -6.000 1.744
650.968 -6.000 -6.000 1.742
651.201 -6.000 -6.000 1.744
651.385 -6.000 -6.000 1.745
651.588 -6.000 -6.000 1.744
651.809 -6.000 -6.000 1.744
651.993 -6.000 -6.000 1.748
652.188 -6.000 -6.000 1.746
652.410 -6.000 -6.000 1.743
652.589 -6.000 -6.000 1.743
652.788 -6.000 -6.000 1.744
653.009 -6.000 -6.000 1.743
653.189 -6.000 -6.000 1.743
653.388 -6.000 -6.000 1.742
653.609 -6.000 -6.000 1.744
653.808 -6.000 -6.000 1.745
654.029 -6.000 -6.000 1.744
654.209 -6.000 -6.000 1.743
654.453 -6.000 -6.000 1.742
654.633 -6.000 -6.000 1.742
654.830 -6.000 -6.000 1.742
655.082 -6.000 -6.000 1.742
655.269 -6.000 -6.000 1.742
655.458 -6.000 -6.000 1.746
655.701 -6.000 -6.000 1.745
655.885 -6.000 -6.000 1.746
656.067 -6.000 -6.000 1.742
656.309 -6.000 -6.000 1.743
656.489 -6.000 -6.000 1.741
656.688 -6.000 -6.000 1.742
656.909 -6.000 -6.000 1.742
657.089 -6.000 -6.000 1.746
657.334 -6.000 -6.000 1.745
657.509 -6.000 -6.000 1.746
657.698 -6.000 -6.000 1.743
657.929 -6.000 -6.000 1.743
658.109 -6.000 -6.000 1.742
658.307 -6.000 -6.000 1.744
658.534 -6.000 -6.000 1.746
658.709 -6.000 -6.000 1.746
658.953 -6.000 -6.000 1.745
659.129 -6.000 -6.000 1.743
659.327 -6.000 -6.000 1.743
659.569 -6.000 -6.000 1.742
659.753 -6.000 -6.000 1.741
659.949 -6.000 -6.000 1.743
660.169 -6.000 -6.000 1.747
660.349 -6.000 -6.000 1.750
660.547 -6.000 -6.000 1.746
660.773 -6.000 -6.000 1.745
660.950 -6.000 -6.000 1.744
661.148 -6.000 -6.000 1.742
661.369 -6.000 -6.000 1.742
661.567 -6.000 -6.000 1.745
661.793 -6.000 -6.000 1.745
661.971 -6.000 -6.000 1.745
662.222 -6.000 -6.000 1.745
662.405 -6.000 -6.000 1.745
662.598 -6.000 -6.000 1.745
662.821 -6.000 -6.000 1.744
663.007 -6.000 -6.000 1.742
663.241 -6.000 -6.000 1.744
663.421 -6.000 -6.000 1.743
663.618 -6.000 -6.000 1.743
663.845 -6.000 -6.000 1.742
664.021 -6.000 -6.000 1.742
664.218 -6.000 -6.000 1.741
664.441 -6.000 -6.000 1.745
664.625 -6.000 -6.000 1.745
664.838 -6.000 -6.000 1.741
665.069 -6.000 -6.000 1.742
665.268 -6.000 -6.000 1.742
665.493 -6.000 -6.000 1.742
665.679 -6.000 -6.000 1.744
665.929 -6.000 -6.000 1.744
666.109 -6.000 -6.000 1.744
666.308 -6.000 -6.000 1.745
666.529 -6.000 -6.000 1.745
666.713 -6.000 -6.000 1.744
666.949 -6.000 -6.000 1.744
667.201 -6.000 -6.000 1.746
667.381 -6.000 -6.000 1.746
667.578 -6.000 -6.000 1.745
667.821 -6.000 -6.000 1.746
668.007 -6.000 -6.000 1.746
668.241 -6.000 -6.000 1.743
668.421 -6.000 -6.000 1.743
668.607 -6.000 -6.000 1.742
668.845 -6.000 -6.000 1.739
669.025 -6.000 -6.000 1.745
669.216 -6.000 -6.000 1.745
669.441 -6.000 -6.000 1.748
669.621 -6.000 -6.000 1.746
669.818 -6.000 -6.000 1.743
670.046 -6.000 -6.000 1.742
670.221 -6.000 -6.000 1.742
670.418 -6.000 -6.000 1.743
670.649 -6.000 -6.000 1.743
670.829 -6.000 -6.000 1.745
671.028 -6.000 -6.000 1.745
671.253 -6.000 -6.000 1.743
671.429 -6.000 -6.000 1.746
671.627 -6.000 -6.000 1.748
671.849 -6.000 -6.000 1.746
672.029 -6.000 -6.000 1.744
672.227 -6.000 -6.000 1.748
672.449 -6.000 -6.000 1.745
672.629 -6.000 -6.000 1.746
672.828 -6.000 -6.000 1.747
673.050 -6.000 -6.000 1.747
673.229 -6.000 -6.000 1.742
673.427 -6.000 -6.000 1.744
673.652 -6.000 -6.000 1.745
673.829 -6.000 -6.000 1.745
674.028 -6.000 -6.000 1.744
674.249 -6.000 -6.000 1.748
674.429 -6.000 -6.000 1.747
674.628 -6.000 -6.000 1.744
674.853 -6.000 -6.000 1.747
675.029 -6.000 -6.000 1.745
675.228 -6.000 -6.000 1.747
675.453 -6.000 -6.000 1.744
675.629 -6.000 -6.000 1.743
675.827 -6.000 -6.000 1.745
676.058 -6.000 -6.000 1.744
676.229 -6.000 -6.000 1.743
676.440 -6.000 -6.000 1.745
676.665 -6.000 -6.000 1.748
676.841 -6.000 -6.000 1.750
677.038 -6.000 -6.000 1.746
677.265 -6.000 -6.000 1.741
677.447 -6.000 -6.000 1.743
677.681 -6.000 -6.000 1.746
677.865 -6.000 -6.000 1.746
678.047 -6.000 -6.000 1.745
678.285 -6.000 -6.000 1.745
678.465 -6.000 -6.000 1.744
678.667 -6.000 -6.000 1.747
678.893 -6.000 -6.000 1.743
679.086 -6.000 -6.000 1.745
679.325 -6.000 -6.000 1.744
679.501 -6.000 -6.000 1.748
679.687 -6.000 -6.000 1.748
679.928 -6.000 -6.000 1.745
680.161 -6.000 -6.000 1.744
680.345 -6.000 -6.000 1.744
680.537 -6.000 -6.000 1.743
680.769 -6.000 -6.000 1.746
680.968 -6.000 -6.000 1.747
681.189 -6.000 -6.000 1.746
