30.243 0.423
30.347 0.103
30.385 0.037
30.571 0.120
30.665 0.099
30.766 0.100
30.881 0.114
30.981 0.098
31.066 0.084
31.163 0.096
31.259 0.094
31.352 0.093
31.435 0.082
31.534 0.090
31.641 0.098
31.868 0.224
32.108 0.239
32.365 0.254
32.596 0.230
32.685 0.089
32.792 0.096
32.893 0.097
32.985 0.089
33.168 0.171
33.497 0.328
33.812 0.315
34.025 0.212
34.192 0.167
34.355 0.162
34.527 0.170
34.699 0.172
34.884 0.183
35.048 0.162
35.203 0.155
35.391 0.187
35.591 0.195
35.759 0.167
35.933 0.173
36.111 0.178
36.197 0.084
36.384 0.185
36.541 0.157
36.699 0.156
36.866 0.166
37.036 0.169
37.197 0.161
37.296 0.099
37.454 0.156
37.625 0.171
37.819 0.189
37.964 0.148
38.152 0.187
38.331 0.179
38.514 0.182
38.602 0.086
38.844 0.241
39.049 0.205
39.231 0.180
39.387 0.153
39.607 0.221
39.785 0.177
39.950 0.160
40.043 0.096
40.217 0.170
40.427 0.204
40.636 0.211
40.875 0.240
41.107 0.229
41.320 0.208
41.409 0.092
41.685 0.275
41.978 0.292
42.311 0.330
42.694 0.382
43.079 0.384
43.444 0.363
43.708 0.259
43.853 0.150
44.005 0.150
44.169 0.161
44.299 0.131
44.443 0.143
44.579 0.131
44.693 0.117
44.808 0.114
44.911 0.103
45.022 0.110
45.167 0.140
45.287 0.124
45.416 0.128
45.590 0.171
45.722 0.130
46.006 0.284
46.317 0.309
46.646 0.327
46.981 0.335
47.317 0.334
47.685 0.367
47.992 0.305
48.294 0.300
48.499 0.204
48.636 0.136
48.753 0.117
48.903 0.150
49.020 0.116
49.127 0.106
49.372 0.243
49.556 0.184
49.863 0.303
50.195 0.332
50.624 0.428
51.005 0.378
51.406 0.398
51.706 0.300
51.992 0.286
52.230 0.234
52.379 0.148
52.501 0.121
52.619 0.118
52.735 0.115
52.846 0.110
52.960 0.113
53.192 0.231
53.641 0.442
54.022 0.383
54.435 0.412
54.754 0.316
55.046 0.292
58.142 3.093
58.511 0.366
59.041 0.527
60.745 1.701
67.786 0.337
67.903 0.115
68.002 0.098
68.094 0.091
68.184 0.089
68.271 0.085
68.381 0.094
68.486 0.099
68.578 0.091
68.675 0.088
68.794 0.106
68.891 0.096
68.977 0.085
69.094 0.107
69.186 0.091
69.353 0.166
69.679 0.324
70.091 0.409
70.381 0.288
70.609 0.228
70.934 0.325
71.254 0.318
71.584 0.329
71.774 0.188
71.935 0.161
72.167 0.228
72.447 0.281
72.657 0.206
72.973 0.318
73.246 0.273
99.793 0.416
99.884 0.090
99.993 0.099
100.091 0.097
100.191 0.097
100.295 0.099
100.382 0.087
100.640 0.245
100.853 0.211
101.053 0.199
101.216 0.162
101.318 0.102
101.406 0.087
101.495 0.089
101.592 0.096
101.707 0.115
101.815 0.105
101.894 0.079
101.990 0.096
102.198 0.207
102.431 0.233
102.642 0.210
102.829 0.184
103.024 0.194
103.389 0.364
103.696 0.306
104.098 0.398
104.193 0.095
104.456 0.258
104.708 0.249
104.957 0.251
105.183 0.224
105.472 0.287
105.753 0.280
106.102 0.348
106.379 0.275
106.579 0.199
106.749 0.170
106.939 0.187
107.164 0.225
107.374 0.205
107.466 0.094
107.630 0.163
107.849 0.218
108.020 0.170
108.196 0.175
108.375 0.178
108.533 0.156
108.720 0.186
108.891 0.171
109.054 0.161
109.238 0.184
109.419 0.175
109.584 0.167
109.780 0.197
110.008 0.226
110.193 0.186
110.280 0.087
110.372 0.090
110.542 0.169
110.715 0.171
110.915 0.198
111.129 0.213
111.325 0.196
111.571 0.246
111.776 0.203
111.975 0.198
112.199 0.223
112.386 0.185
112.589 0.203
112.768 0.176
113.022 0.254
113.228 0.204
113.414 0.187
113.603 0.188
113.792 0.188
113.977 0.184
114.148 0.169
114.335 0.186
114.514 0.177
114.716 0.201
114.888 0.172
115.061 0.172
115.230 0.167
115.401 0.170
115.571 0.169
115.746 0.174
115.920 0.173
116.110 0.189
116.307 0.193
116.475 0.168
116.564 0.089
116.737 0.171
116.930 0.193
117.117 0.186
117.335 0.216
117.506 0.171
117.695 0.188
117.935 0.239
118.125 0.189
118.309 0.181
118.476 0.166
118.649 0.172
118.829 0.181
119.004 0.174
119.200 0.194
119.437 0.237
119.636 0.196
119.842 0.205
120.005 0.163
120.185 0.179
120.339 0.152
120.509 0.170
120.696 0.184
120.906 0.209
121.081 0.175
121.269 0.187
121.523 0.253
121.723 0.197
121.948 0.224
122.125 0.176
122.322 0.195
122.605 0.281
122.832 0.224
122.928 0.097
123.045 0.114
123.193 0.150
123.380 0.186
123.602 0.221
123.778 0.175
123.957 0.177
124.183 0.226
124.373 0.188
124.574 0.200
124.757 0.182
124.937 0.180
125.099 0.160
125.275 0.175
125.487 0.210
125.693 0.204
125.982 0.291
126.271 0.288
126.514 0.242
126.784 0.269
127.117 0.331
127.414 0.295
127.725 0.312
127.999 0.272
128.293 0.294
128.518 0.222
128.700 0.181
128.897 0.196
129.103 0.204
129.368 0.265
129.474 0.106
129.677 0.200
129.875 0.199
130.154 0.277
130.400 0.246
130.619 0.216
130.930 0.312
131.218 0.286
131.350 0.133
131.612 0.260
131.895 0.282
132.203 0.307
132.488 0.283
132.697 0.204
132.980 0.282
133.270 0.291
133.537 0.267
133.803 0.264
134.022 0.218
134.261 0.239
134.533 0.269
134.843 0.308
135.123 0.281
135.466 0.341
135.819 0.350
136.226 0.407
136.434 0.207
136.534 0.098
136.569 0.035
136.602 0.032
136.782 0.155
136.979 0.196
137.142 0.163
137.320 0.174
137.496 0.177
137.675 0.178
137.849 0.174
138.028 0.177
138.215 0.184
138.445 0.231
138.595 0.150
138.782 0.184
139.002 0.220
139.178 0.174
139.353 0.175
139.445 0.091
139.634 0.179
139.817 0.183
140.020 0.198
140.206 0.188
140.377 0.169
140.555 0.178
140.738 0.182
140.894 0.156
141.081 0.186
141.170 0.088
141.309 0.126
141.523 0.213
141.709 0.186
141.930 0.220
142.110 0.179
142.270 0.160
142.442 0.169
142.538 0.096
142.631 0.092
142.804 0.172
143.025 0.219
143.215 0.190
143.396 0.179
143.576 0.178
143.759 0.185
143.930 0.170
144.111 0.180
144.265 0.153
144.357 0.092
144.545 0.186
144.791 0.241
144.957 0.167
145.155 0.197
145.343 0.182
145.509 0.171
145.682 0.172
146.007 0.323
146.388 0.379
146.717 0.328
146.962 0.244
147.266 0.302
147.643 0.377
147.941 0.295
148.255 0.313
148.584 0.326
148.987 0.392
149.275 0.297
149.390 0.113
149.507 0.116
149.635 0.128
149.769 0.133
149.955 0.182
150.150 0.196
150.487 0.336
150.773 0.283
151.148 0.375
151.437 0.289
151.723 0.285
151.903 0.176
152.106 0.204
152.275 0.168
152.381 0.105
152.507 0.125
152.618 0.111
152.727 0.109
152.868 0.139
152.974 0.103
153.078 0.104
153.322 0.243
153.559 0.234
153.842 0.285
154.127 0.283
157.104 0.458
157.256 0.151
157.336 0.077
157.402 0.068
157.488 0.083
157.641 0.136
157.804 0.163
157.941 0.136
158.061 0.119
158.199 0.135
158.334 0.135
160.105 0.268
160.227 0.121
160.354 0.125
160.719 0.362
174.318 0.292
174.461 0.143
174.557 0.095
174.664 0.102
174.750 0.085
174.870 0.107
174.977 0.104
175.075 0.098
175.175 0.101
175.276 0.100
175.403 0.124
175.536 0.133
175.670 0.133
175.790 0.120
175.875 0.085
175.971 0.095
176.155 0.182
176.397 0.242
176.734 0.335
176.995 0.259
177.253 0.257
177.481 0.227
177.898 0.416
178.224 0.325
178.514 0.288
178.716 0.200
179.016 0.297
179.298 0.279
179.506 0.211
179.769 0.262
180.107 0.336
180.374 0.266
180.662 0.288
180.953 0.290
181.224 0.269
181.475 0.249
181.707 0.231
181.943 0.235
182.268 0.324
182.587 0.318
182.841 0.253
183.010 0.168
183.171 0.159
183.408 0.236
183.615 0.207
183.797 0.180
183.979 0.182
184.182 0.202
184.348 0.162
184.508 0.161
184.688 0.179
184.855 0.165
185.031 0.173
185.212 0.182
185.372 0.159
185.576 0.202
185.792 0.213
185.956 0.165
186.198 0.239
186.388 0.191
186.560 0.171
186.831 0.270
187.018 0.181
187.195 0.179
187.435 0.241
187.665 0.228
187.879 0.213
188.174 0.294
188.446 0.271
188.600 0.153
188.877 0.277
189.136 0.255
189.315 0.178
189.410 0.097
189.675 0.262
189.967 0.291
190.238 0.270
190.585 0.345
190.842 0.257
191.106 0.263
191.412 0.304
191.681 0.268
191.907 0.225
192.178 0.269
192.428 0.250
192.798 0.370
193.076 0.275
193.360 0.286
193.675 0.312
194.054 0.378
194.418 0.364
194.666 0.246
194.935 0.268
195.193 0.257
195.435 0.241
195.629 0.194
195.933 0.303
196.204 0.269
196.425 0.219
196.930 0.504
197.307 0.374
197.756 0.449
198.075 0.319
198.385 0.308
198.549 0.163
198.709 0.159
198.983 0.273
199.327 0.343
199.670 0.335
199.918 0.253
200.217 0.297
200.519 0.302
200.801 0.280
201.177 0.375
201.528 0.349
201.809 0.281
202.007 0.195
202.169 0.162
202.373 0.204
202.522 0.145
202.633 0.113
202.832 0.197
203.096 0.261
203.323 0.229
203.570 0.246
203.744 0.174
203.933 0.186
204.117 0.178
204.191 0.079
204.385 0.173
204.582 0.196
204.744 0.162
204.966 0.220
205.155 0.188
205.474 0.318
205.661 0.186
205.835 0.174
205.998 0.161
206.170 0.170
206.489 0.319
206.670 0.180
206.838 0.167
207.079 0.239
207.349 0.264
207.510 0.165
207.697 0.183
207.880 0.185
208.059 0.173
208.275 0.219
208.525 0.250
208.750 0.223
208.938 0.187
209.115 0.176
209.291 0.174
209.505 0.209
209.699 0.197
209.895 0.194
210.078 0.183
210.149 0.069
210.412 0.231
210.625 0.212
210.901 0.275
210.990 0.088
211.082 0.088
211.163 0.083
211.326 0.162
211.408 0.082
211.534 0.107
211.628 0.093
211.763 0.134
211.895 0.131
212.023 0.127
212.145 0.120
212.257 0.113
212.395 0.137
212.523 0.127
212.674 0.148
212.766 0.092
212.864 0.090
212.955 0.081
213.080 0.106
213.254 0.172
213.467 0.213
213.740 0.271
214.018 0.277
214.164 0.143
214.236 0.074
214.352 0.090
214.472 0.108
214.556 0.083
214.676 0.113
214.875 0.196
215.023 0.148
215.160 0.136
215.297 0.123
215.328 0.042
215.474 0.089
215.577 0.092
215.707 0.120
215.799 0.093
215.890 0.090
215.978 0.087
216.090 0.105
216.194 0.104
216.283 0.089
216.395 0.110
216.495 0.099
224.167 0.378
224.389 0.219
224.594 0.206
224.802 0.207
225.058 0.255
225.375 0.315
225.633 0.258
225.894 0.260
226.014 0.119
226.144 0.115
226.317 0.186
226.597 0.278
226.859 0.261
227.123 0.263
227.474 0.349
227.735 0.259
227.935 0.200
228.152 0.217
228.427 0.273
228.624 0.196
228.780 0.155
229.003 0.221
229.181 0.178
229.398 0.217
229.598 0.198
229.791 0.191
229.979 0.187
230.215 0.236
230.439 0.221
230.647 0.208
230.846 0.197
231.037 0.190
231.217 0.179
231.419 0.201
231.643 0.221
231.841 0.199
232.047 0.204
232.287 0.237
232.511 0.224
232.689 0.178
232.786 0.096
233.000 0.214
233.226 0.221
233.409 0.184
233.648 0.238
233.922 0.273
234.108 0.186
234.306 0.196
234.574 0.267
234.781 0.206
234.982 0.200
235.152 0.170
235.336 0.181
235.514 0.178
235.776 0.261
235.860 0.084
235.899 0.036
236.129 0.228
236.314 0.186
236.544 0.229
236.753 0.207
236.936 0.180
237.099 0.165
237.260 0.158
237.430 0.171
237.588 0.156
237.776 0.185
237.997 0.221
238.169 0.172
238.391 0.221
238.592 0.200
238.794 0.200
239.011 0.216
239.211 0.198
239.416 0.205
239.611 0.193
239.802 0.189
240.035 0.233
240.284 0.247
240.479 0.195
240.646 0.165
240.826 0.178
241.057 0.229
241.242 0.187
241.463 0.221
241.665 0.200
241.853 0.187
242.017 0.163
242.188 0.169
242.384 0.195
242.587 0.202
242.762 0.173
243.010 0.248
243.202 0.191
243.401 0.199
243.597 0.195
243.771 0.172
243.964 0.191
244.149 0.185
244.337 0.187
244.574 0.235
244.807 0.229
245.015 0.208
245.235 0.219
245.432 0.196
245.658 0.225
245.865 0.206
246.062 0.196
246.357 0.294
246.767 0.407
247.121 0.354
247.402 0.281
247.734 0.330
248.030 0.296
248.268 0.234
248.570 0.303
248.862 0.289
249.129 0.268
249.365 0.235
249.606 0.236
249.890 0.288
250.177 0.286
250.540 0.362
250.951 0.409
251.302 0.351
251.591 0.286
251.924 0.331
252.224 0.300
252.497 0.272
252.658 0.159
252.965 0.306
253.276 0.310
253.522 0.244
253.737 0.215
254.027 0.289
254.393 0.365
254.761 0.363
255.053 0.293
255.328 0.275
255.610 0.281
255.903 0.291
256.191 0.287
256.425 0.233
256.745 0.320
257.034 0.287
257.279 0.244
257.537 0.257
257.818 0.280
258.102 0.282
258.246 0.143
258.541 0.294
258.805 0.264
259.005 0.199
259.287 0.279
259.664 0.376
259.949 0.285
260.144 0.194
260.326 0.179
260.559 0.233
260.758 0.198
260.976 0.217
261.215 0.238
261.548 0.330
261.920 0.372
262.129 0.208
262.425 0.295
262.698 0.271
263.004 0.306
263.278 0.273
263.517 0.238
263.612 0.095
263.847 0.228
264.108 0.260
264.390 0.280
264.692 0.301
264.989 0.295
265.286 0.293
265.589 0.305
265.838 0.249
266.118 0.276
266.330 0.211
266.596 0.264
266.884 0.286
267.048 0.166
267.322 0.270
267.577 0.255
267.832 0.255
268.062 0.230
268.346 0.281
268.651 0.305
268.951 0.300
269.247 0.294
269.485 0.237
269.777 0.291
270.168 0.389
270.518 0.348
270.907 0.390
