0.000 0.168 0.168 1.842 -0.168 -0.168 1.666
0.229 0.207 0.207 1.890 -0.207 -0.207 1.713
0.449 0.242 0.242 1.893 -0.242 -0.242 1.715
0.689 0.281 0.281 1.893 -0.281 -0.282 1.714
0.889 0.316 0.316 1.891 -0.316 -0.316 1.711
1.089 0.353 0.353 1.893 -0.353 -0.353 1.712
1.290 0.392 0.393 1.895 -0.393 -0.392 1.713
1.499 0.438 0.438 1.890 -0.438 -0.438 1.708
1.750 0.498 0.497 1.886 -0.498 -0.498 1.703
2.000 0.562 0.561 1.888 -0.561 -0.562 1.704
2.250 0.635 0.635 1.885 -0.635 -0.635 1.701
2.470 0.710 0.709 1.885 -0.710 -0.710 1.701
2.711 0.792 0.791 1.884 -0.792 -0.792 1.700
2.940 0.885 0.885 1.884 -0.885 -0.885 1.700
3.160 0.974 0.974 1.882 -0.974 -0.974 1.698
3.410 1.089 1.088 1.883 -1.089 -1.089 1.698
3.691 1.234 1.234 1.882 -1.234 -1.234 1.697
3.931 1.360 1.359 1.882 -1.360 -1.360 1.697
4.150 1.489 1.488 1.883 -1.488 -1.489 1.697
4.379 1.639 1.638 1.881 -1.638 -1.639 1.695
4.600 1.779 1.778 1.882 -1.778 -1.779 1.697
4.830 1.942 1.941 1.882 -1.941 -1.942 1.697
5.080 2.130 2.129 1.885 -2.130 -2.131 1.699
5.300 2.306 2.305 1.887 -2.306 -2.307 1.701
5.540 2.509 2.507 1.885 -2.509 -2.510 1.700
5.760 2.706 2.704 1.884 -2.705 -2.706 1.699
5.980 2.922 2.920 1.884 -2.921 -2.923 1.699
6.230 3.160 3.156 1.883 -3.158 -3.160 1.698
6.450 3.389 3.384 1.882 -3.386 -3.389 1.696
6.680 3.649 3.645 1.883 -3.649 -3.650 1.698
6.900 3.888 3.886 1.885 -3.888 -3.888 1.699
7.131 4.160 4.159 1.884 -4.163 -4.160 1.699
7.360 4.447 4.444 1.885 -4.446 -4.446 1.700
7.580 4.732 4.729 1.886 -4.729 -4.730 1.700
7.800 5.026 5.024 1.888 -5.026 -5.027 1.702
8.040 5.366 5.360 1.881 -5.358 -5.364 1.696
8.260 5.686 5.681 1.883 -5.679 -5.683 1.698
8.470 6.004 5.998 1.883 -5.993 -6.000 1.698
8.700 6.363 6.358 1.883 -6.351 -6.359 1.697
8.910 6.704 6.696 1.883 -6.689 -6.700 1.698
9.120 7.057 7.049 1.881 -7.039 -7.052 1.696
9.340 7.438 7.428 1.880 -7.418 -7.431 1.695
9.590 7.904 7.894 1.882 -7.882 -7.894 1.696
9.840 8.351 8.341 1.882 -8.326 -8.339 1.696
10.050 8.754 8.743 1.883 -8.727 -8.742 1.697
10.281 9.208 9.196 1.884 -9.183 -9.197 1.699
10.530 9.737 9.727 1.884 -9.711 -9.728 1.699
10.740 10.155 10.148 1.884 -10.130 -10.150 1.699
10.990 10.697 10.688 1.882 -10.670 -10.694 1.696
11.210 11.188 11.180 1.883 -11.162 -11.186 1.697
11.470 11.788 11.779 1.884 -11.761 -11.786 1.698
11.710 12.358 12.349 1.883 -12.331 -12.356 1.697
11.960 12.970 12.961 1.883 -12.942 -12.967 1.697
12.182 13.524 13.514 1.884 -13.495 -13.518 1.698
12.400 14.117 14.109 1.884 -14.089 -14.110 1.698
12.660 14.781 14.772 1.884 -14.750 -14.769 1.699
12.900 15.436 15.424 1.883 -15.404 -15.411 1.697
13.143 16.105 16.090 1.885 -16.078 -16.086 1.700
13.351 16.706 16.685 1.886 -16.681 -16.686 1.700
13.570 17.344 17.312 1.885 -17.329 -17.327 1.699
13.792 17.958 17.972 1.879 -18.008 -17.985 1.693
14.020 18.578 18.691 1.880 -18.554 -18.725 1.694
14.260 19.084 19.410 1.878 -19.098 -19.433 1.692
14.490 19.764 20.148 1.873 -19.781 -20.125 1.686
14.740 19.655 20.804 1.884 -20.378 -21.004 1.694
14.981 19.932 21.599 1.881 -20.517 -21.765 1.694
15.190 20.397 22.302 1.882 -21.064 -22.492 1.696
15.460 21.152 23.239 1.880 -21.782 -23.441 1.694
15.682 21.596 24.024 1.883 -22.286 -24.222 1.696
15.941 21.716 24.929 1.890 -22.595 -25.041 1.701
16.170 21.622 25.370 1.897 -22.840 -25.720 1.707
16.410 22.114 26.364 1.886 -22.323 -26.194 1.697
16.640 22.050 27.213 1.880 -21.634 -27.049 1.688
16.871 21.180 27.979 1.884 -21.353 -27.547 1.693
17.100 21.264 28.602 1.887 -21.721 -27.873 1.700
17.330 21.718 29.099 1.889 -22.232 -28.331 1.699
17.540 20.865 29.603 1.887 -21.809 -29.008 1.692
17.770 19.337 30.440 1.884 -20.387 -29.887 1.689
18.000 18.542 31.385 1.878 -19.654 -30.791 1.689
18.230 18.749 32.338 1.879 -19.638 -31.783 1.693
18.470 19.170 33.304 1.882 -19.964 -32.731 1.696
18.680 19.419 34.175 1.880 -20.320 -33.615 1.693
18.900 19.645 35.117 1.879 -20.574 -34.539 1.692
19.140 20.000 36.150 1.878 -20.918 -35.588 1.692
19.381 20.596 37.118 1.887 -21.340 -36.735 1.701
19.610 21.045 38.132 1.882 -21.890 -37.581 1.696
19.830 21.552 39.109 1.883 -22.403 -38.558 1.698
20.050 22.037 40.139 1.881 -22.958 -39.549 1.695
20.261 22.541 41.123 1.879 -23.496 -40.513 1.694
20.470 23.070 42.072 1.881 -24.060 -41.509 1.696
20.700 23.670 43.161 1.881 -24.682 -42.562 1.695
20.930 24.286 44.241 1.884 -25.324 -43.678 1.698
21.170 24.938 45.447 1.880 -26.020 -44.798 1.695
21.420 25.667 46.722 1.879 -26.787 -46.018 1.693
21.651 26.295 47.783 1.881 -27.461 -47.132 1.696
21.870 26.961 48.965 1.882 -28.166 -48.302 1.697
22.090 27.580 50.048 1.882 -28.805 -49.383 1.697
22.300 28.349 50.794 1.870 -29.252 -50.675 1.685
22.510 29.360 50.863 1.846 -29.267 -52.347 1.659
22.760 30.507 48.516 1.807 -28.131 -54.114 1.608
22.990 31.274 42.947 1.751 -25.721 -54.788 1.539
23.211 31.407 40.583 1.689 -24.797 -54.362 1.483
23.440 -0.626 0.124 1.444 -0.871 -0.115 1.296
23.670 -0.428 0.382 1.521 -1.137 -0.303 1.336
23.890 -0.625 0.091 1.366 -0.864 -0.147 1.191
24.091 -0.545 0.172 1.397 -0.956 -0.238 1.211
24.309 -0.661 -0.013 1.064 -0.759 -0.111 0.965
24.551 -0.674 -0.051 0.953 -0.741 -0.119 0.884
24.760 -0.666 -0.047 0.874 -0.731 -0.111 0.808
24.960 -0.655 -0.017 0.810 -0.720 -0.082 0.744
25.190 -0.638 0.025 0.744 -0.706 -0.043 0.674
25.400 -0.634 0.040 0.676 -0.694 -0.020 0.613
25.621 -0.628 0.052 0.610 -0.682 -0.003 0.554
25.851 -0.595 0.083 0.579 -0.663 0.015 0.507
26.060 -0.563 0.105 0.548 -0.615 0.052 0.494
26.320 -0.491 0.160 0.551 -0.564 0.087 0.474
26.540 -0.453 0.190 0.553 -0.521 0.122 0.482
26.770 -0.430 0.206 0.529 -0.479 0.157 0.478
27.010 -0.395 0.243 0.510 -0.468 0.170 0.434
27.210 -0.382 0.262 0.462 -0.448 0.196 0.394
27.440 -0.365 0.286 0.437 -0.437 0.215 0.364
27.660 -0.352 0.309 0.423 -0.425 0.236 0.348
27.901 -0.343 0.325 0.411 -0.407 0.262 0.346
28.111 -0.331 0.351 0.400 -0.399 0.283 0.329
28.320 -0.328 0.361 0.388 -0.386 0.303 0.329
28.520 -0.323 0.371 0.393 -0.376 0.318 0.338
28.741 -0.311 0.391 0.409 -0.371 0.330 0.347
28.960 -0.305 0.397 0.425 -0.362 0.340 0.367
29.180 -0.288 0.419 0.458 -0.364 0.343 0.378
29.401 -0.274 0.437 0.492 -0.364 0.347 0.399
29.641 -0.281 0.432 0.477 -0.344 0.370 0.412
29.883 -0.277 0.440 0.496 -0.338 0.378 0.433
30.099 -0.264 0.457 0.534 -0.345 0.375 0.450
30.299 -0.268 0.454 0.552 -0.336 0.386 0.482
30.509 -0.256 0.463 0.593 -0.339 0.380 0.507
30.709 -0.248 0.457 0.597 -0.325 0.380 0.517
30.909 -0.236 0.450 0.552 -0.317 0.369 0.468
31.109 -0.237 0.432 0.461 -0.302 0.366 0.394
31.309 -0.226 0.415 0.376 -0.295 0.347 0.306
31.509 -0.221 0.386 0.275 -0.280 0.327 0.215
31.720 -0.199 0.364 0.199 -0.280 0.283 0.115
31.919 -0.191 0.331 0.113 -0.268 0.254 0.033
32.119 -0.170 0.285 0.045 -0.255 0.200 -0.042
32.319 -0.161 0.234 -0.024 -0.229 0.165 -0.093
32.519 -0.154 0.219 -0.050 -0.226 0.147 -0.126
32.719 -0.148 0.186 -0.071 -0.208 0.126 -0.133
32.919 -0.116 0.183 -0.039 -0.212 0.088 -0.139
33.119 -0.022 0.231 0.148 -0.276 -0.024 -0.033
33.319 -0.109 0.169 -0.014 -0.172 0.106 -0.080
33.519 -0.098 0.177 0.015 -0.172 0.103 -0.063
33.719 -0.104 0.170 0.017 -0.160 0.114 -0.040
33.919 -0.081 0.179 0.028 -0.163 0.097 -0.057
34.119 -0.077 0.172 0.019 -0.152 0.097 -0.059
34.319 -0.085 0.153 0.002 -0.130 0.108 -0.045
34.519 -0.034 0.192 0.080 -0.168 0.058 -0.056
34.719 -0.064 0.151 0.024 -0.124 0.092 -0.039
34.919 -0.062 0.142 0.021 -0.112 0.092 -0.032
35.119 -0.059 0.137 0.014 -0.105 0.092 -0.033
35.319 -0.057 0.134 0.005 -0.099 0.092 -0.038
35.519 -0.041 0.145 0.015 -0.108 0.078 -0.056
35.719 -0.044 0.139 -0.001 -0.100 0.083 -0.060
35.919 -0.037 0.144 0.001 -0.104 0.077 -0.069
36.119 -0.033 0.143 0.002 -0.101 0.074 -0.070
36.319 -0.033 0.137 0.002 -0.095 0.075 -0.062
36.519 -0.021 0.143 0.023 -0.100 0.064 -0.060
36.719 -0.015 0.142 0.038 -0.099 0.058 -0.050
36.919 -0.017 0.134 0.040 -0.091 0.060 -0.036
37.119 -0.019 0.124 0.038 -0.081 0.062 -0.026
37.319 -0.005 0.133 0.054 -0.090 0.048 -0.034
37.519 -0.004 0.128 0.042 -0.085 0.048 -0.042
37.719 -0.009 0.118 0.015 -0.074 0.054 -0.050
37.919 -0.007 0.116 -0.002 -0.070 0.052 -0.066
38.119 0.004 0.122 -0.005 -0.076 0.042 -0.089
38.319 -0.002 0.112 -0.026 -0.064 0.049 -0.090
38.519 0.007 0.116 -0.018 -0.068 0.041 -0.096
38.719 0.004 0.105 -0.021 -0.057 0.044 -0.084
38.919 0.017 0.112 0.003 -0.062 0.032 -0.079
39.119 0.016 0.099 0.011 -0.051 0.032 -0.059
39.319 0.025 0.102 0.038 -0.053 0.025 -0.042
39.519 0.020 0.091 0.045 -0.041 0.030 -0.017
39.719 0.031 0.095 0.068 -0.043 0.021 -0.009
39.919 0.026 0.084 0.061 -0.030 0.028 0.004
40.119 0.028 0.083 0.053 -0.028 0.027 -0.004
40.319 0.036 0.094 0.045 -0.036 0.021 -0.031
40.519 0.033 0.096 0.009 -0.033 0.030 -0.059
40.719 0.035 0.104 -0.013 -0.041 0.029 -0.091
40.919 0.023 0.098 -0.048 -0.033 0.042 -0.105
41.119 0.034 0.112 -0.041 -0.047 0.031 -0.126
41.319 0.018 0.098 -0.063 -0.037 0.043 -0.119
41.519 0.015 0.090 -0.060 -0.035 0.040 -0.112
41.719 0.017 0.088 -0.046 -0.038 0.032 -0.103
41.919 -0.058 0.030 0.197 -0.127 -0.038 0.126
42.119 -0.044 0.107 0.255 -0.210 -0.062 0.100
42.319 0.024 0.098 0.027 -0.045 0.030 -0.043
42.519 0.020 0.091 0.041 -0.038 0.033 -0.018
42.719 0.027 0.097 0.069 -0.040 0.030 -0.000
42.919 0.024 0.087 0.047 -0.030 0.032 -0.009
43.119 0.038 0.108 0.005 -0.028 0.042 -0.064
43.319 0.037 0.116 -0.090 -0.007 0.072 -0.135
43.519 0.051 0.147 -0.165 -0.010 0.087 -0.228
43.719 0.066 0.185 -0.240 -0.000 0.119 -0.310
43.919 0.066 0.193 -0.299 0.005 0.132 -0.363
44.119 0.073 0.195 -0.326 0.017 0.139 -0.385
44.319 0.072 0.189 -0.330 0.020 0.137 -0.384
44.520 0.076 0.185 -0.313 0.009 0.118 -0.383
44.719 0.076 0.183 -0.304 0.026 0.133 -0.356
44.919 0.104 0.209 -0.246 -0.003 0.102 -0.358
45.119 0.098 0.208 -0.245 0.029 0.139 -0.318
45.319 0.105 0.211 -0.203 0.019 0.125 -0.294
45.519 0.092 0.199 -0.186 0.030 0.138 -0.251
45.719 0.106 0.214 -0.140 0.027 0.135 -0.224
45.919 0.109 0.219 -0.102 0.030 0.140 -0.187
46.119 0.104 0.214 -0.065 0.026 0.136 -0.148
46.320 0.088 0.205 -0.051 0.045 0.162 -0.096
46.519 0.093 0.211 0.000 0.024 0.142 -0.072
46.719 0.096 0.208 0.021 0.039 0.152 -0.038
46.919 0.107 0.216 0.050 0.035 0.144 -0.026
47.119 0.107 0.203 0.045 0.048 0.144 -0.017
47.319 0.116 0.209 0.036 0.050 0.143 -0.034
47.519 0.110 0.206 -0.009 0.062 0.159 -0.059
47.719 0.117 0.235 -0.026 0.039 0.157 -0.108
47.919 0.119 0.257 -0.046 0.019 0.157 -0.151
48.119 0.144 0.302 0.018 -0.033 0.126 -0.143
48.319 0.086 0.261 -0.142 0.010 0.186 -0.221
48.519 0.071 0.258 -0.165 0.009 0.196 -0.229
48.719 0.066 0.261 -0.162 -0.005 0.190 -0.235
48.920 0.062 0.260 -0.144 -0.014 0.185 -0.223
49.119 0.039 0.236 -0.131 -0.011 0.186 -0.182
49.319 0.042 0.244 -0.088 -0.027 0.174 -0.161
49.519 0.046 0.255 -0.047 -0.032 0.176 -0.129
49.719 0.035 0.248 -0.027 -0.019 0.193 -0.082
49.919 0.035 0.251 0.009 -0.026 0.190 -0.054
50.119 0.079 0.300 0.113 -0.079 0.141 -0.038
50.319 0.039 0.258 0.076 -0.037 0.182 -0.003
50.519 0.039 0.261 0.092 -0.038 0.185 0.012
50.719 0.037 0.261 0.099 -0.033 0.191 0.026
50.919 0.048 0.269 0.108 -0.035 0.186 0.021
51.119 0.060 0.283 0.110 -0.043 0.181 0.002
51.319 0.031 0.267 0.026 -0.026 0.210 -0.033
51.519 0.033 0.282 -0.011 -0.043 0.205 -0.091
51.719 0.017 0.283 -0.082 -0.046 0.220 -0.146
51.919 0.007 0.289 -0.132 -0.058 0.224 -0.199
52.119 0.001 0.291 -0.165 -0.061 0.229 -0.229
52.319 0.003 0.297 -0.173 -0.073 0.220 -0.253
52.519 -0.010 0.279 -0.183 -0.066 0.223 -0.241
52.719 -0.005 0.276 -0.155 -0.078 0.203 -0.232
52.919 -0.013 0.264 -0.138 -0.072 0.206 -0.199
53.119 -0.004 0.275 -0.110 -0.064 0.216 -0.174
53.319 -0.010 0.266 -0.083 -0.059 0.217 -0.135
53.519 -0.010 0.262 -0.048 -0.058 0.213 -0.098
53.719 -0.000 0.268 -0.003 -0.061 0.208 -0.067
53.919 0.009 0.271 0.046 -0.072 0.190 -0.038
54.119 0.001 0.254 0.065 -0.060 0.193 0.002
54.319 0.007 0.255 0.095 -0.055 0.192 0.031
54.519 0.022 0.260 0.129 -0.057 0.180 0.046
54.719 0.011 0.252 0.111 -0.046 0.194 0.053
54.919 -0.099 0.402 0.172 -0.174 0.327 0.095
55.119 -0.036 0.247 0.033 -0.089 0.194 -0.021
55.319 -0.062 0.258 -0.012 -0.132 0.188 -0.084
55.519 -0.121 0.271 -0.033 -0.222 0.171 -0.132
55.719 -0.088 0.277 0.158 -0.245 0.121 0.011
55.919 -0.136 0.367 0.078 -0.362 0.142 -0.098
56.119 -0.077 0.479 0.119 -0.440 0.122 -0.065
56.319 -0.017 0.593 0.091 -0.518 0.105 -0.093
56.519 -0.438 0.340 -0.109 -0.626 0.154 -0.271
56.719 -0.424 0.443 -0.001 -0.750 0.122 -0.184
56.919 -0.415 0.545 0.016 -0.877 0.095 -0.168
57.119 -0.810 0.223 -0.332 -0.866 0.167 -0.389
57.319 -0.910 0.211 -0.326 -0.963 0.158 -0.380
57.519 -0.924 0.301 -0.086 -1.152 0.076 -0.262
57.719 -0.957 0.376 0.123 -1.324 0.018 -0.061
57.919 -0.998 0.458 0.106 -1.506 -0.034 -0.078
58.119 -1.040 0.552 0.098 -1.698 -0.084 -0.087
58.319 -1.080 0.658 0.107 -1.901 -0.131 -0.078
58.519 -1.123 0.772 0.114 -2.118 -0.186 -0.071
58.719 -1.170 0.881 0.121 -2.333 -0.261 -0.066
58.919 -1.242 0.985 0.074 -2.540 -0.352 -0.116
59.119 -1.232 1.106 0.066 -2.628 -0.434 -0.126
59.319 -1.167 1.233 0.078 -2.640 -0.519 -0.114
59.519 -1.099 1.348 0.089 -2.641 -0.624 -0.103
59.719 -1.027 1.447 0.101 -2.639 -0.753 -0.090
59.919 -0.960 1.531 0.114 -2.648 -0.903 -0.077
60.119 -0.890 1.599 0.132 -2.670 -1.072 -0.058
60.319 -0.813 1.655 0.159 -2.705 -1.257 -0.030
60.519 -1.466 0.120 0.027 -1.532 0.054 -0.041
60.719 -1.474 0.118 0.057 -1.535 0.057 -0.005
60.930 -1.470 0.127 0.103 -1.550 0.047 0.020
61.130 -1.485 0.117 0.123 -1.544 0.059 0.063
61.340 -1.488 0.118 0.160 -1.547 0.059 0.099
61.550 -1.484 0.124 0.206 -1.556 0.053 0.132
61.760 -1.475 0.120 0.239 -1.540 0.055 0.171
62.030 -1.403 0.111 0.276 -1.462 0.053 0.216
62.260 -1.318 0.113 0.312 -1.388 0.043 0.241
62.481 -1.207 0.126 0.361 -1.309 0.024 0.255
62.730 -1.112 0.107 0.346 -1.176 0.043 0.281
62.970 -1.035 0.106 0.358 -1.095 0.046 0.297
63.200 -0.962 0.105 0.370 -1.021 0.047 0.310
63.450 -0.871 0.116 0.391 -0.945 0.042 0.314
63.661 -0.823 0.112 0.376 -0.894 0.042 0.304
63.920 -0.765 0.133 0.378 -0.865 0.034 0.281
64.130 -0.752 0.133 0.323 -0.834 0.051 0.239
64.340 -0.712 0.158 0.292 -0.776 0.094 0.227
64.560 -0.657 0.191 0.293 -0.721 0.127 0.228
64.760 -0.616 0.218 0.303 -0.676 0.158 0.242
64.980 -0.584 0.240 0.308 -0.641 0.183 0.251
65.192 -0.552 0.263 0.308 -0.613 0.203 0.246
65.412 -0.493 0.283 0.314 -0.548 0.229 0.258
65.641 -0.426 0.308 0.335 -0.484 0.250 0.276
65.850 -0.380 0.332 0.362 -0.449 0.263 0.291
66.101 -0.343 0.346 0.385 -0.404 0.285 0.323
66.341 -0.306 0.364 0.422 -0.378 0.291 0.347
66.570 -0.288 0.370 0.434 -0.349 0.310 0.371
66.791 -0.263 0.381 0.459 -0.328 0.317 0.393
67.010 -0.237 0.399 0.497 -0.315 0.322 0.416
67.240 -0.219 0.411 0.510 -0.303 0.328 0.423
67.441 -0.218 0.414 0.505 -0.288 0.344 0.433
67.659 -0.210 0.421 0.522 -0.274 0.358 0.456
67.859 -0.197 0.433 0.551 -0.269 0.360 0.477
68.059 -0.190 0.439 0.585 -0.271 0.359 0.501
68.260 -0.212 0.427 0.574 -0.275 0.363 0.509
68.459 -0.226 0.427 0.525 -0.288 0.365 0.462
68.659 -0.245 0.428 0.450 -0.304 0.368 0.389
68.859 -0.260 0.431 0.378 -0.328 0.363 0.307
69.069 -0.298 0.418 0.283 -0.357 0.359 0.221
69.269 -0.327 0.412 0.223 -0.404 0.335 0.142
69.469 -0.381 0.376 0.141 -0.440 0.317 0.080
69.669 -0.422 0.356 0.110 -0.504 0.274 0.024
69.869 -0.485 0.306 0.050 -0.544 0.248 -0.010
70.069 -0.534 0.265 0.034 -0.588 0.212 -0.021
70.269 -0.562 0.244 0.049 -0.636 0.170 -0.028
70.469 -0.599 0.222 0.064 -0.674 0.147 -0.014
70.669 -0.698 0.199 0.138 -0.778 0.119 0.057
70.869 -0.704 0.191 0.174 -0.799 0.096 0.078
71.069 -0.687 0.198 0.270 -0.847 0.039 0.121
71.270 -0.784 0.148 0.248 -0.860 0.072 0.170
71.469 -0.817 0.162 0.358 -0.926 0.052 0.249
71.669 -0.829 0.163 0.342 -0.945 0.046 0.232
71.869 -0.839 0.138 0.243 -0.912 0.065 0.169
72.069 -0.834 0.129 0.192 -0.905 0.059 0.120
72.269 -0.819 0.127 0.143 -0.900 0.047 0.062
72.469 -0.809 0.119 0.070 -0.885 0.044 -0.007
72.669 -0.794 0.119 -0.002 -0.874 0.039 -0.084
72.869 -0.786 0.117 -0.069 -0.862 0.041 -0.146
73.070 -0.711 0.189 0.017 -0.930 -0.027 -0.156
73.269 -0.637 0.258 0.022 -0.995 -0.091 -0.161
73.529 -0.536 0.347 -0.012 -1.077 -0.173 -0.196
73.740 -0.445 0.423 -0.039 -1.147 -0.243 -0.223
73.969 -0.333 0.511 -0.057 -1.227 -0.329 -0.241
74.180 -0.219 0.595 -0.072 -1.303 -0.416 -0.256
74.400 -0.565 0.139 -0.265 -0.636 0.068 -0.336
74.610 -0.587 0.123 -0.270 -0.656 0.055 -0.341
74.840 -0.572 0.106 -0.270 -0.643 0.035 -0.343
75.100 -0.533 0.053 -0.284 -0.596 -0.009 -0.348
75.311 -0.499 0.027 -0.280 -0.566 -0.040 -0.349
75.540 -0.450 0.033 -0.278 -0.522 -0.038 -0.351
75.761 -0.453 0.023 -0.285 -0.522 -0.046 -0.355
75.970 -0.486 0.003 -0.292 -0.541 -0.052 -0.348
76.210 -0.488 0.013 -0.278 -0.561 -0.060 -0.354
76.431 -0.491 0.011 -0.264 -0.569 -0.067 -0.346
76.670 -0.510 -0.009 -0.267 -0.561 -0.060 -0.319
76.880 -0.512 -0.016 -0.250 -0.561 -0.065 -0.300
77.101 -0.502 -0.007 -0.221 -0.566 -0.072 -0.287
77.341 -0.502 -0.014 -0.196 -0.566 -0.078 -0.262
77.550 -0.502 -0.019 -0.172 -0.564 -0.081 -0.236
77.770 -0.496 -0.021 -0.144 -0.562 -0.086 -0.211
78.000 -0.487 -0.017 -0.102 -0.568 -0.098 -0.186
78.241 -0.489 -0.029 -0.079 -0.553 -0.093 -0.145
78.490 -0.479 -0.027 -0.034 -0.554 -0.101 -0.111
78.720 -0.479 -0.035 -0.008 -0.543 -0.098 -0.073
78.929 -0.473 -0.036 0.026 -0.536 -0.099 -0.038
79.129 -0.461 -0.031 0.070 -0.539 -0.109 -0.011
79.350 -0.460 -0.038 0.100 -0.529 -0.107 0.028
79.621 -0.454 -0.043 0.148 -0.521 -0.110 0.079
79.850 -0.448 -0.044 0.189 -0.518 -0.113 0.117
80.090 -0.447 -0.049 0.230 -0.509 -0.112 0.166
80.310 -0.443 -0.052 0.272 -0.504 -0.114 0.209
80.531 -0.438 -0.055 0.313 -0.499 -0.116 0.251
80.750 -0.433 -0.056 0.359 -0.497 -0.120 0.294
80.970 -0.426 -0.056 0.409 -0.496 -0.126 0.337
81.250 -0.425 -0.061 0.465 -0.488 -0.124 0.399
81.500 -0.420 -0.063 0.516 -0.485 -0.128 0.449
81.711 -0.416 -0.068 0.562 -0.480 -0.132 0.497
81.931 -0.408 -0.066 0.615 -0.482 -0.139 0.539
82.160 -0.410 -0.075 0.658 -0.472 -0.137 0.595
82.360 -0.410 -0.079 0.700 -0.467 -0.137 0.642
82.581 -0.408 -0.083 0.749 -0.464 -0.139 0.692
82.781 -0.395 -0.077 0.811 -0.470 -0.152 0.733
83.010 -0.399 -0.086 0.855 -0.461 -0.148 0.791
83.230 -0.394 -0.086 0.909 -0.461 -0.153 0.839
83.460 -0.391 -0.087 0.965 -0.458 -0.155 0.896
83.700 -0.394 -0.095 1.016 -0.448 -0.150 0.961
83.911 -0.384 -0.095 1.077 -0.448 -0.158 1.011
84.112 -0.381 -0.095 1.130 -0.448 -0.162 1.060
84.330 -0.380 -0.092 1.187 -0.450 -0.162 1.114
84.570 -0.378 -0.100 1.246 -0.432 -0.154 1.191
84.822 -0.320 -0.041 1.404 -0.491 -0.212 1.246
85.040 -0.243 0.033 1.552 -0.564 -0.288 1.367
85.270 -0.166 0.107 1.626 -0.636 -0.363 1.441
85.511 -0.082 0.191 1.686 -0.716 -0.443 1.501
85.740 0.004 0.280 1.747 -0.800 -0.525 1.562
85.960 0.094 0.373 1.804 -0.888 -0.609 1.618
86.180 0.195 0.481 1.853 -0.988 -0.702 1.668
86.420 -0.327 -0.041 1.695 -0.453 -0.167 1.567
86.650 -0.243 0.048 1.842 -0.533 -0.242 1.658
86.890 -0.330 -0.049 1.630 -0.423 -0.142 1.542
87.141 -0.330 -0.050 1.562 -0.414 -0.135 1.475
87.370 -0.306 -0.029 1.564 -0.432 -0.155 1.437
87.600 -0.219 0.058 1.715 -0.513 -0.237 1.531
87.810 -0.113 -0.061 1.468 -0.195 -0.143 1.388
88.051 -0.005 0.053 1.635 -0.242 -0.184 1.456
88.300 0.115 0.187 1.643 -0.288 -0.217 1.458
88.520 0.227 0.308 1.594 -0.324 -0.247 1.408
88.750 -0.386 -0.198 1.186 -0.443 -0.255 1.128
88.960 -0.397 -0.232 1.142 -0.457 -0.292 1.081
89.170 -0.411 -0.266 1.098 -0.477 -0.331 1.030
89.400 -0.430 -0.304 1.044 -0.501 -0.375 0.971
89.610 -0.412 -0.285 1.132 -0.582 -0.455 0.976
89.830 -0.483 -0.364 0.955 -0.580 -0.461 0.855
90.080 -0.469 -0.311 1.143 -0.738 -0.580 0.961
90.330 -0.461 -0.258 1.143 -0.900 -0.696 0.957
90.560 -0.457 -0.211 1.114 -1.045 -0.797 0.929
90.800 -0.454 -0.149 1.003 -1.224 -0.918 0.817
91.030 -0.437 -0.077 1.024 -1.381 -1.020 0.838
91.260 -0.421 -0.004 0.977 -1.574 -1.154 0.791
91.510 -0.401 0.077 0.923 -1.780 -1.300 0.737
91.730 -0.370 0.167 0.887 -1.985 -1.447 0.702
91.980 -0.327 0.267 0.854 -2.200 -1.616 0.668
92.179 -0.287 0.360 0.816 -2.396 -1.776 0.630
92.410 -0.302 0.482 0.688 -2.677 -1.938 0.502
92.630 -0.221 0.582 0.686 -2.886 -2.141 0.500
92.861 -0.160 0.706 0.627 -3.153 -2.353 0.442
93.070 -0.092 0.832 0.563 -3.418 -2.569 0.377
93.301 -0.012 0.967 0.488 -3.690 -2.796 0.302
93.511 -0.759 -0.492 0.075 -0.808 -0.541 0.023
93.741 -0.665 -0.379 0.244 -0.930 -0.645 0.063
93.991 -0.569 -0.277 0.238 -1.030 -0.740 0.052
94.220 -0.474 -0.177 0.161 -1.124 -0.831 -0.025
94.450 -0.369 -0.067 0.090 -1.221 -0.926 -0.096
94.673 -0.250 0.053 0.049 -1.309 -1.019 -0.137
94.930 -0.090 0.212 0.016 -1.407 -1.123 -0.171
95.150 0.052 0.353 -0.023 -1.496 -1.206 -0.210
95.360 0.219 0.523 -0.035 -1.575 -1.260 -0.222
95.590 0.409 0.726 -0.020 -1.646 -1.292 -0.207
95.800 -0.601 -0.184 -0.096 -0.680 -0.263 -0.178
96.020 -0.572 -0.163 -0.067 -0.652 -0.242 -0.148
96.280 -0.452 -0.049 0.074 -0.693 -0.290 -0.104
96.540 -0.320 0.075 0.163 -0.735 -0.342 -0.023
96.780 -0.195 0.190 0.210 -0.770 -0.385 0.025
97.010 -0.061 0.314 0.255 -0.806 -0.427 0.069
97.230 0.087 0.453 0.282 -0.844 -0.465 0.095
97.470 0.247 0.600 0.316 -0.885 -0.511 0.130
97.680 0.406 0.744 0.346 -0.923 -0.560 0.160
97.950 0.632 0.941 0.378 -0.973 -0.638 0.192
98.160 0.820 1.100 0.403 -1.017 -0.712 0.217
98.381 -0.288 -0.071 0.200 -0.355 -0.138 0.135
98.581 -0.251 -0.063 0.208 -0.317 -0.129 0.140
98.780 -0.213 -0.049 0.241 -0.293 -0.129 0.159
99.031 -0.182 -0.044 0.271 -0.261 -0.123 0.189
99.250 -0.166 -0.046 0.289 -0.231 -0.111 0.223
99.480 -0.142 -0.041 0.323 -0.207 -0.106 0.257
99.679 -0.123 -0.036 0.349 -0.193 -0.105 0.277
99.879 -0.105 -0.028 0.351 -0.183 -0.105 0.271
100.079 -0.093 -0.019 0.309 -0.166 -0.093 0.234
100.279 -0.097 -0.019 0.210 -0.144 -0.066 0.162
100.479 -0.081 0.006 0.154 -0.157 -0.070 0.074
100.679 -0.094 0.014 0.053 -0.158 -0.049 -0.013
100.879 -0.103 0.024 -0.033 -0.165 -0.038 -0.096
101.079 -0.099 0.046 -0.082 -0.184 -0.039 -0.171
101.279 -0.099 0.053 -0.127 -0.168 -0.016 -0.197
101.479 -0.084 0.058 -0.126 -0.167 -0.025 -0.211
101.679 -0.090 0.078 -0.091 -0.206 -0.038 -0.208
101.879 -0.068 0.070 -0.093 -0.153 -0.015 -0.181
102.079 -0.021 0.052 -0.019 -0.106 -0.032 -0.105
102.279 -0.038 0.048 -0.065 -0.102 -0.016 -0.130
102.479 0.023 0.109 0.023 -0.158 -0.071 -0.139
102.679 0.092 0.176 0.081 -0.226 -0.140 -0.103
102.879 0.007 0.071 -0.018 -0.067 -0.003 -0.094
103.079 0.035 0.087 0.001 -0.058 -0.006 -0.095
103.279 0.064 0.090 -0.006 -0.020 0.005 -0.092
103.479 0.087 0.096 -0.033 0.007 0.016 -0.116
103.679 0.105 0.099 -0.050 0.026 0.020 -0.133
103.879 0.125 0.102 -0.060 0.050 0.027 -0.138
104.079 0.149 0.099 -0.062 0.083 0.033 -0.131
104.279 0.167 0.105 -0.062 0.106 0.044 -0.125
104.479 0.185 0.104 -0.055 0.131 0.050 -0.110
104.679 0.212 0.114 -0.028 0.141 0.043 -0.102
104.879 0.223 0.104 -0.018 0.168 0.050 -0.074
105.079 0.242 0.103 0.004 0.186 0.048 -0.053
105.279 0.263 0.107 0.036 0.196 0.040 -0.035
105.479 0.276 0.102 0.057 0.214 0.040 -0.008
105.679 0.288 0.096 0.070 0.233 0.041 0.013
105.879 0.303 0.093 0.077 0.247 0.037 0.020
106.079 0.314 0.088 0.063 0.263 0.037 0.010
106.279 0.332 0.095 0.046 0.269 0.031 -0.020
106.479 0.345 0.106 0.012 0.271 0.032 -0.066
106.679 0.336 0.104 -0.057 0.289 0.058 -0.105
106.879 0.351 0.123 -0.075 0.284 0.057 -0.145
107.079 0.345 0.121 -0.105 0.299 0.075 -0.152
107.279 0.348 0.127 -0.111 0.305 0.083 -0.156
107.479 0.363 0.141 -0.088 0.300 0.077 -0.156
107.679 0.357 0.132 -0.079 0.314 0.090 -0.122
107.879 0.361 0.133 -0.047 0.317 0.089 -0.093
108.079 0.374 0.141 -0.007 0.312 0.079 -0.073
108.279 0.366 0.126 0.007 0.328 0.088 -0.031
108.479 0.378 0.132 0.043 0.324 0.078 -0.014
108.679 0.383 0.126 0.062 0.329 0.072 0.005
108.879 0.394 0.126 0.073 0.329 0.061 0.004
109.079 0.398 0.119 0.055 0.337 0.058 -0.009
109.279 0.399 0.112 0.015 0.349 0.062 -0.036
109.479 0.399 0.110 -0.029 0.359 0.070 -0.069
109.689 0.406 0.117 -0.065 0.364 0.075 -0.108
109.889 0.416 0.127 -0.079 0.365 0.076 -0.133
110.089 0.420 0.131 -0.088 0.370 0.080 -0.141
110.289 0.432 0.141 -0.081 0.368 0.077 -0.149
110.489 0.436 0.143 -0.071 0.371 0.078 -0.140
110.689 0.426 0.131 -0.067 0.385 0.090 -0.109
110.889 0.439 0.141 -0.032 0.375 0.077 -0.100
111.089 0.443 0.141 -0.008 0.375 0.073 -0.080
111.289 0.439 0.133 0.008 0.383 0.077 -0.051
111.489 0.441 0.129 0.032 0.385 0.073 -0.028
111.689 0.439 0.121 0.050 0.390 0.072 -0.002
111.889 0.439 0.114 0.062 0.394 0.068 0.014
112.089 0.451 0.118 0.075 0.385 0.052 0.006
112.289 0.467 0.128 0.083 0.373 0.034 -0.017
112.489 0.458 0.116 0.028 0.389 0.047 -0.045
112.689 0.463 0.122 -0.011 0.394 0.053 -0.084
112.889 0.465 0.128 -0.049 0.401 0.065 -0.117
113.089 0.457 0.125 -0.084 0.417 0.085 -0.125
113.289 0.458 0.131 -0.093 0.420 0.093 -0.132
113.489 0.468 0.146 -0.083 0.413 0.090 -0.141
113.689 0.470 0.150 -0.071 0.413 0.093 -0.131
113.889 0.461 0.143 -0.063 0.423 0.104 -0.102
114.089 0.462 0.144 -0.040 0.423 0.105 -0.080
114.289 0.472 0.154 -0.006 0.413 0.095 -0.069
114.489 0.464 0.145 0.009 0.419 0.100 -0.037
114.689 0.462 0.142 0.032 0.417 0.097 -0.014
114.889 0.467 0.144 0.057 0.407 0.085 -0.006
115.089 0.464 0.139 0.063 0.405 0.080 -0.000
115.289 0.470 0.144 0.065 0.396 0.069 -0.014
115.489 0.466 0.138 0.032 0.402 0.074 -0.036
115.689 0.466 0.137 -0.007 0.409 0.080 -0.066
115.889 0.470 0.143 -0.037 0.413 0.086 -0.096
116.089 0.474 0.150 -0.058 0.415 0.091 -0.119
116.289 0.474 0.152 -0.071 0.419 0.097 -0.128
116.489 0.483 0.163 -0.063 0.413 0.092 -0.138
116.689 0.474 0.155 -0.072 0.425 0.107 -0.122
116.889 0.474 0.157 -0.061 0.426 0.109 -0.110
117.089 0.476 0.160 -0.041 0.423 0.108 -0.096
117.289 0.482 0.167 -0.014 0.415 0.099 -0.084
117.489 0.481 0.167 0.008 0.412 0.099 -0.065
117.689 0.480 0.165 0.031 0.411 0.095 -0.042
117.889 0.467 0.151 0.041 0.420 0.104 -0.007
118.089 0.471 0.155 0.072 0.408 0.093 0.008
118.289 0.468 0.151 0.080 0.405 0.088 0.015
118.489 0.477 0.155 0.084 0.394 0.073 -0.002
118.689 0.475 0.148 0.048 0.399 0.071 -0.032
118.889 0.478 0.146 0.004 0.402 0.070 -0.076
119.089 0.484 0.148 -0.038 0.409 0.073 -0.117
119.289 0.493 0.154 -0.064 0.413 0.074 -0.147
119.489 0.490 0.150 -0.092 0.427 0.087 -0.158
119.689 0.488 0.149 -0.103 0.433 0.094 -0.159
119.889 0.491 0.156 -0.090 0.431 0.096 -0.153
120.089 0.499 0.166 -0.061 0.424 0.091 -0.140
120.289 0.492 0.160 -0.041 0.430 0.098 -0.105
120.489 0.494 0.163 -0.010 0.426 0.094 -0.082
120.689 0.496 0.164 0.020 0.421 0.090 -0.059
120.889 0.481 0.152 0.032 0.428 0.098 -0.023
121.089 0.491 0.161 0.071 0.411 0.082 -0.012
121.289 0.480 0.158 0.089 0.399 0.078 0.005
121.489 0.477 0.164 0.078 0.404 0.091 0.002
121.689 0.479 0.168 0.062 0.398 0.087 -0.022
121.889 0.469 0.162 0.006 0.409 0.102 -0.055
122.089 0.478 0.158 -0.037 0.409 0.090 -0.108
122.289 0.481 0.164 -0.078 0.420 0.103 -0.142
122.489 0.485 0.170 -0.092 0.415 0.100 -0.165
122.690 0.491 0.176 -0.102 0.417 0.102 -0.179
122.889 0.481 0.168 -0.113 0.428 0.115 -0.167
123.090 0.494 0.184 -0.080 0.414 0.104 -0.163
123.289 0.489 0.181 -0.060 0.417 0.108 -0.136
123.489 0.485 0.179 -0.033 0.418 0.112 -0.104
123.689 0.483 0.178 -0.005 0.416 0.111 -0.075
123.889 0.479 0.176 0.022 0.413 0.110 -0.047
124.089 0.474 0.174 0.048 0.409 0.109 -0.021
124.289 0.472 0.174 0.069 0.400 0.103 -0.006
124.489 0.461 0.168 0.070 0.398 0.105 0.004
124.689 0.453 0.166 0.055 0.395 0.108 -0.006
124.889 0.451 0.167 0.025 0.395 0.111 -0.033
125.089 0.459 0.176 -0.005 0.394 0.110 -0.074
125.289 0.462 0.177 -0.043 0.404 0.119 -0.104
125.489 0.472 0.185 -0.059 0.408 0.120 -0.126
125.689 0.481 0.191 -0.063 0.410 0.120 -0.138
125.889 0.475 0.184 -0.077 0.425 0.133 -0.129
126.089 0.478 0.186 -0.070 0.429 0.136 -0.121
126.289 0.492 0.199 -0.044 0.421 0.128 -0.119
126.489 0.485 0.191 -0.039 0.433 0.140 -0.091
126.689 0.490 0.197 -0.015 0.432 0.139 -0.075
126.889 0.498 0.206 0.015 0.426 0.134 -0.061
127.089 0.491 0.201 0.030 0.433 0.143 -0.030
127.289 0.493 0.205 0.058 0.429 0.141 -0.008
127.489 0.485 0.199 0.074 0.434 0.148 0.021
127.689 0.480 0.198 0.086 0.431 0.149 0.036
127.889 0.485 0.207 0.100 0.419 0.141 0.032
128.089 0.476 0.200 0.077 0.424 0.148 0.024
128.289 0.480 0.203 0.046 0.422 0.146 -0.014
128.489 0.481 0.200 -0.007 0.432 0.151 -0.058
128.689 0.498 0.209 -0.047 0.433 0.145 -0.115
128.889 0.511 0.213 -0.081 0.440 0.142 -0.156
129.089 0.515 0.210 -0.107 0.451 0.145 -0.175
129.299 0.517 0.206 -0.121 0.462 0.150 -0.178
129.499 0.517 0.202 -0.114 0.469 0.154 -0.163
129.700 0.530 0.213 -0.081 0.462 0.145 -0.153
129.899 0.525 0.207 -0.059 0.470 0.152 -0.116
130.099 0.531 0.212 -0.023 0.466 0.147 -0.092
130.299 0.525 0.206 -0.002 0.471 0.152 -0.058
130.500 0.528 0.209 0.029 0.467 0.148 -0.035
130.699 0.520 0.203 0.045 0.471 0.153 -0.006
130.899 0.516 0.202 0.058 0.469 0.154 0.010
131.099 0.518 0.207 0.074 0.458 0.147 0.011
131.301 0.515 0.207 0.073 0.454 0.146 0.009
131.499 0.510 0.204 0.053 0.455 0.149 -0.003
131.699 0.515 0.207 0.031 0.453 0.146 -0.033
131.899 0.513 0.201 -0.015 0.466 0.153 -0.063
132.100 0.524 0.206 -0.045 0.469 0.150 -0.102
132.299 0.531 0.205 -0.078 0.479 0.153 -0.131
132.499 0.544 0.211 -0.087 0.479 0.146 -0.155
132.699 0.551 0.212 -0.095 0.483 0.144 -0.167
132.899 0.552 0.208 -0.098 0.490 0.146 -0.163
133.099 0.549 0.201 -0.092 0.499 0.151 -0.143
133.299 0.556 0.205 -0.062 0.495 0.144 -0.125
133.499 0.552 0.199 -0.038 0.500 0.147 -0.093
133.699 0.552 0.198 -0.008 0.500 0.146 -0.063
133.899 0.551 0.196 0.017 0.500 0.146 -0.034
134.099 0.549 0.194 0.043 0.499 0.145 -0.008
134.299 0.557 0.204 0.076 0.485 0.132 0.001
134.500 0.542 0.192 0.068 0.493 0.143 0.018
134.699 0.546 0.198 0.075 0.482 0.135 0.008
134.899 0.544 0.196 0.050 0.484 0.137 -0.012
135.099 0.551 0.201 0.024 0.483 0.133 -0.048
135.299 0.557 0.200 -0.022 0.493 0.136 -0.089
135.499 0.565 0.199 -0.066 0.504 0.138 -0.130
135.699 0.578 0.203 -0.096 0.510 0.135 -0.168
135.899 0.582 0.200 -0.124 0.521 0.139 -0.188
136.100 0.590 0.204 -0.130 0.522 0.135 -0.202
136.299 0.593 0.203 -0.132 0.525 0.135 -0.204
136.499 0.586 0.195 -0.130 0.535 0.144 -0.182
136.699 0.596 0.202 -0.096 0.530 0.136 -0.166
136.900 0.594 0.194 -0.073 0.538 0.137 -0.131
137.099 0.596 0.186 -0.043 0.544 0.134 -0.097
137.299 0.600 0.180 -0.014 0.546 0.126 -0.070
137.499 0.612 0.181 0.021 0.541 0.110 -0.054
137.699 0.604 0.165 0.030 0.551 0.112 -0.024
137.899 0.605 0.158 0.043 0.552 0.106 -0.011
138.099 0.613 0.161 0.053 0.546 0.094 -0.017
138.299 0.621 0.161 0.045 0.547 0.087 -0.033
138.500 0.615 0.146 -0.005 0.567 0.098 -0.054
138.699 0.628 0.149 -0.036 0.572 0.094 -0.093
138.899 0.644 0.156 -0.051 0.574 0.086 -0.124
139.099 0.645 0.147 -0.076 0.591 0.093 -0.132
139.300 0.654 0.146 -0.079 0.597 0.089 -0.137
139.499 0.663 0.146 -0.071 0.599 0.082 -0.138
139.699 0.665 0.140 -0.061 0.604 0.079 -0.124
139.899 0.665 0.133 -0.046 0.607 0.075 -0.105
140.100 0.663 0.123 -0.031 0.611 0.071 -0.084
140.299 0.664 0.118 -0.009 0.610 0.063 -0.066
140.499 0.663 0.108 0.011 0.608 0.054 -0.045
140.699 0.661 0.101 0.035 0.605 0.044 -0.023
140.899 0.658 0.091 0.053 0.602 0.035 -0.005
141.099 0.658 0.085 0.064 0.595 0.023 -0.001
141.299 0.660 0.083 0.061 0.591 0.014 -0.011
141.499 0.656 0.072 0.031 0.597 0.013 -0.029
141.700 0.666 0.075 0.002 0.603 0.012 -0.063
141.899 0.676 0.078 -0.029 0.610 0.013 -0.097
142.099 0.678 0.075 -0.062 0.625 0.022 -0.116
142.299 0.687 0.079 -0.069 0.629 0.021 -0.129
142.500 0.698 0.085 -0.064 0.628 0.016 -0.137
142.699 0.701 0.083 -0.058 0.632 0.015 -0.130
142.899 0.704 0.083 -0.043 0.633 0.012 -0.117
143.099 0.699 0.072 -0.035 0.643 0.016 -0.092
143.300 0.701 0.063 -0.020 0.649 0.010 -0.074
143.499 0.700 0.057 -0.000 0.649 0.006 -0.053
143.699 0.701 0.053 0.023 0.647 -0.002 -0.034
143.899 0.699 0.045 0.040 0.647 -0.008 -0.015
144.099 0.699 0.037 0.053 0.644 -0.018 -0.005
144.299 0.704 0.036 0.061 0.638 -0.030 -0.008
144.499 0.699 0.027 0.038 0.645 -0.027 -0.018
144.699 0.702 0.027 0.011 0.650 -0.026 -0.042
144.900 0.708 0.031 -0.018 0.655 -0.022 -0.073
145.099 0.721 0.043 -0.036 0.654 -0.024 -0.106
145.299 0.731 0.052 -0.041 0.653 -0.025 -0.122
145.499 0.731 0.054 -0.057 0.664 -0.014 -0.128
145.700 0.728 0.049 -0.060 0.672 -0.006 -0.117
145.899 0.730 0.051 -0.051 0.676 -0.004 -0.107
146.099 0.746 0.065 -0.021 0.665 -0.016 -0.106
146.299 0.741 0.059 -0.012 0.674 -0.009 -0.082
146.499 0.742 0.057 0.006 0.678 -0.007 -0.061
146.699 0.739 0.049 0.022 0.687 -0.003 -0.030
146.899 0.745 0.051 0.052 0.687 -0.007 -0.007
147.099 0.754 0.055 0.086 0.683 -0.016 0.011
147.299 0.750 0.041 0.092 0.695 -0.014 0.036
147.499 0.763 0.046 0.111 0.690 -0.027 0.035
147.699 0.761 0.038 0.098 0.701 -0.023 0.036
147.899 0.764 0.035 0.073 0.712 -0.017 0.020
148.101 0.772 0.038 0.041 0.719 -0.014 -0.014
148.299 0.786 0.053 0.001 0.724 -0.009 -0.064
148.499 0.800 0.071 -0.039 0.729 0.000 -0.113
148.699 0.801 0.081 -0.084 0.735 0.015 -0.153
148.899 0.797 0.085 -0.126 0.749 0.037 -0.174
149.099 0.805 0.101 -0.133 0.745 0.040 -0.196
149.299 0.801 0.106 -0.155 0.751 0.057 -0.206
149.499 0.803 0.117 -0.155 0.751 0.065 -0.208
149.700 0.807 0.126 -0.130 0.746 0.064 -0.195
149.899 0.822 0.141 -0.093 0.737 0.055 -0.183
150.099 0.906 0.229 0.053 0.657 -0.019 -0.128
150.299 0.973 0.302 0.116 0.595 -0.076 -0.069
150.499 1.040 0.376 0.148 0.532 -0.132 -0.037
150.699 1.111 0.456 0.174 0.465 -0.190 -0.011
150.899 1.186 0.542 0.198 0.392 -0.252 0.013
151.099 0.850 0.153 0.104 0.708 0.010 -0.034
151.300 0.920 0.225 0.188 0.635 -0.061 0.004
151.499 0.983 0.289 0.180 0.567 -0.127 -0.006
151.699 1.046 0.352 0.129 0.497 -0.197 -0.056
151.899 0.835 0.111 -0.202 0.774 0.051 -0.265
152.100 0.841 0.116 -0.271 0.788 0.063 -0.326
152.299 0.854 0.133 -0.290 0.787 0.066 -0.360
152.499 0.867 0.143 -0.266 0.780 0.057 -0.356
152.699 0.951 0.227 -0.143 0.702 -0.022 -0.324
152.899 1.018 0.293 -0.097 0.640 -0.086 -0.282
153.099 1.087 0.359 -0.074 0.577 -0.151 -0.259
153.299 1.158 0.428 -0.054 0.511 -0.218 -0.240
153.499 1.235 0.502 -0.030 0.440 -0.291 -0.215
153.699 1.318 0.581 -0.003 0.363 -0.370 -0.189
153.899 1.407 0.668 0.021 0.281 -0.453 -0.165
154.099 1.503 0.760 0.054 0.192 -0.544 -0.132
154.320 1.615 0.871 0.089 0.085 -0.652 -0.096
154.540 1.736 0.988 0.124 -0.030 -0.768 -0.062
154.750 1.859 1.106 0.161 -0.147 -0.885 -0.025
154.980 1.996 1.231 0.200 -0.280 -1.014 0.014
155.180 0.863 0.084 0.077 0.767 -0.011 -0.019
155.379 0.847 0.064 0.086 0.781 -0.002 0.019
155.590 0.854 0.066 0.135 0.771 -0.017 0.049
155.823 0.847 0.055 0.173 0.774 -0.018 0.098
156.060 0.843 0.046 0.212 0.777 -0.020 0.145
156.291 0.842 0.039 0.258 0.777 -0.025 0.193
156.520 0.908 0.101 0.420 0.709 -0.098 0.250
156.750 0.987 0.178 0.530 0.627 -0.182 0.345
156.949 1.053 0.243 0.578 0.561 -0.249 0.392
157.149 1.123 0.313 0.613 0.492 -0.317 0.427
157.349 1.198 0.389 0.658 0.419 -0.390 0.472
157.549 1.278 0.471 0.700 0.340 -0.467 0.515
157.749 1.362 0.559 0.724 0.252 -0.550 0.538
157.949 1.445 0.647 0.707 0.150 -0.646 0.521
158.149 1.521 0.724 0.664 0.031 -0.765 0.478
158.349 1.590 0.778 0.588 -0.108 -0.913 0.402
158.560 0.902 0.026 0.285 0.770 -0.106 0.159
158.801 0.987 0.105 0.356 0.686 -0.197 0.172
159.030 0.955 0.365 0.232 0.703 0.111 0.052
159.291 1.083 0.545 0.145 0.661 0.120 -0.040
159.500 1.207 0.718 -0.019 0.627 0.135 -0.205
159.699 1.331 0.888 -0.077 0.596 0.149 -0.262
159.929 1.487 1.102 -0.187 0.558 0.166 -0.373
160.129 1.636 1.303 -0.286 0.521 0.182 -0.471
160.329 1.793 1.523 -0.386 0.478 0.201 -0.571
160.529 1.942 1.770 -0.463 0.409 0.237 -0.649
160.730 2.046 2.051 -0.478 0.285 0.291 -0.664
160.959 2.128 2.345 -0.470 0.092 0.306 -0.656
161.210 2.248 2.585 -0.474 -0.113 0.238 -0.661
161.430 2.385 2.716 -0.482 -0.281 0.118 -0.670
161.680 2.551 2.787 -0.491 -0.466 -0.049 -0.680
161.941 2.721 2.781 -0.479 -0.693 -0.287 -0.668
162.191 2.876 2.762 -0.448 -0.951 -0.538 -0.637
162.471 3.042 2.854 -0.421 -1.225 -0.737 -0.609
162.710 3.189 3.030 -0.393 -1.452 -0.897 -0.580
162.921 3.335 3.236 -0.374 -1.619 -1.023 -0.561
163.170 3.601 3.523 -0.374 -1.694 -1.177 -0.563
163.412 3.863 3.787 -0.390 -1.639 -1.332 -0.579
163.670 4.024 4.083 -0.394 -1.586 -1.534 -0.585
163.900 4.147 4.339 -0.399 -1.482 -1.733 -0.590
164.120 4.283 4.581 -0.405 -1.413 -1.933 -0.594
164.360 4.405 4.870 -0.389 -1.482 -2.120 -0.577
164.571 4.586 5.130 -0.368 -1.574 -2.275 -0.555
164.810 4.845 5.361 -0.349 -1.677 -2.456 -0.535
165.020 5.110 5.636 -0.312 -1.802 -2.560 -0.499
165.280 5.435 6.008 -0.251 -1.956 -2.620 -0.438
165.500 5.767 6.257 -0.210 -2.097 -2.806 -0.397
165.741 6.140 6.513 -0.175 -2.248 -3.074 -0.361
165.990 6.535 6.818 -0.139 -2.411 -3.371 -0.325
166.220 6.930 7.149 -0.100 -2.585 -3.671 -0.285
166.439 7.348 7.509 -0.064 -2.769 -3.972 -0.249
166.680 7.799 7.877 -0.015 -2.981 -4.300 -0.201
166.900 8.212 8.220 0.023 -3.177 -4.557 -0.163
167.110 8.662 8.546 0.070 -3.391 -4.841 -0.116
167.340 9.118 8.943 0.107 -3.628 -5.039 -0.079
167.550 9.579 9.253 0.153 -3.851 -5.284 -0.034
167.790 10.104 9.432 0.200 -4.091 -5.457 0.009
167.990 10.353 9.030 0.243 -4.245 -5.439 0.045
168.200 0.696 0.445 0.121 0.638 0.387 0.062
168.410 0.649 0.435 0.143 0.605 0.391 0.098
168.621 0.612 0.435 0.174 0.567 0.390 0.128
168.840 0.551 0.420 0.202 0.506 0.374 0.155
169.080 0.497 0.388 0.234 0.433 0.324 0.167
169.290 0.432 0.334 0.242 0.381 0.284 0.190
169.520 0.371 0.278 0.257 0.316 0.223 0.201
169.750 0.307 0.212 0.266 0.252 0.156 0.209
169.950 0.255 0.166 0.274 0.196 0.107 0.212
170.190 0.214 0.127 0.294 0.141 0.054 0.216
170.400 0.180 0.095 0.300 0.115 0.031 0.233
170.620 0.140 0.090 0.312 0.076 0.025 0.244
170.820 0.109 0.091 0.328 0.032 0.014 0.248
171.020 0.073 0.079 0.339 0.001 0.007 0.264
171.230 0.044 0.062 0.350 -0.017 0.000 0.287
171.450 0.023 0.051 0.374 -0.039 -0.012 0.311
171.670 -0.001 0.033 0.400 -0.057 -0.023 0.344
171.900 -0.014 0.028 0.442 -0.083 -0.041 0.370
172.100 -0.036 0.011 0.464 -0.090 -0.044 0.408
172.310 -0.051 0.002 0.479 -0.104 -0.052 0.424
172.521 -0.057 0.004 0.488 -0.133 -0.073 0.408
172.730 -0.082 -0.017 0.476 -0.138 -0.072 0.420
172.941 -0.096 -0.025 0.478 -0.155 -0.084 0.418
173.141 -0.103 -0.027 0.490 -0.176 -0.100 0.414
173.370 -0.126 -0.044 0.492 -0.186 -0.104 0.431
173.590 -0.141 -0.055 0.510 -0.201 -0.115 0.449
173.840 -0.157 -0.066 0.537 -0.217 -0.126 0.476
174.060 -0.174 -0.080 0.561 -0.226 -0.132 0.508
174.259 -0.186 -0.088 0.592 -0.239 -0.140 0.539
174.459 -0.140 -0.038 0.720 -0.307 -0.206 0.563
174.659 -0.080 0.021 0.848 -0.385 -0.285 0.664
174.869 -0.024 0.079 0.889 -0.464 -0.361 0.704
175.069 -0.156 -0.082 0.593 -0.224 -0.150 0.523
175.269 -0.131 -0.094 0.504 -0.186 -0.150 0.447
175.469 -0.087 -0.099 0.439 -0.154 -0.167 0.370
175.669 -0.041 -0.115 0.370 -0.106 -0.180 0.303
175.869 0.030 -0.117 0.330 -0.060 -0.207 0.237
176.069 0.093 -0.135 0.259 0.013 -0.215 0.176
176.269 0.151 -0.154 0.192 0.089 -0.215 0.128
176.469 0.222 -0.162 0.152 0.160 -0.225 0.087
176.669 0.289 -0.162 0.139 0.213 -0.237 0.060
176.869 0.383 -0.131 0.208 0.236 -0.278 0.064
177.069 0.529 -0.071 0.364 0.237 -0.361 0.181
177.269 0.401 -0.162 0.129 0.317 -0.246 0.041
177.469 0.622 -0.255 0.194 0.538 -0.338 0.107
177.669 0.571 -0.280 0.270 0.431 -0.421 0.132
177.869 0.408 -0.151 0.102 0.333 -0.225 0.023
178.069 0.408 -0.146 0.103 0.332 -0.223 0.023
178.269 0.407 -0.166 0.093 0.343 -0.230 0.027
178.469 0.416 -0.173 0.097 0.340 -0.249 0.017
178.669 0.398 -0.185 0.088 0.342 -0.242 0.030
178.869 0.390 -0.181 0.099 0.325 -0.245 0.032
179.069 0.374 -0.174 0.101 0.311 -0.237 0.036
179.269 0.358 -0.164 0.099 0.295 -0.228 0.034
179.469 0.346 -0.150 0.093 0.277 -0.219 0.021
179.669 0.332 -0.136 0.073 0.260 -0.208 -0.003
179.869 0.314 -0.128 0.033 0.252 -0.189 -0.030
180.069 0.308 -0.110 0.008 0.234 -0.183 -0.068
180.269 0.289 -0.107 -0.037 0.232 -0.164 -0.095
180.469 0.278 -0.095 -0.061 0.218 -0.155 -0.122
180.669 0.273 -0.080 -0.066 0.201 -0.153 -0.142
180.869 0.257 -0.079 -0.078 0.196 -0.140 -0.142
181.069 0.245 -0.075 -0.075 0.185 -0.134 -0.137
181.270 0.234 -0.073 -0.063 0.176 -0.130 -0.123
181.469 0.230 -0.066 -0.039 0.163 -0.133 -0.109
181.669 0.223 -0.064 -0.017 0.155 -0.133 -0.089
181.869 0.208 -0.073 -0.010 0.158 -0.123 -0.060
182.069 0.201 -0.074 0.009 0.151 -0.124 -0.043
182.269 0.197 -0.071 0.030 0.140 -0.128 -0.029
182.469 0.186 -0.075 0.039 0.134 -0.127 -0.014
182.669 0.181 -0.071 0.054 0.120 -0.132 -0.011
182.869 0.170 -0.072 0.047 0.113 -0.130 -0.013
183.069 0.158 -0.075 0.024 0.109 -0.124 -0.026
183.269 0.162 -0.064 0.013 0.092 -0.134 -0.061
183.469 0.149 -0.071 -0.027 0.091 -0.129 -0.087
183.669 0.153 -0.061 -0.033 0.072 -0.142 -0.118
183.869 0.133 -0.075 -0.067 0.075 -0.132 -0.126
184.079 0.124 -0.076 -0.070 0.066 -0.134 -0.130
184.279 0.122 -0.069 -0.056 0.047 -0.143 -0.134
184.479 0.105 -0.077 -0.053 0.044 -0.138 -0.117
184.679 0.097 -0.076 -0.034 0.031 -0.142 -0.103
184.879 0.086 -0.079 -0.016 0.021 -0.144 -0.085
185.079 0.075 -0.082 0.004 0.011 -0.145 -0.063
185.279 0.066 -0.083 0.027 0.001 -0.148 -0.041
185.479 0.063 -0.078 0.057 -0.015 -0.156 -0.025
185.679 0.074 -0.059 0.100 -0.043 -0.176 -0.020
185.879 0.043 -0.082 0.050 -0.020 -0.145 -0.015
186.079 0.098 -0.018 0.163 -0.089 -0.206 -0.003
186.279 0.040 -0.074 -0.001 -0.029 -0.143 -0.073
186.479 0.040 -0.071 -0.003 -0.032 -0.143 -0.073
186.679 0.035 -0.067 -0.060 -0.027 -0.129 -0.124
186.879 0.034 -0.062 -0.073 -0.033 -0.129 -0.143
187.079 0.041 -0.050 -0.059 -0.051 -0.142 -0.151
187.279 0.018 -0.070 -0.089 -0.039 -0.127 -0.148
187.479 0.012 -0.072 -0.080 -0.045 -0.129 -0.139
187.679 0.002 -0.080 -0.069 -0.049 -0.131 -0.122
187.879 -0.008 -0.091 -0.052 -0.050 -0.133 -0.095
188.079 -0.000 -0.078 -0.010 -0.073 -0.151 -0.087
188.279 -0.015 -0.088 0.002 -0.070 -0.143 -0.055
188.479 -0.013 -0.081 0.033 -0.078 -0.147 -0.035
188.679 -0.014 -0.080 0.063 -0.087 -0.153 -0.013
188.880 -0.021 -0.086 0.078 -0.082 -0.147 0.015
189.079 -0.022 -0.088 0.085 -0.080 -0.146 0.025
189.279 -0.019 -0.085 0.086 -0.081 -0.147 0.022
189.479 -0.020 -0.086 0.066 -0.076 -0.142 0.008
189.679 -0.018 -0.083 0.035 -0.074 -0.140 -0.023
189.879 -0.019 -0.081 -0.007 -0.072 -0.134 -0.061
190.079 -0.016 -0.073 -0.043 -0.075 -0.131 -0.104
190.279 -0.014 -0.065 -0.072 -0.078 -0.129 -0.137
190.479 -0.018 -0.065 -0.102 -0.074 -0.121 -0.159
190.679 -0.010 -0.055 -0.104 -0.081 -0.126 -0.178
190.879 -0.015 -0.058 -0.114 -0.076 -0.119 -0.178
191.079 -0.019 -0.063 -0.112 -0.069 -0.113 -0.164
191.279 -0.006 -0.047 -0.076 -0.085 -0.126 -0.160
191.479 -0.019 -0.059 -0.063 -0.074 -0.115 -0.120
191.679 -0.011 -0.053 -0.023 -0.080 -0.122 -0.095
191.879 -0.016 -0.059 0.000 -0.075 -0.118 -0.060
192.079 -0.004 -0.049 0.041 -0.083 -0.128 -0.042
192.279 -0.007 -0.055 0.054 -0.074 -0.122 -0.016
192.479 -0.002 -0.054 0.071 -0.070 -0.122 -0.000
192.679 -0.001 -0.059 0.069 -0.060 -0.117 0.009
192.879 0.004 -0.055 0.068 -0.058 -0.117 0.004
193.079 0.008 -0.052 0.057 -0.057 -0.117 -0.011
193.279 0.007 -0.048 0.030 -0.058 -0.113 -0.037
193.480 0.010 -0.038 0.011 -0.067 -0.115 -0.070
193.679 -0.002 -0.039 -0.031 -0.066 -0.103 -0.098
193.879 -0.009 -0.035 -0.059 -0.071 -0.097 -0.123
194.079 -0.017 -0.033 -0.081 -0.075 -0.091 -0.141
194.279 -0.014 -0.021 -0.081 -0.088 -0.096 -0.159
194.479 -0.025 -0.024 -0.092 -0.089 -0.088 -0.159
194.679 -0.026 -0.019 -0.084 -0.097 -0.089 -0.158
194.879 -0.029 -0.017 -0.073 -0.103 -0.091 -0.151
195.079 -0.040 -0.023 -0.061 -0.105 -0.088 -0.129
195.279 -0.049 -0.029 -0.045 -0.107 -0.086 -0.104
195.479 -0.055 -0.030 -0.024 -0.112 -0.087 -0.082
195.679 -0.055 -0.025 0.005 -0.123 -0.093 -0.066
195.879 -0.051 -0.019 0.036 -0.134 -0.101 -0.050
196.079 -0.053 -0.020 0.051 -0.132 -0.099 -0.031
196.279 -0.058 -0.024 0.057 -0.127 -0.094 -0.015
196.479 -0.059 -0.023 0.064 -0.126 -0.090 -0.007
196.679 -0.058 -0.018 0.061 -0.127 -0.087 -0.011
196.879 -0.060 -0.014 0.046 -0.126 -0.080 -0.023
197.079 -0.059 -0.003 0.031 -0.133 -0.078 -0.047
197.289 -0.062 0.005 -0.002 -0.137 -0.070 -0.079
197.489 -0.074 0.008 -0.046 -0.137 -0.055 -0.111
197.689 -0.078 0.017 -0.079 -0.143 -0.048 -0.147
197.889 -0.079 0.022 -0.108 -0.143 -0.042 -0.173
198.089 -0.076 0.034 -0.118 -0.151 -0.040 -0.194
198.289 -0.075 0.033 -0.130 -0.141 -0.033 -0.199
198.489 -0.074 0.042 -0.120 -0.152 -0.036 -0.199
198.689 -0.074 0.038 -0.105 -0.146 -0.035 -0.180
198.889 -0.076 0.051 -0.068 -0.166 -0.039 -0.160
199.099 -0.080 0.029 -0.050 -0.139 -0.030 -0.110
199.300 -0.072 0.041 -0.004 -0.153 -0.041 -0.089
199.499 -0.084 0.029 0.012 -0.141 -0.029 -0.047
199.699 -0.073 0.043 0.058 -0.155 -0.039 -0.027
199.899 -0.073 0.045 0.085 -0.155 -0.037 -0.000
200.100 -0.066 0.052 0.116 -0.158 -0.040 0.021
200.299 -0.075 0.038 0.101 -0.138 -0.025 0.037
200.499 -0.066 0.039 0.101 -0.141 -0.036 0.023
200.699 -0.075 0.026 0.058 -0.136 -0.036 -0.005
200.900 -0.063 0.037 0.045 -0.159 -0.059 -0.055
201.099 -0.069 0.036 0.003 -0.176 -0.070 -0.107
201.299 -0.101 0.013 -0.097 -0.166 -0.052 -0.164
201.499 -0.110 0.016 -0.136 -0.185 -0.059 -0.214
201.700 -0.098 0.033 -0.140 -0.207 -0.076 -0.253
201.899 -0.093 0.043 -0.131 -0.228 -0.092 -0.267
202.099 -0.132 0.004 -0.196 -0.196 -0.059 -0.263
202.299 -0.128 0.013 -0.165 -0.214 -0.073 -0.254
202.500 -0.138 0.001 -0.150 -0.204 -0.065 -0.219
202.699 -0.122 0.011 -0.103 -0.221 -0.088 -0.205
202.899 -0.135 -0.007 -0.085 -0.208 -0.080 -0.161
203.099 -0.132 -0.013 -0.052 -0.206 -0.088 -0.129
203.300 -0.131 -0.020 -0.022 -0.204 -0.092 -0.097
203.499 -0.126 -0.015 0.021 -0.212 -0.101 -0.068
203.699 -0.132 -0.032 0.028 -0.188 -0.088 -0.029
203.899 -0.114 -0.018 0.073 -0.196 -0.101 -0.013
204.100 -0.112 -0.028 0.064 -0.172 -0.087 0.003
204.299 -0.095 -0.016 0.066 -0.172 -0.093 -0.014
204.499 -0.106 -0.022 0.011 -0.160 -0.076 -0.044
204.699 -0.113 -0.018 -0.035 -0.168 -0.073 -0.092
204.899 -0.106 0.000 -0.053 -0.188 -0.081 -0.139
205.099 -0.129 -0.013 -0.101 -0.181 -0.064 -0.154
205.299 -0.136 -0.005 -0.110 -0.192 -0.062 -0.167
205.499 -0.128 0.010 -0.090 -0.211 -0.073 -0.177
205.699 -0.147 0.009 -0.090 -0.220 -0.063 -0.165
205.899 -0.139 0.012 -0.060 -0.215 -0.065 -0.140
206.099 -0.147 0.002 -0.047 -0.203 -0.053 -0.104
206.299 -0.144 0.010 -0.018 -0.214 -0.059 -0.090
206.499 -0.144 0.009 -0.001 -0.204 -0.051 -0.062
206.699 -0.134 0.019 0.032 -0.206 -0.054 -0.043
206.899 -0.128 0.024 0.059 -0.205 -0.053 -0.022
207.099 -0.118 0.032 0.078 -0.195 -0.045 -0.003
207.300 -0.111 0.038 0.083 -0.190 -0.041 0.002
207.499 -0.115 0.034 0.058 -0.176 -0.026 -0.003
207.699 -0.103 0.048 0.045 -0.183 -0.031 -0.038
207.899 -0.110 0.046 -0.001 -0.180 -0.024 -0.072
208.100 -0.112 0.047 -0.036 -0.184 -0.026 -0.111
208.299 -0.119 0.043 -0.066 -0.186 -0.024 -0.136
208.499 -0.066 0.099 0.036 -0.242 -0.076 -0.125
208.699 0.001 0.170 0.133 -0.311 -0.142 -0.051
208.900 -0.076 0.096 0.035 -0.252 -0.080 -0.124
209.099 -0.107 0.067 -0.011 -0.231 -0.057 -0.133
209.299 -0.065 0.111 0.070 -0.277 -0.100 -0.103
209.499 -0.003 0.176 0.138 -0.346 -0.167 -0.048
209.699 0.058 0.239 0.157 -0.415 -0.234 -0.028
209.899 0.121 0.303 0.165 -0.487 -0.305 -0.020
210.099 0.190 0.369 0.170 -0.563 -0.383 -0.015
210.309 0.269 0.441 0.152 -0.646 -0.474 -0.033
210.509 0.354 0.516 0.119 -0.728 -0.567 -0.066
210.709 -0.107 0.142 -0.118 -0.244 0.005 -0.255
210.909 -0.037 0.219 -0.039 -0.322 -0.066 -0.222
211.109 -0.091 0.081 -0.056 -0.241 -0.066 -0.186
211.309 -0.017 0.176 -0.098 -0.303 -0.097 -0.278
211.519 0.055 0.278 -0.138 -0.368 -0.129 -0.322
211.719 0.127 0.382 -0.150 -0.433 -0.161 -0.335
211.919 0.207 0.494 -0.149 -0.503 -0.197 -0.334
212.119 0.295 0.614 -0.145 -0.577 -0.237 -0.329
212.319 0.393 0.742 -0.129 -0.654 -0.281 -0.314
212.519 -0.202 0.186 -0.246 -0.257 0.131 -0.303
212.719 -0.213 0.186 -0.215 -0.254 0.145 -0.256
212.919 -0.130 0.294 -0.100 -0.338 0.085 -0.273
213.119 -0.189 0.221 -0.090 -0.295 0.115 -0.188
213.319 -0.130 0.292 0.020 -0.357 0.065 -0.158
213.521 -0.066 0.373 0.106 -0.424 0.013 -0.079
213.719 -0.004 0.455 0.164 -0.494 -0.037 -0.021
213.919 0.059 0.541 0.206 -0.569 -0.089 0.021
214.119 0.124 0.633 0.247 -0.651 -0.145 0.061
214.319 0.192 0.733 0.276 -0.741 -0.204 0.091
214.519 0.264 0.849 0.270 -0.839 -0.256 0.084
214.719 -0.201 0.142 -0.065 -0.279 0.064 -0.145
214.919 -0.203 0.113 -0.167 -0.272 0.045 -0.237
215.119 -0.202 0.100 -0.238 -0.277 0.025 -0.315
215.319 -0.207 0.089 -0.277 -0.266 0.030 -0.338
215.519 -0.201 0.088 -0.278 -0.275 0.014 -0.355
215.719 -0.197 0.093 -0.261 -0.277 0.013 -0.345
215.919 -0.199 0.091 -0.244 -0.276 0.013 -0.324
216.119 -0.194 0.072 -0.235 -0.253 0.013 -0.296
216.319 -0.191 0.078 -0.203 -0.264 0.004 -0.279
216.529 -0.190 0.082 -0.164 -0.266 0.006 -0.243
216.730 -0.189 0.084 -0.130 -0.267 0.005 -0.212
216.950 -0.198 0.078 -0.110 -0.261 0.014 -0.175
217.149 -0.196 0.083 -0.076 -0.268 0.010 -0.151
217.349 -0.195 0.086 -0.044 -0.272 0.009 -0.124
217.549 -0.199 0.085 -0.017 -0.271 0.013 -0.090
217.749 -0.196 0.091 0.022 -0.281 0.007 -0.066
217.950 -0.199 0.091 0.054 -0.281 0.009 -0.029
218.170 -0.208 0.086 0.081 -0.278 0.016 0.010
218.369 -0.207 0.091 0.124 -0.285 0.012 0.043
218.599 -0.212 0.090 0.163 -0.287 0.015 0.086
218.820 -0.218 0.089 0.203 -0.288 0.019 0.131
219.020 -0.221 0.090 0.243 -0.291 0.021 0.172
219.250 -0.227 0.091 0.287 -0.294 0.025 0.219
219.480 -0.233 0.091 0.333 -0.295 0.029 0.270
219.680 -0.236 0.094 0.377 -0.299 0.032 0.313
219.920 -0.219 0.121 0.444 -0.324 0.015 0.335
220.150 -0.240 0.108 0.429 -0.310 0.037 0.356
220.370 -0.242 0.111 0.458 -0.315 0.038 0.383
220.570 -0.248 0.109 0.483 -0.314 0.043 0.416
220.800 -0.245 0.121 0.539 -0.330 0.037 0.452
221.030 -0.258 0.112 0.544 -0.322 0.047 0.478
221.270 -0.253 0.110 0.540 -0.320 0.043 0.472
221.500 -0.248 0.103 0.520 -0.315 0.036 0.452
221.730 -0.245 0.095 0.510 -0.308 0.032 0.446
221.941 -0.236 0.095 0.524 -0.309 0.022 0.449
222.151 -0.217 0.102 0.553 -0.316 0.003 0.451
222.370 -0.227 0.079 0.507 -0.293 0.014 0.440
222.580 -0.218 0.078 0.483 -0.290 0.006 0.409
222.794 -0.210 0.069 0.435 -0.275 0.005 0.369
223.021 -0.203 0.066 0.407 -0.267 0.002 0.341
223.221 -0.194 0.071 0.404 -0.270 -0.006 0.325
223.480 -0.193 0.062 0.354 -0.257 -0.001 0.289
223.691 -0.190 0.062 0.311 -0.258 -0.005 0.242
223.912 -0.187 0.063 0.278 -0.260 -0.010 0.203
224.109 -0.185 0.062 0.259 -0.259 -0.012 0.183
224.309 -0.182 0.063 0.254 -0.262 -0.018 0.171
224.509 -0.188 0.054 0.244 -0.258 -0.016 0.172
224.709 -0.188 0.050 0.208 -0.258 -0.020 0.137
224.909 -0.187 0.047 0.140 -0.255 -0.021 0.070
225.109 -0.176 0.053 0.077 -0.261 -0.032 -0.011
225.309 -0.156 0.066 0.036 -0.274 -0.052 -0.084
225.509 -0.161 0.058 -0.043 -0.266 -0.047 -0.150
225.709 -0.177 0.043 -0.104 -0.254 -0.034 -0.183
225.909 -0.149 0.068 -0.083 -0.282 -0.065 -0.216
226.109 -0.130 0.085 -0.050 -0.304 -0.089 -0.209
226.309 -0.135 0.079 -0.049 -0.302 -0.088 -0.205
226.509 -0.172 0.036 -0.087 -0.260 -0.052 -0.177
226.709 -0.185 0.015 -0.086 -0.243 -0.043 -0.144
226.909 -0.181 0.012 -0.058 -0.241 -0.048 -0.120
227.110 -0.177 0.011 -0.022 -0.243 -0.054 -0.091
227.309 -0.159 0.023 0.029 -0.257 -0.075 -0.074
227.509 -0.173 0.005 0.036 -0.240 -0.063 -0.034
227.709 -0.166 0.004 0.065 -0.241 -0.070 -0.012
227.909 -0.172 -0.005 0.074 -0.234 -0.067 0.009
228.109 -0.155 0.011 0.110 -0.254 -0.088 0.008
228.309 -0.164 -0.002 0.081 -0.241 -0.079 0.000
228.509 -0.161 -0.007 0.050 -0.231 -0.077 -0.021
228.709 -0.150 -0.008 0.012 -0.220 -0.079 -0.061
228.909 -0.131 -0.005 -0.020 -0.210 -0.084 -0.102
229.109 -0.124 -0.016 -0.064 -0.185 -0.077 -0.126
229.309 -0.112 -0.025 -0.086 -0.165 -0.078 -0.141
229.509 -0.097 -0.027 -0.089 -0.155 -0.084 -0.148
229.709 -0.081 -0.024 -0.078 -0.150 -0.093 -0.150
229.909 -0.079 -0.036 -0.074 -0.131 -0.088 -0.128
230.109 -0.076 -0.042 -0.057 -0.121 -0.087 -0.104
230.309 -0.057 -0.032 -0.021 -0.129 -0.103 -0.097
230.509 -0.054 -0.035 -0.001 -0.124 -0.104 -0.074
230.709 -0.060 -0.046 0.010 -0.112 -0.097 -0.043
230.909 -0.043 -0.033 0.051 -0.124 -0.113 -0.034
231.109 -0.047 -0.039 0.062 -0.118 -0.110 -0.013
231.309 -0.052 -0.045 0.066 -0.118 -0.110 -0.002
231.509 -0.063 -0.056 0.047 -0.112 -0.106 -0.004
231.709 -0.070 -0.066 0.015 -0.108 -0.104 -0.024
231.909 -0.060 -0.060 -0.011 -0.114 -0.113 -0.068
232.109 -0.061 -0.067 -0.055 -0.103 -0.108 -0.097
232.309 -0.057 -0.069 -0.080 -0.097 -0.108 -0.121
232.509 -0.047 -0.065 -0.088 -0.095 -0.114 -0.139
232.709 -0.038 -0.064 -0.089 -0.094 -0.119 -0.147
232.909 -0.028 -0.058 -0.073 -0.098 -0.128 -0.147
233.109 -0.037 -0.073 -0.071 -0.083 -0.119 -0.119
233.309 -0.035 -0.012 -0.007 -0.111 -0.087 -0.084
233.509 -0.039 -0.076 -0.024 -0.085 -0.122 -0.071
233.709 -0.038 -0.077 0.006 -0.092 -0.131 -0.049
233.909 -0.031 -0.076 0.038 -0.097 -0.142 -0.031
234.109 -0.029 -0.077 0.061 -0.101 -0.150 -0.015
234.309 -0.039 -0.092 0.059 -0.094 -0.146 0.004
234.509 -0.037 -0.095 0.058 -0.096 -0.154 -0.004
234.709 -0.032 -0.097 0.041 -0.096 -0.161 -0.026
234.909 -0.033 -0.106 -0.001 -0.085 -0.158 -0.055
235.109 -0.025 -0.106 -0.038 -0.078 -0.159 -0.093
235.309 -0.014 -0.104 -0.065 -0.073 -0.162 -0.127
235.509 -0.009 -0.107 -0.084 -0.063 -0.161 -0.140
235.709 -0.002 -0.107 -0.089 -0.057 -0.162 -0.146
235.910 -0.004 -0.116 -0.094 -0.045 -0.157 -0.136
236.109 0.014 -0.105 -0.065 -0.055 -0.174 -0.138
236.309 0.016 -0.107 -0.044 -0.054 -0.178 -0.118
236.509 0.010 -0.119 -0.027 -0.047 -0.176 -0.086
236.709 0.024 -0.111 0.011 -0.057 -0.191 -0.074
236.909 0.012 -0.126 0.021 -0.047 -0.185 -0.039
237.109 0.011 -0.132 0.044 -0.046 -0.189 -0.015
237.309 0.023 -0.125 0.074 -0.056 -0.204 -0.008
237.510 0.025 -0.131 0.076 -0.054 -0.209 -0.007
237.709 0.024 -0.139 0.054 -0.046 -0.209 -0.019
237.909 0.023 -0.147 0.016 -0.036 -0.206 -0.046
238.109 0.035 -0.141 -0.017 -0.033 -0.208 -0.088
238.309 0.039 -0.142 -0.059 -0.019 -0.200 -0.119
238.509 0.043 -0.143 -0.083 -0.008 -0.193 -0.136
238.709 0.059 -0.131 -0.079 -0.011 -0.201 -0.154
238.909 0.052 -0.142 -0.096 0.006 -0.188 -0.143
239.109 0.059 -0.138 -0.079 0.006 -0.192 -0.135
239.309 0.068 -0.134 -0.051 0.002 -0.200 -0.121
239.509 0.057 -0.148 -0.043 0.016 -0.190 -0.085
239.709 0.064 -0.145 -0.011 0.012 -0.196 -0.064
239.910 0.064 -0.147 0.013 0.014 -0.196 -0.039
240.109 0.061 -0.151 0.033 0.020 -0.193 -0.009
240.309 0.074 -0.140 0.069 0.010 -0.204 0.001
240.509 0.066 -0.151 0.066 0.024 -0.193 0.023
240.709 0.074 -0.148 0.065 0.024 -0.199 0.013
240.909 0.078 -0.153 0.035 0.032 -0.198 -0.012
241.109 0.100 -0.138 0.016 0.026 -0.212 -0.061
241.309 0.094 -0.146 -0.045 0.044 -0.196 -0.097
241.509 0.099 -0.144 -0.081 0.053 -0.190 -0.128
241.709 0.117 -0.128 -0.084 0.047 -0.199 -0.157
241.909 0.116 -0.133 -0.101 0.059 -0.189 -0.159
242.109 0.120 -0.130 -0.094 0.061 -0.189 -0.154
242.309 0.132 -0.123 -0.065 0.057 -0.198 -0.144
242.509 0.130 -0.128 -0.046 0.063 -0.196 -0.116
242.709 0.135 -0.127 -0.014 0.062 -0.200 -0.089
242.909 0.135 -0.127 0.012 0.064 -0.198 -0.062
243.109 0.137 -0.126 0.036 0.066 -0.197 -0.038
243.309 0.140 -0.121 0.064 0.062 -0.199 -0.017
243.509 0.134 -0.128 0.069 0.070 -0.191 0.003
243.709 0.136 -0.127 0.067 0.072 -0.191 0.001
243.909 0.141 -0.126 0.046 0.077 -0.190 -0.019
244.109 0.142 -0.126 0.005 0.086 -0.182 -0.052
244.309 0.156 -0.111 -0.016 0.080 -0.188 -0.096
244.509 0.157 -0.107 -0.055 0.085 -0.179 -0.131
244.709 0.158 -0.104 -0.078 0.091 -0.171 -0.148
244.909 0.155 -0.104 -0.096 0.099 -0.160 -0.153
245.109 0.163 -0.095 -0.088 0.094 -0.163 -0.160
245.309 0.158 -0.098 -0.083 0.102 -0.154 -0.140
245.509 0.169 -0.087 -0.048 0.094 -0.162 -0.127
245.709 0.163 -0.093 -0.028 0.101 -0.156 -0.092
245.909 0.162 -0.095 -0.003 0.103 -0.154 -0.065
246.109 0.152 -0.099 0.010 0.108 -0.143 -0.035
246.309 0.165 -0.082 0.051 0.090 -0.157 -0.028
246.509 0.157 -0.084 0.064 0.091 -0.150 -0.006
246.709 0.155 -0.082 0.074 0.087 -0.149 0.003
246.909 0.142 -0.093 0.067 0.092 -0.143 0.015
247.109 0.146 -0.089 0.065 0.089 -0.146 0.005
247.309 0.154 -0.079 0.055 0.089 -0.145 -0.014
247.509 0.162 -0.072 0.042 0.084 -0.150 -0.041
247.709 0.150 -0.083 -0.008 0.099 -0.134 -0.061
247.909 0.159 -0.073 -0.025 0.091 -0.141 -0.096
248.109 0.159 -0.072 -0.050 0.091 -0.139 -0.121
248.309 0.156 -0.072 -0.067 0.090 -0.139 -0.137
248.509 0.145 -0.082 -0.084 0.096 -0.131 -0.134
248.710 0.140 -0.086 -0.084 0.094 -0.132 -0.130
248.909 0.140 -0.085 -0.069 0.087 -0.138 -0.125
249.109 0.142 -0.083 -0.050 0.080 -0.145 -0.114
249.309 0.136 -0.091 -0.040 0.085 -0.141 -0.092
249.509 0.141 -0.088 -0.014 0.080 -0.148 -0.077
249.709 0.150 -0.080 0.018 0.071 -0.159 -0.065
249.909 0.145 -0.089 0.030 0.080 -0.154 -0.039
250.109 0.145 -0.093 0.045 0.085 -0.153 -0.018
250.309 0.152 -0.089 0.066 0.083 -0.158 -0.007
250.509 0.148 -0.097 0.063 0.095 -0.150 0.008
250.709 0.147 -0.100 0.060 0.102 -0.146 0.013
250.909 0.153 -0.095 0.058 0.100 -0.148 0.003
251.109 0.159 -0.089 0.053 0.097 -0.151 -0.013
251.309 0.149 -0.095 0.019 0.104 -0.140 -0.027
251.509 0.150 -0.089 -0.001 0.098 -0.142 -0.055
251.709 0.168 -0.067 0.007 0.075 -0.160 -0.091
251.909 0.144 -0.085 -0.046 0.091 -0.139 -0.101
252.109 0.159 -0.065 -0.033 0.070 -0.155 -0.128
252.309 0.134 -0.086 -0.070 0.088 -0.132 -0.117
252.509 0.148 -0.068 -0.047 0.068 -0.148 -0.131
252.709 0.137 -0.076 -0.050 0.074 -0.139 -0.116
252.909 0.130 -0.077 -0.044 0.073 -0.134 -0.103
253.109 0.137 -0.065 -0.016 0.061 -0.142 -0.096
253.309 0.121 -0.086 -0.015 0.077 -0.130 -0.060
253.509 0.131 -0.076 0.021 0.065 -0.142 -0.048
253.709 0.117 -0.092 0.027 0.077 -0.131 -0.013
253.909 0.132 -0.077 0.063 0.063 -0.146 -0.010
254.109 0.131 -0.081 0.071 0.069 -0.143 0.006
254.309 0.136 -0.081 0.078 0.072 -0.145 0.010
254.509 0.139 -0.079 0.077 0.074 -0.144 0.008
254.709 0.129 -0.089 0.048 0.088 -0.130 0.006
254.909 0.126 -0.087 0.024 0.088 -0.125 -0.015
255.109 0.124 -0.081 -0.004 0.082 -0.123 -0.046
255.309 0.117 -0.078 -0.036 0.077 -0.118 -0.076
255.509 0.116 -0.069 -0.055 0.065 -0.120 -0.108
255.709 0.108 -0.067 -0.073 0.059 -0.116 -0.124
255.909 0.106 -0.061 -0.076 0.050 -0.117 -0.135
256.109 0.106 -0.053 -0.068 0.038 -0.121 -0.140
256.309 0.098 -0.049 -0.064 0.031 -0.116 -0.134
256.509 0.099 -0.043 -0.044 0.020 -0.122 -0.127
256.710 0.080 -0.062 -0.044 0.030 -0.112 -0.096
256.909 0.070 -0.070 -0.031 0.031 -0.110 -0.071
257.109 0.072 -0.067 -0.004 0.024 -0.115 -0.054
257.309 0.078 -0.059 0.029 0.013 -0.123 -0.039
257.510 0.078 -0.058 0.051 0.014 -0.123 -0.017
257.709 0.071 -0.063 0.058 0.020 -0.114 0.006
257.909 0.074 -0.060 0.068 0.021 -0.113 0.014
258.109 0.084 -0.050 0.079 0.015 -0.119 0.006
258.309 0.081 -0.054 0.059 0.022 -0.112 -0.002
258.509 0.080 -0.047 0.033 0.023 -0.104 -0.026
258.709 0.081 -0.037 0.008 0.013 -0.105 -0.063
258.909 0.070 -0.036 -0.034 0.010 -0.097 -0.097
259.109 0.065 -0.031 -0.057 -0.001 -0.097 -0.127
259.309 0.052 -0.032 -0.077 -0.009 -0.093 -0.141
259.509 0.041 -0.035 -0.086 -0.017 -0.092 -0.146
259.709 0.029 -0.039 -0.089 -0.024 -0.092 -0.143
259.909 0.024 -0.038 -0.076 -0.036 -0.097 -0.139
260.109 0.022 -0.036 -0.058 -0.045 -0.103 -0.128
260.309 0.011 -0.042 -0.046 -0.048 -0.101 -0.107
260.509 0.007 -0.044 -0.026 -0.051 -0.103 -0.087
260.709 0.014 -0.034 0.008 -0.067 -0.115 -0.077
260.909 -0.002 -0.049 0.012 -0.055 -0.102 -0.042
261.109 -0.000 -0.045 0.035 -0.062 -0.107 -0.028
261.309 0.008 -0.038 0.060 -0.069 -0.115 -0.019
261.509 0.025 -0.022 0.095 -0.085 -0.132 -0.018
261.709 0.003 -0.044 0.058 -0.060 -0.107 -0.007
261.909 0.003 -0.044 0.052 -0.058 -0.104 -0.010
262.109 -0.001 -0.046 0.036 -0.054 -0.100 -0.019
262.309 0.000 -0.040 0.022 -0.060 -0.100 -0.041
262.509 0.003 -0.030 0.013 -0.070 -0.104 -0.064
262.709 0.015 -0.012 0.021 -0.089 -0.115 -0.087
262.909 -0.017 -0.034 -0.039 -0.069 -0.086 -0.092
263.109 -0.023 -0.032 -0.050 -0.074 -0.083 -0.102
263.309 -0.024 -0.028 -0.050 -0.081 -0.085 -0.110
263.509 -0.030 -0.028 -0.052 -0.084 -0.081 -0.107
263.709 -0.027 -0.019 -0.035 -0.096 -0.087 -0.106
263.909 -0.029 -0.017 -0.021 -0.101 -0.088 -0.095
264.109 -0.043 -0.019 -0.013 -0.102 -0.079 -0.074
264.309 -0.040 -0.015 0.014 -0.109 -0.084 -0.057
264.509 -0.034 -0.011 0.045 -0.113 -0.089 -0.037
264.709 -0.037 -0.011 0.065 -0.115 -0.089 -0.017
264.909 -0.047 -0.018 0.071 -0.108 -0.079 0.008
265.109 -0.037 -0.011 0.094 -0.112 -0.086 0.017
265.309 -0.038 -0.012 0.094 -0.108 -0.083 0.021
265.509 -0.028 -0.005 0.096 -0.113 -0.089 0.009
265.709 -0.045 -0.017 0.045 -0.100 -0.072 -0.011
265.909 -0.052 -0.010 0.009 -0.113 -0.071 -0.054
266.109 -0.056 -0.006 -0.034 -0.116 -0.066 -0.096
266.309 -0.069 -0.009 -0.079 -0.120 -0.061 -0.133
266.509 -0.079 -0.015 -0.110 -0.122 -0.058 -0.153
266.709 -0.062 0.009 -0.098 -0.143 -0.072 -0.183
266.909 -0.069 0.006 -0.105 -0.146 -0.071 -0.185
267.109 -0.073 0.002 -0.098 -0.145 -0.070 -0.173
267.309 -0.070 0.001 -0.070 -0.147 -0.076 -0.149
267.509 -0.078 -0.001 -0.045 -0.153 -0.077 -0.122
267.709 -0.072 -0.002 -0.007 -0.154 -0.084 -0.093
267.909 -0.080 -0.007 0.012 -0.153 -0.080 -0.064
268.109 -0.084 -0.011 0.034 -0.153 -0.079 -0.037
268.309 -0.082 -0.012 0.055 -0.151 -0.080 -0.015
268.509 -0.071 -0.008 0.080 -0.152 -0.089 -0.003
268.709 -0.072 -0.013 0.078 -0.145 -0.086 0.003
268.909 -0.066 -0.010 0.081 -0.144 -0.088 -0.000
269.109 -0.072 -0.017 0.056 -0.131 -0.077 -0.005
269.309 -0.024 0.033 0.143 -0.182 -0.125 -0.008
269.509 -0.069 -0.002 0.021 -0.149 -0.082 -0.062
269.709 -0.080 -0.005 -0.022 -0.146 -0.070 -0.089
269.909 -0.085 -0.002 -0.053 -0.148 -0.065 -0.117
270.109 -0.087 0.008 -0.063 -0.163 -0.068 -0.141
270.309 -0.096 0.010 -0.077 -0.172 -0.066 -0.155
270.509 -0.110 0.013 -0.085 -0.184 -0.061 -0.161
270.709 -0.117 0.020 -0.077 -0.202 -0.065 -0.164
270.909 -0.115 0.020 -0.066 -0.204 -0.069 -0.157
271.109 -0.120 0.015 -0.056 -0.202 -0.067 -0.141
271.310 -0.130 0.006 -0.047 -0.196 -0.060 -0.115
271.530 -0.128 0.006 -0.023 -0.195 -0.061 -0.093
271.760 -0.119 0.015 0.000 -0.204 -0.070 -0.088
271.959 -0.144 -0.002 -0.017 -0.184 -0.041 -0.057
272.170 -0.142 0.021 0.013 -0.206 -0.043 -0.054
272.379 -0.149 0.032 0.036 -0.222 -0.041 -0.037
272.600 -0.164 0.032 0.045 -0.231 -0.035 -0.024
272.841 -0.185 0.030 0.056 -0.240 -0.025 -0.001
273.060 -0.195 0.072 0.102 -0.274 -0.007 0.021
273.270 -0.228 0.108 0.117 -0.293 0.043 0.050
273.480 -0.262 0.160 0.169 -0.348 0.074 0.081
273.700 -0.317 0.187 0.194 -0.395 0.109 0.114
273.920 -0.369 0.227 0.235 -0.465 0.131 0.136
274.150 -0.461 0.236 0.236 -0.529 0.168 0.167
274.370 -0.534 0.245 0.254 -0.609 0.170 0.177
274.590 -0.620 0.230 0.264 -0.689 0.162 0.194
274.810 -0.699 0.212 0.287 -0.773 0.138 0.211
275.021 -0.761 0.171 0.295 -0.837 0.095 0.216
275.219 -0.814 0.117 0.294 -0.884 0.047 0.222
275.441 -0.869 0.050 0.291 -0.926 -0.007 0.233
275.672 -0.907 -0.011 0.307 -0.976 -0.080 0.235
275.900 -0.936 -0.078 0.341 -1.034 -0.176 0.239
276.130 -0.986 -0.170 0.318 -1.048 -0.232 0.254
276.350 -1.016 -0.248 0.334 -1.077 -0.309 0.271
276.580 -1.036 -0.319 0.385 -1.107 -0.391 0.311
276.821 -1.044 -0.388 0.457 -1.134 -0.478 0.364
277.030 -1.047 -0.441 0.524 -1.153 -0.548 0.414
277.240 -1.031 -0.475 0.645 -1.198 -0.641 0.489
277.460 -0.976 -0.473 0.801 -1.300 -0.797 0.616
277.691 -1.115 -0.645 0.691 -1.156 -0.687 0.649
277.922 -1.310 -0.484 0.864 -1.462 -0.637 0.716
278.140 -1.046 -0.416 1.009 -1.355 -0.728 0.825
278.370 -0.765 -0.350 1.117 -1.227 -0.823 0.931
278.581 -0.495 -0.287 1.201 -1.104 -0.919 1.015
278.821 -0.157 -0.203 1.295 -0.954 -1.046 1.109
279.040 0.143 -0.124 1.369 -0.826 -1.164 1.182
279.271 0.490 -0.028 1.453 -0.685 -1.306 1.267
279.524 0.888 0.088 1.519 -0.531 -1.474 1.332
279.730 1.239 0.191 1.584 -0.402 -1.633 1.397
279.960 1.639 0.310 1.656 -0.263 -1.825 1.469
280.191 8.651 9.003 -10.813 6.503 6.610 -11.000
280.400 12.449 15.333 -0.743 10.133 12.888 -0.924
280.651 3.904 9.888 2.945 0.693 7.471 2.724
280.880 -3.154 16.141 1.838 -6.579 13.358 1.576
281.080 -2.815 20.934 1.895 -9.695 17.272 1.640
281.310 -2.579 26.478 1.898 -13.706 21.239 1.639
281.520 -2.436 32.423 1.875 -18.130 25.169 1.616
281.760 -2.343 39.052 1.866 -23.102 29.320 1.606
282.010 -2.419 46.651 1.914 -29.073 33.860 1.650
282.220 -2.344 53.659 1.932 -34.625 38.080 1.666
282.460 -1.396 61.474 1.951 -40.147 43.193 1.682
282.670 -0.254 68.879 1.948 -45.407 48.155 1.678
282.880 1.288 76.814 1.928 -51.089 53.757 1.654
283.120 3.515 85.258 1.921 -56.985 60.207 1.646
283.320 5.966 92.802 1.923 -62.091 66.242 1.647
283.560 9.363 102.159 1.938 -68.327 73.865 1.661
283.790 12.971 111.412 1.935 -74.494 81.509 1.656
284.009 17.145 120.940 1.938 -80.649 89.596 1.657
284.240 21.599 130.269 1.935 -86.623 97.738 1.653
284.460 26.346 139.776 1.931 -92.826 106.202 1.646
284.681 31.371 149.511 1.928 -99.277 114.964 1.641
284.890 36.435 159.023 1.939 -105.630 123.582 1.652
285.111 42.167 169.252 1.935 -112.390 132.948 1.646
285.320 48.040 179.224 1.936 -118.945 142.220 1.645
285.539 54.812 190.331 1.932 -126.325 152.698 1.639
285.769 61.914 201.700 1.934 -133.988 163.504 1.640
285.979 68.641 212.344 1.935 -141.282 173.633 1.640
286.210 76.295 224.283 1.932 -149.553 184.999 1.635
286.429 83.887 235.986 1.927 -157.748 196.131 1.629
286.660 92.062 248.561 1.929 -166.680 208.018 1.629
286.889 100.506 261.466 1.931 -175.953 220.161 1.630
287.110 108.438 273.573 1.928 -184.747 231.469 1.626
287.340 117.720 287.761 1.932 -195.171 244.593 1.628
