0.000 0.000 0.000 0.000
0.210 0.000 0.000 0.000
0.439 0.000 0.000 0.000
0.669 0.000 0.000 0.000
0.869 0.000 0.000 0.000
1.071 0.000 0.000 0.000
1.270 0.000 0.000 0.000
1.470 0.000 0.000 0.000
1.670 0.000 0.000 0.000
1.870 0.000 0.000 0.000
2.071 0.000 0.000 0.000
2.270 0.000 0.000 0.000
2.470 0.000 0.000 0.000
2.670 0.000 0.000 0.000
2.870 0.000 0.000 0.000
3.070 0.000 0.000 0.000
3.271 0.000 0.000 0.000
3.470 0.000 0.000 0.000
3.671 0.000 0.000 0.000
3.869 0.000 0.000 0.000
4.070 0.000 0.000 0.000
4.280 0.000 0.000 0.000
4.480 0.000 0.000 0.000
4.680 0.000 0.000 0.000
4.880 0.000 0.000 0.000
5.080 0.000 0.000 0.000
5.280 0.000 0.000 0.000
5.479 0.000 0.000 0.000
5.680 0.000 0.000 0.000
5.879 0.000 0.000 0.000
6.080 0.000 0.000 0.000
6.280 0.000 0.000 0.000
6.480 0.000 0.000 0.000
6.680 0.000 0.000 0.000
6.880 0.000 0.000 0.000
7.080 0.000 0.000 0.000
7.280 0.000 0.000 0.000
7.480 0.000 0.000 0.000
7.680 0.000 0.000 0.000
7.880 0.000 0.000 0.000
8.090 0.000 0.000 0.000
8.290 0.000 0.000 0.000
8.490 0.000 0.000 0.000
8.690 0.000 0.000 0.000
8.890 0.000 0.000 0.000
9.090 0.000 0.000 0.000
9.290 0.000 0.000 0.000
9.490 0.000 0.000 0.000
9.690 0.000 0.000 0.000
9.890 0.000 0.000 0.000
10.090 0.000 0.000 0.000
10.290 0.000 0.000 0.000
10.490 0.000 0.000 0.000
10.689 0.000 0.000 0.000
10.890 0.000 0.000 0.000
11.093 0.000 0.000 0.000
11.321 0.000 0.000 0.000
11.501 0.000 0.000 0.000
11.689 0.000 0.000 0.000
11.921 0.000 0.000 0.000
12.101 0.000 0.000 0.000
12.289 0.000 0.000 0.000
12.521 0.000 0.000 0.000
12.701 0.000 0.000 0.000
12.889 0.000 0.000 0.000
13.125 0.000 0.000 0.000
13.305 0.000 0.000 0.000
13.490 0.000 0.000 0.000
13.725 0.000 0.000 0.000
13.910 0.000 0.000 0.000
14.141 0.000 0.000 0.000
14.321 0.000 0.000 0.000
14.510 0.000 0.000 0.000
14.741 0.000 0.000 0.000
14.922 0.000 0.000 0.000
15.110 0.000 0.000 0.000
15.345 0.000 0.000 0.000
15.521 0.000 0.000 0.000
15.721 0.000 0.000 0.000
15.945 0.000 0.000 0.000
16.121 0.000 0.000 0.000
16.320 0.000 0.000 0.000
16.545 0.000 0.000 0.000
16.725 0.000 0.000 0.000
16.921 0.000 0.000 0.000
17.141 0.000 0.000 0.000
17.321 0.000 0.000 0.000
17.520 0.000 0.000 0.000
17.741 0.000 0.000 0.000
17.925 0.000 0.000 0.000
18.161 0.000 0.000 0.000
18.343 0.000 0.000 0.000
18.530 0.000 0.000 0.000
18.761 0.000 0.000 0.000
18.946 0.000 0.000 0.000
19.130 0.000 0.000 0.000
19.361 0.000 0.000 0.000
19.545 0.000 0.000 0.000
19.733 0.000 0.000 0.000
19.961 0.000 0.000 0.000
20.141 0.000 0.000 0.000
20.330 0.000 0.000 0.000
20.561 0.000 0.000 0.000
20.741 0.000 0.000 0.000
20.930 0.000 0.000 0.000
21.165 0.000 0.000 0.000
21.345 0.000 0.000 0.000
21.532 0.000 0.000 0.000
21.753 0.000 0.000 0.000
21.935 0.000 0.000 0.000
22.130 0.000 0.000 0.000
22.353 0.000 0.000 0.000
22.534 0.000 0.000 0.000
22.730 0.000 0.000 0.000
22.953 0.000 0.000 0.000
23.136 0.000 0.000 0.000
23.330 0.000 0.000 0.000
23.557 0.000 0.000 0.000
23.745 0.000 0.000 0.000
23.930 0.000 0.000 0.000
24.157 0.000 0.000 0.000
24.333 0.000 0.000 0.000
24.530 0.000 0.000 0.000
24.754 0.000 0.000 0.000
24.941 0.000 0.000 0.000
25.174 0.000 0.000 0.000
25.353 0.000 0.000 0.000
25.540 0.000 0.000 0.000
25.774 0.000 0.000 0.000
25.953 0.000 0.000 0.000
26.140 0.000 0.000 0.000
26.373 0.000 0.000 0.000
26.554 0.000 0.000 0.000
26.740 0.000 0.000 0.000
26.973 0.000 0.000 0.000
27.153 0.000 0.000 0.000
27.340 0.000 0.000 0.000
27.576 0.000 0.000 0.000
27.753 0.000 0.000 0.000
27.940 0.000 0.000 0.000
28.174 0.000 0.000 0.000
28.354 0.000 0.000 0.000
28.540 0.000 0.000 0.000
28.773 0.000 0.000 0.000
28.953 0.000 0.000 0.000
29.140 0.000 0.000 0.000
29.377 0.000 0.000 0.000
29.575 0.000 0.000 0.000
29.758 0.000 0.000 0.000
29.940 0.000 0.000 0.000
30.173 0.000 0.000 0.000
30.354 0.000 0.000 0.000
30.540 0.000 0.000 0.000
30.773 0.000 0.000 0.000
30.953 0.000 0.000 0.000
31.140 0.000 0.000 0.000
31.373 0.000 0.000 0.000
31.557 0.000 0.000 0.000
31.740 0.000 0.000 0.000
31.973 0.000 0.000 0.000
32.153 0.000 0.000 0.000
32.346 0.000 0.000 0.000
32.573 0.000 0.000 0.000
32.753 0.000 0.000 0.000
32.940 0.000 0.000 0.000
33.173 0.000 0.000 0.000
33.353 0.000 0.000 0.000
33.540 0.000 0.000 0.000
33.774 0.000 0.000 0.000
33.953 0.000 0.000 0.000
34.140 0.000 0.000 0.000
34.373 0.000 0.000 0.000
34.557 0.000 0.000 0.000
34.740 0.000 0.000 0.000
34.977 0.000 0.000 0.000
35.157 0.000 0.000 0.000
35.340 0.000 0.000 0.000
35.573 0.000 0.000 0.000
35.757 0.000 0.000 0.000
35.940 0.000 0.000 0.000
36.173 0.000 0.000 0.000
36.353 0.000 0.000 0.000
36.540 0.000 0.000 0.000
36.773 0.000 0.000 0.000
36.953 0.000 0.000 0.000
37.140 0.000 0.000 0.000
37.374 0.000 0.000 0.000
37.553 0.000 0.000 0.000
37.740 0.000 0.000 0.000
37.974 0.000 0.000 0.000
38.154 0.000 0.000 0.000
38.340 0.000 0.000 0.000
38.573 0.000 0.000 0.000
38.757 0.000 0.000 0.000
38.940 0.000 0.000 0.000
39.173 0.000 0.000 0.000
39.353 0.000 0.000 0.000
39.540 0.000 0.000 0.000
39.773 0.000 0.000 0.000
39.955 0.000 0.000 0.000
40.140 0.000 0.000 0.000
40.373 0.000 0.000 0.000
40.553 0.000 0.000 0.000
40.740 0.000 0.000 0.000
40.973 0.000 0.000 0.000
41.153 0.000 0.000 0.000
41.342 0.000 0.000 0.000
41.573 0.000 0.000 0.000
41.753 0.000 0.000 0.000
41.941 0.000 0.000 0.000
42.185 0.000 0.000 0.000
42.353 0.000 0.000 0.000
42.550 0.000 0.000 0.000
42.777 0.000 0.000 0.000
42.954 0.000 0.000 0.000
43.150 0.000 0.000 0.000
43.377 0.000 0.000 0.000
43.555 0.000 0.000 0.000
43.750 0.000 0.000 0.000
43.973 0.000 0.000 0.000
44.154 0.000 0.000 0.000
44.350 0.000 0.000 0.000
44.573 0.000 0.000 0.000
44.755 0.000 0.000 0.000
44.950 0.000 0.000 0.000
45.173 0.000 0.000 0.000
45.357 0.000 0.000 0.000
45.550 0.000 0.000 0.000
45.773 0.000 0.000 0.000
45.957 0.000 0.000 0.000
46.150 0.000 0.000 0.000
46.373 0.000 0.000 0.000
46.553 0.000 0.000 0.000
46.750 0.000 0.000 0.000
46.973 0.000 0.000 0.000
47.157 0.000 0.000 0.000
47.351 0.000 0.000 0.000
47.573 0.000 0.000 0.000
47.753 0.000 0.000 0.000
47.950 0.000 0.000 0.000
48.177 0.000 0.000 0.000
48.360 0.000 0.000 0.000
48.597 0.000 0.000 0.000
48.773 0.000 0.000 0.000
48.960 0.000 0.000 0.000
49.197 0.000 0.000 0.000
49.378 0.000 0.000 0.000
49.560 0.000 0.000 0.000
49.793 0.000 0.000 0.000
49.973 0.000 0.000 0.000
50.160 0.000 0.000 0.000
50.393 0.000 0.000 0.000
50.573 0.000 0.000 0.000
50.760 0.000 0.000 0.000
50.994 0.000 0.000 0.000
51.177 0.000 0.000 0.000
51.360 0.000 0.000 0.000
51.593 0.000 0.000 0.000
51.773 0.000 0.000 0.000
51.960 0.000 0.000 0.000
52.193 0.000 0.000 0.000
52.375 0.000 0.000 0.000
52.561 0.000 0.000 0.000
52.793 0.000 0.000 0.000
52.973 0.000 0.000 0.000
53.160 0.000 0.000 0.000
53.393 0.000 0.000 0.000
53.577 0.000 0.000 0.000
53.759 0.000 0.000 0.000
53.997 0.000 0.000 0.000
54.185 0.000 0.000 0.000
54.370 0.000 0.000 0.000
54.605 0.000 0.000 0.000
54.782 0.000 0.000 0.000
54.973 0.000 0.000 0.000
55.201 0.000 0.000 0.000
55.381 0.000 0.000 0.000
55.570 0.000 0.000 0.000
55.801 0.000 0.000 0.000
55.981 0.000 0.000 0.000
56.180 0.000 0.000 0.000
56.405 0.000 0.000 0.000
56.585 0.000 0.000 0.000
56.780 0.000 0.000 0.000
57.001 0.000 0.000 0.000
57.181 0.000 0.000 0.000
57.380 0.000 0.000 0.000
57.601 0.000 0.000 0.000
57.781 0.000 0.000 0.000
57.980 0.000 0.000 0.000
58.205 0.000 0.000 0.000
58.381 0.000 0.000 0.000
58.580 0.000 0.000 0.000
58.802 0.000 0.000 0.000
58.985 0.000 0.000 0.000
59.180 0.000 0.000 0.000
59.401 0.000 0.000 0.000
59.585 0.000 0.000 0.000
59.780 0.000 0.000 0.000
60.001 0.000 0.000 0.000
60.182 0.000 0.000 0.000
60.381 0.000 0.000 0.000
60.601 0.000 0.000 0.000
60.786 0.000 0.000 0.000
60.980 0.000 0.000 0.000
61.201 0.000 0.000 0.000
61.381 0.000 0.000 0.000
61.580 0.000 0.000 0.000
61.801 0.000 0.000 0.000
61.990 0.000 0.000 0.000
62.180 0.000 0.000 0.000
62.401 0.000 0.000 0.000
62.581 0.000 0.000 0.000
62.779 0.000 0.000 0.000
63.001 0.000 0.000 0.000
63.181 0.000 0.000 0.000
63.380 0.000 0.000 0.000
63.601 0.000 0.000 0.000
63.781 0.000 0.000 0.000
63.980 0.000 0.000 0.000
64.201 0.000 0.000 0.000
64.385 0.000 0.000 0.000
64.580 0.000 0.000 0.000
64.801 0.000 0.000 0.000
64.981 0.000 0.000 0.000
65.180 0.000 0.000 0.000
65.403 0.000 0.000 0.000
65.582 0.000 0.000 0.000
65.780 0.000 0.000 0.000
66.001 0.000 0.000 0.000
66.181 0.000 0.000 0.000
66.380 0.000 0.000 0.000
66.602 0.000 0.000 0.000
66.785 0.000 0.000 0.000
66.980 0.000 0.000 0.000
67.201 0.000 0.000 0.000
67.381 0.000 0.000 0.000
67.580 0.000 0.000 0.000
67.801 0.000 0.000 0.000
67.981 0.000 0.000 0.000
68.185 0.000 0.000 0.000
68.401 0.000 0.000 0.000
68.581 0.000 0.000 0.000
68.780 0.000 0.000 0.000
69.001 0.000 0.000 0.000
69.185 0.000 0.000 0.000
69.381 0.000 0.000 0.000
69.602 0.000 0.000 0.000
69.781 0.000 0.000 0.000
69.980 0.000 0.000 0.000
70.201 0.000 0.000 0.000
70.381 0.000 0.000 0.000
70.580 0.000 0.000 0.000
70.801 0.000 0.000 0.000
70.984 0.000 0.000 0.000
71.180 0.000 0.000 0.000
71.401 0.000 0.000 0.000
71.581 0.000 0.000 0.000
71.780 0.000 0.000 0.000
72.001 0.000 0.000 0.000
72.181 0.000 0.000 0.000
72.380 0.000 0.000 0.000
72.601 0.000 0.000 0.000
72.781 0.000 0.000 0.000
72.980 0.000 0.000 0.108
73.203 0.000 0.000 0.108
73.385 0.000 0.000 0.108
73.580 0.000 0.000 0.108
73.805 0.000 0.000 0.108
73.986 0.000 0.000 0.108
74.180 0.000 0.000 0.108
74.401 0.000 0.000 0.108
74.581 0.000 0.000 0.108
74.781 0.000 0.000 0.108
75.001 0.000 0.000 0.108
75.189 0.000 0.000 0.108
75.380 0.000 0.000 0.108
75.602 0.000 0.000 0.108
75.785 0.000 0.000 0.108
75.980 0.000 0.000 0.108
76.205 0.000 0.000 0.108
76.385 0.000 0.000 0.108
76.580 0.000 0.000 0.108
76.805 0.000 0.000 0.108
76.981 0.000 0.000 0.108
77.180 0.000 0.000 0.108
77.405 0.000 0.000 0.108
77.585 0.000 0.000 0.108
77.780 0.000 0.000 0.108
78.005 0.000 0.000 0.108
78.181 0.000 0.000 0.108
78.380 0.000 0.000 0.108
78.601 0.000 0.000 0.108
78.781 0.000 0.000 0.108
78.980 0.000 0.000 0.108
79.205 0.000 0.000 0.108
79.382 0.000 0.000 0.108
79.580 0.000 0.000 0.108
79.801 0.000 0.000 0.108
79.981 0.000 0.000 0.108
80.180 0.000 0.000 0.108
80.401 0.000 0.000 0.108
80.581 0.000 0.000 0.108
80.780 0.000 0.000 0.108
81.001 0.000 0.000 0.108
81.185 0.000 0.000 0.108
81.380 0.000 0.000 0.108
81.601 0.000 0.000 0.108
81.781 0.000 0.000 0.108
81.980 0.000 0.000 0.108
82.205 0.000 0.000 0.108
82.381 0.000 0.000 0.108
82.580 0.000 0.000 0.108
82.805 0.000 0.000 0.108
82.981 0.000 0.000 0.108
83.180 0.000 0.000 0.108
83.401 0.000 0.000 0.108
83.581 0.000 0.000 0.108
83.780 0.000 0.000 0.108
84.001 0.000 0.000 0.108
84.181 0.000 0.000 0.108
84.380 0.000 0.000 0.108
84.605 0.000 0.000 0.108
84.781 0.000 0.000 0.108
84.980 0.000 0.000 0.108
85.201 0.000 0.000 0.108
85.385 0.000 0.000 0.108
85.580 0.000 0.000 0.108
85.801 0.000 0.000 0.108
85.981 0.000 0.000 0.108
86.180 0.000 0.000 0.108
86.401 0.000 0.000 0.108
86.581 0.000 0.000 0.108
86.780 0.000 0.000 0.108
87.001 0.000 0.000 0.108
87.182 0.000 0.000 0.108
87.380 0.000 0.000 0.108
87.601 0.000 0.000 0.108
87.785 0.000 0.000 0.108
87.980 0.000 0.000 0.108
88.201 0.000 0.000 0.108
88.381 0.000 0.000 0.108
88.580 0.000 0.000 0.108
88.802 0.000 0.000 0.108
88.981 0.000 0.000 0.108
89.180 0.000 0.000 0.108
89.405 0.000 0.000 0.108
89.585 0.000 0.000 0.108
89.780 0.000 0.000 0.108
90.001 0.000 0.000 0.108
90.181 0.000 0.000 0.108
90.379 0.000 0.000 0.108
90.601 0.000 0.000 0.108
90.787 0.000 0.000 0.108
90.980 0.000 0.000 0.108
91.201 0.000 0.000 0.108
91.385 0.000 0.000 0.108
91.580 0.000 0.000 0.108
91.803 0.000 0.000 0.108
91.981 0.000 0.000 0.108
92.180 0.000 0.000 0.108
92.405 0.000 0.000 0.108
92.581 0.000 0.000 0.108
92.780 0.000 0.000 0.108
93.005 0.000 0.000 0.108
93.185 0.000 0.000 0.108
93.380 0.000 0.000 0.108
93.601 0.000 0.000 0.108
93.781 0.000 0.000 0.108
93.980 0.000 0.000 0.108
94.201 0.000 0.000 0.108
94.385 0.000 0.000 0.108
94.580 0.000 0.000 0.108
94.801 0.000 0.000 0.108
94.981 0.000 0.000 0.108
95.180 0.000 0.000 0.108
95.401 0.000 0.000 0.108
95.581 0.000 0.000 0.108
95.780 0.000 0.000 0.108
96.002 0.000 0.000 0.108
96.181 0.000 0.000 0.108
96.380 0.000 0.000 0.108
96.605 0.000 0.000 0.108
96.781 0.000 0.000 0.108
96.980 0.000 0.000 0.108
97.202 0.000 0.000 0.108
97.381 0.000 0.000 0.108
97.580 0.000 0.000 0.108
97.805 0.000 0.000 0.108
97.985 0.000 0.000 0.108
98.180 0.000 0.000 0.108
98.401 0.000 0.000 0.108
98.582 0.000 0.000 0.108
98.780 0.000 0.000 0.108
99.001 0.000 0.000 0.108
99.186 0.000 0.000 0.108
99.380 0.000 0.000 0.108
99.601 0.000 0.000 0.108
99.781 0.000 0.000 0.108
99.980 0.000 0.000 0.108
100.202 0.000 0.000 0.108
100.381 0.000 0.000 0.108
100.580 0.000 0.000 0.108
100.801 0.000 0.000 0.108
100.985 0.000 0.000 0.108
101.180 0.000 0.000 0.108
101.405 0.000 0.000 0.108
101.585 0.000 0.000 0.108
101.780 0.000 0.000 0.108
102.005 0.000 0.000 0.108
102.181 0.000 0.000 0.108
102.380 0.000 0.000 0.108
102.601 0.000 0.000 0.108
102.785 0.000 0.000 0.108
102.980 0.000 0.000 0.108
103.201 0.000 0.000 0.108
103.385 0.000 0.000 0.108
103.580 0.000 0.000 0.108
103.801 0.000 0.000 0.108
103.981 0.000 0.000 0.108
104.180 0.000 0.000 0.108
104.402 0.000 0.000 0.108
104.581 0.000 0.000 0.108
104.780 0.000 0.000 0.108
105.006 0.000 0.000 0.108
105.181 0.000 0.000 0.108
105.380 0.000 0.000 0.108
105.601 0.000 0.000 0.108
105.781 0.000 0.000 0.108
105.980 0.000 0.000 0.108
106.202 0.000 0.000 0.108
106.381 0.000 0.000 0.108
106.580 0.000 0.000 0.108
106.801 0.000 0.000 0.108
106.981 0.000 0.000 0.108
107.180 0.000 0.000 0.108
107.401 0.000 0.000 0.108
107.582 0.000 0.000 0.108
107.780 0.000 0.000 0.108
108.001 0.000 0.000 0.108
108.181 0.000 0.000 0.108
108.380 0.000 0.000 0.108
108.601 0.000 0.000 0.108
108.781 0.000 0.000 0.108
108.980 0.000 0.000 0.108
109.201 0.000 0.000 0.108
109.383 0.000 0.000 0.108
109.580 0.000 0.000 0.108
109.801 0.000 0.000 0.108
109.990 0.000 0.000 0.108
110.221 0.000 0.000 0.108
110.401 0.000 0.000 0.108
110.590 0.000 0.000 0.108
110.825 0.000 0.000 0.108
111.001 0.000 0.000 0.108
111.190 0.000 0.000 0.108
111.421 0.000 0.000 0.108
111.602 0.000 0.000 0.108
111.790 0.000 0.000 0.108
112.024 0.000 0.000 0.108
112.201 0.000 0.000 0.108
112.390 0.000 0.000 0.108
112.621 0.000 0.000 0.108
112.801 0.000 0.000 0.108
112.989 0.000 0.000 0.108
113.225 0.000 0.000 0.108
113.401 0.000 0.000 0.108
113.590 0.000 0.000 0.108
113.825 0.000 0.000 0.108
114.005 0.000 0.000 0.108
114.190 0.000 0.000 0.108
114.425 0.000 0.000 0.108
114.601 0.000 0.000 0.108
114.789 0.000 0.000 0.108
115.021 0.000 0.000 0.108
115.201 0.000 0.000 0.108
115.390 0.000 0.000 0.108
115.621 0.000 0.000 0.108
115.805 0.000 0.000 0.108
115.990 0.000 0.000 0.108
116.225 0.000 0.000 0.108
116.401 0.000 0.000 0.108
116.591 0.000 0.000 0.108
116.821 0.000 0.000 0.108
117.005 0.000 0.000 0.108
117.190 0.000 0.000 0.108
117.421 0.000 0.000 0.108
117.601 0.000 0.000 0.108
117.790 0.000 0.000 0.108
118.021 0.000 0.000 0.108
118.205 0.000 0.000 0.108
118.391 0.000 0.000 0.108
118.625 0.000 0.000 0.108
118.801 0.000 0.000 0.108
118.990 0.000 0.000 0.108
119.221 0.000 0.000 0.108
119.401 0.000 0.000 0.108
119.590 0.000 0.000 0.108
119.821 0.000 0.000 0.108
120.001 0.000 0.000 0.108
120.191 0.000 0.000 0.108
120.421 0.000 0.000 0.108
120.605 0.000 0.000 0.108
120.790 0.000 0.000 0.108
121.021 0.000 0.000 0.108
121.201 0.000 0.000 0.108
121.390 0.000 0.000 0.108
121.625 0.000 0.000 0.108
121.801 0.000 0.000 0.108
121.990 0.000 0.000 0.108
122.222 0.000 0.000 0.108
122.403 0.000 0.000 0.108
122.590 0.000 0.000 0.108
122.825 0.000 0.000 0.108
123.001 0.000 0.000 0.108
123.190 0.000 0.000 0.108
123.425 0.000 0.000 0.108
123.601 0.000 0.000 0.108
123.790 0.000 0.000 0.108
124.023 0.000 0.000 0.108
124.202 0.000 0.000 0.108
124.390 0.000 0.000 0.108
124.621 0.000 0.000 0.108
124.802 0.000 0.000 0.108
124.990 0.000 0.000 0.108
125.221 0.000 0.000 0.108
125.405 0.000 0.000 0.108
125.590 0.000 0.000 0.108
125.821 0.000 0.000 0.108
126.001 0.000 0.000 0.108
126.190 0.000 0.000 0.108
126.426 0.000 0.000 0.108
126.605 0.000 0.000 0.108
126.790 0.000 0.000 0.108
127.021 0.000 0.000 0.108
127.201 0.000 0.000 0.108
127.390 0.000 0.000 0.108
127.621 0.000 0.000 0.108
127.801 0.000 0.000 0.108
127.990 0.000 0.000 0.108
128.221 0.000 0.000 0.108
128.405 0.000 0.000 0.108
128.590 0.000 0.000 0.108
128.825 0.000 0.000 0.108
129.002 0.000 0.000 0.108
129.190 0.000 0.000 0.108
129.421 0.000 0.000 0.108
129.605 0.000 0.000 0.108
129.801 0.000 0.000 0.108
130.022 0.000 0.000 0.108
130.206 0.000 0.000 0.108
130.400 0.000 0.000 0.108
130.621 0.000 0.000 0.108
130.805 0.000 0.000 0.108
131.000 0.000 0.000 0.108
131.221 0.000 0.000 0.108
131.401 0.000 0.000 0.108
131.600 0.000 0.000 0.108
131.825 0.000 0.000 0.108
132.001 0.000 0.000 0.108
132.199 0.000 0.000 0.108
132.421 0.000 0.000 0.108
132.601 0.000 0.000 0.108
132.799 0.000 0.000 0.108
133.021 0.000 0.000 0.108
133.201 0.000 0.000 0.108
133.399 0.000 0.000 0.108
133.621 0.000 0.000 0.108
133.801 0.000 0.000 0.108
134.000 0.000 0.000 0.108
134.225 0.000 0.000 0.108
134.405 0.000 0.000 0.108
134.599 0.000 0.000 0.108
134.821 0.000 0.000 0.108
135.001 0.000 0.000 0.108
135.199 0.000 0.000 0.108
135.421 0.000 0.000 0.108
135.602 0.000 0.000 0.108
135.799 0.000 0.000 0.108
136.021 0.000 0.000 0.108
136.201 0.000 0.000 0.108
136.399 0.000 0.000 0.108
136.621 0.000 0.000 0.108
136.805 0.000 0.000 0.108
136.999 0.000 0.000 0.108
137.221 0.000 0.000 0.108
137.401 0.000 0.000 0.108
137.600 0.000 0.000 0.108
137.821 0.000 0.000 0.108
138.001 0.000 0.000 0.108
138.200 0.000 0.000 0.108
138.421 0.000 0.000 0.108
138.601 0.000 0.000 0.108
138.800 0.000 0.000 0.108
139.021 0.000 0.000 0.108
139.201 0.000 0.000 0.108
139.399 0.000 0.000 0.108
139.621 0.000 0.000 0.108
139.801 0.000 0.000 0.108
139.999 0.000 0.000 0.108
140.221 0.000 0.000 0.108
140.405 0.000 0.000 0.108
140.599 0.000 0.000 0.108
140.825 0.000 0.000 0.108
141.001 0.000 0.000 0.108
141.200 0.000 0.000 0.108
141.421 0.000 0.000 0.108
141.601 0.000 0.000 0.108
141.799 0.000 0.000 0.108
142.021 0.000 0.000 0.108
142.201 0.000 0.000 0.108
142.399 0.000 0.000 0.108
142.621 0.000 0.000 0.108
142.801 0.000 0.000 0.108
143.000 0.000 0.000 0.108
143.221 0.000 0.000 0.108
143.401 0.000 0.000 0.108
143.599 0.000 0.000 0.108
143.821 0.000 0.000 0.108
144.001 0.000 0.000 0.108
144.199 0.000 0.000 0.108
144.421 0.000 0.000 0.108
144.601 0.000 0.000 0.108
144.800 0.000 0.000 0.108
145.021 0.000 0.000 0.108
145.201 0.000 0.000 0.108
145.400 0.000 0.000 0.108
145.621 0.000 0.000 0.108
145.801 0.000 0.000 0.108
146.000 0.000 0.000 0.108
146.225 0.000 0.000 0.108
146.401 0.000 0.000 0.108
146.599 0.000 0.000 0.108
146.825 0.000 0.000 0.108
147.001 0.000 0.000 0.108
147.199 0.000 0.000 0.108
147.425 0.000 0.000 0.108
147.605 0.000 0.000 0.108
147.799 0.000 0.000 0.108
148.025 0.000 0.000 0.108
148.205 0.000 0.000 0.108
148.400 0.000 0.000 0.108
148.625 0.000 0.000 0.108
148.801 0.000 0.000 0.108
148.999 0.000 0.000 0.108
149.221 0.000 0.000 0.108
149.401 0.000 0.000 0.108
149.599 0.000 0.000 0.108
149.825 0.000 0.000 0.108
150.002 0.000 0.000 0.108
150.199 0.000 0.000 0.108
150.421 0.000 0.000 0.108
150.601 0.000 0.000 0.108
150.800 0.000 0.000 0.108
151.021 0.000 0.000 0.108
151.201 0.000 0.000 0.009
151.399 0.000 0.000 0.009
151.625 0.000 0.000 0.009
151.801 0.000 0.000 0.009
151.999 0.000 0.000 0.009
152.225 0.000 0.000 0.009
152.405 0.000 0.000 0.009
152.599 0.000 0.000 0.009
152.821 0.000 0.000 0.009
153.001 0.000 0.000 0.009
153.200 0.000 0.000 0.009
153.421 0.000 0.000 0.009
153.601 0.000 0.000 0.009
153.799 0.000 0.000 0.009
154.025 0.000 0.000 0.009
154.201 0.000 0.000 0.009
154.399 0.000 0.000 0.009
154.625 0.000 0.000 0.009
154.805 0.000 0.000 0.009
154.999 0.000 0.000 0.009
155.221 0.000 0.000 0.009
155.401 0.000 0.000 0.009
155.600 0.000 0.000 0.009
155.825 0.000 0.000 0.009
156.001 0.000 0.000 0.009
156.199 0.000 0.000 0.009
156.421 0.000 0.000 0.009
156.602 0.000 0.000 0.009
156.800 0.000 0.000 0.009
157.025 0.000 0.000 0.009
157.206 0.000 0.000 0.009
157.400 0.000 0.000 0.009
157.625 0.000 0.000 0.009
157.805 0.000 0.000 0.009
158.000 0.000 0.000 0.009
158.225 0.000 0.000 0.009
158.405 0.000 0.000 0.009
158.600 0.000 0.000 0.009
158.821 0.000 0.000 0.009
159.002 0.000 0.000 0.009
159.200 0.000 0.000 0.009
159.421 0.000 0.000 0.009
159.601 0.000 0.000 0.009
159.800 0.000 0.000 0.009
160.023 0.000 0.000 0.009
160.206 0.000 0.000 0.009
160.400 0.000 0.000 0.009
160.621 0.000 0.000 0.009
160.810 0.000 0.000 0.009
161.041 0.000 0.000 0.009
161.221 0.000 0.000 0.009
161.410 0.000 0.000 0.009
161.645 0.000 0.000 0.009
161.821 0.000 0.000 0.009
162.010 0.000 0.000 0.009
162.245 0.000 0.000 0.009
162.425 0.000 0.000 0.009
162.610 0.000 0.000 0.009
162.841 0.000 0.000 0.009
163.025 0.000 0.000 0.009
163.210 0.000 0.000 0.009
163.445 0.000 0.000 0.009
163.625 0.000 0.000 0.009
163.810 0.000 0.000 0.009
164.045 0.000 0.000 0.009
164.221 0.000 0.000 0.009
164.410 0.000 0.000 0.009
164.641 0.000 0.000 0.009
164.821 0.000 0.000 0.009
165.010 0.000 0.000 0.009
165.241 0.000 0.000 0.009
165.425 0.000 0.000 0.009
165.610 0.000 0.000 0.009
165.813 0.000 0.000 0.009
166.033 0.000 0.000 0.009
166.214 0.000 0.000 0.009
166.419 0.000 0.000 0.009
166.641 0.000 0.000 0.009
166.821 0.000 0.000 0.009
167.020 0.000 0.000 0.009
167.245 0.000 0.000 0.009
167.421 0.000 0.000 0.009
167.620 0.000 0.000 0.009
167.841 0.000 0.000 0.009
168.021 0.000 0.000 0.009
168.220 0.000 0.000 0.009
168.441 0.000 0.000 0.009
168.625 0.000 0.000 0.009
168.830 0.000 0.000 0.009
169.053 0.000 0.000 0.009
169.233 0.000 0.000 0.009
169.430 0.000 0.000 0.009
169.653 0.000 0.000 0.009
169.833 0.000 0.000 0.009
170.030 0.000 0.000 0.009
170.257 0.000 0.000 0.009
170.437 0.000 0.000 0.009
170.630 0.000 0.000 0.009
170.853 0.000 0.000 0.009
171.033 0.000 0.000 0.009
171.230 0.000 0.000 0.009
171.453 0.000 0.000 0.009
171.639 0.000 0.000 0.009
171.873 0.000 0.000 0.009
172.054 0.000 0.000 0.009
172.240 0.000 0.000 0.009
172.473 0.000 0.000 0.009
172.657 0.000 0.000 0.009
172.840 0.000 0.000 0.009
173.077 0.000 0.000 0.009
173.253 0.000 0.000 0.009
173.440 0.000 0.000 0.009
173.673 0.000 0.000 0.009
173.855 0.000 0.000 0.009
174.040 0.000 0.000 0.009
174.277 0.000 0.000 0.009
174.457 0.000 0.000 0.009
174.640 0.000 0.000 0.009
174.873 0.000 0.000 0.009
175.053 0.000 0.000 0.009
175.240 0.000 0.000 0.009
175.473 0.000 0.000 0.009
175.653 0.000 0.000 0.009
175.840 0.000 0.000 0.009
176.073 0.000 0.000 0.009
176.257 0.000 0.000 0.009
176.440 0.000 0.000 0.009
176.677 0.000 0.000 0.009
176.853 0.000 0.000 0.009
177.040 0.000 0.000 0.009
177.273 0.000 0.000 0.009
177.458 0.000 0.000 0.009
177.639 0.000 0.000 0.009
177.873 0.000 0.000 0.009
178.054 0.000 0.000 0.009
178.240 0.000 0.000 0.009
178.473 0.000 0.000 0.009
178.655 0.000 0.000 0.009
178.840 0.000 0.000 0.009
179.077 0.000 0.000 0.009
179.253 0.000 0.000 0.009
179.440 0.000 0.000 0.009
179.674 0.000 0.000 0.009
179.853 0.000 0.000 0.009
180.040 0.000 0.000 0.009
180.277 0.000 0.000 0.009
180.457 0.000 0.000 0.000
180.640 0.000 0.000 0.000
180.873 0.000 0.000 0.000
181.057 0.000 0.000 0.000
181.240 0.000 0.000 0.000
181.473 0.000 0.000 0.000
181.653 0.000 0.000 0.000
181.840 0.000 0.000 0.000
182.077 0.000 0.000 0.000
182.253 0.000 0.000 0.000
182.441 0.000 0.000 0.000
182.677 0.000 0.000 0.000
182.854 0.000 0.000 0.000
183.040 0.000 0.000 0.000
183.277 0.000 0.000 0.000
183.454 0.000 0.000 0.000
183.640 0.000 0.000 0.000
183.877 0.000 0.000 0.000
184.058 0.000 0.000 0.000
184.240 0.000 0.000 0.000
184.473 0.000 0.000 0.000
184.655 0.000 0.000 0.000
184.840 0.000 0.000 0.000
185.078 0.000 0.000 0.000
185.253 0.000 0.000 0.000
185.440 0.000 0.000 0.000
185.682 0.000 0.000 0.000
185.858 0.000 0.000 0.000
186.040 0.000 0.000 0.000
186.273 0.000 0.000 0.000
186.453 0.000 0.000 0.000
186.650 0.000 0.000 0.000
186.875 0.000 0.000 0.000
187.053 0.000 0.000 0.000
187.251 0.000 0.000 0.000
187.476 0.000 0.000 0.000
187.657 0.000 0.000 0.000
187.851 0.000 0.000 0.000
188.073 0.000 0.000 0.000
188.253 0.000 0.000 0.000
188.450 0.000 0.000 0.000
188.673 0.000 0.000 0.000
188.857 0.000 0.000 0.000
189.050 0.000 0.000 0.000
189.273 0.000 0.000 0.000
189.455 0.000 0.000 0.000
189.656 0.000 0.000 0.000
189.875 0.000 0.000 0.000
190.060 0.000 0.000 0.000
190.293 0.000 0.000 0.000
190.473 0.000 0.000 0.000
190.660 0.000 0.000 0.000
190.894 0.000 0.000 0.000
191.077 0.000 0.000 0.000
191.261 0.000 0.000 0.000
191.497 0.000 0.000 0.000
191.673 0.000 0.000 0.000
191.859 0.000 0.000 0.000
192.097 0.000 0.000 0.000
192.277 0.000 0.000 0.000
192.459 0.000 0.000 0.000
192.697 0.000 0.000 0.000
192.873 0.000 0.000 0.000
193.060 0.000 0.000 0.000
193.293 0.000 0.000 0.000
193.473 0.000 0.000 0.000
193.659 0.000 0.000 0.000
193.893 0.000 0.000 0.000
194.073 0.000 0.000 0.000
194.259 0.000 0.000 0.000
194.493 0.000 0.000 0.000
194.673 0.000 0.000 0.000
194.859 0.000 0.000 0.000
195.093 0.000 0.000 0.000
195.273 0.000 0.000 0.000
195.459 0.000 0.000 0.000
195.693 0.000 0.000 0.000
195.873 0.000 0.000 0.000
196.059 0.000 0.000 0.000
196.297 0.000 0.000 0.000
196.477 0.000 0.000 0.000
196.659 0.000 0.000 0.000
196.893 0.000 0.000 0.000
197.077 0.000 0.000 0.000
197.259 0.000 0.000 0.000
197.497 0.000 0.000 0.000
197.673 0.000 0.000 0.000
197.859 0.000 0.000 0.000
198.093 0.000 0.000 0.000
198.273 0.000 0.000 0.000
198.459 0.000 0.000 0.000
198.693 0.000 0.000 0.000
198.873 0.000 0.000 0.000
199.059 0.000 0.000 0.000
199.297 0.000 0.000 0.000
199.473 0.000 0.000 0.000
199.659 0.000 0.000 0.000
199.897 0.000 0.000 0.000
200.073 0.000 0.000 0.000
200.260 0.000 0.000 0.000
200.493 0.000 0.000 0.000
200.673 0.000 0.000 0.000
200.859 0.000 0.000 0.000
201.093 0.000 0.000 -0.014
201.277 0.000 0.000 -0.014
201.459 0.000 0.000 -0.014
201.693 0.000 0.000 -0.014
201.873 0.000 0.000 -0.014
202.059 0.000 0.000 -0.014
202.293 0.000 0.000 -0.014
202.473 0.000 0.000 -0.014
202.659 0.000 0.000 -0.014
202.893 0.000 0.000 -0.014
203.073 0.000 0.000 -0.014
203.260 0.000 0.000 -0.014
203.497 0.000 0.000 -0.014
203.677 0.000 0.000 -0.014
203.859 0.000 0.000 -0.014
204.093 0.000 0.000 -0.014
204.277 0.000 0.000 -0.014
204.459 0.000 0.000 -0.014
204.693 0.000 0.000 -0.014
204.873 0.000 0.000 -0.014
205.059 0.000 0.000 -0.014
205.297 0.000 0.000 -0.014
205.473 0.000 0.000 -0.014
205.659 0.000 0.000 -0.014
205.897 0.000 0.000 -0.014
206.077 0.000 0.000 -0.014
206.259 0.000 0.000 -0.014
206.493 0.000 0.000 -0.014
206.673 0.000 0.000 -0.014
206.859 0.000 0.000 -0.014
207.093 0.000 0.000 -0.014
207.273 0.000 0.000 -0.014
207.459 0.000 0.000 -0.014
207.697 0.000 0.000 -0.014
207.873 0.000 0.000 -0.014
208.059 0.000 0.000 -0.014
208.293 0.000 0.000 -0.014
208.477 0.000 0.000 -0.014
208.659 0.000 0.000 -0.014
208.897 0.000 0.000 -0.014
209.077 0.000 0.000 -0.014
209.259 0.000 0.000 -0.014
209.497 0.000 0.000 0.000
209.677 0.000 0.000 0.000
209.860 0.000 0.000 0.000
210.093 0.000 0.000 0.000
210.273 0.000 0.000 0.000
210.459 0.000 0.000 0.000
210.693 0.000 0.000 0.000
210.877 0.000 0.000 0.000
211.059 0.000 0.000 0.000
211.293 0.000 0.000 0.000
211.473 0.000 0.000 0.000
211.659 0.000 0.000 0.000
211.893 0.000 0.000 0.000
212.077 0.000 0.000 0.000
212.259 0.000 0.000 0.000
212.493 0.000 0.000 0.000
212.673 0.000 0.000 0.000
212.859 0.000 0.000 0.000
213.093 0.000 0.000 0.000
213.273 0.000 0.000 0.000
213.460 0.000 0.000 0.000
213.697 0.000 0.000 0.000
213.873 0.000 0.000 0.000
214.060 0.000 0.000 0.000
214.293 0.000 0.000 0.000
214.473 0.000 0.000 0.000
214.660 0.000 0.000 0.000
214.893 0.000 0.000 0.000
215.073 0.000 0.000 0.000
215.260 0.000 0.000 0.000
215.493 0.000 0.000 0.000
215.673 0.000 0.000 0.000
215.860 0.000 0.000 0.000
216.093 0.000 0.000 0.000
216.273 0.000 0.000 0.000
216.460 0.000 0.000 0.000
216.697 0.000 0.000 0.000
216.877 0.000 0.000 0.000
217.061 0.000 0.000 0.000
217.296 0.000 0.000 0.000
217.473 0.000 0.000 0.000
217.660 0.000 0.000 0.000
217.894 0.000 0.000 0.000
218.074 0.000 0.000 0.000
218.260 0.000 0.000 0.000
218.497 0.000 0.000 0.000
218.673 0.000 0.000 0.000
218.860 0.000 0.000 0.000
219.094 0.000 0.000 0.000
219.273 0.000 0.000 0.000
219.460 0.000 0.000 0.000
219.697 0.000 0.000 0.000
219.873 0.000 0.000 0.000
220.060 0.000 0.000 0.000
220.297 0.000 0.000 0.000
220.477 0.000 0.000 0.000
220.660 0.000 0.000 0.000
220.893 0.000 0.000 0.000
221.077 0.000 0.000 0.000
221.260 0.000 0.000 0.000
221.493 0.000 0.000 0.000
221.678 0.000 0.000 0.000
221.860 0.000 0.000 0.000
222.093 0.000 0.000 0.000
222.273 0.000 0.000 0.000
222.460 0.000 0.000 0.000
222.693 0.000 0.000 0.000
222.873 0.000 0.000 0.000
223.060 0.000 0.000 0.000
223.293 0.000 0.000 0.000
223.473 0.000 0.000 0.000
223.661 0.000 0.000 0.000
223.894 0.000 0.000 0.000
224.073 0.000 0.000 0.000
224.260 0.000 0.000 0.000
224.493 0.000 0.000 0.000
224.673 0.000 0.000 0.000
224.860 0.000 0.000 0.000
225.093 0.000 0.000 0.000
225.273 0.000 0.000 0.000
225.460 0.000 0.000 0.000
225.697 0.000 0.000 0.000
225.873 0.000 0.000 0.000
226.060 0.000 0.000 0.000
226.293 0.000 0.000 0.000
226.474 0.000 0.000 0.000
226.660 0.000 0.000 0.000
226.893 0.000 0.000 0.000
227.077 0.000 0.000 0.000
227.260 0.000 0.000 0.000
227.497 0.000 0.000 0.000
227.673 0.000 0.000 0.000
227.860 0.000 0.000 0.000
228.097 0.000 0.000 0.000
228.273 0.000 0.000 0.000
228.460 0.000 0.000 0.000
228.697 0.000 0.000 0.000
228.877 0.000 0.000 0.000
229.070 0.000 0.000 0.000
229.293 0.000 0.000 0.000
229.482 0.000 0.000 0.000
229.717 0.000 0.000 0.000
229.894 0.000 0.000 0.000
230.080 0.000 0.000 0.000
230.313 0.000 0.000 0.000
230.494 0.000 0.000 0.000
230.680 0.000 0.000 0.000
230.913 0.000 0.000 0.000
231.094 0.000 0.000 0.000
231.280 0.000 0.000 0.000
231.514 0.000 0.000 0.000
231.694 0.000 0.000 0.000
231.880 0.000 0.000 0.000
232.117 0.000 0.000 0.000
232.294 0.000 0.000 0.000
232.480 0.000 0.000 0.000
232.717 0.000 0.000 0.000
232.894 0.000 0.000 0.000
233.080 0.000 0.000 0.000
233.313 0.000 0.000 0.000
233.493 0.000 0.000 0.000
233.680 0.000 0.000 0.000
233.913 0.000 0.000 0.000
234.094 0.000 0.000 0.000
234.279 0.000 0.000 0.000
234.513 0.000 0.000 0.000
234.697 0.000 0.000 0.000
234.880 0.000 0.000 0.000
235.113 0.000 0.000 0.000
235.294 0.000 0.000 0.000
235.479 0.000 0.000 0.000
235.713 0.000 0.000 0.000
235.889 0.000 0.000 0.000
236.080 0.000 0.000 0.000
236.301 0.000 0.000 0.000
236.485 0.000 0.000 0.000
236.680 0.000 0.000 0.000
236.905 0.000 0.000 0.000
237.081 0.000 0.000 0.000
237.280 0.000 0.000 0.000
237.501 0.000 0.000 0.000
237.681 0.000 0.000 0.000
237.880 0.000 0.000 0.000
238.104 0.000 0.000 0.000
238.293 0.000 0.000 0.000
238.490 0.000 0.000 0.000
238.717 0.000 0.000 0.000
238.893 0.000 0.000 0.000
239.090 0.000 0.000 0.000
239.313 0.000 0.000 0.000
239.493 0.000 0.000 0.000
239.690 0.000 0.000 0.000
239.918 0.000 0.000 0.000
240.093 0.000 0.000 0.000
240.290 0.000 0.000 0.000
240.513 0.000 0.000 0.000
240.693 0.000 0.000 0.000
240.890 0.000 0.000 0.000
241.114 0.000 0.000 0.000
241.294 0.000 0.000 0.000
241.490 0.000 0.000 0.000
241.713 0.000 0.000 0.000
241.893 0.000 0.000 0.000
242.090 0.000 0.000 0.000
242.313 0.000 0.000 0.000
242.494 0.000 0.000 0.000
242.690 0.000 0.000 0.000
242.913 0.000 0.000 0.000
243.093 0.000 0.000 0.000
243.289 0.000 0.000 0.000
243.522 0.000 0.000 0.000
243.705 0.000 0.000 0.000
243.941 0.000 0.000 0.000
244.121 0.000 0.000 0.000
244.310 0.000 0.000 0.000
244.545 0.000 0.000 0.000
244.721 0.000 0.000 0.000
244.911 0.000 0.000 0.000
245.145 0.000 0.000 0.000
245.321 0.000 0.000 0.000
245.510 0.000 0.000 0.000
245.741 0.000 0.000 0.000
245.921 0.000 0.000 0.000
246.110 0.000 0.000 0.000
246.345 0.000 0.000 0.000
246.525 0.000 0.000 0.000
246.710 0.000 0.000 0.000
246.941 0.000 0.000 0.000
247.121 0.000 0.000 0.000
247.320 0.000 0.000 0.000
247.553 0.000 0.000 0.000
247.739 0.000 0.000 0.000
247.920 0.000 0.000 0.000
248.157 0.000 0.000 0.000
248.337 0.000 0.000 0.000
248.520 0.000 0.000 0.000
248.753 0.000 0.000 0.000
248.933 0.000 0.000 0.000
249.120 0.000 0.000 0.000
249.353 0.000 0.000 0.000
249.533 0.000 0.000 0.000
249.722 0.000 0.000 0.000
249.953 0.000 0.000 0.000
250.134 0.000 0.000 0.000
250.320 0.000 0.000 0.000
250.557 0.000 0.000 0.000
250.733 0.000 0.000 0.000
250.920 0.000 0.000 0.000
251.153 0.000 0.000 0.000
251.333 0.000 0.000 0.000
251.520 0.000 0.000 0.000
251.753 0.000 0.000 0.000
251.937 0.000 0.000 0.000
252.120 0.000 0.000 0.000
252.353 0.000 0.000 0.000
252.533 0.000 0.000 0.000
252.730 0.000 0.000 0.000
252.957 0.000 0.000 0.000
253.143 0.000 0.000 0.000
253.373 0.000 0.000 0.000
253.553 0.000 0.000 0.000
253.740 0.000 0.000 0.000
253.973 0.000 0.000 0.000
254.153 0.000 0.000 0.000
254.340 0.000 0.000 0.000
254.573 0.000 0.000 0.000
254.753 0.000 0.000 0.000
254.940 0.000 0.000 0.000
255.173 0.000 0.000 0.000
255.355 0.000 0.000 0.000
255.540 0.000 0.000 0.000
255.773 0.000 0.000 0.000
255.953 0.000 0.000 0.000
256.140 0.000 0.000 0.000
256.373 0.000 0.000 0.000
256.553 0.000 0.000 0.000
256.741 0.000 0.000 0.000
256.973 0.000 0.000 0.000
257.153 0.000 0.000 0.000
257.340 0.000 0.000 0.000
257.573 0.000 0.000 0.000
257.754 0.000 0.000 0.000
257.941 0.000 0.000 0.000
258.173 0.000 0.000 0.000
258.360 0.000 0.000 0.000
258.542 0.000 0.000 0.000
258.773 0.000 0.000 0.000
258.954 0.000 0.000 0.000
259.140 0.000 0.000 0.000
259.373 0.000 0.000 0.000
259.553 0.000 0.000 0.000
259.740 0.000 0.000 0.000
259.973 0.000 0.000 0.000
260.154 0.000 0.000 0.000
260.340 0.000 0.000 0.000
260.573 0.000 0.000 0.000
260.754 0.000 0.000 0.000
260.942 0.000 0.000 0.000
261.174 0.000 0.000 0.000
261.353 0.000 0.000 0.000
261.540 0.000 0.000 0.000
261.773 0.000 0.000 0.000
261.953 0.000 0.000 0.000
262.140 0.000 0.000 0.000
262.373 0.000 0.000 0.000
262.553 0.000 0.000 0.000
262.740 0.000 0.000 0.000
262.973 0.000 0.000 0.000
263.153 0.000 0.000 0.000
263.340 0.000 0.000 0.000
263.577 0.000 0.000 0.000
263.753 0.000 0.000 0.000
263.940 0.000 0.000 0.000
264.173 0.000 0.000 0.000
264.357 0.000 0.000 0.000
264.540 0.000 0.000 0.000
264.777 0.000 0.000 0.000
264.953 0.000 0.000 0.000
265.140 0.000 0.000 0.000
265.373 0.000 0.000 0.000
265.553 0.000 0.000 0.000
265.740 0.000 0.000 0.000
265.977 0.000 0.000 0.000
266.161 0.000 0.000 0.000
266.350 0.000 0.000 0.000
266.585 0.000 0.000 0.000
266.761 0.000 0.000 0.000
266.950 0.000 0.000 0.000
267.185 0.000 0.000 0.000
267.361 0.000 0.000 0.000
267.550 0.000 0.000 0.000
267.781 0.000 0.000 0.000
267.965 0.000 0.000 0.000
268.154 0.000 0.000 0.000
268.385 0.000 0.000 0.000
268.561 0.000 0.000 0.000
268.750 0.000 0.000 0.000
268.981 0.000 0.000 0.000
269.161 0.000 0.000 0.000
269.350 0.000 0.000 0.000
269.585 0.000 0.000 0.000
269.765 0.000 0.000 0.000
269.950 0.000 0.000 0.000
270.181 0.000 0.000 0.000
270.362 0.000 0.000 0.000
270.550 0.000 0.000 0.000
270.781 0.000 0.000 0.000
270.965 0.000 0.000 0.024
271.150 0.000 0.000 0.024
271.385 0.000 0.000 0.024
271.561 0.000 0.000 0.024
271.750 0.000 0.000 0.024
271.981 0.000 0.000 0.024
272.165 0.000 0.000 0.024
272.352 0.000 0.000 0.024
272.585 0.000 0.000 0.024
272.761 0.000 0.000 0.024
272.950 0.000 0.000 0.024
273.181 0.000 0.000 0.024
273.361 0.000 0.000 0.024
273.550 0.000 0.000 0.024
273.787 0.000 0.000 0.024
273.961 0.000 0.000 0.024
274.150 0.000 0.000 0.024
274.386 0.000 0.000 0.024
274.561 0.000 0.000 0.024
274.750 0.000 0.000 0.024
274.981 0.000 0.000 0.024
275.165 0.000 0.000 0.024
275.350 0.000 0.000 0.024
275.581 0.000 0.000 0.024
275.761 0.000 0.000 0.024
275.950 0.000 0.000 0.024
276.181 0.000 0.000 0.024
276.361 0.000 0.000 0.024
276.550 0.000 0.000 0.024
276.781 0.000 0.000 0.024
276.961 0.000 0.000 0.024
277.150 0.000 0.000 0.024
277.381 0.000 0.000 0.024
277.561 0.000 0.000 0.024
277.750 0.000 0.000 0.024
277.981 0.000 0.000 0.024
278.161 0.000 0.000 0.024
278.351 0.000 0.000 0.024
278.581 0.000 0.000 0.024
278.765 0.000 0.000 0.024
278.950 0.000 0.000 0.024
279.189 0.000 0.000 0.024
279.361 0.000 0.000 0.024
279.550 0.000 0.000 0.024
279.785 0.000 0.000 0.024
279.962 0.000 0.000 0.024
280.150 0.000 0.000 0.024
280.385 0.000 0.000 0.024
280.561 0.000 0.000 0.024
280.751 0.000 0.000 0.024
280.985 0.000 0.000 0.024
281.165 0.000 0.000 0.232
281.350 0.000 0.000 0.232
281.581 0.000 0.000 0.232
281.761 0.000 0.000 0.232
281.950 0.000 0.000 0.232
282.185 0.000 0.000 0.232
282.363 0.000 0.000 0.232
282.550 0.000 0.000 0.232
282.781 0.000 0.000 0.232
282.961 0.000 0.000 0.232
283.150 0.000 0.000 0.232
283.381 0.000 0.000 0.232
283.561 0.000 0.000 0.232
283.750 0.000 0.000 0.232
283.981 0.000 0.000 0.232
284.161 0.000 0.000 0.232
284.350 0.000 0.000 0.232
284.585 0.000 0.000 0.232
284.761 0.000 0.000 0.232
284.950 0.000 0.000 0.232
285.185 0.000 0.000 0.232
285.361 0.000 0.000 0.232
285.550 0.000 0.000 0.232
285.781 0.000 0.000 0.232
285.961 0.000 0.000 0.232
286.150 0.000 0.000 0.232
286.381 0.000 0.000 0.232
286.562 0.000 0.000 0.232
286.750 0.000 0.000 0.232
286.985 0.000 0.000 0.232
287.161 0.000 0.000 0.232
287.350 0.000 0.000 0.232
287.585 0.000 0.000 0.232
287.770 0.000 0.000 0.232
287.950 0.000 0.000 0.232
288.182 0.000 0.000 0.232
288.361 0.000 0.000 0.232
288.550 0.000 0.000 0.232
288.781 0.000 0.000 0.232
288.965 0.000 0.000 0.232
289.150 0.000 0.000 0.232
289.381 0.000 0.000 0.232
289.561 0.000 0.000 0.232
289.750 0.000 0.000 0.232
289.981 0.000 0.000 0.232
290.161 0.000 0.000 0.232
290.350 0.000 0.000 0.232
290.585 0.000 0.000 0.232
290.765 0.000 0.000 0.232
290.950 0.000 0.000 0.232
291.182 0.000 0.000 0.232
291.365 0.000 0.000 0.232
291.556 0.000 0.000 0.232
291.785 0.000 0.000 0.232
291.961 0.000 0.000 0.232
292.150 0.000 0.000 0.232
292.385 0.000 0.000 0.232
292.562 0.000 0.000 0.232
292.750 0.000 0.000 0.232
292.985 0.000 0.000 0.232
293.161 0.000 0.000 0.232
293.350 0.000 0.000 0.232
293.581 0.000 0.000 0.232
293.761 0.000 0.000 0.232
293.950 0.000 0.000 0.232
294.181 0.000 0.000 0.232
294.361 0.000 0.000 0.232
294.550 0.000 0.000 0.232
294.781 0.000 0.000 0.232
294.965 0.000 0.000 0.232
295.150 0.000 0.000 0.232
295.386 0.000 0.000 0.232
295.565 0.000 0.000 0.232
295.750 0.000 0.000 0.232
295.985 0.000 0.000 0.232
296.161 0.000 0.000 0.232
296.350 0.000 0.000 0.232
296.581 0.000 0.000 0.232
296.765 0.000 0.000 0.232
296.950 0.000 0.000 0.232
297.173 0.000 0.000 0.232
297.353 0.000 0.000 0.232
297.551 0.000 0.000 0.232
297.777 0.000 0.000 0.232
297.954 0.000 0.000 0.232
298.150 0.000 0.000 0.232
298.377 0.000 0.000 0.232
298.553 0.000 0.000 0.232
298.750 0.000 0.000 0.232
298.973 0.000 0.000 0.232
299.159 0.000 0.000 0.232
299.350 0.000 0.000 0.232
299.573 0.000 0.000 0.232
299.753 0.000 0.000 0.232
299.950 0.000 0.000 0.232
300.175 0.000 0.000 0.232
300.354 0.000 0.000 0.232
300.550 0.000 0.000 0.046
300.775 0.000 0.000 0.046
300.953 0.000 0.000 0.046
301.150 0.000 0.000 0.046
301.375 0.000 0.000 0.046
301.553 0.000 0.000 0.046
301.750 0.000 0.000 0.046
301.973 0.000 0.000 0.046
302.153 0.000 0.000 0.046
302.350 0.000 0.000 0.046
302.573 0.000 0.000 0.046
302.757 0.000 0.000 0.046
302.950 0.000 0.000 0.046
303.173 0.000 0.000 0.046
303.353 0.000 0.000 0.046
303.550 0.000 0.000 0.046
303.773 0.000 0.000 0.046
303.957 0.000 0.000 0.046
304.151 0.000 0.000 0.046
304.373 0.000 0.000 0.046
304.553 0.000 0.000 0.046
304.750 0.000 0.000 0.046
304.973 0.000 0.000 0.046
305.153 0.000 0.000 0.046
305.350 0.000 0.000 0.046
305.573 0.000 0.000 0.046
305.757 0.000 0.000 0.046
305.950 0.000 0.000 0.046
306.177 0.000 0.000 0.046
306.353 0.000 0.000 0.046
306.550 0.000 0.000 0.046
306.773 0.000 0.000 0.046
306.953 0.000 0.000 0.046
307.150 0.000 0.000 0.046
307.373 0.000 0.000 0.046
307.553 0.000 0.000 0.046
307.750 0.000 0.000 0.046
307.973 0.000 0.000 0.046
308.155 0.000 0.000 0.046
308.350 0.000 0.000 0.046
308.573 0.000 0.000 0.046
308.753 0.000 0.000 0.046
308.950 0.000 0.000 0.046
309.173 0.000 0.000 0.000
309.353 0.000 0.000 0.000
309.550 0.000 0.000 0.000
309.773 0.000 0.000 0.000
309.957 0.000 0.000 0.000
310.150 0.000 0.000 0.000
310.378 0.000 0.000 0.000
310.553 0.000 0.000 0.000
310.750 0.000 0.000 0.000
310.973 0.000 0.000 0.000
311.154 0.000 0.000 0.000
311.350 0.000 0.000 0.000
311.575 0.000 0.000 0.000
311.753 0.000 0.000 0.000
311.950 0.000 0.000 0.000
312.173 0.000 0.000 0.000
312.354 0.000 0.000 0.000
312.550 0.000 0.000 0.000
312.778 0.000 0.000 0.000
312.953 0.000 0.000 0.000
313.150 0.000 0.000 0.000
313.377 0.000 0.000 0.000
313.557 0.000 0.000 0.000
313.750 0.000 0.000 0.000
313.973 0.000 0.000 0.000
314.153 0.000 0.000 0.000
314.350 0.000 0.000 0.000
314.573 0.000 0.000 0.000
314.757 0.000 0.000 0.000
314.950 0.000 0.000 0.000
315.173 0.000 0.000 0.000
315.357 0.000 0.000 0.000
315.550 0.000 0.000 0.000
315.773 0.000 0.000 0.000
315.957 0.000 0.000 0.000
316.150 0.000 0.000 0.000
316.374 0.000 0.000 0.000
316.553 0.000 0.000 0.000
316.801 0.000 0.000 0.000
316.977 0.000 0.000 0.000
317.160 0.000 0.000 0.000
317.393 0.000 0.000 0.000
317.573 0.000 0.000 0.000
317.770 0.000 0.000 0.000
317.995 0.000 0.000 0.000
318.177 0.000 0.000 0.000
318.370 0.000 0.000 0.000
318.593 0.000 0.000 0.000
318.773 0.000 0.000 0.000
318.970 0.000 0.000 0.000
319.193 0.000 0.000 0.000
319.373 0.000 0.000 0.000
319.570 0.000 0.000 0.000
319.795 0.000 0.000 0.000
319.980 0.000 0.000 0.000
320.217 0.000 0.000 0.000
320.399 0.000 0.000 0.000
320.580 0.000 0.000 0.000
320.813 0.000 0.000 0.000
320.993 0.000 0.000 0.000
321.180 0.000 0.000 0.000
321.413 0.000 0.000 0.000
321.601 0.000 0.000 0.000
321.800 0.000 0.000 0.000
322.021 0.000 0.000 0.000
322.205 0.000 0.000 0.000
322.408 0.000 0.000 0.000
322.625 0.000 0.000 0.000
322.803 0.000 0.000 0.000
323.000 0.000 0.000 0.000
323.221 0.000 0.000 0.000
323.410 0.000 0.000 0.000
323.641 0.000 0.000 0.000
323.821 0.000 0.000 0.000
324.010 0.000 0.000 0.000
324.241 0.000 0.000 0.000
324.425 0.000 0.000 0.000
324.610 0.000 0.000 0.000
324.845 0.000 0.000 0.000
325.021 0.000 0.000 0.000
325.210 0.000 0.000 0.000
325.441 0.000 0.000 0.000
325.625 0.000 0.000 0.000
325.810 0.000 0.000 0.000
326.041 0.000 0.000 0.000
326.221 0.000 0.000 0.000
326.410 0.000 0.000 0.000
326.645 0.000 0.000 0.000
326.821 0.000 0.000 0.000
327.010 0.000 0.000 0.000
327.241 0.000 0.000 0.000
327.421 0.000 0.000 0.000
327.610 0.000 0.000 0.000
327.841 0.000 0.000 0.000
328.021 0.000 0.000 0.000
328.209 0.000 0.000 0.000
328.445 0.000 0.000 0.000
328.626 0.000 0.000 0.000
328.819 0.000 0.000 0.000
329.041 0.000 0.000 0.000
329.221 0.000 0.000 0.000
329.420 0.000 0.000 0.000
329.641 0.000 0.000 0.000
329.825 0.000 0.000 0.000
330.020 0.000 0.000 0.000
330.241 0.000 0.000 0.000
330.423 0.000 0.000 0.000
330.620 0.000 0.000 0.000
330.845 0.000 0.000 0.000
331.021 0.000 0.000 0.000
331.220 0.000 0.000 0.000
331.441 0.000 0.000 0.000
331.621 0.000 0.000 0.000
331.820 0.000 0.000 0.000
332.045 0.000 0.000 0.000
332.221 0.000 0.000 0.000
332.420 0.000 0.000 0.000
332.641 0.000 0.000 0.000
332.823 0.000 0.000 0.000
333.020 0.000 0.000 0.000
333.241 0.000 0.000 0.000
333.425 0.000 0.000 0.000
333.620 0.000 0.000 0.000
333.841 0.000 0.000 0.000
334.025 0.000 0.000 0.000
334.220 0.000 0.000 0.000
334.445 0.000 0.000 0.000
334.625 0.000 0.000 0.000
334.819 0.000 0.000 0.000
335.045 0.000 0.000 0.000
335.225 0.000 0.000 0.000
335.419 0.000 0.000 0.000
335.633 0.000 0.000 0.000
335.829 0.000 0.000 0.000
336.053 0.000 0.000 0.000
336.237 0.000 0.000 0.000
336.430 0.000 0.000 0.000
336.653 0.000 0.000 0.000
336.833 0.000 0.000 0.000
337.029 0.000 0.000 0.000
337.253 0.000 0.000 0.000
337.433 0.000 0.000 0.000
337.629 0.000 0.000 0.000
337.857 0.000 0.000 0.000
338.034 0.000 0.000 0.000
338.230 0.000 0.000 0.000
338.453 0.000 0.000 0.000
338.634 0.000 0.000 0.000
338.833 0.000 0.000 0.000
339.053 0.000 0.000 0.000
339.233 0.000 0.000 0.000
339.430 0.000 0.000 0.000
339.657 0.000 0.000 0.000
339.833 0.000 0.000 0.000
340.030 0.000 0.000 0.000
340.253 0.000 0.000 0.000
340.434 0.000 0.000 0.000
340.630 0.000 0.000 0.000
340.857 0.000 0.000 0.000
341.033 0.000 0.000 0.000
341.230 0.000 0.000 0.000
341.457 0.000 0.000 0.000
341.634 0.000 0.000 0.000
341.830 0.000 0.000 0.000
342.054 0.000 0.000 0.000
342.233 0.000 0.000 0.000
342.430 0.000 0.000 0.000
342.657 0.000 0.000 0.000
342.838 0.000 0.000 0.000
343.030 0.000 0.000 0.000
343.253 0.000 0.000 0.000
343.433 0.000 0.000 0.000
343.630 0.000 0.000 0.000
343.857 0.000 0.000 0.000
344.037 0.000 0.000 0.000
344.231 0.000 0.000 0.000
344.453 0.000 0.000 0.000
344.635 0.000 0.000 0.000
344.830 0.000 0.000 0.000
345.053 0.000 0.000 0.000
345.234 0.000 0.000 0.000
345.430 0.000 0.000 0.000
345.653 0.000 0.000 0.000
345.834 0.000 0.000 0.000
346.030 0.000 0.000 0.000
346.253 0.000 0.000 0.000
346.433 0.000 0.000 0.000
346.630 0.000 0.000 0.000
346.853 0.000 0.000 0.000
347.034 0.000 0.000 0.000
347.230 0.000 0.000 0.000
347.453 0.000 0.000 0.000
347.634 0.000 0.000 0.000
347.830 0.000 0.000 0.000
348.053 0.000 0.000 0.000
348.233 0.000 0.000 0.000
348.430 0.000 0.000 0.000
348.653 0.000 0.000 0.000
348.833 0.000 0.000 0.000
349.030 0.000 0.000 0.000
349.257 0.000 0.000 0.000
349.437 0.000 0.000 0.000
349.630 0.000 0.000 0.000
349.857 0.000 0.000 0.000
350.037 0.000 0.000 0.000
350.230 0.000 0.000 0.000
350.453 0.000 0.000 0.000
350.634 0.000 0.000 0.000
350.831 0.000 0.000 0.000
351.053 0.000 0.000 0.000
351.240 0.000 0.000 0.000
351.429 0.000 0.000 0.000
351.657 0.000 0.000 0.000
351.833 0.000 0.000 0.000
352.030 0.000 0.000 0.000
352.254 0.000 0.000 0.000
352.435 0.000 0.000 0.000
352.630 0.000 0.000 0.000
352.859 0.000 0.000 0.000
353.041 0.000 0.000 0.000
353.230 0.000 0.000 0.000
353.454 0.000 0.000 0.000
353.633 0.000 0.000 0.000
353.831 0.000 0.000 0.000
354.057 0.000 0.000 0.000
354.240 0.000 0.000 0.000
354.477 0.000 0.000 0.000
354.653 0.000 0.000 0.000
354.840 0.000 0.000 0.000
355.073 0.000 0.000 0.000
355.253 0.000 0.000 0.000
355.440 0.000 0.000 0.000
355.677 0.000 0.000 0.000
355.853 0.000 0.000 0.000
356.041 0.000 0.000 0.000
356.278 0.000 0.000 0.000
356.453 0.000 0.000 0.000
356.640 0.000 0.000 0.000
356.873 0.000 0.000 0.000
357.053 0.000 0.000 0.000
357.240 0.000 0.000 0.000
357.473 0.000 0.000 0.000
357.653 0.000 0.000 0.000
357.840 0.000 0.000 0.000
358.073 0.000 0.000 0.000
358.254 0.000 0.000 0.000
358.440 0.000 0.000 0.000
358.673 0.000 0.000 0.000
358.857 0.000 0.000 0.000
359.040 0.000 0.000 0.000
359.273 0.000 0.000 0.000
359.454 0.000 0.000 0.000
359.644 0.000 0.000 0.000
359.874 0.000 0.000 0.000
360.053 0.000 0.000 0.000
360.246 0.000 0.000 0.000
360.473 0.000 0.000 0.000
360.653 0.000 0.000 0.000
360.840 0.000 0.000 0.000
361.073 0.000 0.000 0.000
361.253 0.000 0.000 0.000
361.440 0.000 0.000 0.000
361.677 0.000 0.000 0.000
361.853 0.000 0.000 0.000
362.040 0.000 0.000 0.000
362.273 0.000 0.000 0.000
362.453 0.000 0.000 0.000
362.640 0.000 0.000 0.000
362.873 0.000 0.000 0.000
363.057 0.000 0.000 0.000
363.240 0.000 0.000 0.000
363.474 0.000 0.000 0.000
363.653 0.000 0.000 0.000
363.850 0.000 0.000 0.000
364.073 0.000 0.000 0.000
364.253 0.000 0.000 0.000
364.450 0.000 0.000 0.000
364.678 0.000 0.000 0.000
364.853 0.000 0.000 0.000
365.050 0.000 0.000 0.000
365.277 0.000 0.000 0.000
365.453 0.000 0.000 0.000
365.650 0.000 0.000 0.000
365.877 0.000 0.000 0.000
366.053 0.000 0.000 0.000
366.250 0.000 0.000 0.000
366.473 0.000 0.000 0.000
366.653 0.000 0.000 0.000
366.850 0.000 0.000 0.000
367.077 0.000 0.000 0.000
367.253 0.000 0.000 0.000
367.450 0.000 0.000 0.000
367.673 0.000 0.000 0.000
367.857 0.000 0.000 0.000
368.050 0.000 0.000 0.000
368.273 0.000 0.000 0.000
368.453 0.000 0.000 0.000
368.651 0.000 0.000 0.000
368.873 0.000 0.000 0.000
369.053 0.000 0.000 0.000
369.250 0.000 0.000 0.000
369.473 0.000 0.000 0.000
369.653 0.000 0.000 0.000
369.850 0.000 0.000 0.000
370.073 0.000 0.000 0.000
370.253 0.000 0.000 0.000
370.450 0.000 0.000 0.000
370.673 0.000 0.000 0.000
370.857 0.000 0.000 0.000
371.050 0.000 0.000 0.000
371.273 0.000 0.000 0.000
371.453 0.000 0.000 0.000
371.650 0.000 0.000 0.000
371.873 0.000 0.000 0.000
372.057 0.000 0.000 0.000
372.250 0.000 0.000 0.000
372.473 0.000 0.000 0.000
372.653 0.000 0.000 0.000
372.853 0.000 0.000 0.000
373.077 0.000 0.000 0.000
373.253 0.000 0.000 0.000
373.450 0.000 0.000 0.000
373.673 0.000 0.000 0.000
373.853 0.000 0.000 0.000
374.050 0.000 0.000 0.000
374.273 0.000 0.000 0.000
374.457 0.000 0.000 0.000
374.650 0.000 0.000 0.000
374.877 0.000 0.000 0.000
375.054 0.000 0.000 0.000
375.250 0.000 0.000 0.000
375.474 0.000 0.000 0.000
375.653 0.000 0.000 0.000
375.850 0.000 0.000 0.000
376.073 0.000 0.000 0.000
376.253 0.000 0.000 0.000
376.450 0.000 0.000 0.029
376.673 0.000 0.000 0.029
376.857 0.000 0.000 0.029
377.050 0.000 0.000 0.029
377.273 0.000 0.000 0.029
377.464 0.000 0.000 0.029
377.650 0.000 0.000 0.029
377.873 0.000 0.000 0.029
378.053 0.000 0.000 0.029
378.250 0.000 0.000 0.029
378.473 0.000 0.000 0.029
378.654 0.000 0.000 0.029
378.859 0.000 0.000 0.029
379.078 0.000 0.000 0.029
379.254 0.000 0.000 0.029
379.450 0.000 0.000 0.029
379.673 0.000 0.000 0.029
379.860 0.000 0.000 0.029
380.097 0.000 0.000 0.029
380.273 0.000 0.000 0.029
380.460 0.000 0.000 0.029
380.693 0.000 0.000 0.029
380.877 0.000 0.000 0.029
381.060 0.000 0.000 0.029
381.297 0.000 0.000 0.029
381.474 0.000 0.000 0.029
381.660 0.000 0.000 0.029
381.893 0.000 0.000 0.029
382.073 0.000 0.000 0.029
382.260 0.000 0.000 0.029
382.494 0.000 0.000 0.029
382.673 0.000 0.000 0.029
382.860 0.000 0.000 0.029
383.093 0.000 0.000 0.029
383.273 0.000 0.000 0.029
383.460 0.000 0.000 0.029
383.693 0.000 0.000 0.029
383.874 0.000 0.000 0.029
384.060 0.000 0.000 0.029
384.297 0.000 0.000 0.029
384.473 0.000 0.000 0.029
384.660 0.000 0.000 0.029
384.894 0.000 0.000 0.029
385.073 0.000 0.000 0.029
385.260 0.000 0.000 0.029
385.494 0.000 0.000 0.029
385.673 0.000 0.000 0.029
385.860 0.000 0.000 0.029
386.094 0.000 0.000 0.029
386.274 0.000 0.000 0.029
386.470 0.000 0.000 0.029
386.701 0.000 0.000 0.029
386.885 0.000 0.000 0.029
387.070 0.000 0.000 0.029
387.301 0.000 0.000 0.189
387.481 0.000 0.000 0.189
387.670 0.000 0.000 0.189
387.901 0.000 0.000 0.189
388.081 0.000 0.000 0.189
388.270 0.000 0.000 0.189
388.505 0.000 0.000 0.189
388.681 0.000 0.000 0.189
388.870 0.000 0.000 0.189
389.105 0.000 0.000 0.189
389.285 0.000 0.000 0.189
389.470 0.000 0.000 0.189
389.701 0.000 0.000 0.189
389.885 0.000 0.000 0.189
390.070 0.000 0.000 0.189
390.305 0.000 0.000 0.189
390.481 0.000 0.000 0.189
390.670 0.000 0.000 0.189
390.901 0.000 0.000 0.189
391.081 0.000 0.000 0.189
391.270 0.000 0.000 0.189
391.501 0.000 0.000 0.189
391.682 0.000 0.000 0.189
391.870 0.000 0.000 0.189
392.105 0.000 0.000 0.189
392.282 0.000 0.000 0.189
392.470 0.000 0.000 0.189
392.701 0.000 0.000 0.189
392.881 0.000 0.000 0.189
393.070 0.000 0.000 0.189
393.302 0.000 0.000 0.189
393.481 0.000 0.000 0.189
393.671 0.000 0.000 0.189
393.901 0.000 0.000 0.189
394.081 0.000 0.000 0.189
394.279 0.000 0.000 0.189
394.505 0.000 0.000 0.189
394.681 0.000 0.000 0.189
394.880 0.000 0.000 0.189
395.101 0.000 0.000 0.189
395.281 0.000 0.000 0.189
395.480 0.000 0.000 0.189
395.701 0.000 0.000 0.189
395.881 0.000 0.000 0.189
396.080 0.000 0.000 0.189
396.301 0.000 0.000 0.189
396.481 0.000 0.000 0.189
396.680 0.000 0.000 0.189
396.905 0.000 0.000 0.189
397.081 0.000 0.000 0.189
397.280 0.000 0.000 0.189
397.501 0.000 0.000 0.189
397.686 0.000 0.000 0.189
397.881 0.000 0.000 0.189
398.102 0.000 0.000 0.189
398.281 0.000 0.000 0.189
398.481 0.000 0.000 0.189
398.701 0.000 0.000 0.189
398.881 0.000 0.000 0.189
399.080 0.000 0.000 0.189
399.305 0.000 0.000 0.189
399.481 0.000 0.000 0.189
399.680 0.000 0.000 0.189
399.901 0.000 0.000 0.189
400.085 0.000 0.000 0.189
400.280 0.000 0.000 0.189
400.505 0.000 0.000 0.189
400.685 0.000 0.000 0.189
400.880 0.000 0.000 0.189
401.101 0.000 0.000 0.189
401.285 0.000 0.000 0.189
401.480 0.000 0.000 0.189
401.701 0.000 0.000 0.189
401.885 0.000 0.000 0.189
402.079 0.000 0.000 0.189
402.301 0.000 0.000 0.189
402.481 0.000 0.000 0.189
402.680 0.000 0.000 0.189
402.905 0.000 0.000 0.189
403.081 0.000 0.000 0.189
403.280 0.000 0.000 0.189
403.505 0.000 0.000 0.189
403.681 0.000 0.000 0.189
403.880 0.000 0.000 0.189
404.101 0.000 0.000 0.189
404.289 0.000 0.000 0.189
404.525 0.000 0.000 0.189
404.701 0.000 0.000 0.189
404.899 0.000 0.000 0.189
405.125 0.000 0.000 0.189
405.301 0.000 0.000 0.189
405.500 0.000 0.000 0.189
405.722 0.000 0.000 0.189
405.901 0.000 0.000 0.189
406.101 0.000 0.000 0.189
406.321 0.000 0.000 0.189
406.501 0.000 0.000 0.189
406.700 0.000 0.000 0.189
406.921 0.000 0.000 0.189
407.105 0.000 0.000 0.189
407.300 0.000 0.000 0.189
407.521 0.000 0.000 0.189
407.709 0.000 0.000 0.189
407.941 0.000 0.000 0.189
408.125 0.000 0.000 0.189
408.310 0.000 0.000 0.189
408.541 0.000 0.000 0.189
408.725 0.000 0.000 0.189
408.910 0.000 0.000 0.189
409.145 0.000 0.000 0.189
409.321 0.000 0.000 0.189
409.510 0.000 0.000 0.189
409.741 0.000 0.000 0.189
409.921 0.000 0.000 0.189
410.110 0.000 0.000 0.189
410.345 0.000 0.000 0.189
410.521 0.000 0.000 0.189
410.710 0.000 0.000 0.189
410.941 0.000 0.000 0.189
411.125 0.000 0.000 0.189
411.310 0.000 0.000 0.189
411.541 0.000 0.000 0.189
411.721 0.000 0.000 0.189
411.910 0.000 0.000 0.189
412.141 0.000 0.000 0.189
412.321 0.000 0.000 0.189
412.510 0.000 0.000 0.189
412.745 0.000 0.000 0.189
412.921 0.000 0.000 0.189
413.120 0.000 0.000 0.189
413.341 0.000 0.000 0.189
413.521 0.000 0.000 0.189
413.720 0.000 0.000 0.189
413.945 0.000 0.000 0.189
414.125 0.000 0.000 0.189
414.320 0.000 0.000 0.189
414.545 0.000 0.000 0.189
414.721 0.000 0.000 0.189
414.920 0.000 0.000 0.189
415.141 0.000 0.000 0.189
415.325 0.000 0.000 0.189
415.520 0.000 0.000 0.189
415.741 0.000 0.000 0.189
415.921 0.000 0.000 0.189
416.120 0.000 0.000 0.189
416.341 0.000 0.000 0.189
416.523 0.000 0.000 0.189
416.720 0.000 0.000 0.189
416.941 0.000 0.000 0.189
417.122 0.000 0.000 0.189
417.320 0.000 0.000 0.189
417.541 0.000 0.000 0.189
417.721 0.000 0.000 0.189
417.920 0.000 0.000 0.189
418.145 0.000 0.000 0.189
418.321 0.000 0.000 0.189
418.520 0.000 0.000 0.189
418.742 0.000 0.000 0.189
418.921 0.000 0.000 0.189
419.120 0.000 0.000 0.189
419.345 0.000 0.000 0.189
419.521 0.000 0.000 0.189
419.720 0.000 0.000 0.189
419.942 0.000 0.000 0.189
420.121 0.000 0.000 0.189
420.320 0.000 0.000 0.189
420.541 0.000 0.000 0.189
420.721 0.000 0.000 0.189
420.920 0.000 0.000 0.189
421.141 0.000 0.000 0.189
421.321 0.000 0.000 0.189
421.520 0.000 0.000 0.189
421.745 0.000 0.000 0.189
421.921 0.000 0.000 0.189
422.119 0.000 0.000 0.189
422.341 0.000 0.000 0.189
422.530 0.000 0.000 0.189
422.765 0.000 0.000 0.189
422.941 0.000 0.000 0.189
423.131 0.000 0.000 0.189
423.365 0.000 0.000 0.189
423.546 0.000 0.000 0.189
423.730 0.000 0.000 0.189
423.965 0.000 0.000 0.189
424.141 0.000 0.000 0.189
424.330 0.000 0.000 0.189
424.561 0.000 0.000 0.189
424.741 0.000 0.000 0.189
424.930 0.000 0.000 0.189
425.165 0.000 0.000 0.189
425.345 0.000 0.000 0.189
425.540 0.000 0.000 0.189
425.761 0.000 0.000 0.189
425.941 0.000 0.000 0.189
426.140 0.000 0.000 0.189
426.361 0.000 0.000 0.189
426.545 0.000 0.000 0.189
426.740 0.000 0.000 0.189
426.961 0.000 0.000 0.189
427.145 0.000 0.000 0.189
427.340 0.000 0.000 0.189
427.565 0.000 0.000 0.189
427.741 0.000 0.000 0.189
427.939 0.000 0.000 0.189
428.161 0.000 0.000 0.189
428.341 0.000 0.000 0.189
428.593 0.000 0.000 0.189
428.778 0.000 0.000 0.189
428.960 0.000 0.000 0.189
429.197 0.000 0.000 0.189
429.373 0.000 0.000 0.189
429.560 0.000 0.000 0.189
429.801 0.000 0.000 0.189
429.973 0.000 0.000 0.189
430.160 0.000 0.000 0.189
430.397 0.000 0.000 0.189
430.574 0.000 0.000 0.189
430.760 0.000 0.000 0.000
430.997 0.000 0.000 0.000
431.177 0.000 0.000 0.000
431.360 0.000 0.000 0.000
431.593 0.000 0.000 0.000
431.773 0.000 0.000 0.000
431.960 0.000 0.000 0.000
432.193 0.000 0.000 0.000
432.377 0.000 0.000 0.000
432.560 0.000 0.000 0.000
432.793 0.000 0.000 0.000
432.973 0.000 0.000 0.000
433.160 0.000 0.000 0.000
433.393 0.000 0.000 0.000
433.573 0.000 0.000 0.000
433.760 0.000 0.000 0.000
433.993 0.000 0.000 0.000
434.173 0.000 0.000 0.000
434.360 0.000 0.000 0.000
434.593 0.000 0.000 0.000
434.773 0.000 0.000 0.000
434.961 0.000 0.000 0.000
435.198 0.000 0.000 0.000
435.373 0.000 0.000 0.000
435.560 0.000 0.000 0.000
435.793 0.000 0.000 0.000
435.973 0.000 0.000 0.000
436.160 0.000 0.000 0.000
436.393 0.000 0.000 0.000
436.577 0.000 0.000 0.000
436.760 0.000 0.000 0.000
436.997 0.000 0.000 0.000
437.174 0.000 0.000 0.000
437.360 0.000 0.000 0.000
437.593 0.000 0.000 0.000
437.774 0.000 0.000 0.000
437.960 0.000 0.000 0.000
438.193 0.000 0.000 0.000
438.373 0.000 0.000 0.000
438.560 0.000 0.000 0.000
438.797 0.000 0.000 0.000
438.974 0.000 0.000 0.000
439.160 0.000 0.000 0.000
439.393 0.000 0.000 0.000
439.573 0.000 0.000 0.000
439.760 0.000 0.000 0.000
439.993 0.000 0.000 0.000
440.173 0.000 0.000 0.000
440.360 0.000 0.000 0.000
440.597 0.000 0.000 0.000
440.773 0.000 0.000 0.000
440.960 0.000 0.000 0.000
441.197 0.000 0.000 0.000
441.374 0.000 0.000 0.000
441.560 0.000 0.000 0.000
441.797 0.000 0.000 0.000
441.973 0.000 0.000 0.000
442.160 0.000 0.000 0.000
442.394 0.000 0.000 0.000
442.577 0.000 0.000 0.000
442.760 0.000 0.000 0.000
442.993 0.000 0.000 0.000
443.173 0.000 0.000 0.000
443.360 0.000 0.000 0.000
443.593 0.000 0.000 0.000
443.773 0.000 0.000 0.000
443.960 0.000 0.000 0.000
444.193 0.000 0.000 0.000
444.377 0.000 0.000 0.000
444.560 0.000 0.000 0.000
444.793 0.000 0.000 0.000
444.977 0.000 0.000 0.000
445.160 0.000 0.000 0.000
445.393 0.000 0.000 0.000
445.573 0.000 0.000 0.000
445.760 0.000 0.000 0.000
445.997 0.000 0.000 0.000
446.174 0.000 0.000 0.000
446.360 0.000 0.000 0.000
446.593 0.000 0.000 0.000
446.777 0.000 0.000 0.000
446.960 0.000 0.000 0.000
447.197 0.000 0.000 0.000
447.373 0.000 0.000 0.000
447.560 0.000 0.000 0.000
447.793 0.000 0.000 0.000
447.977 0.000 0.000 0.000
448.160 0.000 0.000 0.000
448.397 0.000 0.000 0.000
448.577 0.000 0.000 0.000
448.760 0.000 0.000 0.000
448.993 0.000 0.000 0.000
449.177 0.000 0.000 0.000
449.360 0.000 0.000 0.000
449.593 0.000 0.000 0.000
449.773 0.000 0.000 0.000
449.960 0.000 0.000 0.000
450.193 0.000 0.000 0.000
450.373 0.000 0.000 0.000
450.560 0.000 0.000 0.000
450.793 0.000 0.000 0.000
450.977 0.000 0.000 0.000
451.160 0.000 0.000 0.000
451.393 0.000 0.000 0.000
451.573 0.000 0.000 0.000
451.760 0.000 0.000 0.000
451.995 0.000 0.000 0.000
452.174 0.000 0.000 0.000
452.360 0.000 0.000 0.000
452.593 0.000 0.000 0.000
452.773 0.000 0.000 0.000
452.960 0.000 0.000 0.000
453.193 0.000 0.000 0.000
453.373 0.000 0.000 0.000
453.560 0.000 0.000 0.000
453.793 0.000 0.000 0.000
453.977 0.000 0.000 0.000
454.160 0.000 0.000 0.000
454.393 0.000 0.000 0.000
454.577 0.000 0.000 0.000
454.760 0.000 0.000 0.000
454.997 0.000 0.000 0.000
455.177 0.000 0.000 0.000
455.370 0.000 0.000 0.000
455.593 0.000 0.000 0.000
455.773 0.000 0.000 0.000
455.970 0.000 0.000 0.000
456.197 0.000 0.000 0.000
456.373 0.000 0.000 0.000
456.570 0.000 0.000 0.000
456.793 0.000 0.000 0.000
456.973 0.000 0.000 0.000
457.170 0.000 0.000 0.000
457.393 0.000 0.000 0.000
457.573 0.000 0.000 0.000
457.770 0.000 0.000 0.356
457.993 0.000 0.000 0.356
458.173 0.000 0.000 0.356
458.370 0.000 0.000 0.356
458.597 0.000 0.000 0.356
458.774 0.000 0.000 0.356
458.970 0.000 0.000 0.356
459.197 0.000 0.000 0.356
459.373 0.000 0.000 0.356
459.570 0.000 0.000 0.356
459.793 0.000 0.000 0.356
459.973 0.000 0.000 0.356
460.170 0.000 0.000 0.356
460.393 0.000 0.000 0.356
460.573 0.000 0.000 0.356
460.770 0.000 0.000 0.356
460.995 0.000 0.000 0.356
461.173 0.000 0.000 0.356
461.370 0.000 0.000 0.356
461.593 0.000 0.000 0.356
461.773 0.000 0.000 0.356
461.972 0.000 0.000 0.356
462.193 0.000 0.000 0.356
462.374 0.000 0.000 0.356
462.570 0.000 0.000 0.356
462.793 0.000 0.000 0.356
462.973 0.000 0.000 0.356
463.170 0.000 0.000 0.356
463.393 0.000 0.000 0.356
463.573 0.000 0.000 0.356
463.770 0.000 0.000 0.356
463.993 0.000 0.000 0.356
464.177 0.000 0.000 0.356
464.370 0.000 0.000 0.356
464.593 0.000 0.000 0.356
464.773 0.000 0.000 0.356
464.970 0.000 0.000 0.630
465.193 0.000 0.000 0.630
465.377 0.000 0.000 0.630
465.570 0.000 0.000 0.630
465.793 0.000 0.000 0.630
465.977 0.000 0.000 0.630
466.170 0.000 0.000 0.630
466.394 0.000 0.000 0.630
466.575 0.000 0.000 0.630
466.770 0.000 0.000 0.630
466.993 0.000 0.000 0.630
467.173 0.000 0.000 0.630
467.370 0.000 0.000 0.630
467.593 0.000 0.000 0.630
467.783 0.000 0.000 0.630
468.013 0.000 0.000 0.630
468.193 0.000 0.000 0.630
468.380 0.000 0.000 0.630
468.613 0.000 0.000 0.630
468.793 0.000 0.000 0.630
468.980 0.000 0.000 0.630
469.217 0.000 0.000 0.630
469.393 0.000 0.000 0.630
469.580 0.000 0.000 0.630
469.813 0.000 0.000 0.630
469.997 0.000 0.000 0.630
470.180 0.000 0.000 0.630
470.413 0.000 0.000 0.630
470.597 0.000 0.000 0.630
470.780 0.000 0.000 0.630
471.017 0.000 0.000 0.630
471.193 0.000 0.000 0.630
471.380 0.000 0.000 0.630
471.617 0.000 0.000 0.630
471.793 0.000 0.000 0.630
471.980 0.000 0.000 0.630
472.213 0.000 0.000 0.630
472.393 0.000 0.000 0.630
472.580 0.000 0.000 0.630
472.813 0.000 0.000 0.630
472.993 0.000 0.000 0.630
473.180 0.000 0.000 0.630
473.417 0.000 0.000 0.630
473.593 0.000 0.000 0.630
473.780 0.000 0.000 0.630
474.013 0.000 0.000 0.630
474.193 0.000 0.000 0.630
474.380 0.000 0.000 0.630
474.613 0.000 0.000 0.630
474.793 0.000 0.000 0.630
474.981 0.000 0.000 0.630
475.213 0.000 0.000 0.630
475.393 0.000 0.000 0.630
475.582 0.000 0.000 0.630
475.813 0.000 0.000 0.630
475.993 0.000 0.000 0.630
476.180 0.000 0.000 0.630
476.413 0.000 0.000 0.630
476.593 0.000 0.000 0.630
476.779 0.000 0.000 0.630
477.013 0.000 0.000 0.630
477.197 0.000 0.000 0.000
477.380 0.000 0.000 0.000
477.613 0.000 0.000 0.000
477.793 0.000 0.000 0.000
477.980 0.000 0.000 0.000
478.213 0.000 0.000 0.000
478.393 0.000 0.000 0.000
478.580 0.000 0.000 0.000
478.813 0.000 0.000 0.000
478.993 0.000 0.000 0.000
479.180 0.000 0.000 0.000
479.417 0.000 0.000 0.000
479.597 0.000 0.000 0.000
479.780 0.000 0.000 0.000
480.013 0.000 0.000 0.000
480.193 0.000 0.000 0.000
480.380 0.000 0.000 0.000
480.615 0.000 0.000 0.000
480.794 0.000 0.000 0.000
481.033 0.000 0.000 0.000
481.217 0.000 0.000 0.000
481.400 0.000 0.000 0.000
481.633 0.000 0.000 0.000
481.818 0.000 0.000 0.000
482.001 0.000 0.000 0.000
482.233 0.000 0.000 0.000
482.415 0.000 0.000 0.000
482.600 0.000 0.000 0.000
482.835 0.000 0.000 0.000
483.013 0.000 0.000 0.000
483.200 0.000 0.000 0.000
483.433 0.000 0.000 0.000
483.617 0.000 0.000 0.000
483.800 0.000 0.000 0.000
484.033 0.000 0.000 0.000
484.213 0.000 0.000 0.000
484.401 0.000 0.000 0.000
484.633 0.000 0.000 0.000
484.818 0.000 0.000 0.000
485.000 0.000 0.000 0.000
485.234 0.000 0.000 0.000
485.413 0.000 0.000 0.000
485.600 0.000 0.000 0.000
485.833 0.000 0.000 0.000
486.015 0.000 0.000 0.000
486.200 0.000 0.000 0.000
486.436 0.000 0.000 0.000
486.617 0.000 0.000 0.000
486.800 0.000 0.000 0.000
487.037 0.000 0.000 0.000
487.213 0.000 0.000 0.000
487.400 0.000 0.000 0.000
487.633 0.000 0.000 0.000
487.814 0.000 0.000 0.000
488.000 0.000 0.000 0.000
488.237 0.000 0.000 0.000
488.417 0.000 0.000 0.000
488.600 0.000 0.000 0.000
488.833 0.000 0.000 0.000
489.013 0.000 0.000 0.000
489.200 0.000 0.000 0.000
489.434 0.000 0.000 0.000
489.614 0.000 0.000 0.000
489.799 0.000 0.000 0.000
490.033 0.000 0.000 0.000
490.216 0.000 0.000 0.000
490.400 0.000 0.000 0.000
490.633 0.000 0.000 0.000
490.816 0.000 0.000 0.000
491.000 0.000 0.000 0.000
491.233 0.000 0.000 0.000
491.415 0.000 0.000 0.000
491.601 0.000 0.000 0.000
491.834 0.000 0.000 0.000
492.013 0.000 0.000 0.000
492.200 0.000 0.000 0.000
492.433 0.000 0.000 0.000
492.613 0.000 0.000 0.000
492.800 0.000 0.000 0.000
493.033 0.000 0.000 0.000
493.213 0.000 0.000 0.000
493.400 0.000 0.000 0.000
493.637 0.000 0.000 0.000
493.814 0.000 0.000 0.000
494.000 0.000 0.000 0.000
494.233 0.000 0.000 0.000
494.414 0.000 0.000 0.000
494.600 0.000 0.000 0.000
494.837 0.000 0.000 0.000
495.017 0.000 0.000 0.000
495.200 0.000 0.000 0.000
495.437 0.000 0.000 0.000
495.617 0.000 0.000 0.000
495.800 0.000 0.000 0.000
496.033 0.000 0.000 0.000
496.217 0.000 0.000 0.000
496.400 0.000 0.000 0.000
496.637 0.000 0.000 0.000
496.814 0.000 0.000 0.000
497.000 0.000 0.000 0.000
497.237 0.000 0.000 0.000
497.414 0.000 0.000 0.000
497.600 0.000 0.000 0.000
497.833 0.000 0.000 0.000
498.014 0.000 0.000 0.000
498.200 0.000 0.000 0.000
498.433 0.000 0.000 0.000
498.613 0.000 0.000 0.000
498.800 0.000 0.000 0.000
499.033 0.000 0.000 0.000
499.213 0.000 0.000 0.000
499.400 0.000 0.000 0.000
499.637 0.000 0.000 0.000
499.813 0.000 0.000 0.000
500.000 0.000 0.000 0.000
500.233 0.000 0.000 0.000
500.414 0.000 0.000 0.000
500.600 0.000 0.000 0.000
500.833 0.000 0.000 0.000
501.014 0.000 0.000 0.000
501.200 0.000 0.000 0.000
501.433 0.000 0.000 0.000
501.613 0.000 0.000 0.000
501.800 0.000 0.000 0.000
502.033 0.000 0.000 0.000
502.217 0.000 0.000 0.000
502.400 0.000 0.000 0.000
502.633 0.000 0.000 0.000
502.813 0.000 0.000 0.000
503.000 0.000 0.000 0.000
503.233 0.000 0.000 0.000
503.413 0.000 0.000 0.000
503.600 0.000 0.000 0.000
503.833 0.000 0.000 0.000
504.016 0.000 0.000 0.000
504.200 0.000 0.000 0.000
504.433 0.000 0.000 0.000
504.613 0.000 0.000 0.000
504.800 0.000 0.000 0.000
505.033 0.000 0.000 0.000
505.213 0.000 0.000 0.000
505.400 0.000 0.000 0.000
505.638 0.000 0.000 0.000
505.814 0.000 0.000 0.000
506.000 0.000 0.000 0.000
506.233 0.000 0.000 0.000
506.413 0.000 0.000 0.000
506.600 0.000 0.000 0.000
506.834 0.000 0.000 0.000
507.017 0.000 0.000 0.000
507.200 0.000 0.000 0.000
507.437 0.000 0.000 0.000
507.613 0.000 0.000 0.000
507.800 0.000 0.000 0.000
508.033 0.000 0.000 0.000
508.213 0.000 0.000 0.000
508.400 0.000 0.000 0.000
508.633 0.000 0.000 0.000
508.814 0.000 0.000 0.000
509.000 0.000 0.000 0.000
509.237 0.000 0.000 0.000
509.414 0.000 0.000 0.000
509.600 0.000 0.000 0.000
509.836 0.000 0.000 0.000
510.017 0.000 0.000 0.000
510.200 0.000 0.000 0.000
510.434 0.000 0.000 0.000
510.613 0.000 0.000 0.000
510.800 0.000 0.000 0.000
511.033 0.000 0.000 0.000
511.218 0.000 0.000 0.000
511.400 0.000 0.000 0.000
511.634 0.000 0.000 0.000
511.813 0.000 0.000 0.000
512.000 0.000 0.000 0.000
512.237 0.000 0.000 0.000
512.413 0.000 0.000 0.000
512.600 0.000 0.000 0.000
512.833 0.000 0.000 0.000
513.014 0.000 0.000 0.000
513.201 0.000 0.000 0.000
513.433 0.000 0.000 0.000
513.618 0.000 0.000 0.000
513.800 0.000 0.000 0.000
514.033 0.000 0.000 0.000
514.213 0.000 0.000 0.000
514.400 0.000 0.000 0.000
514.634 0.000 0.000 0.000
514.817 0.000 0.000 0.000
515.000 0.000 0.000 0.000
515.233 0.000 0.000 0.000
515.413 0.000 0.000 0.000
515.600 0.000 0.000 0.000
515.837 0.000 0.000 0.000
516.017 0.000 0.000 0.000
516.200 0.000 0.000 0.000
516.437 0.000 0.000 0.000
516.613 0.000 0.000 0.000
516.800 0.000 0.000 0.000
517.033 0.000 0.000 0.000
517.213 0.000 0.000 0.000
517.400 0.000 0.000 0.000
517.637 0.000 0.000 0.000
517.817 0.000 0.000 0.000
518.000 0.000 0.000 0.000
518.233 0.000 0.000 0.000
518.414 0.000 0.000 0.000
518.600 0.000 0.000 0.000
518.833 0.000 0.000 0.000
519.017 0.000 0.000 0.000
519.210 0.000 0.000 0.000
519.448 0.000 0.000 0.000
519.617 0.000 0.000 0.000
519.810 0.000 0.000 0.000
520.033 0.000 0.000 0.000
520.214 0.000 0.000 0.000
520.411 0.000 0.000 0.000
520.633 0.000 0.000 0.000
520.813 0.000 0.000 0.000
521.010 0.000 0.000 0.000
521.233 0.000 0.000 0.000
521.413 0.000 0.000 0.000
521.610 0.000 0.000 0.000
521.833 0.000 0.000 0.000
522.013 0.000 0.000 0.000
522.210 0.000 0.000 0.000
522.433 0.000 0.000 0.000
522.615 0.000 0.000 0.000
522.810 0.000 0.000 0.000
523.037 0.000 0.000 0.000
523.214 0.000 0.000 0.000
523.420 0.000 0.000 0.000
523.641 0.000 0.000 0.000
523.825 0.000 0.000 0.000
524.021 0.000 0.000 0.000
524.245 0.000 0.000 0.000
524.421 0.000 0.000 0.000
524.621 0.000 0.000 0.000
524.841 0.000 0.000 0.000
525.021 0.000 0.000 0.000
525.220 0.000 0.000 0.000
525.445 0.000 0.000 0.000
525.621 0.000 0.000 0.000
525.861 0.000 0.000 0.000
526.045 0.000 0.000 0.000
526.230 0.000 0.000 0.000
526.461 0.000 0.000 0.000
526.641 0.000 0.000 0.000
526.830 0.000 0.000 0.000
527.061 0.000 0.000 0.000
527.241 0.000 0.000 0.000
527.430 0.000 0.000 0.000
527.661 0.000 0.000 0.000
527.841 0.000 0.000 0.000
528.030 0.000 0.000 0.000
528.265 0.000 0.000 0.000
528.445 0.000 0.000 0.000
528.630 0.000 0.000 0.000
528.861 0.000 0.000 0.000
529.041 0.000 0.000 0.000
529.230 0.000 0.000 0.000
529.466 0.000 0.000 0.000
529.645 0.000 0.000 0.000
529.830 0.000 0.000 0.000
530.061 0.000 0.000 0.000
530.241 0.000 0.000 0.000
530.430 0.000 0.000 0.000
530.662 0.000 0.000 0.000
530.841 0.000 0.000 0.000
531.031 0.000 0.000 0.000
531.261 0.000 0.000 0.000
531.441 0.000 0.000 0.000
531.630 0.000 0.000 0.000
531.861 0.000 0.000 0.000
532.041 0.000 0.000 0.000
532.230 0.000 0.000 0.000
532.461 0.000 0.000 0.000
532.641 0.000 0.000 0.000
532.830 0.000 0.000 0.000
533.065 0.000 0.000 0.000
533.245 0.000 0.000 0.000
533.430 0.000 0.000 0.000
533.666 0.000 0.000 0.000
533.841 0.000 0.000 0.000
534.030 0.000 0.000 0.000
534.261 0.000 0.000 0.000
534.441 0.000 0.000 0.000
534.631 0.000 0.000 0.000
534.853 0.000 0.000 0.000
535.034 0.000 0.000 0.000
535.230 0.000 0.000 0.000
535.453 0.000 0.000 0.000
535.634 0.000 0.000 0.000
535.830 0.000 0.000 0.000
536.053 0.000 0.000 0.000
536.233 0.000 0.000 0.000
536.430 0.000 0.000 0.000
536.653 0.000 0.000 0.000
536.837 0.000 0.000 0.000
537.030 0.000 0.000 0.000
537.253 0.000 0.000 0.000
537.437 0.000 0.000 0.000
537.630 0.000 0.000 0.000
537.857 0.000 0.000 0.000
538.034 0.000 0.000 0.000
538.237 0.000 0.000 0.000
538.453 0.000 0.000 0.000
538.637 0.000 0.000 0.000
538.831 0.000 0.000 0.000
539.053 0.000 0.000 0.000
539.240 0.000 0.000 0.000
539.440 0.000 0.000 0.000
539.664 0.000 0.000 0.000
539.845 0.000 0.000 0.000
540.040 0.000 0.000 0.000
540.261 0.000 0.000 0.000
540.441 0.000 0.000 0.000
540.640 0.000 0.000 0.000
540.861 0.000 0.000 0.000
541.040 0.000 0.000 0.000
541.273 0.000 0.000 0.000
541.453 0.000 0.000 0.000
541.639 0.000 0.000 0.000
541.873 0.000 0.000 0.000
542.053 0.000 0.000 0.000
542.241 0.000 0.000 0.000
542.473 0.000 0.000 0.000
542.653 0.000 0.000 0.000
542.840 0.000 0.000 0.000
543.073 0.000 0.000 0.000
543.253 0.000 0.000 0.000
543.441 0.000 0.000 0.000
543.673 0.000 0.000 0.000
543.858 0.000 0.000 0.000
544.040 0.000 0.000 0.000
544.273 0.000 0.000 0.000
544.453 0.000 0.000 0.000
544.639 0.000 0.000 0.000
544.873 0.000 0.000 0.000
545.053 0.000 0.000 0.000
545.239 0.000 0.000 0.000
545.473 0.000 0.000 0.000
545.653 0.000 0.000 0.000
545.840 0.000 0.000 0.000
546.077 0.000 0.000 0.000
546.253 0.000 0.000 0.000
546.453 0.000 0.000 0.000
546.674 0.000 0.000 0.000
546.853 0.000 0.000 0.000
547.050 0.000 0.000 0.000
547.273 0.000 0.000 0.000
547.453 0.000 0.000 0.000
547.649 0.000 0.000 0.000
547.873 0.000 0.000 0.000
548.054 0.000 0.000 0.000
548.250 0.000 0.000 0.000
548.474 0.000 0.000 0.000
548.653 0.000 0.000 0.000
548.850 0.000 0.000 0.000
549.073 0.000 0.000 0.000
549.253 0.000 0.000 0.000
549.450 0.000 0.000 0.000
549.673 0.000 0.000 0.000
549.857 0.000 0.000 0.000
550.050 0.000 0.000 0.000
550.273 0.000 0.000 0.000
550.457 0.000 0.000 0.000
550.650 0.000 0.000 0.000
550.874 0.000 0.000 0.000
551.053 0.000 0.000 0.000
551.250 0.000 0.000 0.000
551.477 0.000 0.000 0.000
551.653 0.000 0.000 0.000
551.850 0.000 0.000 0.000
552.077 0.000 0.000 0.000
552.257 0.000 0.000 0.000
552.450 0.000 0.000 0.000
552.677 0.000 0.000 0.000
552.853 0.000 0.000 0.000
553.052 0.000 0.000 0.000
553.273 0.000 0.000 0.000
553.453 0.000 0.000 0.000
553.650 0.000 0.000 0.000
553.873 0.000 0.000 0.000
554.053 0.000 0.000 0.000
554.250 0.000 0.000 0.000
554.473 0.000 0.000 0.000
554.657 0.000 0.000 0.000
554.850 0.000 0.000 0.000
555.081 0.000 0.000 0.000
555.263 0.000 0.000 0.000
555.460 0.000 0.000 0.000
555.681 0.000 0.000 0.000
555.862 0.000 0.000 0.000
556.060 0.000 0.000 0.000
556.281 0.000 0.000 0.000
556.463 0.000 0.000 0.000
556.660 0.000 0.000 0.000
556.885 0.000 0.000 0.000
557.072 0.000 0.000 0.000
557.301 0.000 0.000 0.000
557.481 0.000 0.000 0.000
557.670 0.000 0.000 0.000
557.905 0.000 0.000 0.000
558.081 0.000 0.000 0.000
558.270 0.000 0.000 0.000
558.493 0.000 0.000 0.000
558.673 0.000 0.000 0.000
558.870 0.000 0.000 0.000
559.094 0.000 0.000 0.000
559.273 0.000 0.000 0.000
559.470 0.000 0.000 0.000
559.693 0.000 0.000 0.000
559.877 0.000 0.000 0.000
560.070 0.000 0.000 0.000
560.297 0.000 0.000 0.000
560.473 0.000 0.000 0.000
560.670 0.000 0.000 0.000
560.893 0.000 0.000 0.000
561.074 0.000 0.000 0.000
561.270 0.000 0.000 0.000
561.494 0.000 0.000 0.000
561.675 0.000 0.000 0.000
561.870 0.000 0.000 0.000
562.093 0.000 0.000 0.000
562.273 0.000 0.000 0.000
562.470 0.000 0.000 0.000
562.693 0.000 0.000 0.000
562.877 0.000 0.000 0.000
563.070 0.000 0.000 0.000
563.293 0.000 0.000 0.000
563.474 0.000 0.000 0.000
563.670 0.000 0.000 0.000
563.894 0.000 0.000 0.000
564.073 0.000 0.000 0.000
564.270 0.000 0.000 0.000
564.494 0.000 0.000 0.000
564.673 0.000 0.000 0.000
564.870 0.000 0.000 0.000
565.093 0.000 0.000 0.000
565.277 0.000 0.000 0.000
565.470 0.000 0.000 0.000
565.699 0.000 0.000 0.000
565.873 0.000 0.000 0.000
566.069 0.000 0.000 0.000
566.293 0.000 0.000 0.000
566.473 0.000 0.000 0.000
566.670 0.000 0.000 0.000
566.893 0.000 0.000 0.000
567.077 0.000 0.000 0.000
567.270 0.000 0.000 0.000
567.497 0.000 0.000 0.000
567.673 0.000 0.000 0.000
567.870 0.000 0.000 0.000
568.093 0.000 0.000 0.000
568.273 0.000 0.000 0.000
568.473 0.000 0.000 0.000
568.700 0.000 0.000 0.000
568.873 0.000 0.000 0.000
569.069 0.000 0.000 0.000
569.293 0.000 0.000 0.000
569.477 0.000 0.000 0.000
569.670 0.000 0.000 0.000
569.893 0.000 0.000 0.000
570.073 0.000 0.000 0.000
570.313 0.000 0.000 0.000
570.493 0.000 0.000 0.000
570.680 0.000 0.000 0.000
570.916 0.000 0.000 0.000
571.093 0.000 0.000 0.000
571.280 0.000 0.000 0.000
571.513 0.000 0.000 0.000
571.693 0.000 0.000 0.000
571.880 0.000 0.000 0.000
572.117 0.000 0.000 0.000
572.293 0.000 0.000 0.000
572.480 0.000 0.000 0.000
572.713 0.000 0.000 0.000
572.893 0.000 0.000 0.000
573.080 0.000 0.000 0.000
573.313 0.000 0.000 0.000
573.493 0.000 0.000 0.000
573.680 0.000 0.000 0.000
573.913 0.000 0.000 0.000
574.097 0.000 0.000 0.000
574.280 0.000 0.000 0.000
574.515 0.000 0.000 0.000
574.693 0.000 0.000 0.000
574.880 0.000 0.000 0.000
575.117 0.000 0.000 0.000
575.293 0.000 0.000 0.000
575.480 0.000 0.000 0.000
575.713 0.000 0.000 0.000
575.893 0.000 0.000 0.000
576.080 0.000 0.000 0.000
576.314 0.000 0.000 0.000
576.493 0.000 0.000 0.000
576.680 0.000 0.000 0.000
576.914 0.000 0.000 0.000
577.093 0.000 0.000 0.000
577.280 0.000 0.000 0.000
577.513 0.000 0.000 0.000
577.693 0.000 0.000 0.000
577.880 0.000 0.000 0.000
578.113 0.000 0.000 0.000
578.298 0.000 0.000 0.000
578.480 0.000 0.000 0.000
578.713 0.000 0.000 0.000
578.893 0.000 0.000 0.000
579.080 0.000 0.000 0.000
579.313 0.000 0.000 0.000
579.497 0.000 0.000 0.000
579.680 0.000 0.000 0.000
579.917 0.000 0.000 0.000
580.097 0.000 0.000 0.000
580.280 0.000 0.000 0.000
580.517 0.000 0.000 0.000
580.693 0.000 0.000 0.000
580.880 0.000 0.000 0.000
581.117 0.000 0.000 0.000
581.297 0.000 0.000 0.000
581.479 0.000 0.000 0.000
581.713 0.000 0.000 0.000
581.893 0.000 0.000 0.000
582.081 0.000 0.000 0.000
582.313 0.000 0.000 0.000
582.493 0.000 0.000 0.000
582.680 0.000 0.000 0.000
582.922 0.000 0.000 0.000
583.093 0.000 0.000 0.000
583.279 0.000 0.000 0.000
583.513 0.000 0.000 0.000
583.693 0.000 0.000 0.000
583.879 0.000 0.000 0.000
584.113 0.000 0.000 0.000
584.293 0.000 0.000 0.000
584.480 0.000 0.000 0.000
584.720 0.000 0.000 0.000
584.893 0.000 0.000 0.000
585.080 0.000 0.000 0.000
585.317 0.000 0.000 0.000
585.493 0.000 0.000 0.000
585.683 0.000 0.000 0.000
585.914 0.000 0.000 0.000
586.093 0.000 0.000 0.000
586.281 0.000 0.000 0.000
586.513 0.000 0.000 0.000
586.697 0.000 0.000 0.000
586.880 0.000 0.000 0.000
587.117 0.000 0.000 0.000
587.293 0.000 0.000 0.000
587.480 0.000 0.000 0.000
587.717 0.000 0.000 0.000
587.893 0.000 0.000 0.000
588.080 0.000 0.000 0.000
588.313 0.000 0.000 0.000
588.493 0.000 0.000 0.000
588.689 0.000 0.000 0.000
588.917 0.000 0.000 0.000
589.093 0.000 0.000 0.000
589.280 0.000 0.000 0.000
589.517 0.000 0.000 0.000
589.694 0.000 0.000 0.000
589.880 0.000 0.000 0.000
590.113 0.000 0.000 0.000
590.280 0.000 0.000 0.000
590.502 0.000 0.000 0.000
590.683 0.000 0.000 0.000
590.880 0.000 0.000 0.000
591.105 0.000 0.000 0.000
591.285 0.000 0.000 0.000
591.480 0.000 0.000 0.000
591.701 0.000 0.000 0.000
591.887 0.000 0.000 0.000
592.080 0.000 0.000 0.000
592.301 0.000 0.000 0.000
592.485 0.000 0.000 0.000
592.680 0.000 0.000 0.000
592.901 0.000 0.000 0.000
593.081 0.000 0.000 0.000
593.280 0.000 0.000 0.000
593.501 0.000 0.000 0.000
593.682 0.000 0.000 0.000
593.890 0.000 0.000 0.000
594.113 0.000 0.000 0.000
594.293 0.000 0.000 0.000
594.489 0.000 0.000 0.000
594.713 0.000 0.000 0.000
594.909 0.000 0.000 0.000
595.133 0.000 0.000 0.000
595.319 0.000 0.000 0.000
595.553 0.000 0.000 0.000
595.733 0.000 0.000 0.000
595.919 0.000 0.000 0.000
596.154 0.000 0.000 0.000
596.333 0.000 0.000 0.000
596.519 0.000 0.000 0.000
596.753 0.000 0.000 0.000
596.933 0.000 0.000 0.000
597.120 0.000 0.000 0.000
597.353 0.000 0.000 0.000
597.533 0.000 0.000 0.000
597.720 0.000 0.000 0.000
597.953 0.000 0.000 0.000
598.133 0.000 0.000 0.000
598.320 0.000 0.000 0.000
598.553 0.000 0.000 0.000
598.733 0.000 0.000 0.000
598.920 0.000 0.000 0.000
599.157 0.000 0.000 0.000
599.333 0.000 0.000 0.000
599.520 0.000 0.000 0.000
599.753 0.000 0.000 0.000
599.933 0.000 0.000 0.000
600.120 0.000 0.000 0.000
600.353 0.000 0.000 0.000
600.533 0.000 0.000 0.000
600.720 0.000 0.000 0.000
600.953 0.000 0.000 0.000
601.133 0.000 0.000 0.000
601.320 0.000 0.000 0.000
601.557 0.000 0.000 0.000
601.733 0.000 0.000 0.000
601.924 0.000 0.000 0.000
602.157 0.000 0.000 0.000
602.337 0.000 0.000 0.000
602.520 0.000 0.000 0.000
602.753 0.000 0.000 0.000
602.933 0.000 0.000 0.000
603.120 0.000 0.000 0.000
603.354 0.000 0.000 0.000
603.534 0.000 0.000 0.000
603.720 0.000 0.000 0.000
603.955 0.000 0.000 0.000
604.133 0.000 0.000 0.000
604.320 0.000 0.000 0.000
604.554 0.000 0.000 0.000
604.737 0.000 0.000 0.000
604.920 0.000 0.000 0.000
605.153 0.000 0.000 0.000
605.334 0.000 0.000 0.000
605.549 0.000 0.000 0.000
605.753 0.000 0.000 0.000
605.933 0.000 0.000 0.000
606.130 0.000 0.000 0.000
606.358 0.000 0.000 0.000
606.533 0.000 0.000 0.000
606.730 0.000 0.000 0.000
606.955 0.000 0.000 0.000
607.137 0.000 0.000 0.000
607.330 0.000 0.000 0.000
607.554 0.000 0.000 0.000
607.737 0.000 0.000 0.000
607.930 0.000 0.000 0.000
608.158 0.000 0.000 0.000
608.335 0.000 0.000 0.000
608.530 0.000 0.000 0.000
608.753 0.000 0.000 0.000
608.933 0.000 0.000 0.000
609.130 0.000 0.000 0.000
609.353 0.000 0.000 0.000
609.537 0.000 0.000 0.000
609.730 0.000 0.000 0.000
609.954 0.000 0.000 0.000
610.134 0.000 0.000 0.000
610.330 0.000 0.000 0.000
610.556 0.000 0.000 0.000
610.734 0.000 0.000 0.000
610.930 0.000 0.000 0.000
611.153 0.000 0.000 0.000
611.334 0.000 0.000 0.000
611.530 0.000 0.000 0.000
611.757 0.000 0.000 0.000
611.937 0.000 0.000 0.000
612.130 0.000 0.000 0.000
612.354 0.000 0.000 0.000
612.534 0.000 0.000 0.000
612.730 0.000 0.000 0.000
612.957 0.000 0.000 0.000
613.133 0.000 0.000 0.000
613.330 0.000 0.000 0.000
613.554 0.000 0.000 0.000
613.737 0.000 0.000 0.000
613.930 0.000 0.000 0.000
614.153 0.000 0.000 0.000
614.335 0.000 0.000 0.000
614.530 0.000 0.000 0.000
614.755 0.000 0.000 0.000
614.933 0.000 0.000 0.000
615.130 0.000 0.000 0.000
615.354 0.000 0.000 0.000
615.533 0.000 0.000 0.000
615.730 0.000 0.000 0.000
615.954 0.000 0.000 0.000
616.133 0.000 0.000 0.000
616.330 0.000 0.000 0.000
616.557 0.000 0.000 0.000
616.733 0.000 0.000 0.000
616.930 0.000 0.000 0.000
617.153 0.000 0.000 0.000
617.337 0.000 0.000 0.000
617.530 0.000 0.000 0.000
617.754 0.000 0.000 0.000
617.933 0.000 0.000 0.000
618.130 0.000 0.000 0.000
618.354 0.000 0.000 0.000
618.537 0.000 0.000 0.000
618.730 0.000 0.000 0.000
618.953 0.000 0.000 0.000
619.133 0.000 0.000 0.000
619.330 0.000 0.000 0.000
619.553 0.000 0.000 0.000
619.734 0.000 0.000 0.000
619.930 0.000 0.000 0.000
620.153 0.000 0.000 0.000
620.337 0.000 0.000 0.000
620.530 0.000 0.000 0.000
620.757 0.000 0.000 0.000
620.933 0.000 0.000 0.000
621.130 0.000 0.000 0.000
621.353 0.000 0.000 0.000
621.533 0.000 0.000 0.000
621.730 0.000 0.000 0.000
621.957 0.000 0.000 0.000
622.133 0.000 0.000 0.000
622.330 0.000 0.000 0.000
622.555 0.000 0.000 0.000
622.733 0.000 0.000 0.000
622.930 0.000 0.000 0.000
623.156 0.000 0.000 0.000
623.336 0.000 0.000 0.000
623.530 0.000 0.000 0.000
623.755 0.000 0.000 0.000
623.934 0.000 0.000 0.000
624.130 0.000 0.000 0.000
624.353 0.000 0.000 0.000
624.533 0.000 0.000 0.000
624.730 0.000 0.000 0.000
624.954 0.000 0.000 0.000
625.133 0.000 0.000 0.000
625.330 0.000 0.000 0.000
625.553 0.000 0.000 0.000
625.734 0.000 0.000 0.000
625.930 0.000 0.000 0.000
626.155 0.000 0.000 0.000
626.337 0.000 0.000 0.000
626.530 0.000 0.000 0.000
626.753 0.000 0.000 0.000
626.933 0.000 0.000 0.000
627.131 0.000 0.000 0.000
627.353 0.000 0.000 0.000
627.537 0.000 0.000 0.000
627.730 0.000 0.000 0.000
627.953 0.000 0.000 0.000
628.133 0.000 0.000 0.000
628.330 0.000 0.000 0.000
628.553 0.000 0.000 0.000
628.733 0.000 0.000 0.000
628.930 0.000 0.000 0.000
629.157 0.000 0.000 0.000
629.333 0.000 0.000 0.000
629.530 0.000 0.000 0.000
629.753 0.000 0.000 0.000
629.938 0.000 0.000 0.000
630.131 0.000 0.000 0.000
630.353 0.000 0.000 0.000
630.537 0.000 0.000 0.000
630.730 0.000 0.000 0.000
630.954 0.000 0.000 0.000
631.137 0.000 0.000 0.000
631.330 0.000 0.000 0.000
631.557 0.000 0.000 0.000
631.733 0.000 0.000 0.000
631.930 0.000 0.000 0.000
632.155 0.000 0.000 0.000
632.340 0.000 0.000 0.000
632.577 0.000 0.000 0.000
632.753 0.000 0.000 0.000
632.955 0.000 0.000 0.000
633.173 0.000 0.000 0.000
633.353 0.000 0.000 0.000
633.550 0.000 0.000 0.000
633.776 0.000 0.000 0.000
633.954 0.000 0.000 0.000
634.150 0.000 0.000 0.000
634.373 0.000 0.000 0.000
634.554 0.000 0.000 0.000
634.750 0.000 0.000 0.000
634.977 0.000 0.000 0.000
635.153 0.000 0.000 0.000
635.350 0.000 0.000 0.000
635.574 0.000 0.000 0.000
635.764 0.000 0.000 0.000
635.950 0.000 0.000 0.000
636.177 0.000 0.000 0.000
636.354 0.000 0.000 0.000
636.550 0.000 0.000 0.000
636.773 0.000 0.000 0.000
636.953 0.000 0.000 0.000
637.150 0.000 0.000 0.000
637.377 0.000 0.000 0.000
637.558 0.000 0.000 0.000
637.750 0.000 0.000 0.000
637.973 0.000 0.000 0.000
638.154 0.000 0.000 0.000
638.351 0.000 0.000 0.000
638.573 0.000 0.000 0.000
638.753 0.000 0.000 0.000
638.950 0.000 0.000 0.000
639.173 0.000 0.000 0.000
639.353 0.000 0.000 0.000
639.550 0.000 0.000 0.000
639.773 0.000 0.000 0.000
639.957 0.000 0.000 0.000
640.150 0.000 0.000 0.000
640.377 0.000 0.000 0.000
640.553 0.000 0.000 0.000
640.750 0.000 0.000 0.000
640.973 0.000 0.000 0.000
641.153 0.000 0.000 0.000
641.349 0.000 0.000 0.000
641.573 0.000 0.000 0.000
641.753 0.000 0.000 0.000
641.950 0.000 0.000 0.000
642.173 0.000 0.000 0.000
642.354 0.000 0.000 0.000
642.550 0.000 0.000 0.000
642.773 0.000 0.000 0.000
642.957 0.000 0.000 0.000
643.151 0.000 0.000 0.000
643.373 0.000 0.000 0.000
643.555 0.000 0.000 0.000
643.750 0.000 0.000 0.000
643.973 0.000 0.000 0.000
644.153 0.000 0.000 0.000
644.350 0.000 0.000 0.000
644.573 0.000 0.000 0.000
644.753 0.000 0.000 0.000
644.950 0.000 0.000 0.000
645.173 0.000 0.000 0.000
645.354 0.000 0.000 0.000
645.550 0.000 0.000 0.000
645.773 0.000 0.000 0.000
645.954 0.000 0.000 0.000
646.150 0.000 0.000 0.000
646.374 0.000 0.000 0.000
646.557 0.000 0.000 0.000
646.750 0.000 0.000 0.000
646.977 0.000 0.000 0.000
647.154 0.000 0.000 0.000
647.351 0.000 0.000 0.000
647.573 0.000 0.000 0.000
647.753 0.000 0.000 0.000
647.950 0.000 0.000 0.000
648.173 0.000 0.000 0.000
648.353 0.000 0.000 0.000
648.550 0.000 0.000 0.000
648.773 0.000 0.000 0.000
648.953 0.000 0.000 0.000
649.150 0.000 0.000 0.000
649.373 0.000 0.000 0.000
649.553 0.000 0.000 0.000
649.750 0.000 0.000 0.000
649.977 0.000 0.000 0.000
650.154 0.000 0.000 0.000
650.350 0.000 0.000 0.000
650.579 0.000 0.000 0.000
650.757 0.000 0.000 0.000
650.950 0.000 0.000 0.000
651.173 0.000 0.000 0.000
651.353 0.000 0.000 0.000
651.550 0.000 0.000 0.000
651.773 0.000 0.000 0.000
651.954 0.000 0.000 0.000
652.152 0.000 0.000 0.000
652.373 0.000 0.000 0.000
652.553 0.000 0.000 0.000
652.751 0.000 0.000 0.000
652.973 0.000 0.000 0.000
653.157 0.000 0.000 0.000
653.350 0.000 0.000 0.000
653.573 0.000 0.000 0.000
653.754 0.000 0.000 0.000
653.950 0.000 0.000 0.000
654.173 0.000 0.000 0.000
654.357 0.000 0.000 0.000
654.550 0.000 0.000 0.000
654.776 0.000 0.000 0.000
654.953 0.000 0.000 0.000
655.150 0.000 0.000 0.000
655.373 0.000 0.000 0.000
655.555 0.000 0.000 0.000
655.750 0.000 0.000 0.000
655.973 0.000 0.000 0.000
656.153 0.000 0.000 0.000
656.350 0.000 0.000 0.000
656.573 0.000 0.000 0.000
656.753 0.000 0.000 0.000
656.951 0.000 0.000 0.000
657.177 0.000 0.000 0.000
657.357 0.000 0.000 0.000
657.550 0.000 0.000 0.000
657.773 0.000 0.000 0.000
657.957 0.000 0.000 0.000
658.150 0.000 0.000 0.000
658.373 0.000 0.000 0.000
658.554 0.000 0.000 0.000
658.750 0.000 0.000 0.000
658.953 0.000 0.000 0.000
659.151 0.000 0.000 0.000
659.373 0.000 0.000 0.000
659.553 0.000 0.000 0.000
659.749 0.000 0.000 0.000
659.977 0.000 0.000 0.000
660.153 0.000 0.000 0.000
660.349 0.000 0.000 0.000
660.573 0.000 0.000 0.000
660.755 0.000 0.000 0.000
660.950 0.000 0.000 0.000
661.173 0.000 0.000 0.000
661.357 0.000 0.000 0.000
661.550 0.000 0.000 0.000
661.777 0.000 0.000 0.000
661.953 0.000 0.000 0.000
662.151 0.000 0.000 0.000
662.373 0.000 0.000 0.000
662.557 0.000 0.000 0.000
662.750 0.000 0.000 0.000
662.975 0.000 0.000 0.000
663.153 0.000 0.000 0.000
663.358 0.000 0.000 0.000
663.573 0.000 0.000 0.000
663.753 0.000 0.000 0.000
663.952 0.000 0.000 0.000
664.173 0.000 0.000 0.000
664.353 0.000 0.000 0.000
664.550 0.000 0.000 0.000
664.777 0.000 0.000 0.000
664.957 0.000 0.000 0.000
665.150 0.000 0.000 0.000
665.373 0.000 0.000 0.000
665.553 0.000 0.000 0.000
665.753 0.000 0.000 0.000
665.974 0.000 0.000 0.000
666.153 0.000 0.000 0.000
666.350 0.000 0.000 0.000
666.573 0.000 0.000 0.000
666.753 0.000 0.000 0.000
666.950 0.000 0.000 0.000
667.173 0.000 0.000 0.000
667.353 0.000 0.000 0.000
667.550 0.000 0.000 0.000
667.773 0.000 0.000 0.000
667.954 0.000 0.000 0.000
668.150 0.000 0.000 0.000
668.375 0.000 0.000 0.000
668.553 0.000 0.000 0.000
668.759 0.000 0.000 0.000
668.973 0.000 0.000 0.000
669.153 0.000 0.000 0.000
669.350 0.000 0.000 0.000
669.573 0.000 0.000 0.000
669.754 0.000 0.000 0.000
669.950 0.000 0.000 0.000
670.173 0.000 0.000 0.000
670.354 0.000 0.000 0.000
670.552 0.000 0.000 0.000
670.773 0.000 0.000 0.000
670.954 0.000 0.000 0.000
671.149 0.000 0.000 0.000
671.377 0.000 0.000 0.000
671.553 0.000 0.000 0.000
671.755 0.000 0.000 0.000
671.973 0.000 0.000 0.000
672.153 0.000 0.000 0.000
672.350 0.000 0.000 0.000
672.577 0.000 0.000 0.000
672.758 0.000 0.000 0.000
672.950 0.000 0.000 0.000
673.173 0.000 0.000 0.000
673.353 0.000 0.000 0.000
673.550 0.000 0.000 0.000
673.777 0.000 0.000 0.000
673.953 0.000 0.000 0.000
674.150 0.000 0.000 0.000
674.374 0.000 0.000 0.000
674.554 0.000 0.000 0.000
674.750 0.000 0.000 0.000
674.973 0.000 0.000 0.000
675.154 0.000 0.000 0.000
675.350 0.000 0.000 0.000
675.574 0.000 0.000 0.000
675.753 0.000 0.000 0.000
675.954 0.000 0.000 0.000
676.177 0.000 0.000 0.000
676.357 0.000 0.000 0.000
676.593 0.000 0.000 0.000
676.773 0.000 0.000 0.000
676.960 0.000 0.000 0.000
677.199 0.000 0.000 0.000
677.373 0.000 0.000 0.000
677.560 0.000 0.000 0.000
677.793 0.000 0.000 0.000
677.973 0.000 0.000 0.000
678.160 0.000 0.000 0.000
678.397 0.000 0.000 0.000
678.573 0.000 0.000 0.000
678.761 0.000 0.000 0.000
678.997 0.000 0.000 0.000
679.173 0.000 0.000 0.000
679.359 0.000 0.000 0.000
679.594 0.000 0.000 0.000
679.773 0.000 0.000 0.000
679.960 0.000 0.000 0.000
680.193 0.000 0.000 0.000
680.373 0.000 0.000 0.000
680.560 0.000 0.000 0.000
680.793 0.000 0.000 0.000
680.973 0.000 0.000 0.000
681.160 0.000 0.000 0.000
