%x y z
2.000 0.000 1.000
2.000 0.000 1.000
1.999 0.000 1.000
1.997 0.000 1.000
1.995 0.000 1.000
1.992 0.000 1.000
1.988 0.000 1.000
1.984 0.000 1.000
1.979 0.000 1.001
1.973 0.000 1.001
1.967 0.000 1.001
1.961 0.000 1.002
1.953 0.000 1.003
1.945 0.000 1.004
1.937 0.000 1.005
1.927 0.000 1.006
1.918 0.000 1.008
1.907 0.000 1.010
1.896 0.000 1.013
1.885 0.000 1.016
1.873 0.000 1.019
1.860 0.000 1.023
1.847 0.000 1.027
1.833 0.000 1.033
1.819 0.000 1.038
1.804 0.000 1.045
1.789 0.000 1.052
1.773 0.000 1.060
1.756 0.000 1.069
1.739 0.000 1.079
1.722 0.000 1.090
1.704 0.000 1.102
1.685 0.000 1.115
1.666 0.000 1.129
1.647 0.000 1.144
1.627 0.000 1.160
1.606 0.000 1.178
1.585 0.000 1.197
1.564 0.000 1.217
1.542 0.000 1.239
1.520 0.000 1.262
1.497 0.000 1.287
1.474 0.000 1.313
1.450 0.000 1.341
1.426 0.000 1.370
1.401 0.000 1.401
1.376 0.000 1.433
1.351 0.000 1.467
1.325 0.000 1.503
1.299 0.000 1.540
1.272 0.000 1.579
1.245 0.000 1.620
1.217 0.000 1.662
1.190 0.000 1.706
1.161 0.000 1.752
1.133 0.000 1.799
1.104 0.000 1.847
1.074 0.000 1.897
1.045 0.000 1.949
1.014 0.000 2.001
0.984 0.000 2.056
0.953 0.000 2.111
0.922 0.000 2.168
0.890 0.000 2.226
0.859 0.000 2.285
0.826 0.000 2.344
0.794 0.000 2.405
0.761 0.000 2.467
0.728 0.000 2.529
0.695 0.000 2.591
0.661 0.000 2.654
0.627 0.000 2.718
0.593 0.000 2.781
0.558 0.000 2.844
0.523 0.000 2.908
0.488 0.000 2.971
0.453 0.000 3.033
0.417 0.000 3.095
0.381 0.000 3.156
0.345 0.000 3.217
0.308 0.000 3.276
0.272 0.000 3.334
0.235 0.000 3.391
0.198 0.000 3.446
0.160 0.000 3.499
0.123 0.000 3.551
0.085 0.000 3.600
0.047 0.000 3.647
0.009 0.000 3.692
-0.030 0.000 3.734
-0.068 0.000 3.774
-0.107 0.000 3.811
-0.146 0.000 3.845
-0.185 0.000 3.876
-0.225 0.000 3.903
-0.264 0.000 3.928
-0.304 0.000 3.949
-0.344 0.000 3.966
-0.384 0.000 3.980
-0.424 0.000 3.991
-0.464 0.000 3.997
-0.504 0.000 4.000
-0.545 0.000 3.999
-0.586 0.000 3.994
-0.626 0.000 3.985
-0.667 0.000 3.972
-0.708 0.000 3.956
-0.749 0.000 3.935
-0.790 0.000 3.911
-0.832 0.000 3.883
-0.873 0.000 3.851
-0.914 0.000 3.815
-0.956 0.000 3.776
-0.998 0.000 3.733
-1.039 0.000 3.687
-1.081 0.000 3.638
-1.123 0.000 3.585
-1.164 0.000 3.530
-1.206 0.000 3.471
-1.248 0.000 3.410
-1.290 0.000 3.347
-1.332 0.000 3.281
-1.374 0.000 3.212
-1.416 0.000 3.142
-1.458 0.000 3.070
-1.500 0.000 2.997
-1.542 0.000 2.922
-1.584 0.000 2.845
-1.626 0.000 2.768
-1.668 0.000 2.691
-1.710 0.000 2.612
-1.752 0.000 2.534
-1.794 0.000 2.455
-1.836 0.000 2.377
-1.877 0.000 2.299
-1.919 0.000 2.222
-1.961 0.000 2.145
-2.002 0.000 2.070
-2.044 0.000 1.996
-2.086 0.000 1.923
-2.127 0.000 1.853
-2.168 0.000 1.783
-2.210 0.000 1.716
-2.251 0.000 1.652
-2.292 0.000 1.589
-2.333 0.000 1.529
-2.374 0.000 1.472
-2.414 0.000 1.418
-2.455 0.000 1.367
-2.496 0.000 1.318
-2.536 0.000 1.273
-2.576 0.000 1.231
-2.616 0.000 1.193
-2.656 0.000 1.158
-2.696 0.000 1.126
-2.736 0.000 1.098
-2.775 0.000 1.073
-2.815 0.000 1.052
-2.854 0.000 1.035
-2.893 0.000 1.021
-2.932 0.000 1.011
-2.970 0.000 1.004
-3.009 0.000 1.000
-3.047 0.000 1.000
-3.085 0.000 1.004
-3.123 0.000 1.011
-3.160 0.000 1.021
-3.198 0.000 1.034
-3.235 0.000 1.051
-3.272 0.000 1.070
-3.308 0.000 1.092
-3.345 0.000 1.117
-3.381 0.000 1.145
-3.417 0.000 1.175
-3.453 0.000 1.208
-3.488 0.000 1.243
-3.523 0.000 1.280
-3.558 0.000 1.319
-3.593 0.000 1.360
-3.627 0.000 1.403
-3.661 0.000 1.447
-3.695 0.000 1.493
-3.728 0.000 1.541
-3.761 0.000 1.589
-3.794 0.000 1.639
-3.826 0.000 1.689
-3.859 0.000 1.741
-3.890 0.000 1.793
-3.922 0.000 1.845
-3.953 0.000 1.899
-3.984 0.000 1.952
-4.014 0.000 2.005
-4.045 0.000 2.059
-4.074 0.000 2.113
-4.104 0.000 2.166
-4.133 0.000 2.219
-4.161 0.000 2.272
-4.190 0.000 2.325
-4.217 0.000 2.377
-4.245 0.000 2.428
-4.272 0.000 2.479
-4.299 0.000 2.529
-4.325 0.000 2.578
-4.351 0.000 2.627
-4.376 0.000 2.674
-4.401 0.000 2.721
-4.426 0.000 2.766
-4.450 0.000 2.810
-4.474 0.000 2.854
-4.497 0.000 2.896
-4.520 0.000 2.937
-4.542 0.000 2.977
-4.564 0.000 3.016
-4.585 0.000 3.053
-4.606 0.000 3.090
-4.627 0.000 3.125
-4.647 0.000 3.159
-4.666 0.000 3.191
-4.685 0.000 3.223
-4.704 0.000 3.253
-4.722 0.000 3.282
-4.739 0.000 3.310
-4.756 0.000 3.336
-4.773 0.000 3.362
-4.789 0.000 3.386
-4.804 0.000 3.409
-4.819 0.000 3.431
-4.833 0.000 3.452
-4.847 0.000 3.472
-4.860 0.000 3.490
-4.873 0.000 3.508
-4.885 0.000 3.525
-4.896 0.000 3.540
-4.907 0.000 3.555
-4.918 0.000 3.569
-4.927 0.000 3.582
-4.937 0.000 3.593
-4.945 0.000 3.604
-4.953 0.000 3.614
-4.961 0.000 3.624
-4.967 0.000 3.632
-4.973 0.000 3.640
-4.979 0.000 3.646
-4.984 0.000 3.652
-4.988 0.000 3.657
-4.992 0.000 3.661
-4.995 0.000 3.665
-4.997 0.000 3.668
-4.999 0.000 3.670
-5.000 0.000 3.671
-5.000 0.000 3.671
-5.000 0.000 3.671
-4.999 0.000 3.670
-4.997 0.000 3.668
-4.995 0.000 3.665
-4.992 0.000 3.661
-4.988 0.000 3.657
-4.984 0.000 3.652
-4.979 0.000 3.646
-4.973 0.000 3.640
-4.967 0.000 3.632
-4.961 0.000 3.624
-4.953 0.000 3.614
-4.945 0.000 3.604
-4.937 0.000 3.593
-4.927 0.000 3.582
-4.918 0.000 3.569
-4.907 0.000 3.555
-4.896 0.000 3.540
-4.885 0.000 3.525
-4.873 0.000 3.508
-4.860 0.000 3.490
-4.847 0.000 3.472
-4.833 0.000 3.452
-4.819 0.000 3.431
-4.804 0.000 3.409
-4.789 0.000 3.386
-4.773 0.000 3.362
-4.756 0.000 3.336
-4.739 0.000 3.310
-4.722 0.000 3.282
-4.704 0.000 3.253
-4.685 0.000 3.223
-4.666 0.000 3.191
-4.647 0.000 3.159
-4.627 0.000 3.125
-4.606 0.000 3.090
-4.585 0.000 3.053
-4.564 0.000 3.016
-4.542 0.000 2.977
-4.520 0.000 2.937
-4.497 0.000 2.896
-4.474 0.000 2.854
-4.450 0.000 2.810
-4.426 0.000 2.766
-4.401 0.000 2.721
-4.376 0.000 2.674
-4.351 0.000 2.627
-4.325 0.000 2.578
-4.299 0.000 2.529
-4.272 0.000 2.479
-4.245 0.000 2.428
-4.217 0.000 2.377
-4.190 0.000 2.325
-4.161 0.000 2.272
-4.133 0.000 2.219
-4.104 0.000 2.166
-4.074 0.000 2.113
-4.045 0.000 2.059
-4.014 0.000 2.005
-3.984 0.000 1.952
-3.953 0.000 1.899
-3.922 0.000 1.845
-3.890 0.000 1.793
-3.859 0.000 1.741
-3.826 0.000 1.689
-3.794 0.000 1.639
-3.761 0.000 1.589
-3.728 0.000 1.541
-3.695 0.000 1.493
-3.661 0.000 1.447
-3.627 0.000 1.403
-3.593 0.000 1.360
-3.558 0.000 1.319
-3.523 0.000 1.280
-3.488 0.000 1.243
-3.453 0.000 1.208
-3.417 0.000 1.175
-3.381 0.000 1.145
-3.345 0.000 1.117
-3.308 0.000 1.092
-3.272 0.000 1.070
-3.235 0.000 1.051
-3.198 0.000 1.034
-3.160 0.000 1.021
-3.123 0.000 1.011
-3.085 0.000 1.004
-3.047 0.000 1.000
-3.009 0.000 1.000
-2.970 0.000 1.004
-2.932 0.000 1.011
-2.893 0.000 1.021
-2.854 0.000 1.035
-2.815 0.000 1.052
-2.775 0.000 1.073
-2.736 0.000 1.098
-2.696 0.000 1.126
-2.656 0.000 1.158
-2.616 0.000 1.193
-2.576 0.000 1.231
-2.536 0.000 1.273
-2.496 0.000 1.318
-2.455 0.000 1.367
-2.414 0.000 1.418
-2.374 0.000 1.472
-2.333 0.000 1.529
-2.292 0.000 1.589
-2.251 0.000 1.652
-2.210 0.000 1.716
-2.168 0.000 1.783
-2.127 0.000 1.853
-2.086 0.000 1.923
-2.044 0.000 1.996
-2.002 0.000 2.070
-1.961 0.000 2.145
-1.919 0.000 2.222
-1.877 0.000 2.299
-1.836 0.000 2.377
-1.794 0.000 2.455
-1.752 0.000 2.534
-1.710 0.000 2.612
-1.668 0.000 2.691
-1.626 0.000 2.768
-1.584 0.000 2.845
-1.542 0.000 2.922
-1.500 0.000 2.997
-1.458 0.000 3.070
-1.416 0.000 3.142
-1.374 0.000 3.212
-1.332 0.000 3.281
-1.290 0.000 3.347
-1.248 0.000 3.410
-1.206 0.000 3.471
-1.164 0.000 3.530
-1.123 0.000 3.585
-1.081 0.000 3.638
-1.039 0.000 3.687
-0.998 0.000 3.733
-0.956 0.000 3.776
-0.914 0.000 3.815
-0.873 0.000 3.851
-0.832 0.000 3.883
-0.790 0.000 3.911
-0.749 0.000 3.935
-0.708 0.000 3.956
-0.667 0.000 3.972
-0.626 0.000 3.985
-0.586 0.000 3.994
-0.545 0.000 3.999
-0.504 0.000 4.000
-0.464 0.000 3.997
-0.424 0.000 3.991
-0.384 0.000 3.980
-0.344 0.000 3.966
-0.304 0.000 3.949
-0.264 0.000 3.928
-0.225 0.000 3.903
-0.185 0.000 3.876
-0.146 0.000 3.845
-0.107 0.000 3.811
-0.068 0.000 3.774
-0.030 0.000 3.734
0.009 0.000 3.692
0.047 0.000 3.647
0.085 0.000 3.600
0.123 0.000 3.551
0.160 0.000 3.499
0.198 0.000 3.446
0.235 0.000 3.391
0.272 0.000 3.334
0.308 0.000 3.276
0.345 0.000 3.217
0.381 0.000 3.156
0.417 0.000 3.095
0.453 0.000 3.033
0.488 0.000 2.971
0.523 0.000 2.908
0.558 0.000 2.844
0.593 0.000 2.781
0.627 0.000 2.718
0.661 0.000 2.654
0.695 0.000 2.591
0.728 0.000 2.529
0.761 0.000 2.467
0.794 0.000 2.405
0.826 0.000 2.344
0.859 0.000 2.285
0.890 0.000 2.226
0.922 0.000 2.168
0.953 0.000 2.111
0.984 0.000 2.056
1.014 0.000 2.001
1.045 0.000 1.949
1.074 0.000 1.897
1.104 0.000 1.847
1.133 0.000 1.799
1.161 0.000 1.752
1.190 0.000 1.706
1.217 0.000 1.662
1.245 0.000 1.620
1.272 0.000 1.579
1.299 0.000 1.540
1.325 0.000 1.503
1.351 0.000 1.467
1.376 0.000 1.433
1.401 0.000 1.401
1.426 0.000 1.370
1.450 0.000 1.341
1.474 0.000 1.313
1.497 0.000 1.287
1.520 0.000 1.262
1.542 0.000 1.239
1.564 0.000 1.217
1.585 0.000 1.197
1.606 0.000 1.178
1.627 0.000 1.160
1.647 0.000 1.144
1.666 0.000 1.129
1.685 0.000 1.115
1.704 0.000 1.102
1.722 0.000 1.090
1.739 0.000 1.079
1.756 0.000 1.069
1.773 0.000 1.060
1.789 0.000 1.052
1.804 0.000 1.045
1.819 0.000 1.038
1.833 0.000 1.033
1.847 0.000 1.027
1.860 0.000 1.023
1.873 0.000 1.019
1.885 0.000 1.016
1.896 0.000 1.013
1.907 0.000 1.010
1.918 0.000 1.008
1.927 0.000 1.006
1.937 0.000 1.005
1.945 0.000 1.004
1.953 0.000 1.003
1.961 0.000 1.002
1.967 0.000 1.001
1.973 0.000 1.001
1.979 0.000 1.001
1.984 0.000 1.000
1.988 0.000 1.000
1.992 0.000 1.000
1.995 0.000 1.000
1.997 0.000 1.000
1.999 0.000 1.000
2.000 0.000 1.000
2.000 0.000 1.000
