0.000 0.002 0.001 0.005
0.229 0.006 0.002 0.007
0.449 0.004 -0.001 0.008
0.689 -0.005 -0.003 0.010
0.889 -0.008 -0.003 0.012
1.089 -0.003 -0.002 0.014
1.290 0.007 -0.002 0.016
1.499 0.013 0.002 0.019
1.750 0.007 0.004 0.021
2.000 -0.007 -0.003 0.022
2.250 -0.010 -0.010 0.023
2.470 -0.002 -0.008 0.026
2.711 0.008 -0.002 0.029
2.940 0.009 -0.003 0.033
3.160 0.003 -0.006 0.035
3.410 -0.003 -0.005 0.038
3.691 -0.004 -0.000 0.042
3.931 0.003 -0.005 0.044
4.150 0.007 -0.014 0.046
4.379 0.005 -0.013 0.050
4.600 -0.003 -0.006 0.054
4.830 -0.006 -0.001 0.059
5.080 0.001 -0.006 0.061
5.300 0.009 -0.010 0.063
5.540 0.010 -0.008 0.067
5.760 0.003 -0.010 0.071
5.980 -0.005 -0.016 0.073
6.230 -0.009 -0.016 0.077
6.450 -0.004 -0.008 0.081
6.680 0.008 -0.003 0.086
6.900 0.012 -0.011 0.088
7.131 0.004 -0.023 0.089
7.360 -0.004 -0.022 0.093
7.580 -0.003 -0.009 0.099
7.800 0.003 -0.004 0.104
8.040 0.007 -0.012 0.107
8.260 0.003 -0.022 0.109
8.470 -0.004 -0.024 0.112
8.700 -0.005 -0.015 0.118
8.910 0.001 -0.010 0.122
9.120 0.007 -0.015 0.126
9.340 0.008 -0.021 0.129
9.590 0.002 -0.021 0.134
9.840 -0.001 -0.013 0.140
10.050 -0.002 -0.015 0.142
10.281 -0.003 -0.024 0.144
10.530 -0.000 -0.027 0.148
10.740 0.003 -0.025 0.152
10.990 0.003 -0.021 0.157
11.210 -0.000 -0.021 0.161
11.470 -0.002 -0.024 0.165
11.710 0.002 -0.024 0.169
11.960 0.006 -0.023 0.173
12.182 0.003 -0.025 0.177
12.400 -0.003 -0.028 0.180
12.660 -0.007 -0.026 0.184
12.900 -0.005 -0.022 0.188
13.143 0.003 -0.026 0.191
13.351 0.007 -0.032 0.194
13.570 0.002 -0.032 0.190
13.792 -0.011 -0.053 0.164
14.020 -0.013 -0.069 0.161
14.260 -0.014 -0.045 0.168
14.490 -0.015 0.002 0.186
14.740 -0.013 0.018 0.198
14.981 -0.010 0.001 0.211
15.190 -0.010 0.001 0.225
15.460 -0.005 0.020 0.245
15.682 -0.013 0.044 0.206
15.941 -0.036 0.067 0.133
16.170 -0.036 0.090 0.108
16.410 -0.019 0.110 0.099
16.640 0.005 0.145 0.110
16.871 0.016 0.136 0.122
17.100 0.016 0.091 0.129
17.330 0.012 0.027 0.135
17.540 0.004 -0.022 0.142
17.770 -0.003 -0.034 0.156
18.000 -0.005 -0.009 0.176
18.230 -0.001 0.004 0.197
18.470 0.004 -0.017 0.211
18.680 0.004 -0.041 0.221
18.900 0.001 -0.045 0.236
19.140 -0.005 -0.036 0.254
19.381 -0.008 -0.034 0.270
19.610 -0.006 -0.042 0.281
19.830 -0.004 -0.053 0.291
20.050 -0.005 -0.055 0.302
20.261 -0.007 -0.049 0.312
20.470 -0.009 -0.046 0.322
20.700 -0.009 -0.052 0.330
20.930 -0.010 -0.059 0.338
21.170 -0.013 -0.061 0.348
21.420 -0.014 -0.060 0.359
21.651 -0.011 -0.060 0.368
21.870 -0.009 -0.060 0.378
22.090 -0.004 -0.060 0.388
22.300 0.001 -0.051 0.402
22.510 0.016 -0.039 0.418
22.760 0.056 -0.002 0.443
22.990 0.113 0.040 0.466
23.211 0.132 0.065 0.490
23.440 0.045 -0.021 2.293
23.670 0.052 -0.014 2.313
23.890 0.060 -0.015 2.442
24.091 0.065 -0.004 2.461
24.309 0.058 0.144 1.947
24.551 0.060 0.178 1.950
24.760 0.044 0.166 1.942
24.960 0.018 0.088 1.970
25.190 -0.017 -0.018 2.012
25.400 -0.045 -0.082 2.040
25.621 -0.047 -0.112 2.033
25.851 -0.055 -0.119 2.006
26.060 -0.082 -0.131 1.958
26.320 -0.121 -0.150 1.894
26.540 -0.138 -0.169 1.864
26.770 -0.122 -0.177 1.822
27.010 -0.085 -0.146 1.789
27.210 -0.039 -0.115 1.759
27.440 -0.035 -0.098 1.727
27.660 -0.017 -0.102 1.710
27.901 -0.000 -0.132 1.690
28.111 -0.023 -0.167 1.707
28.320 -0.024 -0.184 1.695
28.520 -0.035 -0.199 1.687
28.741 -0.029 -0.203 1.692
28.960 -0.033 -0.202 1.681
29.180 -0.026 -0.203 1.697
29.401 -0.027 -0.197 1.722
29.641 0.001 -0.158 1.719
29.883 -0.001 -0.122 1.737
30.099 -0.006 -0.097 1.753
30.299 -0.017 -0.083 1.766
30.509 -0.017 -0.067 1.753
30.709 0.025 -0.044 1.723
30.909 0.069 0.025 1.685
31.109 0.082 0.115 1.659
31.309 0.083 0.199 1.622
31.509 0.072 0.264 1.587
31.720 0.030 0.321 1.555
31.919 -0.014 0.365 1.555
32.119 -0.085 0.426 1.461
32.319 -0.153 0.450 1.387
32.519 -0.178 0.391 1.455
32.719 -0.205 0.358 1.421
32.919 -0.261 0.330 1.366
33.119 -0.293 0.305 1.316
33.319 -0.292 0.255 1.302
33.519 -0.301 0.204 1.266
33.719 -0.282 0.145 1.236
33.919 -0.239 0.092 1.206
34.119 -0.187 0.040 1.179
34.319 -0.126 -0.012 1.157
34.519 -0.062 -0.051 1.121
34.719 -0.001 -0.079 1.087
34.919 0.055 -0.089 1.052
35.119 0.098 -0.086 1.023
35.319 0.129 -0.075 0.992
35.519 0.142 -0.055 0.969
35.719 0.145 -0.035 0.942
35.919 0.133 -0.020 0.915
36.119 0.115 -0.009 0.883
36.319 0.091 -0.007 0.849
36.519 0.067 -0.010 0.809
36.719 0.048 -0.020 0.767
36.919 0.034 -0.030 0.731
37.119 0.026 -0.040 0.700
37.319 0.023 -0.047 0.678
37.519 0.025 -0.049 0.662
37.719 0.032 -0.047 0.645
37.919 0.040 -0.046 0.627
38.119 0.048 -0.044 0.609
38.319 0.057 -0.044 0.585
38.519 0.067 -0.047 0.552
38.719 0.078 -0.051 0.516
38.919 0.083 -0.057 0.473
39.119 0.087 -0.060 0.423
39.319 0.094 -0.063 0.389
39.519 0.097 -0.059 0.351
39.719 0.102 -0.052 0.315
39.919 0.104 -0.034 0.287
40.119 0.101 -0.004 0.271
40.319 0.105 0.019 0.267
40.519 0.114 0.033 0.265
40.719 0.112 0.051 0.263
40.919 0.113 0.049 0.251
41.119 0.111 0.037 0.234
41.319 0.100 0.027 0.212
41.519 0.079 0.003 0.173
41.719 0.077 -0.027 0.128
41.919 -0.962 -0.356 -0.166
42.119 -1.418 -0.493 -0.235
42.319 0.080 -0.101 0.068
42.519 0.086 -0.100 0.063
42.719 0.123 -0.135 0.066
42.919 0.136 -0.114 0.083
43.119 0.184 -0.089 0.096
43.319 0.193 -0.045 0.122
43.519 0.193 -0.003 0.153
43.719 0.254 -0.021 0.169
43.919 0.209 0.010 0.172
44.119 0.179 -0.006 0.148
44.319 0.128 -0.015 0.105
44.520 0.048 0.000 0.051
44.719 0.058 -0.059 0.029
44.919 0.011 -0.069 0.007
45.119 0.097 -0.163 0.005
45.319 0.044 -0.167 -0.007
45.519 0.031 -0.175 -0.017
45.719 0.048 -0.203 -0.015
45.919 0.051 -0.205 0.002
46.119 0.035 -0.185 -0.019
46.320 0.077 -0.187 -0.007
46.519 0.043 -0.142 -0.009
46.719 0.068 -0.116 0.008
46.919 0.076 -0.070 0.016
47.119 0.068 0.007 0.012
47.319 0.088 0.070 0.027
47.519 0.110 0.108 0.042
47.719 0.136 0.145 0.073
47.919 0.157 0.153 0.090
48.119 0.152 0.165 0.107
48.319 0.153 0.143 0.112
48.519 0.142 0.108 0.100
48.719 0.109 0.082 0.079
48.920 0.083 0.051 0.054
49.119 0.031 0.031 -0.005
49.319 0.019 0.002 -0.012
49.519 0.045 -0.045 0.007
49.719 0.071 -0.092 0.024
49.919 0.073 -0.108 0.031
50.119 0.086 -0.123 0.042
50.319 0.089 -0.131 0.051
50.519 0.101 -0.107 0.070
50.719 0.106 -0.074 0.087
50.919 0.110 -0.037 0.099
51.119 0.133 -0.001 0.100
51.319 0.144 0.055 0.130
51.519 0.147 0.102 0.145
51.719 0.161 0.121 0.152
51.919 0.154 0.142 0.156
52.119 0.148 0.121 0.133
52.319 0.135 0.098 0.097
52.519 0.099 0.072 0.043
52.719 0.052 0.037 -0.021
52.919 0.023 -0.001 -0.035
53.119 0.094 -0.095 -0.025
53.319 0.095 -0.134 -0.022
53.519 0.089 -0.156 0.009
53.719 0.123 -0.195 0.010
53.919 0.101 -0.194 0.043
54.119 0.091 -0.174 0.071
54.319 0.121 -0.164 0.093
54.519 0.133 -0.136 0.108
54.719 0.164 -0.057 0.116
54.919 1.170 0.433 0.540
55.119 0.186 0.217 0.076
55.319 0.173 0.358 0.064
55.519 0.127 0.583 -0.051
55.719 -1.261 0.495 -0.759
55.919 -0.225 0.766 -0.155
56.119 -0.276 0.849 -0.193
56.319 -0.340 0.918 -0.247
56.519 -0.034 0.903 -0.070
56.719 -0.091 0.962 -0.117
56.919 -0.168 1.003 -0.187
57.119 -0.344 1.075 -0.310
57.319 -0.445 1.082 -0.423
57.519 -0.533 1.094 -0.527
57.719 -0.616 1.101 -0.635
57.919 -0.683 1.090 -0.740
58.119 -0.737 1.075 -0.837
58.319 -0.728 1.050 -0.871
58.519 -0.384 0.950 -0.529
58.719 -0.099 0.739 -0.214
58.919 0.023 0.543 -0.061
59.119 0.078 0.370 0.043
59.319 0.087 0.211 0.106
59.519 0.066 0.068 0.142
59.719 0.035 -0.052 0.175
59.919 -0.005 -0.145 0.212
60.119 -0.046 -0.208 0.251
60.319 -0.084 -0.238 0.292
60.519 0.010 -0.223 0.439
60.719 -0.006 -0.207 0.469
60.930 -0.017 -0.175 0.491
61.130 -0.021 -0.133 0.506
61.340 -0.019 -0.093 0.517
61.550 -0.011 -0.058 0.525
61.760 -0.005 -0.037 0.505
62.030 -0.016 -0.052 0.493
62.260 -0.022 -0.072 0.510
62.481 -0.015 -0.067 0.539
62.730 0.012 -0.045 0.588
62.970 0.062 -0.002 0.639
63.200 0.100 0.046 0.653
63.450 0.128 0.063 0.677
63.661 0.146 0.092 0.700
63.920 0.162 0.097 0.746
64.130 0.168 0.083 0.748
64.340 0.177 0.002 0.789
64.560 0.164 -0.110 0.788
64.760 0.138 -0.198 0.829
64.980 0.121 -0.243 0.866
65.192 0.092 -0.240 0.911
65.412 0.074 -0.215 0.824
65.641 0.050 -0.204 0.698
65.850 0.022 -0.184 0.643
66.101 0.005 -0.131 0.551
66.341 -0.003 -0.079 0.496
66.570 0.001 -0.040 0.477
66.791 -0.003 0.004 0.454
67.010 0.043 0.030 0.456
67.240 0.149 0.050 0.448
67.441 0.198 0.057 0.444
67.659 0.227 0.041 0.443
67.859 0.225 0.010 0.442
68.059 0.212 -0.006 0.411
68.260 0.194 0.019 0.352
68.459 0.174 0.086 0.319
68.659 0.154 0.187 0.298
68.859 0.113 0.285 0.292
69.069 0.060 0.396 0.262
69.269 -0.017 0.478 0.226
69.469 -0.113 0.532 0.171
69.669 -0.214 0.592 0.100
69.869 -0.304 0.639 0.039
70.069 -0.412 0.650 -0.093
70.269 -0.476 0.640 -0.153
70.469 -0.482 0.735 -0.118
70.669 1.827 1.088 2.653
70.869 1.646 1.184 2.426
71.069 1.379 1.202 2.173
71.270 2.089 1.118 2.786
71.469 2.805 1.046 -3.025
71.669 2.744 1.240 3.055
71.869 1.284 1.407 1.599
72.069 1.026 1.328 1.358
72.269 1.046 1.277 1.378
72.469 1.194 1.244 1.518
72.669 1.327 1.224 1.651
72.869 1.480 1.218 1.798
73.070 1.577 1.227 1.910
73.269 1.632 1.249 1.976
73.529 1.648 1.293 1.990
73.740 1.626 1.339 1.957
73.969 1.574 1.398 1.890
74.180 1.506 1.457 1.804
74.400 0.218 0.003 -0.422
74.610 0.163 -0.012 -0.566
74.840 0.147 -0.029 -0.640
75.100 0.127 -0.087 -0.678
75.311 0.107 -0.137 -0.603
75.540 0.150 -0.210 -0.319
75.761 0.083 -0.134 -0.160
75.970 0.038 -0.091 -0.137
76.210 0.054 -0.044 -0.014
76.431 0.065 -0.044 0.050
76.670 0.070 -0.053 0.107
76.880 0.079 -0.076 0.154
77.101 0.110 -0.098 0.223
77.341 0.110 -0.111 0.253
77.550 0.108 -0.116 0.287
77.770 0.099 -0.111 0.312
78.000 0.092 -0.092 0.340
78.241 0.084 -0.087 0.356
78.490 0.081 -0.067 0.381
78.720 0.079 -0.054 0.390
78.929 0.083 -0.050 0.402
79.129 0.084 -0.048 0.408
79.350 0.083 -0.045 0.418
79.621 0.080 -0.042 0.425
79.850 0.083 -0.046 0.434
80.090 0.086 -0.052 0.443
80.310 0.088 -0.060 0.451
80.531 0.088 -0.064 0.457
80.750 0.089 -0.072 0.465
80.970 0.089 -0.075 0.471
81.250 0.093 -0.082 0.483
81.500 0.096 -0.090 0.490
81.711 0.093 -0.086 0.494
81.931 0.095 -0.088 0.504
82.160 0.095 -0.086 0.511
82.360 0.099 -0.085 0.513
82.581 0.099 -0.084 0.519
82.781 0.098 -0.085 0.521
83.010 0.100 -0.082 0.522
83.230 0.100 -0.077 0.526
83.460 0.102 -0.083 0.528
83.700 0.105 -0.078 0.529
83.911 0.086 -0.097 0.529
84.112 0.089 -0.093 0.526
84.330 0.098 -0.077 0.540
84.570 0.054 -0.106 0.576
84.822 0.092 -0.093 0.557
85.040 0.088 -0.093 0.566
85.270 0.079 -0.091 0.577
85.511 0.067 -0.087 0.588
85.740 0.054 -0.083 0.597
85.960 0.042 -0.080 0.605
86.180 0.035 -0.075 0.615
86.420 0.045 -0.040 0.626
86.650 0.035 -0.016 0.645
86.890 0.011 0.028 0.680
87.141 -0.008 0.079 0.719
87.370 -0.023 0.111 0.744
87.600 -0.034 0.135 0.770
87.810 2.784 -0.357 -0.208
88.051 2.926 -0.406 -0.252
88.300 2.917 -0.427 -0.273
88.520 2.915 -0.450 -0.296
88.750 -0.071 0.257 0.820
88.960 -0.060 0.278 0.835
89.170 -0.039 0.293 0.855
89.400 -0.011 0.294 0.867
89.610 0.015 0.297 0.867
89.830 0.108 0.352 0.754
90.080 0.168 0.339 0.724
90.330 0.191 0.285 0.716
90.560 0.213 0.220 0.700
90.800 0.257 0.161 0.693
91.030 0.284 0.139 0.687
91.260 0.298 0.134 0.690
91.510 0.289 0.122 0.691
91.730 0.217 0.083 0.677
91.980 0.156 0.058 0.670
92.179 0.146 0.055 0.674
92.410 0.156 0.065 0.689
92.630 0.174 0.097 0.710
92.861 0.185 0.118 0.736
93.070 0.193 0.130 0.761
93.301 0.194 0.144 0.762
93.511 0.072 0.086 0.959
93.741 0.072 0.093 0.956
93.991 0.041 0.065 0.952
94.220 0.020 0.024 0.952
94.450 0.005 -0.035 0.943
94.673 -0.003 -0.137 0.906
94.930 0.032 -0.284 0.860
95.150 0.078 -0.373 0.809
95.360 0.101 -0.429 0.752
95.590 0.110 -0.456 0.693
95.800 0.097 -0.476 0.728
96.020 0.105 -0.405 0.681
96.280 0.109 -0.285 0.653
96.540 0.105 -0.155 0.645
96.780 -0.027 -0.060 0.632
97.010 -0.090 0.022 0.620
97.230 -0.100 0.072 0.604
97.470 -0.079 0.091 0.588
97.680 -0.053 0.082 0.557
97.950 -0.038 0.060 0.493
98.160 -0.021 0.045 0.478
98.381 0.020 -0.003 0.408
98.581 0.035 0.007 0.410
98.780 0.055 0.020 0.417
99.031 0.080 0.032 0.423
99.250 0.102 0.027 0.431
99.480 0.119 0.004 0.440
99.679 0.143 -0.005 0.451
99.879 0.166 0.014 0.463
100.079 0.192 0.049 0.444
100.279 0.204 0.117 0.408
100.479 0.199 0.169 0.385
100.679 0.194 0.196 0.373
100.879 0.177 0.194 0.359
101.079 0.175 0.178 0.325
101.279 0.205 0.091 0.254
101.479 0.147 0.034 0.204
101.679 0.183 0.164 0.180
101.879 0.115 -0.149 0.071
102.079 0.105 -0.628 -0.137
102.279 0.056 -0.386 -0.175
102.479 0.069 -0.374 -0.246
102.679 0.088 -0.357 -0.315
102.879 0.113 -0.322 -0.369
103.079 0.136 -0.246 -0.421
103.279 0.170 -0.179 -0.468
103.479 0.183 -0.084 -0.482
103.679 0.168 -0.004 -0.527
103.879 0.156 0.042 -0.568
104.079 0.127 0.049 -0.594
104.279 0.128 0.083 -0.669
104.479 0.113 0.079 -0.721
104.679 0.093 0.061 -0.775
104.879 0.072 0.027 -0.819
105.079 0.053 -0.006 -0.854
105.279 0.042 -0.032 -0.902
105.479 0.035 -0.049 -0.940
105.679 0.028 -0.048 -0.979
105.879 0.022 -0.029 -1.002
106.079 0.026 0.016 -1.032
106.279 0.032 0.068 -1.051
106.479 0.051 0.124 -1.074
106.679 0.066 0.175 -1.099
106.879 0.070 0.204 -1.117
107.079 0.072 0.203 -1.137
107.279 0.072 0.180 -1.162
107.479 0.070 0.141 -1.191
107.679 0.067 0.094 -1.225
107.879 0.058 0.037 -1.261
108.079 0.051 -0.015 -1.294
108.279 0.044 -0.059 -1.326
108.479 0.044 -0.082 -1.358
108.679 0.041 -0.087 -1.383
108.879 0.040 -0.063 -1.407
109.079 0.046 -0.014 -1.430
109.279 0.054 0.042 -1.441
109.479 0.063 0.095 -1.451
109.689 0.073 0.147 -1.467
109.889 0.081 0.176 -1.487
110.089 0.084 0.179 -1.507
110.289 0.095 0.169 -1.532
110.489 0.099 0.145 -1.558
110.689 0.095 0.111 -1.585
110.889 0.087 0.075 -1.611
111.089 0.078 0.040 -1.634
111.289 0.068 0.007 -1.657
111.489 0.053 -0.013 -1.676
111.689 0.036 -0.019 -1.693
111.889 0.026 -0.013 -1.706
112.089 0.023 0.014 -1.715
112.289 0.030 0.057 -1.719
112.489 0.043 0.105 -1.722
112.689 0.059 0.153 -1.729
112.889 0.072 0.190 -1.750
113.089 0.074 0.205 -1.772
113.289 0.071 0.200 -1.801
113.489 0.048 0.176 -1.828
113.689 0.037 0.146 -1.850
113.889 0.028 0.111 -1.869
114.089 0.022 0.075 -1.888
114.289 0.017 0.041 -1.907
114.489 0.010 0.011 -1.927
114.689 0.009 -0.011 -1.955
114.889 0.010 -0.021 -1.985
115.089 0.015 -0.006 -2.005
115.289 0.027 0.029 -2.015
115.489 0.040 0.074 -2.016
115.689 0.053 0.116 -2.017
115.889 0.063 0.152 -2.039
116.089 0.061 0.174 -2.067
116.289 0.056 0.175 -2.094
116.489 0.049 0.157 -2.117
116.689 0.048 0.135 -2.136
116.889 0.041 0.106 -2.155
117.089 0.032 0.073 -2.175
117.289 0.022 0.042 -2.198
117.489 0.018 0.012 -2.231
117.689 0.015 -0.011 -2.254
117.889 0.031 -0.034 -2.282
118.089 0.031 -0.043 -2.304
118.289 0.041 -0.024 -2.324
118.489 0.060 0.013 -2.333
118.689 0.074 0.062 -2.328
118.889 0.077 0.109 -2.317
119.089 0.084 0.153 -2.332
119.289 0.083 0.182 -2.364
119.489 0.074 0.184 -2.401
119.689 0.050 0.169 -2.424
119.889 0.018 0.146 -2.448
120.089 0.003 0.116 -2.468
120.289 -0.012 0.081 -2.485
120.489 -0.024 0.049 -2.500
120.689 -0.032 0.021 -2.520
120.889 -0.039 -0.000 -2.547
121.089 -0.036 -0.009 -2.579
121.289 -0.057 -0.014 -2.580
121.489 -0.078 0.064 -2.620
121.689 -0.071 0.106 -2.618
121.889 -0.071 0.154 -2.606
122.089 0.001 0.159 -2.593
122.289 -0.004 0.195 -2.630
122.489 -0.009 0.178 -2.639
122.690 -0.007 0.160 -2.670
122.889 -0.014 0.127 -2.695
123.090 -0.020 0.087 -2.720
123.289 -0.029 0.043 -2.744
123.489 -0.041 0.006 -2.766
123.689 -0.051 -0.024 -2.787
123.889 -0.060 -0.044 -2.806
124.089 -0.073 -0.050 -2.824
124.289 -0.071 -0.040 -2.839
124.489 -0.067 -0.012 -2.849
124.689 -0.062 0.037 -2.855
124.889 -0.045 0.092 -2.855
125.089 -0.029 0.142 -2.856
125.289 -0.018 0.179 -2.867
125.489 -0.012 0.196 -2.886
125.689 -0.011 0.187 -2.907
125.889 -0.019 0.161 -2.927
126.089 -0.025 0.123 -2.942
126.289 -0.024 0.074 -2.952
126.489 -0.021 0.024 -2.957
126.689 -0.019 -0.020 -2.960
126.889 -0.013 -0.057 -2.962
127.089 -0.008 -0.082 -2.963
127.289 -0.009 -0.091 -2.964
127.489 -0.010 -0.080 -2.961
127.689 -0.010 -0.053 -2.954
127.889 -0.008 -0.006 -2.944
128.089 -0.001 0.052 -2.934
128.289 0.012 0.112 -2.918
128.489 0.024 0.159 -2.905
128.689 0.035 0.193 -2.902
128.889 0.034 0.207 -2.911
129.089 0.028 0.194 -2.926
129.299 0.010 0.158 -2.945
129.499 -0.007 0.116 -2.961
129.700 -0.024 0.075 -2.972
129.899 -0.040 0.036 -2.980
130.099 -0.049 0.000 -2.986
130.299 -0.055 -0.031 -2.991
130.500 -0.057 -0.052 -2.993
130.699 -0.053 -0.061 -2.994
130.899 -0.046 -0.053 -2.992
131.099 -0.036 -0.026 -2.987
131.301 -0.023 0.015 -2.980
131.499 -0.007 0.060 -2.970
131.699 0.007 0.103 -2.956
131.899 0.020 0.141 -2.941
132.100 0.029 0.169 -2.929
132.299 0.030 0.180 -2.926
132.499 0.024 0.172 -2.928
132.699 0.013 0.143 -2.938
132.899 -0.001 0.102 -2.950
133.099 -0.015 0.060 -2.961
133.299 -0.031 0.018 -2.974
133.499 -0.044 -0.017 -2.983
133.699 -0.058 -0.045 -2.987
133.899 -0.060 -0.061 -2.989
134.099 -0.064 -0.060 -2.991
134.299 -0.060 -0.048 -2.989
134.500 -0.047 -0.016 -2.983
134.699 -0.031 0.028 -2.973
134.899 -0.010 0.079 -2.959
135.099 0.009 0.125 -2.944
135.299 0.025 0.164 -2.935
135.499 0.037 0.189 -2.929
135.699 0.043 0.198 -2.932
135.899 0.041 0.182 -2.944
136.100 0.032 0.151 -2.964
136.299 0.019 0.106 -2.989
136.499 -0.004 0.061 -3.013
136.699 -0.024 0.017 -3.030
136.900 -0.041 -0.017 -3.022
137.099 -0.060 -0.037 -2.995
137.299 -0.072 -0.036 -2.960
137.499 -0.075 -0.019 -2.923
137.699 -0.066 0.004 -2.885
137.899 -0.049 0.036 -2.847
138.099 -0.029 0.077 -2.812
138.299 0.000 0.119 -2.781
138.500 0.025 0.156 -2.755
138.699 0.044 0.187 -2.730
138.899 0.052 0.197 -2.713
139.099 0.054 0.183 -2.699
139.300 0.052 0.149 -2.682
139.499 0.045 0.105 -2.660
139.699 0.029 0.058 -2.631
139.899 0.014 0.016 -2.600
140.100 0.006 -0.017 -2.568
140.299 -0.001 -0.037 -2.535
140.499 0.005 -0.047 -2.494
140.699 0.013 -0.050 -2.459
140.899 0.033 -0.044 -2.424
141.099 0.047 -0.008 -2.395
141.299 0.056 0.048 -2.373
141.499 0.065 0.103 -2.339
141.700 0.085 0.160 -2.330
141.899 0.095 0.199 -2.314
142.099 0.093 0.215 -2.303
142.299 0.084 0.203 -2.291
142.500 0.072 0.168 -2.273
142.699 0.053 0.119 -2.247
142.899 0.030 0.071 -2.225
143.099 0.018 0.029 -2.195
143.300 0.026 -0.006 -2.162
143.499 0.020 -0.027 -2.126
143.699 0.021 -0.037 -2.092
143.899 0.026 -0.032 -2.058
144.099 0.037 -0.014 -2.022
144.299 0.050 0.029 -1.996
144.499 0.069 0.081 -1.970
144.699 0.087 0.133 -1.945
144.900 0.099 0.174 -1.919
145.099 0.104 0.202 -1.892
145.299 0.095 0.202 -1.861
145.499 0.098 0.183 -1.839
145.700 0.076 0.142 -1.799
145.899 0.064 0.098 -1.765
146.099 0.052 0.055 -1.731
146.299 0.044 0.011 -1.698
146.499 0.045 -0.023 -1.673
146.699 0.044 -0.042 -1.652
146.899 0.042 -0.048 -1.636
147.099 0.037 -0.049 -1.621
147.299 0.034 -0.034 -1.597
147.499 0.047 0.002 -1.578
147.699 0.067 0.052 -1.561
147.899 0.097 0.111 -1.549
148.101 0.114 0.158 -1.516
148.299 0.139 0.203 -1.502
148.499 0.151 0.239 -1.498
148.699 0.123 0.247 -1.505
148.899 0.103 0.243 -1.520
149.099 0.080 0.220 -1.545
149.299 0.064 0.185 -1.578
149.499 0.029 0.157 -1.619
149.700 -0.001 0.117 -1.641
149.899 0.003 0.082 -1.660
150.099 -0.009 0.045 -1.669
150.299 -0.010 0.014 -1.675
150.499 -0.002 -0.012 -1.675
150.699 0.012 -0.030 -1.669
150.899 0.034 -0.036 -1.658
151.099 0.043 -0.033 -1.609
151.300 0.071 0.010 -1.594
151.499 0.091 0.059 -1.576
151.699 0.096 0.102 -1.561
151.899 0.103 0.123 -1.602
152.100 0.097 0.131 -1.610
152.299 0.069 0.156 -1.618
152.499 0.046 0.114 -1.640
152.699 0.023 0.069 -1.662
152.899 0.014 0.021 -1.672
153.099 0.015 -0.031 -1.673
153.299 0.024 -0.080 -1.674
153.499 0.034 -0.114 -1.676
153.699 0.042 -0.127 -1.676
153.899 0.051 -0.120 -1.672
154.099 0.060 -0.095 -1.664
154.320 0.072 -0.052 -1.654
154.540 0.079 0.004 -1.643
154.750 0.079 0.059 -1.631
154.980 0.074 0.108 -1.621
155.180 0.130 0.206 -1.701
155.379 0.131 0.224 -1.709
155.590 0.122 0.217 -1.707
155.823 0.120 0.198 -1.711
156.060 0.123 0.171 -1.720
156.291 0.122 0.139 -1.721
156.520 0.118 0.105 -1.722
156.750 0.113 0.072 -1.719
156.949 0.109 0.051 -1.715
157.149 0.107 0.037 -1.709
157.349 0.106 0.029 -1.698
157.549 0.127 0.030 -1.675
157.749 0.160 0.071 -1.635
157.949 0.192 0.128 -1.599
158.149 0.217 0.187 -1.572
158.349 0.234 0.246 -1.549
158.560 0.177 0.228 -1.436
158.801 0.185 0.278 -1.412
159.030 -0.513 0.422 -2.780
159.291 -0.521 0.457 -2.789
159.500 -0.528 0.490 -2.800
159.699 -0.542 0.530 -2.811
159.929 -0.558 0.574 -2.818
160.129 -0.576 0.612 -2.824
160.329 -0.680 0.592 -2.818
160.529 -0.698 0.500 -2.713
160.730 -0.652 0.445 -2.637
160.959 -0.557 0.423 -2.578
161.210 -0.441 0.395 -2.525
161.430 -0.358 0.349 -2.483
161.680 -0.302 0.287 -2.448
161.941 -0.268 0.222 -2.424
162.191 -0.256 0.164 -2.427
162.471 -0.306 0.129 -2.665
162.710 -0.344 0.111 -2.842
162.921 -0.357 0.064 -2.923
163.170 -0.387 -0.030 -3.004
163.412 -0.416 -0.114 -3.051
163.670 -0.450 -0.219 3.111
163.900 -0.482 -0.264 3.056
164.120 -0.510 -0.270 3.021
164.360 -0.541 -0.258 2.985
164.571 -0.566 -0.242 2.957
164.810 -0.592 -0.233 2.933
165.020 -0.621 -0.242 2.917
165.280 -0.647 -0.265 2.912
165.500 -0.655 -0.286 2.909
165.741 -0.654 -0.302 2.905
165.990 -0.646 -0.312 2.902
166.220 -0.634 -0.318 2.898
166.439 -0.621 -0.321 2.895
166.680 -0.605 -0.321 2.892
166.900 -0.590 -0.320 2.889
167.110 -0.576 -0.315 2.886
167.340 -0.563 -0.311 2.883
167.550 -0.538 -0.324 2.825
167.790 -0.432 -0.381 2.530
167.990 -0.337 -0.411 2.293
168.200 -0.027 0.014 -3.054
168.410 -0.036 -0.012 3.101
168.621 -0.045 -0.024 3.058
168.840 -0.053 -0.023 -3.018
169.080 -0.064 0.018 -2.791
169.290 -0.053 0.047 -2.674
169.520 -0.029 0.070 -2.606
169.750 -0.019 0.090 -2.558
169.950 -0.015 0.123 -2.555
170.190 -0.002 0.157 -2.531
170.400 0.003 0.180 -2.540
170.620 -0.043 0.246 -2.740
170.820 -0.082 0.269 -2.909
171.020 -0.111 0.230 -3.005
171.230 -0.118 0.175 -3.072
171.450 -0.106 0.113 -3.118
171.670 -0.085 0.050 3.130
171.900 -0.055 -0.011 3.094
172.100 -0.028 -0.053 3.065
172.310 0.001 -0.075 3.040
172.521 0.023 -0.059 3.020
172.730 0.016 -0.031 3.004
172.941 0.070 -0.045 2.987
173.141 0.108 -0.049 2.970
173.370 0.119 -0.046 2.952
173.590 0.100 -0.033 2.940
173.840 0.067 -0.023 2.924
174.060 0.032 -0.020 2.915
174.259 0.002 -0.015 2.908
174.459 -0.020 -0.011 2.890
174.659 -0.023 0.014 2.836
174.869 -0.006 0.086 2.773
175.069 -0.014 0.132 2.690
175.269 -0.029 0.260 2.589
175.469 -0.074 0.377 2.513
175.669 -0.143 0.483 2.435
175.869 -0.231 0.561 2.371
176.069 -0.329 0.614 2.289
176.269 -0.414 0.624 2.213
176.469 -0.487 0.602 2.157
176.669 -0.541 0.561 2.116
176.869 -0.561 0.489 2.091
177.069 -0.549 0.382 2.077
177.269 -0.486 0.261 2.162
177.469 0.114 -0.223 0.057
177.669 -0.394 1.092 0.435
177.869 -0.305 -0.096 2.135
178.069 -0.225 -0.176 2.127
178.269 -0.154 -0.187 2.141
178.469 -0.095 -0.175 2.139
178.669 -0.050 -0.173 2.123
178.869 -0.019 -0.177 2.095
179.069 -0.005 -0.180 2.056
179.269 -0.004 -0.173 2.012
179.469 -0.015 -0.151 1.974
179.669 -0.022 -0.122 1.943
179.869 -0.030 -0.091 1.921
180.069 -0.038 -0.065 1.902
180.269 -0.042 -0.046 1.881
180.469 -0.045 -0.040 1.850
180.669 -0.041 -0.049 1.805
180.869 -0.033 -0.072 1.747
181.069 -0.022 -0.105 1.678
181.270 -0.007 -0.145 1.606
181.469 0.010 -0.187 1.528
181.669 0.027 -0.222 1.446
181.869 0.045 -0.246 1.361
182.069 0.054 -0.253 1.284
182.269 0.052 -0.240 1.211
182.469 0.056 -0.215 1.146
182.669 0.059 -0.176 1.088
182.869 0.062 -0.123 1.041
183.069 0.067 -0.059 1.014
183.269 0.068 0.008 1.001
183.469 0.059 0.063 0.988
183.669 0.047 0.097 0.975
183.869 0.034 0.111 0.954
184.079 0.022 0.102 0.923
184.279 0.011 0.070 0.877
184.479 0.009 0.024 0.828
184.679 0.012 -0.026 0.776
184.879 0.018 -0.074 0.726
185.079 0.029 -0.117 0.674
185.279 0.042 -0.148 0.625
185.479 0.053 -0.165 0.571
185.679 0.068 -0.166 0.519
185.879 0.089 -0.144 0.486
186.079 0.105 -0.092 0.470
186.279 0.095 -0.011 0.454
186.479 0.093 0.016 0.449
186.679 0.111 0.046 0.409
186.879 0.105 0.061 0.383
187.079 0.089 0.075 0.355
187.279 0.071 0.074 0.319
187.479 0.056 0.059 0.275
187.679 0.041 0.043 0.214
187.879 0.018 0.021 0.160
188.079 0.030 -0.009 0.103
188.279 0.052 -0.043 0.054
188.479 0.077 -0.079 0.032
188.679 0.076 -0.091 -0.003
188.880 0.075 -0.099 -0.026
189.079 0.079 -0.094 -0.040
189.279 0.089 -0.066 -0.053
189.479 0.101 -0.034 -0.061
189.679 0.114 0.006 -0.062
189.879 0.124 0.048 -0.054
190.079 0.132 0.076 -0.045
190.279 0.131 0.084 -0.039
190.479 0.127 0.078 -0.036
190.679 0.119 0.052 -0.034
190.879 0.116 0.013 -0.036
191.079 0.104 -0.041 -0.035
191.279 0.100 -0.069 -0.040
191.479 0.092 -0.094 -0.044
191.679 0.084 -0.116 -0.050
191.879 0.077 -0.130 -0.049
192.079 0.076 -0.131 -0.050
192.279 0.076 -0.120 -0.047
192.479 0.080 -0.096 -0.043
192.679 0.085 -0.050 -0.036
192.879 0.091 0.002 -0.025
193.079 0.097 0.050 -0.012
193.279 0.110 0.099 0.000
193.480 0.120 0.132 0.015
193.679 0.127 0.150 0.032
193.879 0.129 0.146 0.045
194.079 0.132 0.129 0.057
194.279 0.129 0.093 0.067
194.479 0.124 0.047 0.073
194.679 0.110 -0.001 0.075
194.879 0.076 -0.033 0.069
195.079 0.054 -0.057 0.070
195.279 0.048 -0.076 0.062
195.479 0.053 -0.087 0.060
195.679 0.063 -0.087 0.061
195.879 0.076 -0.089 0.066
196.079 0.089 -0.082 0.071
196.279 0.107 -0.063 0.076
196.479 0.122 -0.036 0.089
196.679 0.138 0.003 0.104
196.879 0.148 0.039 0.122
197.079 0.158 0.069 0.141
197.289 0.167 0.089 0.157
197.489 0.174 0.109 0.172
197.689 0.175 0.119 0.177
197.889 0.158 0.098 0.172
198.089 0.159 0.067 0.151
198.289 0.141 0.005 0.115
198.489 0.123 -0.020 0.097
198.689 0.099 -0.063 0.068
198.889 0.091 -0.056 0.082
199.099 0.065 -0.133 0.033
199.300 0.057 -0.144 0.028
199.499 0.052 -0.151 0.021
199.699 0.055 -0.141 0.029
199.899 0.036 -0.117 0.038
200.100 -0.020 -0.086 0.049
200.299 -0.053 -0.037 0.051
200.499 -0.058 0.022 0.058
200.699 -0.048 0.090 0.076
200.900 -0.026 0.142 0.092
201.099 -0.003 0.179 0.102
201.299 0.024 0.178 0.116
201.499 0.044 0.189 0.132
201.700 0.067 0.142 0.125
201.899 0.068 0.114 0.126
202.099 0.074 0.073 0.112
202.299 0.083 0.041 0.111
202.500 0.087 -0.017 0.100
202.699 0.074 -0.037 0.078
202.899 0.074 -0.073 0.070
203.099 0.063 -0.091 0.047
203.300 0.055 -0.086 0.035
203.499 0.063 -0.086 0.050
203.699 0.063 -0.085 0.049
203.899 0.075 -0.072 0.087
204.100 0.089 -0.042 0.117
204.299 0.116 0.009 0.146
204.499 0.139 0.068 0.172
204.699 0.159 0.135 0.199
204.899 0.163 0.154 0.226
205.099 0.156 0.160 0.251
205.299 0.160 0.139 0.281
205.499 0.145 0.096 0.305
205.699 0.146 0.078 0.362
205.899 0.129 -0.006 0.368
206.099 0.116 -0.048 0.395
206.299 0.106 -0.054 0.438
206.499 0.092 -0.089 0.471
206.699 0.085 -0.111 0.509
206.899 0.089 -0.109 0.547
207.099 0.075 -0.135 0.586
207.300 0.070 -0.101 0.634
207.499 0.075 -0.049 0.670
207.699 0.084 0.006 0.702
207.899 0.090 0.050 0.729
208.100 0.093 0.082 0.762
208.299 0.090 0.088 0.794
208.499 0.084 0.065 0.822
208.699 0.077 0.024 0.847
208.900 0.068 -0.016 0.884
209.099 0.057 -0.055 0.926
209.299 0.049 -0.108 0.957
209.499 0.043 -0.151 0.988
209.699 0.052 -0.194 1.021
209.899 0.111 -0.255 1.052
210.099 0.154 -0.266 1.089
210.309 0.171 -0.245 1.136
210.509 0.170 -0.208 1.189
210.709 0.165 -0.116 1.260
210.909 0.152 -0.088 1.300
211.109 2.180 0.099 -0.606
211.309 2.149 0.084 -0.612
211.519 2.109 0.086 -0.634
211.719 2.078 0.089 -0.672
211.919 2.059 0.088 -0.716
212.119 2.055 0.081 -0.761
212.319 2.058 0.069 -0.807
212.519 -0.013 -0.235 1.509
212.719 -0.022 -0.243 1.562
212.919 -0.009 -0.253 1.600
213.119 0.005 -0.234 1.620
213.319 -0.019 -0.217 1.658
213.521 -0.036 -0.200 1.704
213.719 -0.052 -0.178 1.755
213.919 -0.065 -0.156 1.805
214.119 -0.071 -0.140 1.858
214.319 -0.054 -0.097 1.904
214.519 -0.026 -0.027 1.951
214.719 0.018 0.095 1.970
214.919 0.076 0.178 1.985
215.119 0.098 0.208 2.046
215.319 0.069 0.195 2.085
215.519 0.090 0.169 2.100
215.719 0.061 0.126 2.119
215.919 0.052 0.077 2.134
216.119 0.045 0.055 2.090
216.319 0.053 0.001 2.128
216.529 0.027 -0.067 2.172
216.730 0.016 -0.117 2.198
216.950 0.008 -0.158 2.225
217.149 0.010 -0.178 2.243
217.349 -0.002 -0.182 2.264
217.549 -0.010 -0.173 2.281
217.749 -0.009 -0.155 2.294
217.950 -0.019 -0.131 2.312
218.170 -0.023 -0.104 2.328
218.369 -0.018 -0.078 2.335
218.599 -0.019 -0.058 2.351
218.820 -0.021 -0.044 2.367
219.020 -0.023 -0.039 2.379
219.250 -0.028 -0.036 2.400
219.480 -0.031 -0.040 2.415
219.680 -0.030 -0.045 2.428
219.920 -0.008 -0.035 2.446
220.150 0.007 -0.003 2.461
220.370 0.011 0.014 2.474
220.570 0.019 0.021 2.484
220.800 0.001 0.030 2.508
221.030 0.046 0.082 2.533
221.270 0.083 0.133 2.547
221.500 0.095 0.170 2.572
221.730 0.093 0.183 2.591
221.941 0.077 0.163 2.607
222.151 0.045 0.108 2.621
222.370 0.014 0.068 2.668
222.580 -0.015 0.051 2.710
222.794 -0.020 0.061 2.723
223.021 -0.034 0.070 2.742
223.221 -0.017 0.040 2.765
223.480 0.019 0.015 2.788
223.691 0.032 0.002 2.812
223.912 0.028 0.002 2.834
224.109 0.015 -0.003 2.857
224.309 -0.000 -0.012 2.878
224.509 -0.008 -0.026 2.900
224.709 -0.003 -0.017 2.939
224.909 0.004 0.018 2.986
225.109 0.016 0.062 3.024
225.309 0.026 0.119 3.042
225.509 0.031 0.136 3.063
225.709 0.017 0.107 3.080
225.909 0.006 0.080 3.098
226.109 -0.003 0.043 3.103
226.309 -0.017 -0.003 3.094
226.509 -0.029 -0.062 3.090
226.709 -0.036 -0.098 3.100
226.909 -0.044 -0.133 3.095
227.110 -0.060 -0.156 3.107
227.309 -0.061 -0.160 3.106
227.509 -0.062 -0.148 3.112
227.709 -0.053 -0.116 3.108
227.909 -0.046 -0.073 3.113
228.109 -0.040 -0.017 3.131
228.309 -0.025 0.059 3.135
228.509 -0.008 0.131 -3.138
228.709 0.006 0.184 -3.120
228.909 0.024 0.229 -3.099
229.109 0.023 0.240 -3.067
229.309 0.033 0.235 -3.038
229.509 0.035 0.200 -3.007
229.709 0.030 0.148 -2.981
229.909 0.025 0.100 -2.958
230.109 0.010 0.049 -2.929
230.309 0.003 0.001 -2.893
230.509 -0.005 -0.042 -2.855
230.709 -0.009 -0.072 -2.816
230.909 -0.010 -0.088 -2.780
231.109 -0.009 -0.088 -2.744
231.309 -0.005 -0.075 -2.705
231.509 0.001 -0.033 -2.670
231.709 0.013 0.020 -2.643
231.909 0.022 0.079 -2.619
232.109 0.031 0.128 -2.596
232.309 0.033 0.162 -2.567
232.509 0.035 0.172 -2.537
232.709 0.040 0.162 -2.499
232.909 0.041 0.131 -2.472
233.109 0.042 0.101 -2.437
233.309 -0.249 0.191 -2.462
233.509 0.002 0.035 -2.364
233.709 -0.004 -0.019 -2.317
233.909 0.003 -0.050 -2.291
234.109 0.009 -0.062 -2.264
234.309 0.014 -0.054 -2.233
234.509 0.025 -0.020 -2.207
234.709 0.036 0.035 -2.184
234.909 0.046 0.088 -2.167
235.109 0.054 0.137 -2.151
235.309 0.056 0.173 -2.130
235.509 0.060 0.183 -2.107
235.709 0.054 0.171 -2.088
235.910 0.043 0.143 -2.056
236.109 0.042 0.109 -2.024
236.309 0.039 0.069 -1.991
236.509 0.031 0.032 -1.956
236.709 0.033 -0.001 -1.928
236.909 0.029 -0.025 -1.892
237.109 0.032 -0.038 -1.861
237.309 0.041 -0.039 -1.831
237.510 0.050 -0.015 -1.804
237.709 0.057 0.029 -1.782
237.909 0.055 0.078 -1.764
238.109 0.064 0.129 -1.742
238.309 0.069 0.170 -1.712
238.509 0.070 0.190 -1.684
238.709 0.069 0.190 -1.654
238.909 0.064 0.171 -1.622
239.109 0.058 0.142 -1.592
239.309 0.051 0.108 -1.566
239.509 0.047 0.073 -1.543
239.709 0.046 0.033 -1.516
239.910 0.046 -0.001 -1.489
240.109 0.051 -0.031 -1.456
240.309 0.060 -0.054 -1.415
240.509 0.063 -0.057 -1.372
240.709 0.068 -0.036 -1.332
240.909 0.077 0.008 -1.300
241.109 0.091 0.062 -1.265
241.309 0.090 0.116 -1.237
241.509 0.092 0.154 -1.197
241.709 0.095 0.168 -1.159
241.909 0.093 0.165 -1.118
242.109 0.086 0.148 -1.077
242.309 0.081 0.118 -1.040
242.509 0.072 0.086 -1.010
242.709 0.061 0.047 -0.972
242.909 0.054 0.010 -0.930
243.109 0.048 -0.021 -0.883
243.309 0.044 -0.042 -0.831
243.509 0.053 -0.056 -0.780
243.709 0.061 -0.046 -0.729
243.909 0.076 -0.015 -0.690
244.109 0.092 0.033 -0.651
244.309 0.103 0.078 -0.611
244.509 0.109 0.115 -0.571
244.709 0.116 0.133 -0.522
244.909 0.124 0.131 -0.470
245.109 0.121 0.106 -0.416
245.309 0.118 0.077 -0.360
245.509 0.114 0.043 -0.311
245.709 0.099 0.004 -0.259
245.909 0.079 -0.035 -0.201
246.109 0.074 -0.053 -0.151
246.309 0.054 -0.066 -0.098
246.509 0.038 -0.072 -0.038
246.709 0.023 -0.070 0.016
246.909 0.002 -0.048 0.052
247.109 0.001 -0.028 0.080
247.309 0.022 -0.009 0.125
247.509 0.032 0.015 0.142
247.709 0.044 0.036 0.162
247.909 0.057 0.050 0.173
248.109 0.065 0.054 0.182
248.309 0.072 0.051 0.179
248.509 0.078 0.037 0.165
248.710 0.077 0.017 0.142
248.909 0.075 -0.004 0.114
249.109 0.077 -0.029 0.090
249.309 0.085 -0.051 0.075
249.509 0.092 -0.073 0.064
249.709 0.100 -0.090 0.054
249.909 0.105 -0.101 0.048
250.109 0.105 -0.101 0.047
250.309 0.106 -0.088 0.048
250.509 0.104 -0.062 0.052
250.709 0.099 -0.029 0.058
250.909 0.097 0.007 0.066
251.109 0.094 0.035 0.076
251.309 0.098 0.059 0.088
251.509 0.103 0.076 0.099
251.709 0.108 0.084 0.109
251.909 0.108 0.084 0.117
252.109 0.109 0.071 0.123
252.309 0.106 0.049 0.125
252.509 0.102 0.014 0.121
252.709 0.099 -0.023 0.116
252.909 0.107 -0.053 0.107
253.109 0.114 -0.080 0.099
253.309 0.089 -0.105 0.103
253.509 0.079 -0.120 0.100
253.709 0.075 -0.126 0.091
253.909 0.075 -0.119 0.087
254.109 0.069 -0.096 0.094
254.309 0.059 -0.057 0.112
254.509 0.059 -0.014 0.122
254.709 0.072 0.021 0.124
254.909 0.087 0.056 0.137
255.109 0.105 0.081 0.145
255.309 0.117 0.102 0.154
255.509 0.129 0.109 0.158
255.709 0.129 0.102 0.158
255.909 0.125 0.074 0.156
256.109 0.119 0.041 0.159
256.309 0.122 0.006 0.156
256.509 0.112 -0.034 0.150
256.710 0.089 -0.068 0.135
256.909 0.065 -0.087 0.131
257.109 0.054 -0.105 0.130
257.309 0.054 -0.115 0.129
257.510 0.056 -0.119 0.132
257.709 0.065 -0.107 0.129
257.909 0.072 -0.081 0.138
258.109 0.081 -0.042 0.142
258.309 0.084 0.008 0.159
258.509 0.110 0.046 0.189
258.709 0.123 0.085 0.205
258.909 0.136 0.115 0.215
259.109 0.138 0.130 0.210
259.309 0.139 0.129 0.192
259.509 0.132 0.111 0.164
259.709 0.124 0.086 0.133
259.909 0.111 0.053 0.107
260.109 0.100 0.017 0.090
260.309 0.095 -0.012 0.062
260.509 0.087 -0.048 0.049
260.709 0.081 -0.072 0.041
260.909 0.078 -0.090 0.035
261.109 0.079 -0.090 0.035
261.309 0.081 -0.089 0.033
261.509 0.086 -0.070 0.036
261.709 0.093 -0.040 0.040
261.909 0.103 -0.005 0.045
262.109 0.113 0.029 0.052
262.309 0.124 0.061 0.063
262.509 0.133 0.083 0.075
262.709 0.138 0.090 0.085
262.909 0.140 0.092 0.096
263.109 0.139 0.080 0.105
263.309 0.131 0.053 0.107
263.509 0.130 0.021 0.105
263.709 0.124 -0.018 0.106
263.909 0.114 -0.052 0.110
264.109 0.097 -0.070 0.129
264.309 0.090 -0.089 0.129
264.509 0.082 -0.123 0.128
264.709 0.076 -0.116 0.138
264.909 0.073 -0.101 0.147
265.109 0.078 -0.085 0.150
265.309 0.083 -0.048 0.161
265.509 0.092 -0.015 0.162
265.709 0.106 0.032 0.175
265.909 0.124 0.100 0.199
266.109 0.135 0.106 0.207
266.309 0.127 0.126 0.208
266.509 0.124 0.122 0.192
266.709 0.123 0.079 0.182
266.909 0.117 0.060 0.166
267.109 0.099 0.021 0.144
267.309 0.082 -0.034 0.123
267.509 0.074 -0.029 0.122
267.709 0.062 -0.073 0.101
267.909 0.057 -0.078 0.102
268.109 0.051 -0.079 0.100
268.309 0.053 -0.081 0.096
268.509 0.058 -0.072 0.095
268.709 0.071 -0.031 0.099
268.909 0.082 0.000 0.106
269.109 0.094 0.025 0.108
269.309 0.110 0.074 0.133
269.509 0.122 0.105 0.150
269.709 0.133 0.111 0.161
269.909 0.136 0.088 0.168
270.109 0.137 0.078 0.179
270.309 0.139 0.069 0.186
270.509 0.131 0.062 0.202
270.709 0.123 0.055 0.213
270.909 0.112 0.002 0.191
271.109 0.101 -0.033 0.176
271.310 0.098 -0.072 0.173
271.530 0.094 -0.118 0.239
271.760 0.061 -0.123 0.476
271.959 -0.009 -0.138 0.767
272.170 -0.045 -0.161 1.070
272.379 -0.095 -0.150 1.366
272.600 -0.128 -0.120 1.657
272.841 -0.153 -0.109 2.014
273.060 -0.184 -0.188 2.379
273.270 -0.168 -0.204 2.581
273.480 -0.239 -0.141 2.962
273.700 -0.230 -0.048 -3.093
273.920 -0.185 -0.027 -2.940
274.150 -0.133 0.000 -2.819
274.370 -0.033 0.044 -2.588
274.590 0.014 0.044 -2.348
274.810 0.001 0.016 -2.191
275.021 0.034 0.015 -2.044
275.219 0.059 0.031 -2.071
275.441 0.055 0.023 -2.062
275.672 0.066 0.020 -1.993
275.900 0.080 0.019 -1.798
276.130 0.076 0.017 -1.699
276.350 0.058 -0.042 -1.633
276.580 0.019 -0.093 -1.624
276.821 -0.035 -0.136 -1.594
277.030 -0.071 -0.176 -1.650
277.240 -0.097 -0.214 -1.692
277.460 -0.122 -0.223 -1.710
277.691 -0.143 -0.222 -1.753
277.922 0.142 0.251 1.285
278.140 0.114 0.289 1.267
278.370 0.092 0.331 1.255
278.581 0.074 0.368 1.243
278.821 0.053 0.410 1.229
279.040 0.037 0.444 1.215
279.271 0.022 0.475 1.196
279.524 0.010 0.501 1.169
279.730 -0.006 0.514 1.144
279.960 -0.024 0.530 1.115
280.191 0.053 0.667 0.880
280.400 -2.522 -0.735 0.488
280.651 2.263 -0.753 2.074
280.880 1.973 0.125 1.167
281.080 2.106 0.191 1.269
281.310 2.212 0.290 1.350
281.520 2.241 0.341 1.386
281.760 2.266 0.352 1.419
282.010 2.289 0.336 1.432
282.220 2.248 0.289 1.353
282.460 2.228 0.267 1.302
282.670 2.206 0.273 1.263
282.880 2.183 0.273 1.183
283.120 2.161 0.261 1.115
283.320 2.146 0.243 1.082
283.560 2.127 0.223 1.063
283.790 2.115 0.219 1.039
284.009 2.118 0.223 1.011
284.240 2.116 0.228 0.986
284.460 2.103 0.223 0.967
284.681 2.088 0.211 0.956
284.890 2.080 0.202 0.945
285.111 2.078 0.203 0.931
285.320 2.076 0.205 0.916
285.539 2.069 0.202 0.902
285.769 2.061 0.196 0.896
285.979 2.053 0.192 0.893
286.210 2.045 0.191 0.889
286.429 2.050 0.195 0.892
286.660 2.061 0.205 0.897
286.889 2.066 0.212 0.901
287.110 2.065 0.212 0.907
287.340 2.063 0.211 0.912
