0.000 -0.000 -0.000 1.754
0.229 0.000 -0.000 1.801
0.449 0.000 -0.000 1.804
0.689 0.000 -0.000 1.803
0.889 0.000 -0.000 1.801
1.089 0.000 0.000 1.802
1.290 -0.000 0.000 1.804
1.499 -0.000 -0.000 1.799
1.750 0.000 -0.000 1.794
2.000 0.000 -0.000 1.796
2.250 0.000 -0.000 1.793
2.470 0.000 -0.000 1.793
2.711 -0.000 -0.000 1.792
2.940 -0.000 -0.000 1.792
3.160 -0.000 -0.000 1.790
3.410 0.000 -0.000 1.791
3.691 0.000 -0.000 1.789
3.931 -0.000 -0.001 1.789
4.150 0.000 -0.000 1.790
4.379 0.000 -0.000 1.788
4.600 0.001 -0.000 1.789
4.830 0.001 -0.001 1.789
5.080 0.000 -0.001 1.792
5.300 0.000 -0.001 1.794
5.540 0.000 -0.001 1.792
5.760 0.000 -0.001 1.791
5.980 0.001 -0.002 1.792
6.230 0.001 -0.002 1.791
6.450 0.001 -0.002 1.789
6.680 0.000 -0.002 1.790
6.900 -0.000 -0.001 1.792
7.131 -0.001 -0.001 1.792
7.360 0.000 -0.001 1.793
7.580 0.002 -0.001 1.793
7.800 0.000 -0.001 1.795
8.040 0.004 -0.002 1.789
8.260 0.004 -0.001 1.790
8.470 0.005 -0.001 1.791
8.700 0.006 -0.001 1.790
8.910 0.007 -0.002 1.791
9.120 0.009 -0.002 1.789
9.340 0.010 -0.001 1.788
9.590 0.011 0.000 1.789
9.840 0.013 0.001 1.789
10.050 0.014 0.001 1.790
10.281 0.012 -0.001 1.792
10.530 0.013 -0.001 1.792
10.740 0.013 -0.001 1.791
10.990 0.014 -0.003 1.789
11.210 0.013 -0.003 1.790
11.470 0.013 -0.004 1.791
11.710 0.013 -0.003 1.790
11.960 0.014 -0.003 1.790
12.182 0.014 -0.002 1.791
12.400 0.014 -0.000 1.791
12.660 0.016 0.001 1.792
12.900 0.016 0.007 1.790
13.143 0.014 0.002 1.792
13.351 0.012 -0.000 1.793
13.570 0.008 -0.008 1.792
13.792 -0.025 -0.007 1.786
14.020 0.012 -0.017 1.787
14.260 -0.007 -0.012 1.785
14.490 -0.009 0.012 1.779
14.740 -0.361 -0.100 1.789
14.981 -0.293 -0.083 1.787
15.190 -0.334 -0.095 1.789
15.460 -0.315 -0.101 1.787
15.682 -0.345 -0.099 1.789
15.941 -0.440 -0.056 1.795
16.170 -0.609 -0.175 1.802
16.410 -0.105 0.085 1.792
16.640 0.208 0.082 1.784
16.871 -0.087 0.216 1.789
17.100 -0.228 0.365 1.793
17.330 -0.257 0.384 1.794
17.540 -0.472 0.298 1.790
17.770 -0.525 0.276 1.786
18.000 -0.556 0.297 1.783
18.230 -0.444 0.278 1.786
18.470 -0.397 0.287 1.789
18.680 -0.451 0.280 1.786
18.900 -0.465 0.289 1.785
19.140 -0.459 0.281 1.785
19.381 -0.372 0.191 1.794
19.610 -0.422 0.275 1.789
19.830 -0.426 0.275 1.790
20.050 -0.460 0.295 1.788
20.261 -0.478 0.305 1.786
20.470 -0.495 0.281 1.789
20.700 -0.506 0.300 1.788
20.930 -0.519 0.281 1.791
21.170 -0.541 0.324 1.788
21.420 -0.560 0.352 1.786
21.651 -0.583 0.326 1.789
21.870 -0.603 0.331 1.790
22.090 -0.612 0.333 1.789
22.300 -0.452 0.059 1.777
22.510 0.046 -0.742 1.752
22.760 1.188 -2.799 1.708
22.990 2.776 -5.921 1.645
23.211 3.305 -6.889 1.586
23.440 -0.749 0.004 1.370
23.670 -0.783 0.039 1.429
23.890 -0.745 -0.028 1.278
24.091 -0.751 -0.033 1.304
24.309 -0.710 -0.062 1.014
24.551 -0.707 -0.085 0.918
24.760 -0.698 -0.079 0.841
24.960 -0.687 -0.049 0.777
25.190 -0.672 -0.009 0.709
25.400 -0.664 0.010 0.644
25.621 -0.655 0.025 0.582
25.851 -0.629 0.049 0.543
26.060 -0.589 0.078 0.521
26.320 -0.528 0.123 0.512
26.540 -0.487 0.156 0.517
26.770 -0.455 0.181 0.503
27.010 -0.432 0.206 0.472
27.210 -0.415 0.229 0.428
27.440 -0.401 0.251 0.400
27.660 -0.388 0.273 0.385
27.901 -0.375 0.294 0.378
28.111 -0.365 0.317 0.364
28.320 -0.357 0.332 0.359
28.520 -0.349 0.344 0.365
28.741 -0.341 0.361 0.378
28.960 -0.334 0.368 0.396
29.180 -0.326 0.381 0.418
29.401 -0.319 0.392 0.445
29.641 -0.312 0.401 0.444
29.883 -0.307 0.409 0.464
30.099 -0.304 0.416 0.492
30.299 -0.302 0.420 0.517
30.509 -0.298 0.421 0.550
30.709 -0.287 0.419 0.557
30.909 -0.277 0.410 0.510
31.109 -0.269 0.399 0.428
31.309 -0.260 0.381 0.341
31.509 -0.250 0.356 0.245
31.720 -0.240 0.324 0.157
31.919 -0.230 0.292 0.073
32.119 -0.212 0.243 0.001
32.319 -0.195 0.199 -0.059
32.519 -0.190 0.183 -0.088
32.719 -0.178 0.156 -0.102
32.919 -0.164 0.136 -0.089
33.119 -0.149 0.103 0.057
33.319 -0.140 0.138 -0.047
33.519 -0.135 0.140 -0.024
33.719 -0.132 0.142 -0.012
33.919 -0.122 0.138 -0.014
34.119 -0.114 0.135 -0.020
34.319 -0.108 0.130 -0.022
34.519 -0.101 0.125 0.012
34.719 -0.094 0.121 -0.008
34.919 -0.087 0.117 -0.005
35.119 -0.082 0.115 -0.009
35.319 -0.078 0.113 -0.016
35.519 -0.075 0.112 -0.021
35.719 -0.072 0.111 -0.031
35.919 -0.070 0.110 -0.034
36.119 -0.067 0.108 -0.034
36.319 -0.064 0.106 -0.030
36.519 -0.061 0.103 -0.018
36.719 -0.057 0.100 -0.006
36.919 -0.054 0.097 0.002
37.119 -0.050 0.093 0.006
37.319 -0.047 0.091 0.010
37.519 -0.044 0.088 -0.000
37.719 -0.041 0.086 -0.017
37.919 -0.039 0.084 -0.034
38.119 -0.036 0.082 -0.047
38.319 -0.033 0.080 -0.058
38.519 -0.031 0.078 -0.057
38.719 -0.026 0.075 -0.053
38.919 -0.022 0.072 -0.038
39.119 -0.018 0.065 -0.024
39.319 -0.014 0.063 -0.002
39.519 -0.011 0.060 0.014
39.719 -0.006 0.058 0.029
39.919 -0.002 0.056 0.033
40.119 0.000 0.055 0.024
40.319 0.000 0.058 0.007
40.519 0.000 0.063 -0.025
40.719 -0.003 0.066 -0.052
40.919 -0.005 0.070 -0.077
41.119 -0.007 0.072 -0.084
41.319 -0.010 0.070 -0.091
41.519 -0.010 0.065 -0.086
41.719 -0.011 0.060 -0.075
41.919 -0.092 -0.004 0.161
42.119 -0.127 0.023 0.178
42.319 -0.011 0.064 -0.008
42.519 -0.009 0.062 0.011
42.719 -0.007 0.063 0.034
42.919 -0.003 0.060 0.019
43.119 0.005 0.075 -0.030
43.319 0.015 0.094 -0.112
43.519 0.021 0.117 -0.196
43.719 0.033 0.152 -0.275
43.919 0.036 0.163 -0.331
44.119 0.045 0.167 -0.355
44.319 0.046 0.163 -0.357
44.520 0.043 0.152 -0.348
44.719 0.051 0.158 -0.330
44.919 0.050 0.156 -0.302
45.119 0.064 0.174 -0.281
45.319 0.062 0.168 -0.249
45.519 0.061 0.169 -0.219
45.719 0.066 0.175 -0.182
45.919 0.069 0.180 -0.144
46.119 0.065 0.175 -0.106
46.320 0.067 0.184 -0.073
46.519 0.059 0.177 -0.036
46.719 0.068 0.180 -0.008
46.919 0.071 0.180 0.012
47.119 0.078 0.173 0.014
47.319 0.083 0.176 0.001
47.519 0.086 0.183 -0.034
47.719 0.078 0.196 -0.067
47.919 0.069 0.207 -0.099
48.119 0.056 0.214 -0.063
48.319 0.048 0.223 -0.181
48.519 0.040 0.227 -0.197
48.719 0.031 0.226 -0.199
48.920 0.024 0.223 -0.184
49.119 0.014 0.211 -0.157
49.319 0.007 0.209 -0.124
49.519 0.007 0.215 -0.088
49.719 0.008 0.221 -0.054
49.919 0.004 0.220 -0.022
50.119 -0.000 0.221 0.038
50.319 0.001 0.220 0.037
50.519 0.000 0.223 0.052
50.719 0.002 0.226 0.062
50.919 0.006 0.227 0.064
51.119 0.009 0.232 0.056
51.319 0.002 0.238 -0.003
51.519 -0.005 0.243 -0.051
51.719 -0.014 0.252 -0.114
51.919 -0.025 0.257 -0.166
52.119 -0.030 0.260 -0.197
52.319 -0.035 0.258 -0.213
52.519 -0.038 0.251 -0.212
52.719 -0.041 0.240 -0.194
52.919 -0.043 0.235 -0.168
53.119 -0.034 0.245 -0.142
53.319 -0.034 0.241 -0.109
53.519 -0.034 0.238 -0.073
53.719 -0.031 0.238 -0.035
53.919 -0.031 0.231 0.004
54.119 -0.029 0.224 0.034
54.319 -0.024 0.223 0.063
54.519 -0.017 0.220 0.087
54.719 -0.018 0.223 0.082
54.919 -0.136 0.364 0.133
55.119 -0.062 0.220 0.006
55.319 -0.097 0.223 -0.048
55.519 -0.172 0.221 -0.082
55.719 -0.167 0.199 0.084
55.919 -0.249 0.255 -0.010
56.119 -0.259 0.301 0.027
56.319 -0.268 0.349 -0.001
56.519 -0.532 0.247 -0.190
56.719 -0.587 0.283 -0.093
56.919 -0.646 0.320 -0.076
57.119 -0.838 0.195 -0.361
57.319 -0.936 0.185 -0.353
57.519 -1.038 0.189 -0.174
57.719 -1.140 0.197 0.031
57.919 -1.252 0.212 0.014
58.119 -1.369 0.234 0.005
58.319 -1.490 0.264 0.015
58.519 -1.621 0.293 0.022
58.719 -1.751 0.310 0.027
58.919 -1.891 0.316 -0.021
59.119 -1.930 0.336 -0.030
59.319 -1.903 0.357 -0.018
59.519 -1.870 0.362 -0.007
59.719 -1.833 0.347 0.005
59.919 -1.804 0.314 0.018
60.119 -1.780 0.264 0.037
60.319 -1.759 0.199 0.064
60.519 -1.499 0.087 -0.007
60.719 -1.505 0.088 0.026
60.930 -1.510 0.087 0.062
61.130 -1.514 0.088 0.093
61.340 -1.518 0.088 0.130
61.550 -1.520 0.088 0.169
61.760 -1.508 0.087 0.205
62.030 -1.433 0.082 0.246
62.260 -1.353 0.078 0.276
62.481 -1.258 0.075 0.308
62.730 -1.144 0.075 0.313
62.970 -1.065 0.076 0.328
63.200 -0.992 0.076 0.340
63.450 -0.908 0.079 0.352
63.661 -0.859 0.077 0.340
63.920 -0.815 0.083 0.329
64.130 -0.793 0.092 0.281
64.340 -0.744 0.126 0.259
64.560 -0.689 0.159 0.260
64.760 -0.646 0.188 0.273
64.980 -0.612 0.211 0.279
65.192 -0.582 0.233 0.277
65.412 -0.521 0.256 0.286
65.641 -0.455 0.279 0.305
65.850 -0.415 0.298 0.326
66.101 -0.373 0.315 0.354
66.341 -0.342 0.328 0.384
66.570 -0.318 0.340 0.403
66.791 -0.295 0.349 0.426
67.010 -0.276 0.360 0.457
67.240 -0.261 0.370 0.467
67.441 -0.253 0.379 0.469
67.659 -0.242 0.389 0.489
67.859 -0.233 0.396 0.514
68.059 -0.231 0.399 0.543
68.260 -0.243 0.395 0.541
68.459 -0.257 0.396 0.493
68.659 -0.274 0.398 0.420
68.859 -0.294 0.397 0.343
69.069 -0.328 0.388 0.252
69.269 -0.365 0.373 0.183
69.469 -0.410 0.347 0.111
69.669 -0.463 0.315 0.067
69.869 -0.515 0.277 0.020
70.069 -0.561 0.239 0.006
70.269 -0.599 0.207 0.011
70.469 -0.637 0.184 0.025
70.669 -0.738 0.159 0.098
70.869 -0.751 0.143 0.126
71.069 -0.767 0.118 0.196
71.270 -0.822 0.110 0.209
71.469 -0.871 0.107 0.304
71.669 -0.887 0.105 0.287
71.869 -0.875 0.102 0.206
72.069 -0.869 0.094 0.156
72.269 -0.860 0.087 0.102
72.469 -0.847 0.081 0.031
72.669 -0.834 0.079 -0.043
72.869 -0.824 0.079 -0.107
73.070 -0.820 0.081 -0.070
73.269 -0.816 0.084 -0.070
73.529 -0.807 0.087 -0.104
73.740 -0.796 0.090 -0.131
73.969 -0.780 0.091 -0.149
74.180 -0.761 0.090 -0.164
74.400 -0.601 0.103 -0.301
74.610 -0.621 0.089 -0.305
74.840 -0.608 0.070 -0.307
75.100 -0.565 0.022 -0.316
75.311 -0.532 -0.006 -0.315
75.540 -0.486 -0.002 -0.315
75.761 -0.487 -0.011 -0.320
75.970 -0.513 -0.024 -0.320
76.210 -0.524 -0.023 -0.316
76.431 -0.530 -0.028 -0.305
76.670 -0.535 -0.035 -0.293
76.880 -0.536 -0.041 -0.275
77.101 -0.534 -0.039 -0.254
77.341 -0.534 -0.046 -0.229
77.550 -0.533 -0.050 -0.204
77.770 -0.529 -0.054 -0.178
78.000 -0.527 -0.058 -0.144
78.241 -0.521 -0.061 -0.112
78.490 -0.516 -0.064 -0.072
78.720 -0.511 -0.067 -0.041
78.929 -0.505 -0.068 -0.006
79.129 -0.500 -0.070 0.030
79.350 -0.495 -0.072 0.064
79.621 -0.488 -0.076 0.113
79.850 -0.483 -0.078 0.153
80.090 -0.478 -0.081 0.198
80.310 -0.473 -0.083 0.240
80.531 -0.469 -0.086 0.282
80.750 -0.465 -0.088 0.327
80.970 -0.461 -0.091 0.373
81.250 -0.456 -0.093 0.432
81.500 -0.452 -0.096 0.482
81.711 -0.448 -0.100 0.530
81.931 -0.445 -0.103 0.577
82.160 -0.441 -0.106 0.627
82.360 -0.439 -0.108 0.671
82.581 -0.436 -0.111 0.720
82.781 -0.433 -0.114 0.772
83.010 -0.430 -0.117 0.823
83.230 -0.428 -0.119 0.874
83.460 -0.424 -0.121 0.930
83.700 -0.421 -0.123 0.988
83.911 -0.416 -0.126 1.044
84.112 -0.414 -0.128 1.095
84.330 -0.415 -0.127 1.150
84.570 -0.405 -0.127 1.218
84.822 -0.406 -0.126 1.325
85.040 -0.403 -0.128 1.459
85.270 -0.401 -0.128 1.533
85.511 -0.399 -0.126 1.593
85.740 -0.398 -0.123 1.655
85.960 -0.397 -0.118 1.711
86.180 -0.396 -0.110 1.760
86.420 -0.390 -0.104 1.631
86.650 -0.388 -0.097 1.750
86.890 -0.376 -0.096 1.586
87.141 -0.372 -0.092 1.519
87.370 -0.369 -0.092 1.501
87.600 -0.366 -0.089 1.623
87.810 -0.154 -0.102 1.428
88.051 -0.123 -0.065 1.545
88.300 -0.086 -0.015 1.550
88.520 -0.049 0.030 1.501
88.750 -0.414 -0.227 1.157
88.960 -0.427 -0.262 1.112
89.170 -0.444 -0.298 1.064
89.400 -0.465 -0.340 1.008
89.610 -0.497 -0.370 1.054
89.830 -0.531 -0.412 0.905
90.080 -0.604 -0.446 1.052
90.330 -0.681 -0.477 1.050
90.560 -0.751 -0.504 1.022
90.800 -0.839 -0.533 0.910
91.030 -0.909 -0.549 0.931
91.260 -0.997 -0.579 0.884
91.510 -1.090 -0.611 0.830
91.730 -1.178 -0.640 0.794
91.980 -1.263 -0.674 0.761
92.179 -1.341 -0.708 0.723
92.410 -1.489 -0.728 0.595
92.630 -1.553 -0.780 0.593
92.861 -1.657 -0.824 0.535
93.070 -1.755 -0.868 0.470
93.301 -1.851 -0.914 0.395
93.511 -0.784 -0.517 0.049
93.741 -0.798 -0.512 0.153
93.991 -0.799 -0.509 0.145
94.220 -0.799 -0.504 0.068
94.450 -0.795 -0.497 -0.003
94.673 -0.780 -0.483 -0.044
94.930 -0.749 -0.455 -0.077
95.150 -0.722 -0.426 -0.117
95.360 -0.678 -0.369 -0.129
95.590 -0.618 -0.283 -0.113
95.800 -0.640 -0.223 -0.137
96.020 -0.612 -0.202 -0.107
96.280 -0.572 -0.170 -0.015
96.540 -0.527 -0.134 0.070
96.780 -0.483 -0.098 0.118
97.010 -0.434 -0.056 0.162
97.230 -0.379 -0.006 0.188
97.470 -0.319 0.045 0.223
97.680 -0.259 0.092 0.253
97.950 -0.171 0.152 0.285
98.160 -0.098 0.194 0.310
98.381 -0.321 -0.104 0.167
98.581 -0.284 -0.096 0.174
98.780 -0.253 -0.089 0.200
99.031 -0.222 -0.084 0.230
99.250 -0.199 -0.079 0.256
99.480 -0.175 -0.074 0.290
99.679 -0.158 -0.071 0.313
99.879 -0.144 -0.067 0.311
100.079 -0.130 -0.056 0.271
100.279 -0.121 -0.043 0.186
100.479 -0.119 -0.032 0.114
100.679 -0.126 -0.018 0.020
100.879 -0.134 -0.007 -0.064
101.079 -0.142 0.004 -0.127
101.279 -0.133 0.018 -0.162
101.479 -0.125 0.017 -0.169
101.679 -0.148 0.020 -0.149
101.879 -0.111 0.027 -0.137
102.079 -0.064 0.010 -0.062
102.279 -0.070 0.016 -0.097
102.479 -0.068 0.019 -0.058
102.679 -0.067 0.018 -0.011
102.879 -0.030 0.034 -0.056
103.079 -0.011 0.041 -0.047
103.279 0.022 0.047 -0.049
103.479 0.047 0.056 -0.074
103.679 0.065 0.059 -0.092
103.879 0.088 0.065 -0.099
104.079 0.116 0.066 -0.097
104.279 0.136 0.075 -0.093
104.479 0.158 0.077 -0.082
104.679 0.177 0.078 -0.065
104.879 0.196 0.077 -0.046
105.079 0.214 0.076 -0.024
105.279 0.229 0.074 0.001
105.479 0.245 0.071 0.024
105.679 0.260 0.068 0.041
105.879 0.275 0.065 0.048
106.079 0.289 0.062 0.037
106.279 0.300 0.063 0.013
106.479 0.308 0.069 -0.027
106.679 0.313 0.081 -0.081
106.879 0.317 0.090 -0.110
107.079 0.322 0.098 -0.129
107.279 0.327 0.105 -0.133
107.479 0.332 0.109 -0.122
107.679 0.335 0.111 -0.101
107.879 0.339 0.111 -0.070
108.079 0.343 0.110 -0.040
108.279 0.347 0.107 -0.012
108.479 0.351 0.105 0.015
108.679 0.356 0.099 0.033
108.879 0.361 0.094 0.039
109.079 0.368 0.089 0.023
109.279 0.374 0.087 -0.011
109.479 0.379 0.090 -0.049
109.689 0.385 0.096 -0.086
109.889 0.390 0.101 -0.106
110.089 0.395 0.105 -0.115
110.289 0.400 0.109 -0.115
110.489 0.403 0.111 -0.105
110.689 0.406 0.110 -0.088
110.889 0.407 0.109 -0.066
111.089 0.409 0.107 -0.044
111.289 0.411 0.105 -0.022
111.489 0.413 0.101 0.002
111.689 0.415 0.097 0.024
111.889 0.417 0.091 0.038
112.089 0.418 0.085 0.041
112.289 0.420 0.081 0.033
112.489 0.424 0.082 -0.008
112.689 0.428 0.087 -0.048
112.889 0.433 0.097 -0.083
113.089 0.437 0.105 -0.104
113.289 0.439 0.112 -0.113
113.489 0.441 0.118 -0.112
113.689 0.442 0.121 -0.101
113.889 0.442 0.124 -0.082
114.089 0.442 0.125 -0.060
114.289 0.443 0.125 -0.037
114.489 0.442 0.122 -0.014
114.689 0.440 0.119 0.009
114.889 0.437 0.114 0.026
115.089 0.434 0.109 0.031
115.289 0.433 0.106 0.026
115.489 0.434 0.106 -0.002
115.689 0.437 0.108 -0.037
115.889 0.441 0.115 -0.067
116.089 0.445 0.121 -0.088
116.289 0.446 0.125 -0.099
116.489 0.448 0.128 -0.100
116.689 0.450 0.131 -0.097
116.889 0.450 0.133 -0.086
117.089 0.450 0.134 -0.069
117.289 0.448 0.133 -0.049
117.489 0.447 0.133 -0.028
117.689 0.445 0.130 -0.005
117.889 0.443 0.127 0.017
118.089 0.439 0.124 0.040
118.289 0.436 0.120 0.047
118.489 0.435 0.114 0.041
118.689 0.437 0.110 0.008
118.889 0.440 0.108 -0.036
119.089 0.447 0.110 -0.078
119.289 0.453 0.114 -0.106
119.489 0.458 0.119 -0.125
119.689 0.460 0.122 -0.131
119.889 0.461 0.126 -0.122
120.089 0.462 0.128 -0.100
120.289 0.461 0.129 -0.073
120.489 0.460 0.128 -0.046
120.689 0.458 0.127 -0.020
120.889 0.454 0.125 0.005
121.089 0.451 0.122 0.029
121.289 0.440 0.118 0.047
121.489 0.441 0.127 0.040
121.689 0.438 0.128 0.020
121.889 0.439 0.132 -0.025
122.089 0.444 0.124 -0.072
122.289 0.451 0.134 -0.110
122.489 0.450 0.135 -0.129
122.690 0.454 0.139 -0.141
122.889 0.455 0.142 -0.140
123.090 0.454 0.144 -0.121
123.289 0.453 0.145 -0.098
123.489 0.452 0.145 -0.068
123.689 0.449 0.145 -0.040
123.889 0.446 0.143 -0.012
124.089 0.442 0.141 0.013
124.289 0.436 0.139 0.032
124.489 0.429 0.137 0.037
124.689 0.424 0.137 0.025
124.889 0.423 0.139 -0.004
125.089 0.426 0.143 -0.039
125.289 0.433 0.148 -0.074
125.489 0.440 0.152 -0.093
125.689 0.445 0.156 -0.101
125.889 0.450 0.158 -0.103
126.089 0.454 0.161 -0.096
126.289 0.457 0.163 -0.081
126.489 0.459 0.166 -0.065
126.689 0.461 0.168 -0.045
126.889 0.462 0.170 -0.023
127.089 0.462 0.172 0.000
127.289 0.461 0.173 0.025
127.489 0.459 0.173 0.048
127.689 0.455 0.174 0.061
127.889 0.452 0.174 0.066
128.089 0.450 0.174 0.050
128.289 0.451 0.174 0.016
128.489 0.457 0.176 -0.033
128.689 0.466 0.177 -0.081
128.889 0.475 0.178 -0.118
129.089 0.483 0.178 -0.141
129.299 0.489 0.178 -0.149
129.499 0.493 0.178 -0.139
129.700 0.496 0.179 -0.117
129.899 0.498 0.180 -0.088
130.099 0.498 0.180 -0.058
130.299 0.498 0.179 -0.030
130.500 0.498 0.179 -0.003
130.699 0.496 0.178 0.019
130.899 0.492 0.178 0.034
131.099 0.488 0.177 0.043
131.301 0.485 0.177 0.041
131.499 0.483 0.176 0.025
131.699 0.484 0.176 -0.001
131.899 0.489 0.177 -0.039
132.100 0.497 0.178 -0.074
132.299 0.505 0.179 -0.105
132.499 0.511 0.179 -0.121
132.699 0.517 0.178 -0.131
132.899 0.521 0.177 -0.130
133.099 0.524 0.176 -0.118
133.299 0.525 0.174 -0.094
133.499 0.526 0.173 -0.065
133.699 0.526 0.172 -0.036
133.899 0.526 0.171 -0.009
134.099 0.524 0.169 0.017
134.299 0.521 0.168 0.039
134.500 0.517 0.167 0.043
134.699 0.514 0.166 0.042
134.899 0.514 0.166 0.019
135.099 0.517 0.167 -0.012
135.299 0.525 0.168 -0.056
135.499 0.535 0.169 -0.098
135.699 0.544 0.169 -0.132
135.899 0.551 0.169 -0.156
136.100 0.556 0.170 -0.166
136.299 0.559 0.169 -0.168
136.499 0.561 0.169 -0.156
136.699 0.563 0.169 -0.131
136.900 0.566 0.166 -0.102
137.099 0.570 0.160 -0.070
137.299 0.573 0.153 -0.042
137.499 0.576 0.146 -0.017
137.699 0.577 0.138 0.003
137.899 0.578 0.132 0.016
138.099 0.580 0.128 0.018
138.299 0.584 0.124 0.006
138.500 0.591 0.122 -0.029
138.699 0.600 0.121 -0.064
138.899 0.609 0.121 -0.088
139.099 0.618 0.120 -0.104
139.300 0.625 0.118 -0.108
139.499 0.631 0.114 -0.104
139.699 0.634 0.109 -0.093
139.899 0.636 0.104 -0.076
140.100 0.637 0.097 -0.057
140.299 0.637 0.091 -0.037
140.499 0.635 0.081 -0.017
140.699 0.633 0.073 0.006
140.899 0.630 0.063 0.024
141.099 0.626 0.054 0.032
141.299 0.625 0.048 0.025
141.499 0.627 0.042 0.001
141.700 0.634 0.043 -0.031
141.899 0.643 0.045 -0.063
142.099 0.652 0.048 -0.089
142.299 0.658 0.050 -0.099
142.500 0.663 0.051 -0.100
142.699 0.666 0.049 -0.094
142.899 0.669 0.048 -0.080
143.099 0.671 0.044 -0.063
143.300 0.675 0.037 -0.047
143.499 0.675 0.031 -0.026
143.699 0.674 0.026 -0.006
143.899 0.673 0.018 0.013
144.099 0.671 0.010 0.024
144.299 0.671 0.003 0.026
144.499 0.672 -0.000 0.010
144.699 0.676 0.001 -0.016
144.900 0.681 0.004 -0.045
145.099 0.688 0.010 -0.071
145.299 0.692 0.013 -0.082
145.499 0.697 0.020 -0.092
145.700 0.700 0.021 -0.088
145.899 0.703 0.024 -0.079
146.099 0.705 0.025 -0.063
146.299 0.708 0.025 -0.047
146.499 0.710 0.025 -0.028
146.699 0.713 0.023 -0.004
146.899 0.716 0.022 0.023
147.099 0.719 0.019 0.048
147.299 0.722 0.014 0.064
147.499 0.726 0.010 0.073
147.699 0.731 0.007 0.067
147.899 0.738 0.009 0.047
148.101 0.746 0.012 0.014
148.299 0.755 0.022 -0.031
148.499 0.764 0.035 -0.076
148.699 0.768 0.048 -0.119
148.899 0.773 0.061 -0.150
149.099 0.775 0.071 -0.165
149.299 0.776 0.081 -0.181
149.499 0.777 0.091 -0.181
149.700 0.777 0.095 -0.162
149.899 0.780 0.098 -0.138
150.099 0.782 0.105 -0.038
150.299 0.784 0.113 0.023
150.499 0.786 0.122 0.056
150.699 0.788 0.133 0.081
150.899 0.789 0.145 0.105
151.099 0.779 0.082 0.035
151.300 0.777 0.082 0.096
151.499 0.775 0.081 0.087
151.699 0.772 0.077 0.036
151.899 0.804 0.081 -0.234
152.100 0.815 0.090 -0.299
152.299 0.820 0.100 -0.325
152.499 0.823 0.100 -0.311
152.699 0.826 0.102 -0.234
152.899 0.829 0.103 -0.189
153.099 0.832 0.104 -0.167
153.299 0.835 0.105 -0.147
153.499 0.838 0.105 -0.123
153.699 0.841 0.106 -0.096
153.899 0.844 0.107 -0.072
154.099 0.847 0.108 -0.039
154.320 0.850 0.109 -0.003
154.540 0.853 0.110 0.031
154.750 0.856 0.111 0.068
154.980 0.858 0.109 0.107
155.180 0.815 0.036 0.029
155.379 0.814 0.031 0.052
155.590 0.812 0.024 0.092
155.823 0.811 0.018 0.135
156.060 0.810 0.013 0.179
156.291 0.810 0.007 0.225
156.520 0.808 0.002 0.335
156.750 0.807 -0.002 0.438
156.949 0.807 -0.003 0.485
157.149 0.808 -0.002 0.520
157.349 0.808 -0.001 0.565
157.549 0.809 0.002 0.607
157.749 0.807 0.004 0.631
157.949 0.797 0.000 0.614
158.149 0.776 -0.020 0.571
158.349 0.741 -0.067 0.495
158.560 0.836 -0.040 0.222
158.801 0.837 -0.046 0.264
159.030 0.829 0.238 0.142
159.291 0.872 0.333 0.052
159.500 0.917 0.427 -0.112
159.699 0.963 0.519 -0.170
159.929 1.022 0.634 -0.280
160.129 1.079 0.743 -0.378
160.329 1.136 0.862 -0.478
160.529 1.176 1.004 -0.556
160.730 1.166 1.171 -0.571
160.959 1.110 1.325 -0.563
161.210 1.068 1.412 -0.568
161.430 1.052 1.417 -0.576
161.680 1.042 1.369 -0.586
161.941 1.014 1.247 -0.573
162.191 0.963 1.112 -0.542
162.471 0.909 1.059 -0.515
162.710 0.869 1.067 -0.487
162.921 0.858 1.107 -0.468
163.170 0.954 1.173 -0.469
163.412 1.112 1.228 -0.485
163.670 1.219 1.275 -0.489
163.900 1.332 1.303 -0.494
164.120 1.435 1.324 -0.499
164.360 1.462 1.375 -0.483
164.571 1.506 1.427 -0.462
164.810 1.584 1.452 -0.442
165.020 1.654 1.538 -0.405
165.280 1.739 1.694 -0.345
165.500 1.835 1.725 -0.304
165.741 1.946 1.720 -0.268
165.990 2.062 1.723 -0.232
166.220 2.172 1.739 -0.192
166.439 2.290 1.769 -0.156
166.680 2.409 1.789 -0.108
166.900 2.518 1.831 -0.070
167.110 2.636 1.852 -0.023
167.340 2.745 1.952 0.014
167.550 2.864 1.984 0.059
167.790 3.007 1.987 0.105
167.990 3.054 1.796 0.144
168.200 0.667 0.416 0.092
168.410 0.627 0.413 0.120
168.621 0.590 0.412 0.151
168.840 0.529 0.397 0.179
169.080 0.465 0.356 0.200
169.290 0.406 0.309 0.216
169.520 0.344 0.251 0.229
169.750 0.280 0.184 0.238
169.950 0.225 0.137 0.243
170.190 0.177 0.091 0.255
170.400 0.147 0.063 0.267
170.620 0.108 0.058 0.278
170.820 0.070 0.052 0.288
171.020 0.037 0.043 0.301
171.230 0.014 0.031 0.319
171.450 -0.008 0.020 0.342
171.670 -0.029 0.005 0.372
171.900 -0.048 -0.007 0.406
172.100 -0.063 -0.017 0.436
172.310 -0.078 -0.025 0.451
172.521 -0.095 -0.035 0.448
172.730 -0.110 -0.045 0.448
172.941 -0.126 -0.054 0.448
173.141 -0.140 -0.063 0.452
173.370 -0.156 -0.074 0.462
173.590 -0.171 -0.085 0.479
173.840 -0.187 -0.096 0.507
174.060 -0.200 -0.106 0.535
174.259 -0.212 -0.114 0.566
174.459 -0.223 -0.122 0.642
174.659 -0.233 -0.132 0.756
174.869 -0.244 -0.141 0.796
175.069 -0.190 -0.116 0.558
175.269 -0.159 -0.122 0.475
175.469 -0.120 -0.133 0.405
175.669 -0.073 -0.148 0.337
175.869 -0.015 -0.162 0.284
176.069 0.053 -0.175 0.218
176.269 0.120 -0.184 0.160
176.469 0.191 -0.194 0.120
176.669 0.251 -0.200 0.100
176.869 0.310 -0.205 0.136
177.069 0.383 -0.216 0.273
177.269 0.359 -0.204 0.085
177.469 0.580 -0.296 0.151
177.669 0.501 -0.351 0.201
177.869 0.371 -0.188 0.062
178.069 0.370 -0.185 0.063
178.269 0.375 -0.198 0.060
178.469 0.378 -0.211 0.057
178.669 0.370 -0.214 0.059
178.869 0.358 -0.213 0.066
179.069 0.343 -0.206 0.069
179.269 0.327 -0.196 0.066
179.469 0.311 -0.185 0.057
179.669 0.296 -0.172 0.035
179.869 0.283 -0.158 0.002
180.069 0.271 -0.146 -0.030
180.269 0.260 -0.135 -0.066
180.469 0.248 -0.125 -0.092
180.669 0.237 -0.117 -0.104
180.869 0.226 -0.110 -0.110
181.069 0.215 -0.104 -0.106
181.270 0.205 -0.102 -0.093
181.469 0.196 -0.100 -0.074
181.669 0.189 -0.099 -0.053
181.869 0.183 -0.098 -0.035
182.069 0.176 -0.099 -0.017
182.269 0.169 -0.100 0.000
182.469 0.160 -0.101 0.013
182.669 0.151 -0.102 0.021
182.869 0.141 -0.101 0.017
183.069 0.134 -0.100 -0.001
183.269 0.127 -0.099 -0.024
183.469 0.120 -0.100 -0.057
183.669 0.112 -0.101 -0.076
183.869 0.104 -0.103 -0.096
184.079 0.095 -0.105 -0.100
184.279 0.085 -0.106 -0.095
184.479 0.075 -0.107 -0.085
184.679 0.064 -0.109 -0.068
184.879 0.054 -0.111 -0.050
185.079 0.043 -0.114 -0.029
185.279 0.033 -0.116 -0.007
185.479 0.024 -0.117 0.016
185.679 0.015 -0.118 0.040
185.879 0.011 -0.113 0.017
186.079 0.005 -0.112 0.080
186.279 0.005 -0.108 -0.037
186.479 0.004 -0.107 -0.038
186.679 0.004 -0.098 -0.092
186.879 0.001 -0.095 -0.108
187.079 -0.005 -0.096 -0.105
187.279 -0.010 -0.098 -0.119
187.479 -0.016 -0.101 -0.109
187.679 -0.023 -0.106 -0.095
187.879 -0.029 -0.112 -0.074
188.079 -0.037 -0.114 -0.049
188.279 -0.043 -0.116 -0.027
188.479 -0.045 -0.114 -0.001
188.679 -0.050 -0.117 0.025
188.880 -0.051 -0.117 0.046
189.079 -0.051 -0.117 0.055
189.279 -0.050 -0.116 0.054
189.479 -0.048 -0.114 0.037
189.679 -0.046 -0.112 0.006
189.879 -0.046 -0.107 -0.034
190.079 -0.045 -0.102 -0.073
190.279 -0.046 -0.097 -0.105
190.479 -0.046 -0.093 -0.131
190.679 -0.046 -0.091 -0.141
190.879 -0.046 -0.088 -0.146
191.079 -0.044 -0.088 -0.138
191.279 -0.046 -0.087 -0.118
191.479 -0.047 -0.087 -0.092
191.679 -0.046 -0.088 -0.059
191.879 -0.045 -0.088 -0.030
192.079 -0.044 -0.088 -0.001
192.279 -0.041 -0.088 0.019
192.479 -0.036 -0.088 0.035
192.679 -0.031 -0.088 0.039
192.879 -0.027 -0.086 0.036
193.079 -0.024 -0.084 0.023
193.279 -0.025 -0.081 -0.003
193.480 -0.028 -0.076 -0.029
193.679 -0.034 -0.071 -0.064
193.879 -0.040 -0.066 -0.091
194.079 -0.046 -0.062 -0.111
194.279 -0.051 -0.058 -0.120
194.479 -0.057 -0.056 -0.125
194.679 -0.061 -0.054 -0.121
194.879 -0.066 -0.054 -0.112
195.079 -0.072 -0.055 -0.095
195.279 -0.078 -0.058 -0.074
195.479 -0.083 -0.058 -0.053
195.679 -0.089 -0.059 -0.030
195.879 -0.092 -0.060 -0.007
196.079 -0.093 -0.060 0.010
196.279 -0.093 -0.059 0.021
196.479 -0.093 -0.056 0.028
196.679 -0.092 -0.053 0.025
196.879 -0.093 -0.047 0.011
197.079 -0.096 -0.041 -0.008
197.289 -0.099 -0.032 -0.041
197.489 -0.106 -0.024 -0.079
197.689 -0.111 -0.016 -0.113
197.889 -0.111 -0.010 -0.140
198.089 -0.113 -0.003 -0.156
198.289 -0.108 -0.000 -0.164
198.489 -0.113 0.003 -0.160
198.689 -0.110 0.001 -0.142
198.889 -0.121 0.006 -0.114
199.099 -0.110 -0.001 -0.080
199.300 -0.113 0.000 -0.047
199.499 -0.112 -0.000 -0.018
199.699 -0.114 0.002 0.015
199.899 -0.114 0.004 0.043
200.100 -0.112 0.006 0.069
200.299 -0.106 0.006 0.069
200.499 -0.103 0.002 0.062
200.699 -0.106 -0.005 0.026
200.900 -0.111 -0.011 -0.005
201.099 -0.122 -0.017 -0.052
201.299 -0.133 -0.020 -0.130
201.499 -0.147 -0.022 -0.175
201.700 -0.152 -0.022 -0.196
201.899 -0.160 -0.024 -0.199
202.099 -0.164 -0.027 -0.229
202.299 -0.171 -0.030 -0.209
202.500 -0.171 -0.032 -0.184
202.699 -0.172 -0.039 -0.154
202.899 -0.172 -0.043 -0.123
203.099 -0.169 -0.050 -0.090
203.300 -0.168 -0.056 -0.059
203.499 -0.169 -0.058 -0.023
203.699 -0.160 -0.060 -0.000
203.899 -0.155 -0.060 0.030
204.100 -0.142 -0.058 0.034
204.299 -0.133 -0.055 0.026
204.499 -0.133 -0.049 -0.016
204.699 -0.140 -0.046 -0.064
204.899 -0.147 -0.041 -0.096
205.099 -0.155 -0.038 -0.127
205.299 -0.164 -0.033 -0.139
205.499 -0.170 -0.031 -0.134
205.699 -0.183 -0.027 -0.127
205.899 -0.177 -0.026 -0.100
206.099 -0.175 -0.026 -0.075
206.299 -0.179 -0.024 -0.054
206.499 -0.174 -0.021 -0.031
206.699 -0.170 -0.018 -0.006
206.899 -0.167 -0.014 0.018
207.099 -0.157 -0.007 0.038
207.300 -0.151 -0.002 0.042
207.499 -0.145 0.004 0.028
207.699 -0.143 0.009 0.004
207.899 -0.145 0.011 -0.036
208.100 -0.148 0.010 -0.074
208.299 -0.152 0.010 -0.101
208.499 -0.154 0.011 -0.044
208.699 -0.155 0.014 0.041
208.900 -0.164 0.008 -0.045
209.099 -0.169 0.005 -0.072
209.299 -0.171 0.005 -0.016
209.499 -0.174 0.004 0.045
209.699 -0.178 0.003 0.064
209.899 -0.183 -0.001 0.073
210.099 -0.186 -0.007 0.077
210.309 -0.188 -0.017 0.060
210.509 -0.187 -0.026 0.027
210.709 -0.175 0.073 -0.187
210.909 -0.179 0.077 -0.131
211.109 -0.166 0.007 -0.121
211.309 -0.160 0.039 -0.188
211.519 -0.157 0.074 -0.230
211.719 -0.153 0.110 -0.243
211.919 -0.148 0.148 -0.241
212.119 -0.141 0.189 -0.237
212.319 -0.130 0.231 -0.221
212.519 -0.229 0.158 -0.274
212.719 -0.234 0.165 -0.236
212.919 -0.234 0.189 -0.187
213.119 -0.242 0.168 -0.139
213.319 -0.243 0.178 -0.069
213.521 -0.245 0.193 0.014
213.719 -0.249 0.209 0.071
213.919 -0.255 0.226 0.113
214.119 -0.263 0.244 0.154
214.319 -0.274 0.264 0.184
214.519 -0.288 0.296 0.177
214.719 -0.240 0.103 -0.105
214.919 -0.237 0.079 -0.202
215.119 -0.240 0.063 -0.276
215.319 -0.237 0.059 -0.308
215.519 -0.238 0.051 -0.316
215.719 -0.237 0.053 -0.303
215.919 -0.238 0.052 -0.284
216.119 -0.223 0.043 -0.265
216.319 -0.228 0.041 -0.241
216.529 -0.228 0.044 -0.204
216.730 -0.228 0.045 -0.171
216.950 -0.230 0.046 -0.142
217.149 -0.232 0.047 -0.114
217.349 -0.234 0.048 -0.084
217.549 -0.235 0.049 -0.053
217.749 -0.238 0.049 -0.022
217.950 -0.240 0.050 0.013
218.170 -0.243 0.051 0.046
218.369 -0.246 0.052 0.083
218.599 -0.249 0.053 0.125
218.820 -0.253 0.054 0.167
219.020 -0.256 0.055 0.207
219.250 -0.261 0.058 0.253
219.480 -0.264 0.060 0.301
219.680 -0.268 0.063 0.345
219.920 -0.272 0.068 0.389
220.150 -0.275 0.072 0.392
220.370 -0.278 0.075 0.421
220.570 -0.281 0.076 0.449
220.800 -0.288 0.079 0.496
221.030 -0.290 0.080 0.511
221.270 -0.287 0.076 0.506
221.500 -0.282 0.070 0.486
221.730 -0.276 0.063 0.478
221.941 -0.272 0.058 0.486
222.151 -0.267 0.053 0.502
222.370 -0.260 0.046 0.474
222.580 -0.254 0.042 0.446
222.794 -0.243 0.037 0.402
223.021 -0.235 0.034 0.374
223.221 -0.232 0.033 0.364
223.480 -0.225 0.031 0.321
223.691 -0.224 0.029 0.277
223.912 -0.223 0.027 0.241
224.109 -0.222 0.025 0.221
224.309 -0.222 0.022 0.212
224.509 -0.223 0.019 0.208
224.709 -0.223 0.015 0.173
224.909 -0.221 0.013 0.105
225.109 -0.219 0.010 0.033
225.309 -0.215 0.007 -0.024
225.509 -0.214 0.006 -0.096
225.709 -0.216 0.005 -0.143
225.909 -0.215 0.002 -0.149
226.109 -0.217 -0.002 -0.130
226.309 -0.219 -0.005 -0.127
226.509 -0.216 -0.008 -0.132
226.709 -0.214 -0.014 -0.115
226.909 -0.211 -0.018 -0.089
227.110 -0.210 -0.021 -0.057
227.309 -0.208 -0.026 -0.023
227.509 -0.207 -0.029 0.001
227.709 -0.204 -0.033 0.026
227.909 -0.203 -0.036 0.041
228.109 -0.205 -0.039 0.059
228.309 -0.202 -0.040 0.040
228.509 -0.196 -0.042 0.014
228.709 -0.185 -0.043 -0.025
228.909 -0.170 -0.045 -0.061
229.109 -0.155 -0.047 -0.095
229.309 -0.139 -0.051 -0.114
229.509 -0.126 -0.055 -0.119
229.709 -0.116 -0.058 -0.114
229.909 -0.105 -0.062 -0.101
230.109 -0.099 -0.064 -0.081
230.309 -0.093 -0.068 -0.059
230.509 -0.089 -0.070 -0.037
230.709 -0.086 -0.071 -0.016
230.909 -0.083 -0.073 0.009
231.109 -0.083 -0.075 0.025
231.309 -0.085 -0.078 0.032
231.509 -0.088 -0.081 0.022
231.709 -0.089 -0.085 -0.005
231.909 -0.087 -0.087 -0.039
232.109 -0.082 -0.088 -0.076
232.309 -0.077 -0.088 -0.101
232.509 -0.071 -0.090 -0.114
232.709 -0.066 -0.091 -0.118
232.909 -0.063 -0.093 -0.110
233.109 -0.060 -0.096 -0.095
233.309 -0.073 -0.050 -0.046
233.509 -0.062 -0.099 -0.047
233.709 -0.065 -0.104 -0.021
233.909 -0.064 -0.109 0.004
234.109 -0.065 -0.114 0.023
234.309 -0.067 -0.119 0.032
234.509 -0.067 -0.125 0.027
234.709 -0.064 -0.129 0.007
234.909 -0.059 -0.132 -0.028
235.109 -0.052 -0.133 -0.065
235.309 -0.043 -0.133 -0.096
235.509 -0.036 -0.134 -0.112
235.709 -0.030 -0.134 -0.117
235.910 -0.025 -0.136 -0.115
236.109 -0.021 -0.139 -0.101
236.309 -0.019 -0.143 -0.081
236.509 -0.018 -0.147 -0.057
236.709 -0.017 -0.151 -0.031
236.909 -0.017 -0.156 -0.009
237.109 -0.017 -0.160 0.015
237.309 -0.016 -0.165 0.033
237.510 -0.014 -0.170 0.035
237.709 -0.011 -0.174 0.018
237.909 -0.006 -0.176 -0.015
238.109 0.001 -0.174 -0.052
238.309 0.010 -0.171 -0.089
238.509 0.018 -0.168 -0.109
238.709 0.024 -0.166 -0.117
238.909 0.029 -0.165 -0.119
239.109 0.033 -0.165 -0.107
239.309 0.035 -0.167 -0.086
239.509 0.036 -0.169 -0.064
239.709 0.038 -0.170 -0.038
239.910 0.039 -0.172 -0.013
240.109 0.041 -0.172 0.012
240.309 0.042 -0.172 0.035
240.509 0.045 -0.172 0.045
240.709 0.049 -0.173 0.039
240.909 0.055 -0.175 0.012
241.109 0.063 -0.175 -0.022
241.309 0.069 -0.171 -0.071
241.509 0.076 -0.167 -0.104
241.709 0.082 -0.164 -0.121
241.909 0.088 -0.161 -0.130
242.109 0.091 -0.160 -0.124
242.309 0.095 -0.160 -0.105
242.509 0.097 -0.162 -0.081
242.709 0.098 -0.163 -0.051
242.909 0.100 -0.163 -0.025
243.109 0.101 -0.161 -0.001
243.309 0.101 -0.160 0.024
243.509 0.102 -0.159 0.036
243.709 0.104 -0.159 0.034
243.909 0.109 -0.158 0.014
244.109 0.114 -0.154 -0.023
244.309 0.118 -0.149 -0.056
244.509 0.121 -0.143 -0.093
244.709 0.124 -0.137 -0.113
244.909 0.127 -0.132 -0.125
245.109 0.129 -0.129 -0.124
245.309 0.130 -0.126 -0.112
245.509 0.131 -0.124 -0.088
245.709 0.132 -0.124 -0.060
245.909 0.133 -0.124 -0.034
246.109 0.130 -0.121 -0.012
246.309 0.127 -0.119 0.012
246.509 0.124 -0.117 0.029
246.709 0.121 -0.115 0.039
246.909 0.117 -0.118 0.041
247.109 0.117 -0.117 0.035
247.309 0.122 -0.112 0.020
247.509 0.123 -0.111 0.001
247.709 0.125 -0.109 -0.035
247.909 0.125 -0.107 -0.060
248.109 0.125 -0.106 -0.086
248.309 0.123 -0.106 -0.102
248.509 0.120 -0.107 -0.109
248.710 0.117 -0.109 -0.107
248.909 0.114 -0.112 -0.097
249.109 0.111 -0.114 -0.082
249.309 0.110 -0.116 -0.066
249.509 0.110 -0.118 -0.046
249.709 0.111 -0.120 -0.023
249.909 0.112 -0.122 -0.004
250.109 0.115 -0.123 0.014
250.309 0.118 -0.124 0.029
250.509 0.122 -0.124 0.036
250.709 0.125 -0.123 0.037
250.909 0.127 -0.122 0.031
251.109 0.128 -0.120 0.020
251.309 0.127 -0.118 -0.004
251.509 0.124 -0.115 -0.028
251.709 0.122 -0.114 -0.042
251.909 0.118 -0.112 -0.073
252.109 0.115 -0.110 -0.081
252.309 0.111 -0.109 -0.094
252.509 0.108 -0.108 -0.089
252.709 0.106 -0.107 -0.083
252.909 0.102 -0.105 -0.073
253.109 0.099 -0.104 -0.056
253.309 0.099 -0.108 -0.037
253.509 0.098 -0.109 -0.013
253.709 0.097 -0.112 0.007
253.909 0.097 -0.111 0.027
254.109 0.100 -0.112 0.038
254.309 0.104 -0.113 0.044
254.509 0.107 -0.112 0.042
254.709 0.109 -0.109 0.027
254.909 0.107 -0.106 0.004
255.109 0.103 -0.102 -0.025
255.309 0.097 -0.098 -0.056
255.509 0.090 -0.094 -0.082
255.709 0.084 -0.092 -0.098
255.909 0.078 -0.089 -0.105
256.109 0.072 -0.087 -0.104
256.309 0.064 -0.083 -0.099
256.509 0.060 -0.082 -0.086
256.710 0.055 -0.087 -0.070
256.909 0.051 -0.090 -0.051
257.109 0.048 -0.091 -0.029
257.309 0.046 -0.091 -0.005
257.510 0.046 -0.090 0.017
257.709 0.046 -0.089 0.032
257.909 0.048 -0.087 0.041
258.109 0.050 -0.085 0.043
258.309 0.051 -0.083 0.028
258.509 0.052 -0.075 0.004
258.709 0.047 -0.071 -0.028
258.909 0.040 -0.067 -0.066
259.109 0.032 -0.064 -0.092
259.309 0.022 -0.063 -0.109
259.509 0.012 -0.064 -0.116
259.709 0.002 -0.065 -0.116
259.909 -0.006 -0.068 -0.108
260.109 -0.012 -0.070 -0.093
260.309 -0.018 -0.071 -0.076
260.509 -0.022 -0.073 -0.057
260.709 -0.026 -0.075 -0.034
260.909 -0.029 -0.076 -0.015
261.109 -0.031 -0.076 0.004
261.309 -0.030 -0.077 0.021
261.509 -0.030 -0.077 0.038
261.709 -0.029 -0.076 0.026
261.909 -0.028 -0.074 0.021
262.109 -0.028 -0.073 0.008
262.309 -0.030 -0.070 -0.009
262.509 -0.033 -0.067 -0.026
262.709 -0.037 -0.064 -0.033
262.909 -0.043 -0.060 -0.065
263.109 -0.048 -0.058 -0.076
263.309 -0.052 -0.056 -0.080
263.509 -0.057 -0.055 -0.079
263.709 -0.062 -0.053 -0.070
263.909 -0.065 -0.053 -0.058
264.109 -0.072 -0.049 -0.043
264.309 -0.075 -0.050 -0.022
264.509 -0.074 -0.050 0.004
264.709 -0.076 -0.050 0.024
264.909 -0.077 -0.049 0.039
265.109 -0.074 -0.049 0.056
265.309 -0.073 -0.047 0.058
265.509 -0.070 -0.047 0.053
265.709 -0.073 -0.045 0.017
265.909 -0.082 -0.041 -0.022
266.109 -0.086 -0.036 -0.065
266.309 -0.094 -0.035 -0.106
266.509 -0.100 -0.036 -0.132
266.709 -0.102 -0.032 -0.140
266.909 -0.107 -0.033 -0.145
267.109 -0.109 -0.034 -0.135
267.309 -0.109 -0.037 -0.110
267.509 -0.116 -0.039 -0.083
267.709 -0.113 -0.043 -0.050
267.909 -0.117 -0.044 -0.026
268.109 -0.118 -0.045 -0.002
268.309 -0.116 -0.046 0.020
268.509 -0.112 -0.049 0.038
268.709 -0.109 -0.049 0.041
268.909 -0.105 -0.049 0.041
269.109 -0.101 -0.047 0.026
269.309 -0.103 -0.046 0.068
269.509 -0.109 -0.042 -0.020
269.709 -0.113 -0.038 -0.056
269.909 -0.117 -0.033 -0.085
270.109 -0.125 -0.030 -0.102
270.309 -0.134 -0.028 -0.116
270.509 -0.147 -0.024 -0.123
270.709 -0.159 -0.023 -0.121
270.909 -0.159 -0.024 -0.112
271.109 -0.161 -0.026 -0.098
271.310 -0.163 -0.027 -0.081
271.530 -0.162 -0.027 -0.058
271.760 -0.162 -0.027 -0.044
271.959 -0.164 -0.022 -0.037
272.170 -0.174 -0.011 -0.021
272.379 -0.186 -0.004 -0.000
272.600 -0.198 -0.002 0.011
272.841 -0.212 0.002 0.027
273.060 -0.235 0.032 0.061
273.270 -0.260 0.076 0.083
273.480 -0.305 0.117 0.125
273.700 -0.356 0.148 0.154
273.920 -0.417 0.179 0.185
274.150 -0.495 0.202 0.202
274.370 -0.572 0.207 0.216
274.590 -0.654 0.196 0.229
274.810 -0.736 0.175 0.249
275.021 -0.799 0.133 0.255
275.219 -0.849 0.082 0.258
275.441 -0.898 0.021 0.262
275.672 -0.942 -0.045 0.271
275.900 -0.985 -0.127 0.290
276.130 -1.017 -0.201 0.286
276.350 -1.046 -0.279 0.303
276.580 -1.072 -0.355 0.348
276.821 -1.089 -0.433 0.411
277.030 -1.100 -0.494 0.469
277.240 -1.114 -0.558 0.567
277.460 -1.138 -0.635 0.709
277.691 -1.136 -0.666 0.670
277.922 -1.386 -0.561 0.790
278.140 -1.200 -0.572 0.917
278.370 -0.996 -0.587 1.024
278.581 -0.800 -0.603 1.108
278.821 -0.556 -0.625 1.202
279.040 -0.341 -0.644 1.275
279.271 -0.098 -0.667 1.360
279.524 0.179 -0.693 1.426
279.730 0.419 -0.721 1.491
279.960 0.688 -0.758 1.563
280.191 7.577 7.806 -10.906
280.400 11.291 14.111 -0.834
280.651 2.298 8.679 2.835
280.880 -4.866 14.750 1.707
281.080 -6.255 19.103 1.767
281.310 -8.142 23.859 1.769
281.520 -10.283 28.796 1.746
281.760 -12.722 34.186 1.736
282.010 -15.746 40.255 1.782
282.220 -18.485 45.870 1.799
282.460 -20.771 52.333 1.817
282.670 -22.831 58.517 1.813
282.880 -24.901 65.285 1.791
283.120 -26.735 72.732 1.783
283.320 -28.063 79.522 1.785
283.560 -29.482 88.012 1.800
283.790 -30.762 96.461 1.795
284.009 -31.752 105.268 1.798
284.240 -32.512 114.004 1.794
284.460 -33.240 122.989 1.789
284.681 -33.953 132.238 1.784
284.890 -34.598 141.303 1.796
285.111 -35.112 151.100 1.790
285.320 -35.452 160.722 1.790
285.539 -35.756 171.514 1.786
285.769 -36.037 182.602 1.787
285.979 -36.320 192.988 1.788
286.210 -36.629 204.641 1.783
286.429 -36.931 216.059 1.778
286.660 -37.309 228.289 1.779
286.889 -37.723 240.814 1.781
287.110 -38.155 252.521 1.777
287.340 -38.726 266.177 1.780
