0.000 0.000 0.000 0.000
0.229 0.000 0.000 0.000
0.449 0.000 0.000 0.000
0.689 0.000 0.000 0.000
0.889 0.000 0.000 0.000
1.089 0.000 0.000 0.000
1.290 0.000 0.000 0.000
1.499 0.000 0.000 0.000
1.750 0.000 0.000 0.000
2.000 0.000 0.000 0.000
2.250 0.000 0.000 0.000
2.470 0.000 0.000 0.000
2.711 0.000 0.000 0.000
2.940 0.000 0.000 0.000
3.160 0.000 0.000 0.000
3.410 0.000 0.000 0.000
3.691 0.000 0.000 0.000
3.931 0.000 0.000 0.000
4.150 0.000 0.000 0.000
4.379 0.000 0.000 0.000
4.600 0.000 0.000 0.000
4.830 0.000 0.000 0.000
5.080 0.000 0.000 0.000
5.300 0.000 0.000 0.000
5.540 0.000 0.000 0.000
5.760 0.000 0.000 0.000
5.980 0.000 0.000 0.000
6.230 0.000 0.000 0.000
6.450 0.000 0.000 0.000
6.680 0.000 0.000 0.000
6.900 0.000 0.000 0.000
7.131 0.000 0.000 0.000
7.360 0.000 0.000 0.000
7.580 0.000 0.000 0.000
7.800 0.000 0.000 0.000
8.040 0.000 0.000 0.000
8.260 0.000 0.000 0.000
8.470 0.000 0.000 0.000
8.700 0.000 0.000 0.000
8.910 0.000 0.000 0.000
9.120 0.000 0.000 0.000
9.340 0.000 0.000 0.000
9.590 0.000 0.000 0.000
9.840 0.000 0.000 0.000
10.050 0.000 0.000 0.000
10.281 0.000 0.000 0.000
10.530 0.000 0.000 0.000
10.740 0.000 0.000 0.000
10.990 0.000 0.000 0.000
11.210 0.000 0.000 0.000
11.470 0.000 0.000 0.000
11.710 0.000 0.000 0.000
11.960 0.000 0.000 0.000
12.182 0.000 0.000 0.000
12.400 0.000 0.000 0.000
12.660 0.000 0.000 0.000
12.900 0.000 0.000 0.000
13.143 0.000 0.000 0.000
13.351 0.000 0.000 0.000
13.570 0.000 0.000 0.000
13.792 0.000 0.000 0.000
14.020 0.000 0.000 0.000
14.260 0.000 0.000 0.000
14.490 0.000 0.000 0.000
14.740 0.000 0.000 0.000
14.981 0.000 0.000 0.000
15.190 0.000 0.000 0.000
15.460 0.000 0.000 0.000
15.682 0.000 0.000 0.000
15.941 0.000 0.000 0.000
16.170 0.000 0.000 0.000
16.410 0.000 0.000 0.000
16.640 0.000 0.000 0.000
16.871 0.000 0.000 0.000
17.100 0.000 0.000 0.000
17.330 0.000 0.000 0.000
17.540 0.000 0.000 0.000
17.770 0.000 0.000 0.000
18.000 0.000 0.000 0.000
18.230 0.000 0.000 0.000
18.470 0.000 0.000 0.000
18.680 0.000 0.000 0.000
18.900 0.000 0.000 0.000
19.140 0.000 0.000 0.000
19.381 0.000 0.000 0.000
19.610 0.000 0.000 0.000
19.830 0.000 0.000 0.000
20.050 0.000 0.000 0.000
20.261 0.000 0.000 0.000
20.470 0.000 0.000 0.000
20.700 0.000 0.000 0.000
20.930 0.000 0.000 0.000
21.170 0.000 0.000 0.000
21.420 0.000 0.000 0.000
21.651 0.000 0.000 0.000
21.870 0.000 0.000 0.000
22.090 0.000 0.000 0.000
22.300 0.000 0.000 0.000
22.510 0.000 0.000 0.000
22.760 0.000 0.000 0.000
22.990 0.000 0.000 0.000
23.211 0.000 0.000 0.000
23.440 0.000 0.000 0.000
23.670 0.000 0.000 0.000
23.890 0.000 0.000 0.000
24.091 0.000 0.000 0.000
24.309 0.000 0.000 0.000
24.551 0.000 0.000 0.000
24.760 0.000 0.000 0.000
24.960 0.000 0.000 0.000
25.190 0.000 0.000 0.000
25.400 0.000 0.000 0.000
25.621 0.000 0.000 0.000
25.851 0.000 0.000 0.000
26.060 0.000 0.000 0.000
26.320 0.000 0.000 0.000
26.540 0.000 0.000 0.000
26.770 0.000 0.000 0.000
27.010 0.000 0.000 0.000
27.210 0.000 0.000 0.000
27.440 0.000 0.000 0.000
27.660 0.000 0.000 0.000
27.901 0.000 0.000 0.000
28.111 0.000 0.000 0.000
28.320 0.000 0.000 0.000
28.520 0.000 0.000 0.000
28.741 0.000 0.000 0.000
28.960 0.000 0.000 0.000
29.180 0.000 0.000 0.000
29.401 0.000 0.000 0.000
29.641 0.000 0.000 0.000
29.883 0.000 0.000 0.000
30.099 0.000 0.000 0.000
30.299 0.000 0.000 0.000
30.509 0.000 0.000 0.000
30.709 0.000 0.000 0.000
30.909 0.000 0.000 0.000
31.109 0.000 0.000 0.000
31.309 0.000 0.000 0.000
31.509 0.000 0.000 0.000
31.720 0.000 0.000 0.000
31.919 0.000 0.000 0.000
32.119 0.000 0.000 0.000
32.319 0.000 0.000 0.000
32.519 0.000 0.000 0.000
32.719 0.000 0.000 0.000
32.919 0.000 0.000 0.000
33.119 0.000 0.000 0.000
33.319 0.000 0.000 0.000
33.519 0.000 0.000 0.000
33.719 0.000 0.000 0.000
33.919 0.000 0.000 0.000
34.119 0.000 0.000 0.000
34.319 0.000 0.000 0.000
34.519 0.000 0.000 0.000
34.719 0.000 0.000 0.000
34.919 0.000 0.000 0.000
35.119 0.000 0.000 0.000
35.319 0.000 0.000 0.000
35.519 0.000 0.000 0.000
35.719 0.000 0.000 0.000
35.919 0.000 0.000 0.000
36.119 0.000 0.000 0.000
36.319 0.000 0.000 0.000
36.519 0.000 0.000 0.000
36.719 0.000 0.000 0.000
36.919 0.000 0.000 0.000
37.119 0.000 0.000 0.000
37.319 0.000 0.000 0.000
37.519 0.000 0.000 0.000
37.719 0.000 0.000 0.000
37.919 0.000 0.000 0.000
38.119 0.000 0.000 0.000
38.319 0.000 0.000 0.000
38.519 0.000 0.000 0.000
38.719 0.000 0.000 0.000
38.919 0.000 0.000 0.000
39.119 0.000 0.000 0.000
39.319 0.000 0.000 0.000
39.519 0.000 0.000 0.000
39.719 0.000 0.000 0.000
39.919 0.000 0.000 0.000
40.119 0.000 0.000 0.000
40.319 0.000 0.000 0.000
40.519 0.000 0.000 0.000
40.719 0.000 0.000 0.000
40.919 0.000 0.000 0.000
41.119 0.000 0.000 0.000
41.319 0.000 0.000 0.000
41.519 0.000 0.000 0.000
41.719 0.000 0.000 0.000
41.919 0.000 0.000 0.000
42.119 0.000 0.000 0.000
42.319 0.000 0.000 0.000
42.519 0.000 0.000 0.000
42.719 0.000 0.000 0.000
42.919 0.000 0.000 0.000
43.119 0.000 0.000 0.000
43.319 0.000 0.000 0.000
43.519 0.000 0.000 0.000
43.719 0.000 0.000 0.000
43.919 0.000 0.000 0.000
44.119 0.000 0.000 0.000
44.319 0.000 0.000 0.000
44.520 0.000 0.000 0.000
44.719 0.000 0.000 0.000
44.919 0.000 0.000 0.000
45.119 0.000 0.000 0.000
45.319 0.000 0.000 0.000
45.519 0.000 0.000 0.000
45.719 0.000 0.000 0.000
45.919 0.000 0.000 0.000
46.119 0.000 0.000 0.000
46.320 0.000 0.000 0.000
46.519 0.000 0.000 0.000
46.719 0.000 0.000 0.000
46.919 0.000 0.000 0.000
47.119 0.000 0.000 0.000
47.319 0.000 0.000 0.000
47.519 0.000 0.000 0.000
47.719 0.000 0.000 0.000
47.919 0.000 0.000 0.000
48.119 0.000 0.000 0.000
48.319 0.000 0.000 0.000
48.519 0.000 0.000 0.000
48.719 0.000 0.000 0.000
48.920 0.000 0.000 0.000
49.119 0.000 0.000 0.000
49.319 0.000 0.000 0.000
49.519 0.000 0.000 0.000
49.719 0.000 0.000 0.000
49.919 0.000 0.000 0.000
50.119 0.000 0.000 0.000
50.319 0.000 0.000 0.000
50.519 0.000 0.000 0.000
50.719 0.000 0.000 0.000
50.919 0.000 0.000 0.000
51.119 0.000 0.000 0.000
51.319 0.000 0.000 0.000
51.519 0.000 0.000 0.000
51.719 0.000 0.000 0.000
51.919 0.000 0.000 0.000
52.119 0.000 0.000 0.000
52.319 0.000 0.000 0.000
52.519 0.000 0.000 0.000
52.719 0.000 0.000 0.000
52.919 0.000 0.000 0.000
53.119 0.000 0.000 0.000
53.319 0.000 0.000 0.000
53.519 0.000 0.000 0.000
53.719 0.000 0.000 0.000
53.919 -0.910 -0.021 0.000
54.119 -0.910 -0.021 0.000
54.319 -0.910 -0.021 0.000
54.519 -0.910 -0.021 0.000
54.719 -0.910 -0.021 0.000
54.919 -0.910 -0.021 0.000
55.119 -0.910 -0.021 0.000
55.319 -0.910 -0.021 0.000
55.519 -0.910 -0.021 0.000
55.719 -0.910 -0.021 0.000
55.919 -0.910 -0.021 0.000
56.119 -0.910 -0.021 0.000
56.319 -0.910 -0.021 0.000
56.519 -0.910 -0.021 0.000
56.719 -0.910 -0.021 0.000
56.919 -0.910 -0.021 0.000
57.119 -0.910 -0.021 0.000
57.319 -0.910 -0.021 0.000
57.519 -0.910 -0.021 0.000
57.719 -0.910 -0.021 0.000
57.919 -0.910 -0.021 0.000
58.119 -0.910 -0.021 0.000
58.319 -0.910 -0.021 0.000
58.519 -0.910 -0.021 0.000
58.719 -0.910 -0.021 0.000
58.919 -0.910 -0.021 0.000
59.119 -0.910 -0.021 0.000
59.319 -0.910 -0.021 0.000
59.519 -0.910 -0.021 0.000
59.719 -0.910 -0.021 0.000
59.919 -0.910 -0.021 0.000
60.119 -0.910 -0.021 0.000
60.319 -0.910 -0.021 0.000
60.519 -0.910 -0.021 0.000
60.719 -0.910 -0.021 0.000
60.930 -0.910 -0.021 0.000
61.130 -0.910 -0.021 0.000
61.340 -0.910 -0.021 0.000
61.550 -0.910 -0.021 0.000
61.760 -0.910 -0.021 0.000
62.030 -0.910 -0.021 0.000
62.260 -0.910 -0.021 0.000
62.481 -0.910 -0.021 0.000
62.730 -0.910 -0.021 0.000
62.970 -0.910 -0.021 0.000
63.200 -0.910 -0.021 0.000
63.450 -0.910 -0.021 0.000
63.661 -0.910 -0.021 0.000
63.920 -0.910 -0.021 0.000
64.130 -0.910 -0.021 0.000
64.340 -0.910 -0.021 0.000
64.560 -0.910 -0.021 0.000
64.760 -0.910 -0.021 0.000
64.980 -0.910 -0.021 0.000
65.192 -0.910 -0.021 0.000
65.412 -0.910 -0.021 0.000
65.641 -0.910 -0.021 0.000
65.850 -0.910 -0.021 0.000
66.101 -0.910 -0.021 0.000
66.341 -0.910 -0.021 0.000
66.570 -0.910 -0.021 0.000
66.791 -0.910 -0.021 0.000
67.010 -0.910 -0.021 0.000
67.240 -0.910 -0.021 0.000
67.441 -0.910 -0.021 0.000
67.659 -0.910 -0.021 0.000
67.859 -0.910 -0.021 0.000
68.059 -0.910 -0.021 0.000
68.260 -0.910 -0.021 0.000
68.459 -0.910 -0.021 0.000
68.659 -0.910 -0.021 0.000
68.859 -0.910 -0.021 0.000
69.069 -0.910 -0.021 0.000
69.269 -0.910 -0.021 0.000
69.469 -0.910 -0.021 0.000
69.669 -0.910 -0.021 0.000
69.869 -0.910 -0.021 0.000
70.069 -0.910 -0.021 0.000
70.269 -0.910 -0.021 0.000
70.469 -0.910 -0.021 0.000
70.669 -0.910 -0.021 0.000
70.869 -0.910 -0.021 0.000
71.069 -0.910 -0.021 0.000
71.270 -0.910 -0.021 0.000
71.469 -0.910 -0.021 0.000
71.669 -0.910 -0.021 0.000
71.869 -0.910 -0.021 0.000
72.069 -0.910 -0.021 0.000
72.269 -0.910 -0.021 0.000
72.469 -0.910 -0.021 0.000
72.669 -0.910 -0.021 0.000
72.869 -0.910 -0.021 0.000
73.070 -0.910 -0.021 0.000
73.269 -0.910 -0.021 0.000
73.529 -0.910 -0.021 0.000
73.740 -0.910 -0.021 0.000
73.969 -0.910 -0.021 0.000
74.180 -0.910 -0.021 0.000
74.400 -0.910 -0.021 0.000
74.610 -0.910 -0.021 0.000
74.840 -0.910 -0.021 0.000
75.100 -0.910 -0.021 0.000
75.311 -0.910 -0.021 0.000
75.540 -0.910 -0.021 0.000
75.761 -0.910 -0.021 0.000
75.970 -0.910 -0.021 0.000
76.210 -0.910 -0.021 0.000
76.431 -0.910 -0.021 0.000
76.670 -0.910 -0.021 0.000
76.880 -0.910 -0.021 0.000
77.101 -0.910 -0.021 0.000
77.341 -0.910 -0.021 0.000
77.550 -0.910 -0.021 0.000
77.770 -0.910 -0.021 0.000
78.000 -0.910 -0.021 0.000
78.241 -0.910 -0.021 0.000
78.490 -0.910 -0.021 0.000
78.720 -0.910 -0.021 0.000
78.929 -0.910 -0.021 0.000
79.129 -0.910 -0.021 0.000
79.350 -0.910 -0.021 0.000
79.621 -0.910 -0.021 0.000
79.850 -0.910 -0.021 0.000
80.090 -0.910 -0.021 0.000
80.310 -0.910 -0.021 0.000
80.531 -0.910 -0.021 0.000
80.750 -0.910 -0.021 0.000
80.970 -0.910 -0.021 0.000
81.250 -0.910 -0.021 0.000
81.500 -0.910 -0.021 0.000
81.711 -0.910 -0.021 0.000
81.931 -0.910 -0.021 0.000
82.160 -0.910 -0.021 0.000
82.360 -0.910 -0.021 0.000
82.581 -0.910 -0.021 0.000
82.781 -0.910 -0.021 0.000
83.010 -0.910 -0.021 0.000
83.230 -0.910 -0.021 0.000
83.460 -0.910 -0.021 0.000
83.700 -0.910 -0.021 0.000
83.911 -0.910 -0.021 0.000
84.112 -0.910 -0.021 0.000
84.330 -0.910 -0.021 0.000
84.570 -0.910 -0.021 0.000
84.822 -0.910 -0.021 0.000
85.040 -0.910 -0.021 0.000
85.270 0.455 0.107 0.000
85.511 0.455 0.107 0.000
85.740 0.455 0.107 0.000
85.960 0.455 0.107 0.000
86.180 0.455 0.107 0.000
86.420 0.455 0.107 0.000
86.650 0.455 0.107 0.000
86.890 0.455 0.107 0.000
87.141 0.455 0.107 0.000
87.370 0.455 0.107 0.000
87.600 0.455 0.107 0.000
87.810 0.455 0.107 0.000
88.051 0.455 0.107 0.000
88.300 0.455 0.107 0.000
88.520 0.455 0.107 0.000
88.750 0.455 0.107 0.000
88.960 0.455 0.107 0.000
89.170 0.455 0.107 0.000
89.400 0.455 0.107 0.000
89.610 0.455 0.107 0.000
89.830 0.455 0.107 0.000
90.080 0.455 0.107 0.000
90.330 0.455 0.107 0.000
90.560 0.455 0.107 0.000
90.800 0.455 0.107 0.000
91.030 0.455 0.107 0.000
91.260 0.455 0.107 0.000
91.510 0.455 0.107 0.000
91.730 0.455 0.107 0.000
91.980 0.455 0.107 0.000
92.179 0.455 0.107 0.000
92.410 0.455 0.107 0.000
92.630 0.455 0.107 0.000
92.861 0.455 0.107 0.000
93.070 0.455 0.107 0.000
93.301 0.455 0.107 0.000
93.511 0.455 0.107 0.000
93.741 0.455 0.107 0.000
93.991 0.455 0.107 0.000
94.220 0.455 0.107 0.000
94.450 0.455 0.107 0.000
94.673 0.455 0.107 0.000
94.930 0.455 0.107 0.000
95.150 0.455 0.107 0.000
95.360 0.455 0.107 0.000
95.590 0.455 0.107 0.000
95.800 0.455 0.107 0.000
96.020 0.455 0.107 0.000
96.280 0.455 0.107 0.000
96.540 0.455 0.107 0.000
96.780 0.455 0.107 0.000
97.010 0.455 0.107 0.000
97.230 0.455 0.107 0.000
97.470 0.455 0.107 0.000
97.680 0.455 0.107 0.000
97.950 0.455 0.107 0.000
98.160 0.455 0.107 0.000
98.381 0.455 0.107 0.000
98.581 0.455 0.107 0.000
98.780 0.455 0.107 0.000
99.031 0.455 0.107 0.000
99.250 0.455 0.107 0.000
99.480 0.455 0.107 0.000
99.679 0.455 0.107 0.000
99.879 0.455 0.107 0.000
100.079 0.455 0.107 0.000
100.279 0.455 0.107 0.000
100.479 0.455 0.107 0.000
100.679 0.455 0.107 0.000
100.879 0.455 0.107 0.000
101.079 0.455 0.107 0.000
101.279 0.455 0.107 0.000
101.479 0.455 0.107 0.000
101.679 0.455 0.107 0.000
101.879 0.455 0.107 0.000
102.079 0.455 0.107 0.000
102.279 0.455 0.107 0.000
102.479 0.455 0.107 0.000
102.679 0.455 0.107 0.000
102.879 0.455 0.107 0.000
103.079 0.455 0.107 0.000
103.279 0.455 0.107 0.000
103.479 0.455 0.107 0.000
103.679 0.455 0.107 0.000
103.879 0.455 0.107 0.000
104.079 0.455 0.107 0.000
104.279 0.455 0.107 0.000
104.479 0.455 0.107 0.000
104.679 0.455 0.107 0.000
104.879 0.455 0.107 0.000
105.079 0.455 0.107 0.000
105.279 0.455 0.107 0.000
105.479 0.455 0.107 0.000
105.679 0.455 0.107 0.000
105.879 0.455 0.107 0.000
106.079 0.455 0.107 0.000
106.279 0.455 0.107 0.000
106.479 0.455 0.107 0.000
106.679 0.455 0.107 0.000
106.879 0.455 0.107 0.000
107.079 0.455 0.107 0.000
107.279 0.455 0.107 0.000
107.479 0.455 0.107 0.000
107.679 0.455 0.107 0.000
107.879 0.455 0.107 0.000
108.079 0.455 0.107 0.000
108.279 0.455 0.107 0.000
108.479 0.455 0.107 0.000
108.679 0.455 0.107 0.000
108.879 0.455 0.107 0.000
109.079 0.455 0.107 0.000
109.279 0.455 0.107 0.000
109.479 0.455 0.107 0.000
109.689 0.455 0.107 0.000
109.889 0.455 0.107 0.000
110.089 0.455 0.107 0.000
110.289 0.455 0.107 0.000
110.489 0.455 0.107 0.000
110.689 0.455 0.107 0.000
110.889 0.455 0.107 0.000
111.089 0.455 0.107 0.000
111.289 0.455 0.107 0.000
111.489 0.455 0.107 0.000
111.689 0.455 0.107 0.000
111.889 0.455 0.107 0.000
112.089 0.455 0.107 0.000
112.289 0.455 0.107 0.000
112.489 0.455 0.107 0.000
112.689 0.455 0.107 0.000
112.889 0.455 0.107 0.000
113.089 0.455 0.107 0.000
113.289 0.455 0.107 0.000
113.489 0.455 0.107 0.000
113.689 0.455 0.107 0.000
113.889 0.455 0.107 0.000
114.089 0.455 0.107 0.000
114.289 0.455 0.107 0.000
114.489 0.455 0.107 0.000
114.689 0.455 0.107 0.000
114.889 0.455 0.107 0.000
115.089 0.455 0.107 0.000
115.289 0.455 0.107 0.000
115.489 0.455 0.107 0.000
115.689 0.455 0.107 0.000
115.889 0.455 0.107 0.000
116.089 0.455 0.107 0.000
116.289 0.455 0.107 0.000
116.489 0.455 0.107 0.000
116.689 0.455 0.107 0.000
116.889 0.455 0.107 0.000
117.089 0.455 0.107 0.000
117.289 0.455 0.107 0.000
117.489 0.455 0.107 0.000
117.689 0.455 0.107 0.000
117.889 0.455 0.107 0.000
118.089 0.455 0.107 0.000
118.289 0.455 0.107 0.000
118.489 0.455 0.107 0.000
118.689 0.455 0.107 0.000
118.889 0.455 0.107 0.000
119.089 0.455 0.107 0.000
119.289 0.455 0.107 0.000
119.489 0.455 0.107 0.000
119.689 0.455 0.107 0.000
119.889 0.455 0.107 0.000
120.089 0.455 0.107 0.000
120.289 0.455 0.107 0.000
120.489 0.455 0.107 0.000
120.689 0.455 0.107 0.000
120.889 0.455 0.107 0.000
121.089 0.455 0.107 0.000
121.289 0.455 0.107 0.000
121.489 0.455 0.107 0.000
121.689 0.455 0.107 0.000
121.889 0.455 0.107 0.000
122.089 0.455 0.107 0.000
122.289 0.455 0.107 0.000
122.489 0.455 0.107 0.000
122.690 0.455 0.107 0.000
122.889 0.455 0.107 0.000
123.090 0.455 0.107 0.000
123.289 0.455 0.107 0.000
123.489 0.455 0.107 0.000
123.689 0.455 0.107 0.000
123.889 0.455 0.107 0.000
124.089 0.455 0.107 0.000
124.289 0.455 0.107 0.000
124.489 0.455 0.107 0.000
124.689 0.455 0.107 0.000
124.889 0.455 0.107 0.000
125.089 0.455 0.107 0.000
125.289 0.455 0.107 0.000
125.489 0.455 0.107 0.000
125.689 0.455 0.107 0.000
125.889 0.455 0.107 0.000
126.089 0.455 0.107 0.000
126.289 0.455 0.107 0.000
126.489 0.455 0.107 0.000
126.689 0.455 0.107 0.000
126.889 0.455 0.107 0.000
127.089 0.455 0.107 0.000
127.289 0.455 0.107 0.000
127.489 0.455 0.107 0.000
127.689 0.455 0.107 0.000
127.889 0.455 0.107 0.000
128.089 0.455 0.107 0.000
128.289 0.455 0.107 0.000
128.489 0.455 0.107 0.000
128.689 0.455 0.107 0.000
128.889 0.455 0.107 0.000
129.089 0.455 0.107 0.000
129.299 0.455 0.107 0.000
129.499 0.455 0.107 0.000
129.700 0.455 0.107 0.000
129.899 0.455 0.107 0.000
130.099 0.455 0.107 0.000
130.299 0.455 0.107 0.000
130.500 0.455 0.107 0.000
130.699 0.455 0.107 0.000
130.899 0.455 0.107 0.000
131.099 0.455 0.107 0.000
131.301 0.455 0.107 0.000
131.499 0.455 0.107 0.000
131.699 0.455 0.107 0.000
131.899 0.455 0.107 0.000
132.100 0.455 0.107 0.000
132.299 0.455 0.107 0.000
132.499 0.455 0.107 0.000
132.699 0.455 0.107 0.000
132.899 0.455 0.107 0.000
133.099 0.455 0.107 0.000
133.299 0.455 0.107 0.000
133.499 0.455 0.107 0.000
133.699 0.455 0.107 0.000
133.899 0.455 0.107 0.000
134.099 0.455 0.107 0.000
134.299 0.455 0.107 0.000
134.500 0.455 0.107 0.000
134.699 0.455 0.107 0.000
134.899 0.455 0.107 0.000
135.099 0.455 0.107 0.000
135.299 0.455 0.107 0.000
135.499 0.455 0.107 0.000
135.699 0.455 0.107 0.000
135.899 0.455 0.107 0.000
136.100 0.455 0.107 0.000
136.299 0.455 0.107 0.000
136.499 0.582 0.004 0.000
136.699 0.582 0.004 0.000
136.900 0.582 0.004 0.000
137.099 0.582 0.004 0.000
137.299 0.582 0.004 0.000
137.499 0.582 0.004 0.000
137.699 0.582 0.004 0.000
137.899 0.582 0.004 0.000
138.099 0.582 0.004 0.000
138.299 0.582 0.004 0.000
138.500 0.582 0.004 0.000
138.699 0.582 0.004 0.000
138.899 0.582 0.004 0.000
139.099 0.582 0.004 0.000
139.300 0.582 0.004 0.000
139.499 0.582 0.004 0.000
139.699 0.582 0.004 0.000
139.899 0.582 0.004 0.000
140.100 0.582 0.004 0.000
140.299 0.582 0.004 0.000
140.499 0.582 0.004 0.000
140.699 0.582 0.004 0.000
140.899 0.582 0.004 0.000
141.099 0.582 0.004 0.000
141.299 0.582 0.004 0.000
141.499 0.582 0.004 0.000
141.700 0.582 0.004 0.000
141.899 0.582 0.004 0.000
142.099 0.582 0.004 0.000
142.299 0.582 0.004 0.000
142.500 0.582 0.004 0.000
142.699 0.582 0.004 0.000
142.899 0.582 0.004 0.000
143.099 0.582 0.004 0.000
143.300 0.582 0.004 0.000
143.499 0.582 0.004 0.000
143.699 0.582 0.004 0.000
143.899 0.582 0.004 0.000
144.099 0.582 0.004 0.000
144.299 0.582 0.004 0.000
144.499 0.582 0.004 0.000
144.699 0.582 0.004 0.000
144.900 0.582 0.004 0.000
145.099 0.582 0.004 0.000
145.299 0.582 0.004 0.000
145.499 0.582 0.004 0.000
145.700 0.582 0.004 0.000
145.899 0.582 0.004 0.000
146.099 0.582 0.004 0.000
146.299 0.582 0.004 0.000
146.499 0.582 0.004 0.000
146.699 0.582 0.004 0.000
146.899 0.582 0.004 0.000
147.099 0.582 0.004 0.000
147.299 0.582 0.004 0.000
147.499 0.582 0.004 0.000
147.699 0.582 0.004 0.000
147.899 0.582 0.004 0.000
148.101 0.582 0.004 0.000
148.299 0.582 0.004 0.000
148.499 0.582 0.004 0.000
148.699 0.582 0.004 0.000
148.899 0.582 0.004 0.000
149.099 0.582 0.004 0.000
149.299 0.582 0.004 0.000
149.499 0.582 0.004 0.000
149.700 0.582 0.004 0.000
149.899 0.582 0.004 0.000
150.099 0.582 0.004 0.000
150.299 0.582 0.004 0.000
150.499 0.582 0.004 0.000
150.699 0.582 0.004 0.000
150.899 0.582 0.004 0.000
151.099 0.582 0.004 0.000
151.300 0.582 0.004 0.000
151.499 0.582 0.004 0.000
151.699 0.582 0.004 0.000
151.899 0.582 0.004 0.000
152.100 0.582 0.004 0.000
152.299 0.582 0.004 0.000
152.499 0.582 0.004 0.000
152.699 0.582 0.004 0.000
152.899 0.582 0.004 0.000
153.099 0.582 0.004 0.000
153.299 0.582 0.004 0.000
153.499 0.582 0.004 0.000
153.699 0.582 0.004 0.000
153.899 0.582 0.004 0.000
154.099 0.582 0.004 0.000
154.320 0.582 0.004 0.000
154.540 0.582 0.004 0.000
154.750 0.582 0.004 0.000
154.980 0.582 0.004 0.000
155.180 0.582 0.004 0.000
155.379 0.582 0.004 0.000
155.590 0.582 0.004 0.000
155.823 0.582 0.004 0.000
156.060 0.582 0.004 0.000
156.291 0.582 0.004 0.000
156.520 0.582 0.004 0.000
156.750 0.582 0.004 0.000
156.949 0.582 0.004 0.000
157.149 0.582 0.004 0.000
157.349 0.582 0.004 0.000
157.549 0.582 0.004 0.000
157.749 0.582 0.004 0.000
157.949 0.582 0.004 0.000
158.149 0.582 0.004 0.000
158.349 0.582 0.004 0.000
158.560 0.582 0.004 0.000
158.801 0.582 0.004 0.000
159.030 0.582 0.004 0.000
159.291 0.582 0.004 0.000
159.500 0.582 0.004 0.000
159.699 0.582 0.004 0.000
159.929 0.582 0.004 0.000
160.129 0.582 0.004 0.000
160.329 0.582 0.004 0.000
160.529 0.582 0.004 0.000
160.730 0.582 0.004 0.000
160.959 0.582 0.004 0.000
161.210 0.582 0.004 0.000
161.430 0.582 0.004 0.000
161.680 0.582 0.004 0.000
161.941 0.582 0.004 0.000
162.191 0.582 0.004 0.000
162.471 0.582 0.004 0.000
162.710 0.582 0.004 0.000
162.921 0.582 0.004 0.000
163.170 0.582 0.004 0.000
163.412 0.582 0.004 0.000
163.670 0.582 0.004 0.000
163.900 0.582 0.004 0.000
164.120 0.582 0.004 0.000
164.360 0.582 0.004 0.000
164.571 0.582 0.004 0.000
164.810 0.582 0.004 0.000
165.020 0.582 0.004 0.000
165.280 0.582 0.004 0.000
165.500 0.582 0.004 0.000
165.741 0.582 0.004 0.000
165.990 0.582 0.004 0.000
166.220 0.582 0.004 0.000
166.439 0.582 0.004 0.000
166.680 0.582 0.004 0.000
166.900 0.582 0.004 0.000
167.110 0.582 0.004 0.000
167.340 0.582 0.004 0.000
167.550 0.582 0.004 0.000
167.790 0.582 0.004 0.000
167.990 0.582 0.004 0.000
168.200 0.582 0.004 0.000
168.410 0.582 0.004 0.000
168.621 0.582 0.004 0.000
168.840 0.582 0.004 0.000
169.080 0.582 0.004 0.000
169.290 0.582 0.004 0.000
169.520 0.582 0.004 0.000
169.750 0.582 0.004 0.000
169.950 0.582 0.004 0.000
170.190 0.582 0.004 0.000
170.400 0.582 0.004 0.000
170.620 0.582 0.004 0.000
170.820 0.582 0.004 0.000
171.020 0.582 0.004 0.000
171.230 0.582 0.004 0.000
171.450 0.582 0.004 0.000
171.670 0.582 0.004 0.000
171.900 0.582 0.004 0.000
172.100 0.582 0.004 0.000
172.310 0.582 0.004 0.000
172.521 0.582 0.004 0.000
172.730 0.582 0.004 0.000
172.941 0.582 0.004 0.000
173.141 0.582 0.004 0.000
173.370 0.582 0.004 0.000
173.590 0.582 0.004 0.000
173.840 0.582 0.004 0.000
174.060 0.582 0.004 0.000
174.259 0.582 0.004 0.000
174.459 0.582 0.004 0.000
174.659 0.582 0.004 0.000
174.869 0.582 0.004 0.000
175.069 0.582 0.004 0.000
175.269 0.582 0.004 0.000
175.469 0.582 0.004 0.000
175.669 0.582 0.004 0.000
175.869 0.582 0.004 0.000
176.069 0.582 0.004 0.000
176.269 -0.193 -0.124 0.000
176.469 -0.193 -0.124 0.000
176.669 -0.193 -0.124 0.000
176.869 -0.193 -0.124 0.000
177.069 -0.193 -0.124 0.000
177.269 -0.193 -0.124 0.000
177.469 -0.193 -0.124 0.000
177.669 -0.193 -0.124 0.000
177.869 -0.193 -0.124 0.000
178.069 -0.193 -0.124 0.000
178.269 -0.193 -0.124 0.000
178.469 -0.193 -0.124 0.000
178.669 -0.193 -0.124 0.000
178.869 -0.193 -0.124 0.000
179.069 -0.193 -0.124 0.000
179.269 -0.193 -0.124 0.000
179.469 -0.193 -0.124 0.000
179.669 -0.193 -0.124 0.000
179.869 -0.193 -0.124 0.000
180.069 -0.193 -0.124 0.000
180.269 -0.193 -0.124 0.000
180.469 -0.193 -0.124 0.000
180.669 -0.193 -0.124 0.000
180.869 -0.193 -0.124 0.000
181.069 -0.193 -0.124 0.000
181.270 -0.193 -0.124 0.000
181.469 -0.193 -0.124 0.000
181.669 -0.193 -0.124 0.000
181.869 -0.193 -0.124 0.000
182.069 -0.193 -0.124 0.000
182.269 -0.193 -0.124 0.000
182.469 -0.193 -0.124 0.000
182.669 -0.193 -0.124 0.000
182.869 -0.193 -0.124 0.000
183.069 -0.193 -0.124 0.000
183.269 -0.193 -0.124 0.000
183.469 -0.193 -0.124 0.000
183.669 -0.193 -0.124 0.000
183.869 -0.193 -0.124 0.000
184.079 -0.193 -0.124 0.000
184.279 -0.193 -0.124 0.000
184.479 -0.193 -0.124 0.000
184.679 -0.193 -0.124 0.000
184.879 -0.193 -0.124 0.000
185.079 -0.193 -0.124 0.000
185.279 -0.193 -0.124 0.000
185.479 -0.193 -0.124 0.000
185.679 -0.193 -0.124 0.000
185.879 -0.193 -0.124 0.000
186.079 -0.193 -0.124 0.000
186.279 -0.193 -0.124 0.000
186.479 -0.193 -0.124 0.000
186.679 -0.193 -0.124 0.000
186.879 -0.193 -0.124 0.000
187.079 -0.193 -0.124 0.000
187.279 -0.193 -0.124 0.000
187.479 -0.193 -0.124 0.000
187.679 -0.193 -0.124 0.000
187.879 -0.193 -0.124 0.000
188.079 -0.193 -0.124 0.000
188.279 -0.193 -0.124 0.000
188.479 -0.193 -0.124 0.000
188.679 -0.193 -0.124 0.000
188.880 -0.193 -0.124 0.000
189.079 -0.193 -0.124 0.000
189.279 -0.193 -0.124 0.000
189.479 -0.193 -0.124 0.000
189.679 -0.193 -0.124 0.000
189.879 -0.193 -0.124 0.000
190.079 -0.193 -0.124 0.000
190.279 -0.193 -0.124 0.000
190.479 -0.193 -0.124 0.000
190.679 -0.193 -0.124 0.000
190.879 -0.193 -0.124 0.000
191.079 -0.193 -0.124 0.000
191.279 -0.193 -0.124 0.000
191.479 -0.193 -0.124 0.000
191.679 -0.193 -0.124 0.000
191.879 -0.193 -0.124 0.000
192.079 -0.193 -0.124 0.000
192.279 -0.193 -0.124 0.000
192.479 -0.193 -0.124 0.000
192.679 -0.193 -0.124 0.000
192.879 -0.193 -0.124 0.000
193.079 -0.193 -0.124 0.000
193.279 -0.193 -0.124 0.000
193.480 -0.193 -0.124 0.000
193.679 -0.193 -0.124 0.000
193.879 -0.193 -0.124 0.000
194.079 -0.193 -0.124 0.000
194.279 -0.193 -0.124 0.000
194.479 -0.193 -0.124 0.000
194.679 -0.193 -0.124 0.000
194.879 -0.193 -0.124 0.000
195.079 -0.193 -0.124 0.000
195.279 -0.193 -0.124 0.000
195.479 -0.193 -0.124 0.000
195.679 -0.193 -0.124 0.000
195.879 -0.193 -0.124 0.000
196.079 -0.193 -0.124 0.000
196.279 -0.193 -0.124 0.000
196.479 -0.020 -0.003 0.000
196.679 -0.020 -0.003 0.000
196.879 -0.020 -0.003 0.000
197.079 -0.020 -0.003 0.000
197.289 -0.020 -0.003 0.000
197.489 -0.020 -0.003 0.000
197.689 -0.020 -0.003 0.000
197.889 -0.020 -0.003 0.000
198.089 -0.020 -0.003 0.000
198.289 -0.020 -0.003 0.000
198.489 -0.020 -0.003 0.000
198.689 -0.020 -0.003 0.000
198.889 -0.020 -0.003 0.000
199.099 -0.020 -0.003 0.000
199.300 -0.020 -0.003 0.000
199.499 -0.020 -0.003 0.000
199.699 -0.020 -0.003 0.000
199.899 -0.020 -0.003 0.000
200.100 -0.020 -0.003 0.000
200.299 -0.020 -0.003 0.000
200.499 -0.020 -0.003 0.000
200.699 -0.020 -0.003 0.000
200.900 -0.020 -0.003 0.000
201.099 -0.020 -0.003 0.000
201.299 -0.020 -0.003 0.000
201.499 -0.020 -0.003 0.000
201.700 -0.020 -0.003 0.000
201.899 -0.020 -0.003 0.000
202.099 -0.020 -0.003 0.000
202.299 -0.020 -0.003 0.000
202.500 -0.020 -0.003 0.000
202.699 -0.020 -0.003 0.000
202.899 -0.020 -0.003 0.000
203.099 -0.078 0.007 0.000
203.300 -0.078 0.007 0.000
203.499 -0.078 0.007 0.000
203.699 -0.078 0.007 0.000
203.899 -0.078 0.007 0.000
204.100 -0.078 0.007 0.000
204.299 -0.078 0.007 0.000
204.499 -0.078 0.007 0.000
204.699 -0.078 0.007 0.000
204.899 -0.078 0.007 0.000
205.099 -0.078 0.007 0.000
205.299 -0.078 0.007 0.000
205.499 -0.078 0.007 0.000
205.699 -0.078 0.007 0.000
205.899 -0.078 0.007 0.000
206.099 -0.078 0.007 0.000
206.299 -0.078 0.007 0.000
206.499 -0.078 0.007 0.000
206.699 -0.078 0.007 0.000
206.899 -0.078 0.007 0.000
207.099 -0.078 0.007 0.000
207.300 -0.078 0.007 0.000
207.499 -0.078 0.007 0.000
207.699 -0.078 0.007 0.000
207.899 -0.078 0.007 0.000
208.100 -0.078 0.007 0.000
208.299 -0.078 0.007 0.000
208.499 -0.078 0.007 0.000
208.699 -0.078 0.007 0.000
208.900 -0.078 0.007 0.000
209.099 -0.078 0.007 0.000
209.299 -0.078 0.007 0.000
209.499 -0.078 0.007 0.000
209.699 -0.078 0.007 0.000
209.899 -0.078 0.007 0.000
210.099 -0.078 0.007 0.000
210.309 -0.078 0.007 0.000
210.509 -0.078 0.007 0.000
210.709 -0.078 0.007 0.000
210.909 -0.078 0.007 0.000
211.109 -0.078 0.007 0.000
211.309 -0.078 0.007 0.000
211.519 -0.078 0.007 0.000
211.719 -0.078 0.007 0.000
211.919 -0.078 0.007 0.000
212.119 -0.078 0.007 0.000
212.319 -0.078 0.007 0.000
212.519 -0.078 0.007 0.000
212.719 -0.078 0.007 0.000
212.919 -0.078 0.007 0.000
213.119 -0.078 0.007 0.000
213.319 -0.078 0.007 0.000
213.521 -0.078 0.007 0.000
213.719 -0.078 0.007 0.000
213.919 -0.078 0.007 0.000
214.119 -0.078 0.007 0.000
214.319 -0.078 0.007 0.000
214.519 -0.078 0.007 0.000
214.719 -0.078 0.007 0.000
214.919 -0.078 0.007 0.000
215.119 -0.078 0.007 0.000
215.319 -0.078 0.007 0.000
215.519 -0.078 0.007 0.000
215.719 -0.078 0.007 0.000
215.919 -0.078 0.007 0.000
216.119 -0.078 0.007 0.000
216.319 -0.078 0.007 0.000
216.529 -0.078 0.007 0.000
216.730 -0.078 0.007 0.000
216.950 -0.078 0.007 0.000
217.149 -0.078 0.007 0.000
217.349 -0.078 0.007 0.000
217.549 -0.078 0.007 0.000
217.749 -0.078 0.007 0.000
217.950 -0.078 0.007 0.000
218.170 -0.078 0.007 0.000
218.369 -0.078 0.007 0.000
218.599 -0.078 0.007 0.000
218.820 -0.078 0.007 0.000
219.020 -0.078 0.007 0.000
219.250 -0.078 0.007 0.000
219.480 -0.078 0.007 0.000
219.680 -0.078 0.007 0.000
219.920 -0.078 0.007 0.000
220.150 -0.078 0.007 0.000
220.370 -0.078 0.007 0.000
220.570 -0.078 0.007 0.000
220.800 -0.078 0.007 0.000
221.030 -0.078 0.007 0.000
221.270 -0.078 0.007 0.000
221.500 -0.078 0.007 0.000
221.730 -0.078 0.007 0.000
221.941 -0.078 0.007 0.000
222.151 -0.078 0.007 0.000
222.370 -0.078 0.007 0.000
222.580 -0.078 0.007 0.000
222.794 -0.078 0.007 0.000
223.021 -0.078 0.007 0.000
223.221 -0.078 0.007 0.000
223.480 -0.078 0.007 0.000
223.691 -0.078 0.007 0.000
223.912 -0.078 0.007 0.000
224.109 -0.078 0.007 0.000
224.309 -0.078 0.007 0.000
224.509 -0.078 0.007 0.000
224.709 -0.078 0.007 0.000
224.909 -0.078 0.007 0.000
225.109 -0.078 0.007 0.000
225.309 -0.078 0.007 0.000
225.509 -0.078 0.007 0.000
225.709 -0.078 0.007 0.000
225.909 -0.078 0.007 0.000
226.109 -0.078 0.007 0.000
226.309 -0.078 0.007 0.000
226.509 -0.078 0.007 0.000
226.709 -0.078 0.007 0.000
226.909 -0.078 0.007 0.000
227.110 -0.078 0.007 0.000
227.309 -0.078 0.007 0.000
227.509 -0.078 0.007 0.000
227.709 -0.078 0.007 0.000
227.909 -0.078 0.007 0.000
228.109 -0.078 0.007 0.000
228.309 -0.078 0.007 0.000
228.509 -0.078 0.007 0.000
228.709 -0.078 0.007 0.000
228.909 -0.078 0.007 0.000
229.109 -0.078 0.007 0.000
229.309 -0.078 0.007 0.000
229.509 -0.078 0.007 0.000
229.709 -0.078 0.007 0.000
229.909 -0.078 0.007 0.000
230.109 -0.078 0.007 0.000
230.309 -0.078 0.007 0.000
230.509 -0.078 0.007 0.000
230.709 -0.078 0.007 0.000
230.909 -0.078 0.007 0.000
231.109 -0.078 0.007 0.000
231.309 -0.078 0.007 0.000
231.509 -0.078 0.007 0.000
231.709 -0.078 0.007 0.000
231.909 -0.078 0.007 0.000
232.109 -0.078 0.007 0.000
232.309 -0.078 0.007 0.000
232.509 -0.078 0.007 0.000
232.709 -0.078 0.007 0.000
232.909 -0.078 0.007 0.000
233.109 -0.078 0.007 0.000
233.309 -0.078 0.007 0.000
233.509 -0.078 0.007 0.000
233.709 -0.078 0.007 0.000
233.909 -0.078 0.007 0.000
234.109 -0.078 0.007 0.000
234.309 -0.069 -0.052 0.000
234.509 -0.069 -0.052 0.000
234.709 -0.069 -0.052 0.000
234.909 -0.069 -0.052 0.000
235.109 -0.069 -0.052 0.000
235.309 -0.069 -0.052 0.000
235.509 -0.069 -0.052 0.000
235.709 -0.069 -0.052 0.000
235.910 -0.069 -0.052 0.000
236.109 -0.069 -0.052 0.000
236.309 -0.069 -0.052 0.000
236.509 -0.069 -0.052 0.000
236.709 -0.069 -0.052 0.000
236.909 -0.069 -0.052 0.000
237.109 -0.069 -0.052 0.000
237.309 -0.069 -0.052 0.000
237.510 -0.069 -0.052 0.000
237.709 -0.069 -0.052 0.000
237.909 -0.069 -0.052 0.000
238.109 -0.069 -0.052 0.000
238.309 -0.069 -0.052 0.000
238.509 -0.069 -0.052 0.000
238.709 -0.069 -0.052 0.000
238.909 -0.069 -0.052 0.000
239.109 -0.069 -0.052 0.000
239.309 -0.069 -0.052 0.000
239.509 -0.069 -0.052 0.000
239.709 -0.069 -0.052 0.000
239.910 -0.069 -0.052 0.000
240.109 -0.069 -0.052 0.000
240.309 -0.069 -0.052 0.000
240.509 -0.069 -0.052 0.000
240.709 -0.069 -0.052 0.000
240.909 -0.069 -0.052 0.000
241.109 -0.069 -0.052 0.000
241.309 -0.069 -0.052 0.000
241.509 -0.069 -0.052 0.000
241.709 -0.069 -0.052 0.000
241.909 -0.069 -0.052 0.000
242.109 -0.069 -0.052 0.000
242.309 -0.069 -0.052 0.000
242.509 -0.069 -0.052 0.000
242.709 -0.069 -0.052 0.000
242.909 -0.069 -0.052 0.000
243.109 -0.069 -0.052 0.000
243.309 -0.069 -0.052 0.000
243.509 -0.069 -0.052 0.000
243.709 -0.069 -0.052 0.000
243.909 -0.069 -0.052 0.000
244.109 -0.069 -0.052 0.000
244.309 -0.069 -0.052 0.000
244.509 -0.069 -0.052 0.000
244.709 -0.069 -0.052 0.000
244.909 -0.069 -0.052 0.000
245.109 -0.069 -0.052 0.000
245.309 -0.069 -0.052 0.000
245.509 -0.069 -0.052 0.000
245.709 -0.069 -0.052 0.000
245.909 -0.069 -0.052 0.000
246.109 -0.069 -0.052 0.000
246.309 -0.069 -0.052 0.000
246.509 -0.069 -0.052 0.000
246.709 -0.069 -0.052 0.000
246.909 -0.069 -0.052 0.000
247.109 -0.069 -0.052 0.000
247.309 -0.069 -0.052 0.000
247.509 -0.069 -0.052 0.000
247.709 -0.069 -0.052 0.000
247.909 -0.069 -0.052 0.000
248.109 -0.069 -0.052 0.000
248.309 -0.069 -0.052 0.000
248.509 -0.069 -0.052 0.000
248.710 -0.069 -0.052 0.000
248.909 -0.069 -0.052 0.000
249.109 -0.069 -0.052 0.000
249.309 -0.069 -0.052 0.000
249.509 -0.069 -0.052 0.000
249.709 -0.069 -0.052 0.000
249.909 -0.069 -0.052 0.000
250.109 -0.069 -0.052 0.000
250.309 -0.069 -0.052 0.000
250.509 -0.069 -0.052 0.000
250.709 -0.069 -0.052 0.000
250.909 -0.069 -0.052 0.000
251.109 -0.069 -0.052 0.000
251.309 -0.069 -0.052 0.000
251.509 -0.069 -0.052 0.000
251.709 -0.069 -0.052 0.000
251.909 -0.069 -0.052 0.000
252.109 -0.069 -0.052 0.000
252.309 -0.069 -0.052 0.000
252.509 -0.069 -0.052 0.000
252.709 -0.069 -0.052 0.000
252.909 -0.069 -0.052 0.000
253.109 -0.069 -0.052 0.000
253.309 -0.069 -0.052 0.000
253.509 -0.069 -0.052 0.000
253.709 -0.069 -0.052 0.000
253.909 -0.069 -0.052 0.000
254.109 -0.069 -0.052 0.000
254.309 -0.069 -0.052 0.000
254.509 -0.069 -0.052 0.000
254.709 -0.069 -0.052 0.000
254.909 -0.069 -0.052 0.000
255.109 -0.069 -0.052 0.000
255.309 -0.069 -0.052 0.000
255.509 -0.069 -0.052 0.000
255.709 -0.069 -0.052 0.000
255.909 -0.069 -0.052 0.000
256.109 -0.069 -0.052 0.000
256.309 -0.069 -0.052 0.000
256.509 -0.069 -0.052 0.000
256.710 -0.069 -0.052 0.000
256.909 -0.069 -0.052 0.000
257.109 -0.069 -0.052 0.000
257.309 -0.069 -0.052 0.000
257.510 -0.069 -0.052 0.000
257.709 -0.069 -0.052 0.000
257.909 -0.069 -0.052 0.000
258.109 -0.069 -0.052 0.000
258.309 -0.069 -0.052 0.000
258.509 -0.069 -0.052 0.000
258.709 -0.069 -0.052 0.000
258.909 -0.069 -0.052 0.000
259.109 -0.069 -0.052 0.000
259.309 -0.069 -0.052 0.000
259.509 -0.069 -0.052 0.000
259.709 -0.069 -0.052 0.000
259.909 -0.069 -0.052 0.000
260.109 -0.069 -0.052 0.000
260.309 -0.069 -0.052 0.000
260.509 -0.069 -0.052 0.000
260.709 -0.069 -0.052 0.000
260.909 -0.069 -0.052 0.000
261.109 -0.069 -0.052 0.000
261.309 -0.069 -0.052 0.000
261.509 -0.069 -0.052 0.000
261.709 -0.069 -0.052 0.000
261.909 -0.069 -0.052 0.000
262.109 -0.069 -0.052 0.000
262.309 -0.069 -0.052 0.000
262.509 -0.069 -0.052 0.000
262.709 -0.069 -0.052 0.000
262.909 -0.069 -0.052 0.000
263.109 -0.069 -0.052 0.000
263.309 -0.069 -0.052 0.000
263.509 -0.069 -0.052 0.000
263.709 -0.069 -0.052 0.000
263.909 -0.069 -0.052 0.000
264.109 -0.069 -0.052 0.000
264.309 -0.069 -0.052 0.000
264.509 -0.069 -0.052 0.000
264.709 -0.069 -0.052 0.000
264.909 -0.069 -0.052 0.000
265.109 -0.069 -0.052 0.000
265.309 -0.069 -0.052 0.000
265.509 -0.069 -0.052 0.000
265.709 -0.069 -0.052 0.000
265.909 -0.069 -0.052 0.000
266.109 -0.069 -0.052 0.000
266.309 -0.069 -0.052 0.000
266.509 -0.069 -0.052 0.000
266.709 -0.069 -0.052 0.000
266.909 -0.069 -0.052 0.000
267.109 -0.069 -0.052 0.000
267.309 -0.069 -0.052 0.000
267.509 -0.069 -0.052 0.000
267.709 -0.069 -0.052 0.000
267.909 -0.069 -0.052 0.000
268.109 -0.069 -0.052 0.000
268.309 -0.069 -0.052 0.000
268.509 -0.069 -0.052 0.000
268.709 -0.069 -0.052 0.000
268.909 -0.069 -0.052 0.000
269.109 -0.069 -0.052 0.000
269.309 -0.069 -0.052 0.000
269.509 -0.069 -0.052 0.000
269.709 -0.069 -0.052 0.000
269.909 -0.069 -0.052 0.000
270.109 -0.069 -0.052 0.000
270.309 -0.069 -0.052 0.000
270.509 -0.069 -0.052 0.000
270.709 -0.069 -0.052 0.000
270.909 -0.069 -0.052 0.000
271.109 -0.069 -0.052 0.000
271.310 -0.069 -0.052 0.000
271.530 -0.069 -0.052 0.000
271.760 -0.069 -0.052 0.000
271.959 -0.069 -0.052 0.000
272.170 -0.069 -0.052 0.000
272.379 -0.069 -0.052 0.000
272.600 -0.069 -0.052 0.000
272.841 -0.069 -0.052 0.000
273.060 -0.069 -0.052 0.000
273.270 -0.069 -0.052 0.000
273.480 -0.069 -0.052 0.000
273.700 -0.069 -0.052 0.000
273.920 -0.069 -0.052 0.000
274.150 -0.069 -0.052 0.000
274.370 -0.069 -0.052 0.000
274.590 -0.069 -0.052 0.000
274.810 -0.069 -0.052 0.000
275.021 -0.069 -0.052 0.000
275.219 -0.069 -0.052 0.000
275.441 -0.069 -0.052 0.000
275.672 -0.069 -0.052 0.000
275.900 -0.069 -0.052 0.000
276.130 -0.069 -0.052 0.000
276.350 -0.069 -0.052 0.000
276.580 -0.069 -0.052 0.000
276.821 -0.069 -0.052 0.000
277.030 -0.069 -0.052 0.000
277.240 -0.069 -0.052 0.000
277.460 -0.069 -0.052 0.000
277.691 -0.069 -0.052 0.000
277.922 -0.069 -0.052 0.000
278.140 -0.069 -0.052 0.000
278.370 -0.069 -0.052 0.000
278.581 -0.069 -0.052 0.000
278.821 -0.069 -0.052 0.000
279.040 -0.069 -0.052 0.000
279.271 -0.069 -0.052 0.000
279.524 -0.069 -0.052 0.000
279.730 -0.069 -0.052 0.000
279.960 -0.069 -0.052 0.000
280.191 -0.069 -0.052 0.000
280.400 -0.069 -0.052 0.000
280.651 -0.069 -0.052 0.000
280.880 -0.069 -0.052 0.000
281.080 -0.069 -0.052 0.000
281.310 -0.069 -0.052 0.000
281.520 -0.069 -0.052 0.000
281.760 -0.069 -0.052 0.000
282.010 -0.069 -0.052 0.000
282.220 -0.069 -0.052 0.000
282.460 -0.069 -0.052 0.000
282.670 -0.069 -0.052 0.000
282.880 -0.069 -0.052 0.000
283.120 -0.069 -0.052 0.000
283.320 -0.069 -0.052 0.000
283.560 -0.069 -0.052 0.000
283.790 -0.069 -0.052 0.000
284.009 -0.069 -0.052 0.000
284.240 -0.069 -0.052 0.000
284.460 -0.069 -0.052 0.000
284.681 -0.069 -0.052 0.000
284.890 -0.069 -0.052 0.000
285.111 -0.069 -0.052 0.000
285.320 -0.069 -0.052 0.000
285.539 -0.069 -0.052 0.000
285.769 -0.069 -0.052 0.000
285.979 -0.069 -0.052 0.000
286.210 -0.069 -0.052 0.000
286.429 -0.069 -0.052 0.000
286.660 -0.069 -0.052 0.000
286.889 -0.069 -0.052 0.000
287.110 -0.069 -0.052 0.000
287.340 -0.069 -0.052 0.000
