0.000 0.129 0.128 0.184 -0.124 -0.126 -0.175
0.229 0.159 0.155 0.223 -0.147 -0.151 -0.209
0.449 0.177 0.172 0.253 -0.169 -0.174 -0.236
0.689 0.188 0.189 0.283 -0.197 -0.196 -0.262
0.889 0.200 0.205 0.306 -0.215 -0.210 -0.281
1.089 0.219 0.219 0.328 -0.224 -0.224 -0.299
1.290 0.241 0.233 0.348 -0.228 -0.236 -0.316
1.499 0.261 0.249 0.369 -0.234 -0.246 -0.332
1.750 0.270 0.266 0.392 -0.255 -0.259 -0.350
2.000 0.269 0.273 0.412 -0.283 -0.279 -0.368
2.250 0.279 0.279 0.432 -0.299 -0.299 -0.386
2.470 0.299 0.293 0.451 -0.303 -0.309 -0.400
2.711 0.320 0.310 0.471 -0.304 -0.314 -0.412
2.940 0.332 0.320 0.490 -0.315 -0.327 -0.425
3.160 0.336 0.327 0.506 -0.330 -0.339 -0.436
3.410 0.341 0.340 0.525 -0.347 -0.349 -0.449
3.691 0.353 0.356 0.546 -0.361 -0.357 -0.462
3.931 0.369 0.361 0.562 -0.363 -0.372 -0.473
4.150 0.382 0.361 0.576 -0.368 -0.389 -0.484
4.379 0.389 0.371 0.593 -0.380 -0.398 -0.494
4.600 0.390 0.387 0.610 -0.396 -0.399 -0.501
4.830 0.396 0.400 0.626 -0.407 -0.403 -0.509
5.080 0.411 0.404 0.641 -0.410 -0.417 -0.520
5.300 0.427 0.409 0.655 -0.410 -0.428 -0.528
5.540 0.437 0.419 0.671 -0.417 -0.435 -0.537
5.760 0.438 0.424 0.685 -0.431 -0.445 -0.544
5.980 0.437 0.426 0.699 -0.448 -0.459 -0.553
6.230 0.442 0.435 0.714 -0.460 -0.466 -0.561
6.450 0.454 0.450 0.729 -0.461 -0.465 -0.566
6.680 0.474 0.463 0.744 -0.457 -0.469 -0.573
6.900 0.484 0.462 0.756 -0.460 -0.483 -0.580
7.131 0.484 0.457 0.767 -0.475 -0.502 -0.589
7.360 0.483 0.465 0.782 -0.491 -0.508 -0.595
7.580 0.490 0.484 0.797 -0.497 -0.503 -0.599
7.800 0.503 0.496 0.811 -0.497 -0.505 -0.603
8.040 0.515 0.496 0.825 -0.500 -0.519 -0.610
8.260 0.517 0.492 0.836 -0.511 -0.535 -0.617
8.470 0.516 0.495 0.848 -0.524 -0.544 -0.623
8.700 0.522 0.511 0.863 -0.531 -0.541 -0.626
8.910 0.533 0.522 0.875 -0.531 -0.543 -0.631
9.120 0.545 0.523 0.887 -0.531 -0.553 -0.635
9.340 0.552 0.524 0.899 -0.537 -0.565 -0.640
9.590 0.554 0.531 0.914 -0.550 -0.572 -0.646
9.840 0.557 0.545 0.929 -0.559 -0.571 -0.649
10.050 0.562 0.549 0.939 -0.566 -0.578 -0.655
10.281 0.567 0.546 0.950 -0.572 -0.594 -0.661
10.530 0.576 0.549 0.963 -0.577 -0.604 -0.667
10.740 0.584 0.556 0.975 -0.579 -0.607 -0.670
10.990 0.591 0.568 0.989 -0.585 -0.609 -0.675
11.210 0.594 0.573 1.000 -0.594 -0.614 -0.679
11.470 0.598 0.576 1.013 -0.602 -0.625 -0.684
11.710 0.608 0.582 1.027 -0.604 -0.631 -0.688
11.960 0.618 0.589 1.039 -0.607 -0.636 -0.693
12.182 0.621 0.592 1.050 -0.615 -0.643 -0.697
12.400 0.621 0.596 1.062 -0.626 -0.651 -0.701
12.660 0.623 0.604 1.074 -0.636 -0.655 -0.706
12.900 0.630 0.613 1.086 -0.640 -0.657 -0.710
13.143 0.644 0.614 1.097 -0.637 -0.667 -0.715
13.351 0.653 0.614 1.107 -0.638 -0.677 -0.719
13.570 0.653 0.618 1.110 -0.648 -0.683 -0.730
13.792 0.646 0.603 1.091 -0.667 -0.708 -0.764
14.020 0.650 0.592 1.097 -0.675 -0.730 -0.775
14.260 0.653 0.621 1.111 -0.680 -0.711 -0.774
14.490 0.657 0.674 1.135 -0.686 -0.669 -0.764
14.740 0.664 0.695 1.156 -0.690 -0.659 -0.760
14.981 0.672 0.682 1.176 -0.693 -0.681 -0.754
15.190 0.677 0.686 1.197 -0.697 -0.685 -0.746
15.460 0.688 0.711 1.225 -0.698 -0.671 -0.735
15.682 0.685 0.739 1.194 -0.712 -0.652 -0.781
15.941 0.669 0.768 1.129 -0.740 -0.634 -0.863
16.170 0.675 0.796 1.112 -0.747 -0.616 -0.896
16.410 0.698 0.821 1.111 -0.736 -0.601 -0.913
16.640 0.730 0.858 1.132 -0.720 -0.568 -0.911
16.871 0.745 0.852 1.150 -0.713 -0.579 -0.905
17.100 0.746 0.811 1.161 -0.713 -0.629 -0.902
17.330 0.742 0.752 1.171 -0.719 -0.698 -0.901
17.540 0.738 0.707 1.184 -0.730 -0.751 -0.900
17.770 0.736 0.700 1.204 -0.742 -0.767 -0.893
18.000 0.738 0.729 1.231 -0.749 -0.747 -0.879
18.230 0.748 0.747 1.258 -0.749 -0.738 -0.865
18.470 0.757 0.730 1.279 -0.749 -0.764 -0.858
18.680 0.762 0.711 1.296 -0.754 -0.792 -0.853
18.900 0.763 0.711 1.316 -0.762 -0.800 -0.845
19.140 0.762 0.725 1.341 -0.772 -0.796 -0.834
19.381 0.764 0.731 1.364 -0.779 -0.799 -0.824
19.610 0.770 0.727 1.381 -0.781 -0.812 -0.819
19.830 0.776 0.721 1.398 -0.784 -0.826 -0.815
20.050 0.780 0.723 1.414 -0.789 -0.833 -0.811
20.261 0.781 0.733 1.430 -0.796 -0.831 -0.806
20.470 0.783 0.740 1.445 -0.801 -0.832 -0.802
20.700 0.788 0.738 1.460 -0.806 -0.842 -0.800
20.930 0.791 0.736 1.474 -0.811 -0.854 -0.798
21.170 0.793 0.738 1.490 -0.819 -0.860 -0.795
21.420 0.797 0.744 1.508 -0.825 -0.864 -0.790
21.651 0.803 0.748 1.523 -0.826 -0.868 -0.787
21.870 0.810 0.753 1.538 -0.828 -0.872 -0.783
22.090 0.819 0.756 1.555 -0.827 -0.876 -0.778
22.300 0.827 0.769 1.574 -0.825 -0.871 -0.769
22.510 0.844 0.784 1.595 -0.812 -0.863 -0.758
22.760 0.865 0.825 1.625 -0.752 -0.829 -0.740
22.990 0.866 0.869 1.655 -0.641 -0.788 -0.723
23.211 0.851 0.896 1.685 -0.586 -0.767 -0.704
23.440 0.106 0.040 2.372 -0.016 -0.081 2.215
23.670 0.153 0.087 2.452 -0.050 -0.116 2.174
23.890 0.137 0.061 2.546 -0.016 -0.092 2.337
24.091 0.174 0.105 2.612 -0.044 -0.113 2.309
24.309 0.100 0.186 1.997 0.016 0.103 1.897
24.551 0.090 0.209 1.985 0.029 0.148 1.916
24.760 0.073 0.195 1.975 0.015 0.137 1.910
24.960 0.047 0.118 2.003 -0.012 0.059 1.937
25.190 0.012 0.011 2.047 -0.047 -0.048 1.977
25.400 -0.019 -0.056 2.071 -0.071 -0.108 2.008
25.621 -0.023 -0.087 2.061 -0.072 -0.137 2.005
25.851 -0.027 -0.091 2.042 -0.084 -0.148 1.970
26.060 -0.058 -0.107 1.985 -0.105 -0.154 1.931
26.320 -0.090 -0.119 1.932 -0.152 -0.181 1.856
26.540 -0.108 -0.138 1.899 -0.169 -0.199 1.829
26.770 -0.100 -0.155 1.848 -0.144 -0.199 1.797
27.010 -0.054 -0.115 1.827 -0.116 -0.177 1.751
27.210 -0.010 -0.085 1.793 -0.069 -0.145 1.725
27.440 -0.004 -0.067 1.764 -0.067 -0.130 1.691
27.660 0.015 -0.070 1.748 -0.050 -0.134 1.673
27.901 0.028 -0.104 1.723 -0.029 -0.160 1.658
28.111 0.006 -0.138 1.742 -0.053 -0.196 1.672
28.320 0.002 -0.158 1.725 -0.050 -0.210 1.666
28.520 -0.011 -0.174 1.714 -0.060 -0.223 1.659
28.741 -0.003 -0.176 1.723 -0.056 -0.229 1.661
28.960 -0.007 -0.176 1.710 -0.059 -0.228 1.652
29.180 0.006 -0.171 1.737 -0.059 -0.235 1.658
29.401 0.011 -0.159 1.768 -0.065 -0.235 1.675
29.641 0.029 -0.129 1.751 -0.027 -0.186 1.687
29.883 0.027 -0.094 1.768 -0.029 -0.150 1.705
30.099 0.028 -0.063 1.795 -0.040 -0.132 1.710
30.299 0.013 -0.053 1.801 -0.047 -0.113 1.731
30.509 0.018 -0.033 1.796 -0.051 -0.102 1.710
30.709 0.058 -0.012 1.763 -0.007 -0.077 1.682
30.909 0.104 0.059 1.727 0.035 -0.009 1.643
31.109 0.110 0.144 1.692 0.053 0.086 1.625
31.309 0.113 0.229 1.657 0.052 0.169 1.587
31.509 0.099 0.291 1.617 0.045 0.237 1.557
31.720 0.065 0.356 1.597 -0.004 0.287 1.514
31.919 0.019 0.398 1.595 -0.047 0.332 1.515
32.119 -0.049 0.462 1.505 -0.121 0.390 1.418
32.319 -0.122 0.481 1.422 -0.184 0.419 1.352
32.519 -0.148 0.422 1.493 -0.209 0.361 1.417
32.719 -0.178 0.385 1.452 -0.232 0.332 1.390
32.919 -0.224 0.367 1.416 -0.299 0.292 1.315
33.119 -0.208 0.391 1.436 -0.379 0.219 1.195
33.319 -0.265 0.283 1.335 -0.320 0.228 1.270
33.519 -0.270 0.235 1.305 -0.332 0.173 1.228
33.719 -0.256 0.170 1.264 -0.307 0.120 1.207
33.919 -0.205 0.125 1.248 -0.273 0.058 1.163
34.119 -0.155 0.072 1.219 -0.219 0.008 1.140
34.319 -0.105 0.009 1.180 -0.147 -0.033 1.134
34.519 -0.011 0.000 1.191 -0.113 -0.102 1.052
34.719 0.024 -0.054 1.118 -0.026 -0.105 1.056
34.919 0.077 -0.067 1.078 0.033 -0.112 1.026
35.119 0.120 -0.064 1.046 0.077 -0.107 1.000
35.319 0.149 -0.055 1.014 0.110 -0.095 0.971
35.519 0.171 -0.027 1.004 0.114 -0.083 0.934
35.719 0.170 -0.011 0.971 0.121 -0.060 0.913
35.919 0.162 0.009 0.950 0.105 -0.048 0.880
36.119 0.143 0.020 0.919 0.086 -0.038 0.847
36.319 0.118 0.020 0.881 0.064 -0.034 0.817
36.519 0.100 0.023 0.850 0.035 -0.042 0.768
36.719 0.083 0.016 0.811 0.013 -0.055 0.723
36.919 0.066 0.002 0.770 0.003 -0.061 0.693
37.119 0.054 -0.012 0.732 -0.002 -0.068 0.668
37.319 0.058 -0.012 0.722 -0.012 -0.082 0.634
37.519 0.059 -0.015 0.704 -0.009 -0.083 0.620
37.719 0.061 -0.018 0.678 0.003 -0.076 0.612
37.919 0.068 -0.017 0.660 0.011 -0.075 0.595
38.119 0.082 -0.010 0.651 0.015 -0.077 0.567
38.319 0.085 -0.017 0.617 0.030 -0.071 0.553
38.519 0.099 -0.015 0.591 0.035 -0.079 0.513
38.719 0.105 -0.024 0.547 0.051 -0.078 0.485
38.919 0.117 -0.023 0.514 0.049 -0.091 0.432
39.119 0.116 -0.030 0.458 0.057 -0.089 0.388
39.319 0.128 -0.029 0.430 0.061 -0.096 0.349
39.519 0.125 -0.032 0.382 0.070 -0.087 0.320
39.719 0.134 -0.021 0.353 0.071 -0.083 0.277
39.919 0.129 -0.008 0.316 0.078 -0.059 0.259
40.119 0.126 0.021 0.299 0.076 -0.029 0.242
40.319 0.135 0.050 0.305 0.074 -0.012 0.229
40.519 0.143 0.061 0.299 0.086 0.004 0.231
40.719 0.144 0.082 0.302 0.081 0.019 0.224
40.919 0.139 0.074 0.280 0.088 0.023 0.223
41.119 0.145 0.071 0.276 0.077 0.003 0.191
41.319 0.125 0.052 0.240 0.075 0.002 0.184
41.519 0.101 0.025 0.199 0.056 -0.020 0.147
41.719 0.101 -0.003 0.157 0.053 -0.051 0.100
41.919 -0.932 -0.326 -0.130 -0.992 -0.386 -0.201
42.119 -1.357 -0.432 -0.151 -1.479 -0.553 -0.319
42.319 0.111 -0.071 0.103 0.050 -0.132 0.033
42.519 0.112 -0.073 0.093 0.059 -0.126 0.034
42.719 0.153 -0.105 0.101 0.094 -0.164 0.032
42.919 0.161 -0.089 0.111 0.111 -0.139 0.055
43.119 0.211 -0.061 0.130 0.156 -0.116 0.062
43.319 0.213 -0.025 0.145 0.173 -0.065 0.100
43.519 0.218 0.023 0.185 0.167 -0.028 0.122
43.719 0.281 0.006 0.204 0.227 -0.048 0.134
43.919 0.236 0.036 0.203 0.183 -0.017 0.140
44.119 0.203 0.017 0.177 0.155 -0.030 0.118
44.319 0.151 0.009 0.132 0.104 -0.038 0.079
44.520 0.076 0.029 0.086 0.020 -0.028 0.016
44.719 0.080 -0.037 0.055 0.036 -0.081 0.003
44.919 0.053 -0.027 0.063 -0.031 -0.111 -0.049
45.119 0.126 -0.135 0.042 0.068 -0.192 -0.031
45.319 0.078 -0.133 0.038 0.010 -0.200 -0.052
45.519 0.057 -0.149 0.015 0.006 -0.200 -0.049
45.719 0.079 -0.172 0.027 0.017 -0.234 -0.057
45.919 0.083 -0.174 0.044 0.020 -0.236 -0.040
46.119 0.066 -0.154 0.023 0.004 -0.216 -0.060
46.320 0.096 -0.168 0.016 0.058 -0.206 -0.030
46.519 0.072 -0.112 0.027 0.014 -0.171 -0.045
46.719 0.092 -0.092 0.037 0.044 -0.140 -0.022
46.919 0.106 -0.040 0.053 0.046 -0.101 -0.022
47.119 0.093 0.033 0.043 0.043 -0.018 -0.019
47.319 0.115 0.098 0.062 0.060 0.043 -0.008
47.519 0.131 0.129 0.067 0.090 0.087 0.017
47.719 0.169 0.177 0.114 0.104 0.113 0.033
47.919 0.197 0.193 0.143 0.117 0.113 0.038
48.119 0.218 0.231 0.196 0.087 0.100 0.019
48.319 0.184 0.175 0.152 0.121 0.111 0.073
48.519 0.169 0.135 0.132 0.114 0.081 0.068
48.719 0.139 0.113 0.116 0.078 0.052 0.042
48.920 0.115 0.083 0.093 0.051 0.019 0.014
49.119 0.054 0.054 0.021 0.009 0.009 -0.031
49.319 0.049 0.032 0.024 -0.010 -0.027 -0.049
49.519 0.078 -0.012 0.048 0.012 -0.078 -0.033
49.719 0.096 -0.067 0.052 0.047 -0.116 -0.003
49.919 0.100 -0.081 0.063 0.046 -0.135 -0.000
50.119 0.146 -0.063 0.122 0.026 -0.183 -0.039
50.319 0.122 -0.098 0.091 0.056 -0.164 0.012
50.519 0.133 -0.075 0.109 0.069 -0.139 0.030
50.719 0.136 -0.044 0.124 0.076 -0.104 0.051
50.919 0.144 -0.003 0.142 0.076 -0.071 0.056
51.119 0.172 0.038 0.154 0.093 -0.041 0.045
51.319 0.170 0.080 0.159 0.119 0.029 0.100
51.519 0.180 0.134 0.185 0.115 0.069 0.106
51.719 0.189 0.149 0.184 0.134 0.094 0.120
51.919 0.183 0.170 0.190 0.125 0.113 0.122
52.119 0.176 0.148 0.165 0.121 0.093 0.101
52.319 0.168 0.131 0.136 0.103 0.066 0.057
52.519 0.124 0.097 0.071 0.074 0.047 0.014
52.719 0.082 0.068 0.017 0.022 0.007 -0.060
52.919 0.049 0.025 -0.005 -0.003 -0.026 -0.065
53.119 0.119 -0.071 0.006 0.070 -0.120 -0.057
53.319 0.116 -0.113 0.004 0.074 -0.155 -0.048
53.519 0.111 -0.135 0.034 0.068 -0.178 -0.016
53.719 0.148 -0.170 0.042 0.098 -0.220 -0.022
53.919 0.135 -0.160 0.085 0.067 -0.228 0.001
54.119 0.119 -0.147 0.102 0.063 -0.202 0.040
54.319 0.149 -0.135 0.125 0.093 -0.192 0.061
54.519 0.167 -0.103 0.150 0.100 -0.170 0.067
54.719 0.190 -0.031 0.145 0.138 -0.083 0.087
54.919 1.203 0.465 0.579 1.138 0.400 0.502
55.119 0.210 0.241 0.103 0.161 0.193 0.049
55.319 0.203 0.389 0.100 0.142 0.328 0.028
55.519 0.171 0.626 -0.000 0.083 0.540 -0.102
55.719 -1.202 0.555 -0.679 -1.321 0.436 -0.838
55.919 -0.142 0.845 -0.046 -0.307 0.687 -0.264
56.119 -0.155 0.960 -0.038 -0.397 0.739 -0.349
56.319 -0.185 1.053 -0.055 -0.495 0.783 -0.439
56.519 0.041 0.975 0.023 -0.108 0.831 -0.162
56.719 0.023 1.067 0.026 -0.205 0.856 -0.261
56.919 -0.022 1.134 -0.005 -0.315 0.873 -0.370
57.119 -0.318 1.101 -0.282 -0.369 1.049 -0.339
57.319 -0.421 1.106 -0.396 -0.469 1.058 -0.450
57.519 -0.454 1.172 -0.418 -0.613 1.015 -0.636
57.719 -0.502 1.210 -0.479 -0.729 0.991 -0.792
57.919 -0.542 1.222 -0.545 -0.825 0.957 -0.935
58.119 -0.570 1.227 -0.608 -0.903 0.924 -1.066
58.319 -0.546 1.218 -0.615 -0.909 0.881 -1.127
58.519 -0.216 1.136 -0.254 -0.552 0.763 -0.805
58.719 0.075 0.929 0.100 -0.274 0.550 -0.527
58.919 0.204 0.739 0.279 -0.158 0.348 -0.401
59.119 0.268 0.572 0.406 -0.112 0.167 -0.320
59.319 0.288 0.423 0.491 -0.114 -0.001 -0.279
59.519 0.279 0.292 0.548 -0.148 -0.155 -0.264
59.719 0.264 0.183 0.602 -0.194 -0.286 -0.251
59.919 0.242 0.099 0.658 -0.251 -0.390 -0.234
60.119 0.217 0.047 0.715 -0.309 -0.462 -0.212
60.319 0.195 0.025 0.770 -0.362 -0.502 -0.187
60.519 0.040 -0.194 0.472 -0.019 -0.253 0.405
60.719 0.021 -0.179 0.500 -0.034 -0.234 0.438
60.930 0.016 -0.141 0.533 -0.051 -0.208 0.450
61.130 0.006 -0.107 0.536 -0.048 -0.160 0.476
61.340 0.008 -0.066 0.548 -0.045 -0.120 0.487
61.550 0.019 -0.027 0.562 -0.042 -0.088 0.488
61.760 0.024 -0.008 0.538 -0.034 -0.066 0.471
62.030 0.010 -0.026 0.523 -0.043 -0.079 0.463
62.260 0.009 -0.040 0.545 -0.054 -0.103 0.475
62.481 0.026 -0.026 0.592 -0.056 -0.108 0.486
62.730 0.040 -0.017 0.620 -0.016 -0.073 0.555
62.970 0.089 0.025 0.669 0.035 -0.030 0.608
63.200 0.126 0.072 0.683 0.074 0.019 0.623
63.450 0.159 0.094 0.715 0.096 0.031 0.639
63.661 0.178 0.124 0.736 0.114 0.060 0.664
63.920 0.206 0.141 0.796 0.118 0.053 0.696
64.130 0.203 0.118 0.790 0.133 0.047 0.707
64.340 0.206 0.031 0.822 0.149 -0.027 0.756
64.560 0.193 -0.081 0.821 0.135 -0.139 0.755
64.760 0.165 -0.171 0.859 0.111 -0.225 0.798
64.980 0.146 -0.218 0.894 0.095 -0.269 0.837
65.192 0.119 -0.213 0.941 0.065 -0.267 0.880
65.412 0.099 -0.190 0.852 0.049 -0.239 0.796
65.641 0.076 -0.178 0.728 0.023 -0.230 0.669
65.850 0.052 -0.155 0.679 -0.008 -0.214 0.607
66.101 0.032 -0.104 0.582 -0.023 -0.159 0.520
66.341 0.028 -0.048 0.534 -0.035 -0.110 0.459
66.570 0.029 -0.012 0.508 -0.026 -0.067 0.446
66.791 0.026 0.032 0.487 -0.032 -0.025 0.421
67.010 0.077 0.064 0.496 0.010 -0.003 0.416
67.240 0.184 0.085 0.492 0.115 0.015 0.405
67.441 0.229 0.087 0.480 0.168 0.027 0.409
67.659 0.256 0.069 0.476 0.199 0.013 0.411
67.859 0.257 0.041 0.480 0.193 -0.022 0.405
68.059 0.246 0.028 0.452 0.178 -0.040 0.369
68.260 0.222 0.048 0.384 0.165 -0.009 0.319
68.459 0.202 0.114 0.350 0.146 0.058 0.287
68.659 0.180 0.214 0.328 0.127 0.160 0.267
68.859 0.142 0.314 0.328 0.085 0.257 0.257
69.069 0.086 0.422 0.293 0.035 0.371 0.232
69.269 0.015 0.510 0.267 -0.048 0.446 0.186
69.469 -0.086 0.559 0.201 -0.140 0.506 0.140
69.669 -0.179 0.627 0.143 -0.249 0.557 0.057
69.869 -0.277 0.665 0.069 -0.331 0.612 0.009
70.069 -0.387 0.674 -0.066 -0.437 0.625 -0.120
70.269 -0.445 0.672 -0.114 -0.508 0.609 -0.191
70.469 -0.450 0.767 -0.079 -0.514 0.703 -0.157
70.669 1.863 1.123 2.694 1.792 1.052 2.612
70.869 1.687 1.224 2.475 1.606 1.143 2.378
71.069 1.441 1.262 2.254 1.317 1.141 2.092
71.270 2.122 1.151 2.825 2.056 1.086 2.746
71.469 2.853 1.092 -2.970 2.758 1.000 -3.081
71.669 2.798 1.291 3.114 2.691 1.189 2.997
71.869 1.320 1.437 1.637 1.249 1.377 1.560
72.069 1.057 1.359 1.394 0.994 1.296 1.322
72.269 1.082 1.312 1.419 1.011 1.242 1.337
72.469 1.227 1.277 1.556 1.160 1.210 1.479
72.669 1.362 1.259 1.692 1.292 1.190 1.610
72.869 1.513 1.251 1.837 1.446 1.184 1.759
73.070 1.657 1.305 2.016 1.497 1.150 1.804
73.269 1.752 1.358 2.131 1.513 1.140 1.822
73.529 1.816 1.433 2.192 1.480 1.152 1.787
73.740 1.842 1.500 2.194 1.409 1.178 1.721
73.969 1.882 1.580 2.184 1.266 1.217 1.595
74.180 2.016 1.654 2.256 0.995 1.260 1.351
74.400 0.251 0.036 -0.386 0.185 -0.030 -0.458
74.610 0.193 0.018 -0.530 0.132 -0.043 -0.601
74.840 0.178 0.002 -0.604 0.116 -0.060 -0.677
75.100 0.155 -0.059 -0.646 0.098 -0.115 -0.710
75.311 0.137 -0.107 -0.569 0.077 -0.167 -0.637
75.540 0.182 -0.178 -0.283 0.118 -0.242 -0.356
75.761 0.114 -0.103 -0.125 0.052 -0.165 -0.195
75.970 0.063 -0.066 -0.109 0.012 -0.116 -0.165
76.210 0.085 -0.013 0.023 0.024 -0.074 -0.052
76.431 0.097 -0.012 0.090 0.033 -0.076 0.009
76.670 0.094 -0.030 0.133 0.047 -0.077 0.081
76.880 0.101 -0.054 0.179 0.056 -0.099 0.129
77.101 0.139 -0.068 0.256 0.080 -0.127 0.190
77.341 0.139 -0.082 0.286 0.081 -0.140 0.220
77.550 0.136 -0.088 0.318 0.080 -0.144 0.255
77.770 0.129 -0.082 0.345 0.070 -0.141 0.278
78.000 0.126 -0.058 0.382 0.057 -0.127 0.298
78.241 0.112 -0.058 0.389 0.056 -0.115 0.324
78.490 0.114 -0.035 0.419 0.049 -0.100 0.342
78.720 0.108 -0.026 0.422 0.051 -0.083 0.357
78.929 0.111 -0.022 0.434 0.055 -0.078 0.369
79.129 0.117 -0.015 0.448 0.051 -0.081 0.368
79.350 0.113 -0.015 0.453 0.053 -0.075 0.382
79.621 0.110 -0.013 0.459 0.050 -0.072 0.390
79.850 0.113 -0.016 0.470 0.053 -0.076 0.398
80.090 0.114 -0.024 0.474 0.058 -0.081 0.411
80.310 0.116 -0.033 0.482 0.060 -0.088 0.420
80.531 0.116 -0.037 0.488 0.061 -0.092 0.426
80.750 0.119 -0.042 0.498 0.060 -0.101 0.432
80.970 0.119 -0.044 0.507 0.059 -0.105 0.435
81.250 0.121 -0.053 0.515 0.065 -0.110 0.450
81.500 0.126 -0.060 0.524 0.067 -0.119 0.457
81.711 0.122 -0.058 0.527 0.064 -0.115 0.461
81.931 0.127 -0.056 0.542 0.063 -0.120 0.466
82.160 0.123 -0.058 0.543 0.067 -0.114 0.480
82.360 0.125 -0.059 0.543 0.072 -0.111 0.484
82.581 0.125 -0.059 0.547 0.073 -0.110 0.490
82.781 0.130 -0.053 0.560 0.067 -0.117 0.482
83.010 0.127 -0.054 0.554 0.072 -0.109 0.490
83.230 0.130 -0.048 0.560 0.071 -0.107 0.491
83.460 0.131 -0.054 0.563 0.073 -0.113 0.494
83.700 0.129 -0.054 0.557 0.080 -0.103 0.501
83.911 0.114 -0.069 0.562 0.058 -0.124 0.496
84.112 0.118 -0.064 0.560 0.060 -0.122 0.491
84.330 0.128 -0.046 0.576 0.067 -0.107 0.504
84.570 0.078 -0.081 0.603 0.029 -0.130 0.548
84.822 0.156 -0.030 0.642 0.028 -0.157 0.471
85.040 0.191 0.010 0.709 -0.016 -0.197 0.423
85.270 0.211 0.041 0.762 -0.054 -0.224 0.392
85.511 0.225 0.071 0.809 -0.090 -0.244 0.367
85.740 0.232 0.095 0.847 -0.124 -0.261 0.347
85.960 0.238 0.116 0.880 -0.153 -0.276 0.329
86.180 0.247 0.138 0.914 -0.178 -0.287 0.316
86.420 0.093 0.009 0.690 -0.004 -0.089 0.561
86.650 0.130 0.079 0.777 -0.059 -0.111 0.513
86.890 0.055 0.071 0.726 -0.032 -0.016 0.633
87.141 0.028 0.115 0.763 -0.044 0.043 0.676
87.370 0.026 0.161 0.809 -0.073 0.062 0.679
87.600 0.063 0.232 0.904 -0.131 0.038 0.635
87.810 2.823 -0.318 -0.166 2.745 -0.396 -0.249
88.051 3.009 -0.323 -0.139 2.843 -0.489 -0.366
88.300 3.038 -0.307 -0.106 2.796 -0.547 -0.440
88.520 3.062 -0.305 -0.093 2.768 -0.595 -0.499
88.750 -0.046 0.283 0.849 -0.097 0.231 0.791
88.960 -0.033 0.305 0.866 -0.088 0.250 0.805
89.170 -0.009 0.322 0.889 -0.068 0.263 0.821
89.400 0.020 0.325 0.904 -0.043 0.262 0.831
89.610 0.079 0.362 0.953 -0.049 0.233 0.782
89.830 0.148 0.392 0.804 0.068 0.312 0.704
90.080 0.258 0.430 0.850 0.077 0.248 0.599
90.330 0.316 0.412 0.893 0.066 0.158 0.539
90.560 0.360 0.371 0.911 0.066 0.070 0.488
90.800 0.426 0.334 0.938 0.088 -0.013 0.448
91.030 0.471 0.330 0.958 0.098 -0.052 0.416
91.260 0.503 0.343 0.987 0.093 -0.074 0.394
91.510 0.510 0.347 1.011 0.067 -0.103 0.371
91.730 0.453 0.323 1.019 -0.019 -0.156 0.336
91.980 0.405 0.311 1.032 -0.094 -0.196 0.307
92.179 0.408 0.320 1.054 -0.116 -0.211 0.295
92.410 0.431 0.342 1.086 -0.119 -0.212 0.293
92.630 0.461 0.386 1.123 -0.113 -0.191 0.298
92.861 0.485 0.418 1.164 -0.114 -0.181 0.307
93.070 0.504 0.440 1.204 -0.118 -0.180 0.317
93.301 0.516 0.464 1.220 -0.128 -0.176 0.304
93.511 0.093 0.107 0.984 0.051 0.065 0.933
93.741 0.156 0.177 1.073 -0.012 0.009 0.839
93.991 0.161 0.186 1.121 -0.080 -0.055 0.782
94.220 0.166 0.170 1.158 -0.126 -0.122 0.745
94.450 0.173 0.133 1.181 -0.163 -0.204 0.705
94.673 0.185 0.050 1.172 -0.191 -0.323 0.640
94.930 0.246 -0.077 1.158 -0.182 -0.491 0.562
95.150 0.313 -0.151 1.133 -0.158 -0.595 0.486
95.360 0.355 -0.193 1.099 -0.154 -0.665 0.405
95.590 0.380 -0.207 1.061 -0.161 -0.706 0.326
95.800 0.131 -0.442 0.769 0.063 -0.511 0.687
96.020 0.139 -0.371 0.721 0.070 -0.440 0.640
96.280 0.190 -0.202 0.767 0.027 -0.368 0.540
96.540 0.223 -0.034 0.814 -0.012 -0.276 0.475
96.780 0.116 0.087 0.840 -0.170 -0.207 0.425
97.010 0.075 0.190 0.860 -0.255 -0.147 0.380
97.230 0.086 0.260 0.872 -0.285 -0.115 0.336
97.470 0.124 0.296 0.881 -0.283 -0.114 0.294
97.680 0.165 0.301 0.870 -0.271 -0.137 0.243
97.950 0.197 0.296 0.832 -0.274 -0.177 0.155
98.160 0.227 0.294 0.834 -0.270 -0.205 0.121
98.381 0.052 0.029 0.442 -0.012 -0.035 0.375
98.581 0.065 0.037 0.444 0.005 -0.022 0.377
98.780 0.089 0.054 0.459 0.021 -0.014 0.376
99.031 0.114 0.066 0.464 0.045 -0.002 0.382
99.250 0.132 0.056 0.464 0.073 -0.002 0.397
99.480 0.148 0.033 0.473 0.089 -0.026 0.407
99.679 0.174 0.026 0.487 0.113 -0.035 0.416
99.879 0.199 0.047 0.503 0.133 -0.019 0.423
100.079 0.224 0.081 0.481 0.159 0.016 0.406
100.279 0.225 0.139 0.432 0.182 0.095 0.384
100.479 0.230 0.201 0.425 0.167 0.138 0.345
100.679 0.222 0.224 0.405 0.166 0.168 0.340
100.879 0.204 0.221 0.390 0.150 0.167 0.327
101.079 0.210 0.213 0.370 0.140 0.143 0.281
101.279 0.236 0.122 0.290 0.174 0.060 0.219
101.479 0.183 0.070 0.247 0.111 -0.001 0.162
101.679 0.230 0.212 0.240 0.135 0.116 0.121
101.879 0.151 -0.113 0.115 0.080 -0.185 0.027
102.079 0.142 -0.591 -0.094 0.068 -0.665 -0.181
102.279 0.085 -0.357 -0.143 0.027 -0.415 -0.208
102.479 0.136 -0.308 -0.156 0.002 -0.441 -0.336
102.679 0.190 -0.255 -0.173 -0.014 -0.459 -0.457
102.879 0.146 -0.288 -0.331 0.080 -0.355 -0.406
103.079 0.175 -0.207 -0.373 0.098 -0.285 -0.469
103.279 0.207 -0.142 -0.425 0.133 -0.216 -0.511
103.479 0.218 -0.050 -0.441 0.149 -0.119 -0.524
103.679 0.201 0.030 -0.486 0.134 -0.037 -0.569
103.879 0.189 0.074 -0.529 0.124 0.010 -0.607
104.079 0.156 0.078 -0.559 0.099 0.021 -0.628
104.279 0.155 0.110 -0.637 0.101 0.057 -0.700
104.479 0.138 0.103 -0.693 0.089 0.054 -0.748
104.679 0.123 0.091 -0.738 0.063 0.031 -0.812
104.879 0.096 0.051 -0.791 0.048 0.003 -0.847
105.079 0.079 0.020 -0.826 0.028 -0.031 -0.882
105.279 0.070 -0.004 -0.866 0.014 -0.060 -0.937
105.479 0.062 -0.023 -0.907 0.009 -0.076 -0.972
105.679 0.052 -0.024 -0.951 0.003 -0.073 -1.008
105.879 0.047 -0.004 -0.974 -0.004 -0.054 -1.031
106.079 0.049 0.039 -1.005 0.003 -0.008 -1.058
106.279 0.060 0.096 -1.018 0.005 0.041 -1.084
106.479 0.080 0.153 -1.035 0.021 0.094 -1.113
106.679 0.087 0.196 -1.075 0.044 0.154 -1.123
106.879 0.098 0.231 -1.082 0.043 0.176 -1.151
107.079 0.093 0.224 -1.114 0.051 0.182 -1.160
107.279 0.093 0.200 -1.140 0.052 0.160 -1.184
107.479 0.097 0.168 -1.158 0.043 0.114 -1.225
107.679 0.087 0.114 -1.203 0.047 0.075 -1.247
107.879 0.078 0.058 -1.239 0.037 0.017 -1.284
108.079 0.077 0.011 -1.261 0.025 -0.041 -1.327
108.279 0.062 -0.042 -1.307 0.026 -0.077 -1.345
108.479 0.067 -0.059 -1.329 0.021 -0.106 -1.386
108.679 0.064 -0.064 -1.355 0.018 -0.110 -1.412
108.879 0.067 -0.036 -1.373 0.013 -0.090 -1.441
109.079 0.072 0.013 -1.398 0.020 -0.040 -1.461
109.279 0.076 0.064 -1.415 0.032 0.020 -1.466
109.479 0.082 0.114 -1.431 0.045 0.077 -1.471
109.689 0.092 0.166 -1.445 0.054 0.128 -1.488
109.889 0.103 0.198 -1.460 0.059 0.154 -1.514
110.089 0.106 0.201 -1.481 0.062 0.158 -1.534
110.289 0.121 0.195 -1.499 0.068 0.142 -1.566
110.489 0.126 0.172 -1.523 0.072 0.118 -1.592
110.689 0.114 0.130 -1.564 0.077 0.093 -1.606
110.889 0.113 0.101 -1.577 0.061 0.049 -1.644
111.089 0.106 0.068 -1.598 0.050 0.012 -1.670
111.289 0.091 0.031 -1.627 0.044 -0.016 -1.686
111.489 0.077 0.011 -1.646 0.030 -0.036 -1.706
111.689 0.058 0.002 -1.667 0.015 -0.041 -1.719
111.889 0.046 0.008 -1.683 0.006 -0.033 -1.730
112.089 0.050 0.041 -1.680 -0.004 -0.013 -1.749
112.289 0.067 0.094 -1.669 -0.008 0.020 -1.768
112.489 0.072 0.134 -1.686 0.014 0.076 -1.758
112.689 0.088 0.182 -1.693 0.030 0.124 -1.765
112.889 0.098 0.216 -1.716 0.046 0.164 -1.784
113.089 0.092 0.223 -1.752 0.056 0.187 -1.793
113.289 0.088 0.217 -1.781 0.053 0.182 -1.820
113.489 0.072 0.200 -1.798 0.025 0.153 -1.857
113.689 0.060 0.170 -1.820 0.013 0.123 -1.879
113.889 0.045 0.129 -1.850 0.010 0.094 -1.889
114.089 0.040 0.093 -1.868 0.004 0.057 -1.908
114.289 0.042 0.065 -1.876 -0.008 0.016 -1.938
114.489 0.031 0.032 -1.904 -0.010 -0.009 -1.950
114.689 0.029 0.009 -1.932 -0.012 -0.031 -1.978
114.889 0.035 0.004 -1.953 -0.015 -0.046 -2.016
115.089 0.040 0.019 -1.973 -0.010 -0.031 -2.036
115.289 0.058 0.060 -1.975 -0.004 -0.002 -2.054
115.489 0.067 0.101 -1.982 0.013 0.047 -2.049
115.689 0.077 0.141 -1.988 0.029 0.092 -2.047
115.889 0.088 0.178 -2.009 0.037 0.127 -2.068
116.089 0.087 0.200 -2.037 0.036 0.149 -2.097
116.289 0.081 0.199 -2.066 0.032 0.150 -2.123
116.489 0.078 0.187 -2.080 0.020 0.128 -2.154
116.689 0.069 0.157 -2.111 0.026 0.113 -2.160
116.889 0.062 0.127 -2.130 0.020 0.084 -2.179
117.089 0.055 0.096 -2.148 0.009 0.049 -2.202
117.289 0.051 0.070 -2.163 -0.006 0.013 -2.233
117.489 0.046 0.041 -2.195 -0.011 -0.017 -2.267
117.689 0.044 0.018 -2.218 -0.014 -0.040 -2.291
117.889 0.052 -0.012 -2.258 0.009 -0.055 -2.306
118.089 0.058 -0.015 -2.271 0.004 -0.070 -2.336
118.289 0.069 0.004 -2.292 0.013 -0.052 -2.356
118.489 0.094 0.048 -2.290 0.026 -0.021 -2.376
118.689 0.106 0.095 -2.288 0.041 0.030 -2.367
118.889 0.109 0.140 -2.278 0.046 0.077 -2.357
119.089 0.116 0.184 -2.292 0.053 0.121 -2.371
119.289 0.116 0.215 -2.322 0.049 0.148 -2.406
119.489 0.102 0.211 -2.369 0.047 0.157 -2.434
119.689 0.075 0.194 -2.396 0.026 0.145 -2.452
119.889 0.043 0.171 -2.417 -0.007 0.121 -2.480
120.089 0.035 0.147 -2.428 -0.028 0.084 -2.507
120.289 0.015 0.108 -2.453 -0.039 0.054 -2.517
120.489 0.005 0.078 -2.465 -0.053 0.020 -2.536
120.689 -0.001 0.052 -2.481 -0.064 -0.010 -2.559
120.889 -0.015 0.024 -2.519 -0.064 -0.024 -2.574
121.089 -0.003 0.024 -2.538 -0.068 -0.042 -2.621
121.289 -0.023 0.020 -2.538 -0.091 -0.048 -2.622
121.489 -0.047 0.095 -2.582 -0.110 0.032 -2.658
121.689 -0.037 0.140 -2.575 -0.105 0.072 -2.660
121.889 -0.044 0.181 -2.576 -0.098 0.127 -2.637
122.089 0.030 0.188 -2.558 -0.028 0.130 -2.629
122.289 0.023 0.222 -2.599 -0.030 0.169 -2.662
122.489 0.021 0.208 -2.602 -0.039 0.148 -2.675
122.690 0.024 0.191 -2.631 -0.038 0.129 -2.708
122.889 0.010 0.150 -2.668 -0.038 0.103 -2.722
123.090 0.014 0.120 -2.678 -0.054 0.053 -2.761
123.289 0.002 0.073 -2.706 -0.059 0.013 -2.782
123.489 -0.013 0.035 -2.731 -0.070 -0.022 -2.801
123.689 -0.022 0.005 -2.752 -0.080 -0.053 -2.823
123.889 -0.031 -0.016 -2.772 -0.088 -0.073 -2.841
124.089 -0.045 -0.023 -2.789 -0.101 -0.078 -2.858
124.289 -0.041 -0.010 -2.802 -0.101 -0.070 -2.877
124.489 -0.040 0.015 -2.816 -0.094 -0.039 -2.882
124.689 -0.037 0.062 -2.825 -0.087 0.012 -2.885
124.889 -0.020 0.117 -2.826 -0.070 0.067 -2.884
125.089 -0.001 0.169 -2.822 -0.056 0.114 -2.890
125.289 0.008 0.205 -2.837 -0.043 0.154 -2.897
125.489 0.015 0.223 -2.852 -0.040 0.168 -2.919
125.689 0.019 0.217 -2.869 -0.040 0.157 -2.944
125.889 0.004 0.184 -2.901 -0.042 0.138 -2.953
126.089 -0.003 0.146 -2.917 -0.048 0.100 -2.968
126.289 0.006 0.103 -2.915 -0.054 0.044 -2.990
126.489 0.002 0.048 -2.931 -0.044 0.001 -2.983
126.689 0.006 0.005 -2.930 -0.045 -0.046 -2.990
126.889 0.017 -0.027 -2.924 -0.043 -0.087 -3.000
127.089 0.018 -0.057 -2.933 -0.033 -0.108 -2.994
127.289 0.018 -0.063 -2.931 -0.037 -0.118 -2.997
127.489 0.013 -0.057 -2.935 -0.033 -0.103 -2.987
127.689 0.012 -0.030 -2.929 -0.033 -0.075 -2.979
127.889 0.020 0.022 -2.910 -0.036 -0.034 -2.979
128.089 0.023 0.076 -2.907 -0.025 0.028 -2.960
128.289 0.037 0.137 -2.888 -0.013 0.087 -2.948
128.489 0.046 0.182 -2.880 0.002 0.137 -2.931
128.689 0.062 0.221 -2.869 0.007 0.166 -2.936
128.889 0.064 0.236 -2.873 0.004 0.177 -2.948
129.089 0.056 0.221 -2.892 0.001 0.166 -2.960
129.299 0.034 0.182 -2.917 -0.014 0.133 -2.974
129.499 0.015 0.138 -2.936 -0.029 0.094 -2.985
129.700 0.004 0.104 -2.936 -0.053 0.046 -3.008
129.899 -0.015 0.060 -2.952 -0.064 0.012 -3.009
130.099 -0.022 0.028 -2.952 -0.077 -0.028 -3.021
130.299 -0.031 -0.007 -2.963 -0.079 -0.055 -3.019
130.500 -0.031 -0.026 -2.961 -0.083 -0.078 -3.024
130.699 -0.031 -0.038 -2.969 -0.076 -0.083 -3.019
130.899 -0.024 -0.031 -2.968 -0.068 -0.075 -3.016
131.099 -0.010 -0.000 -2.956 -0.062 -0.052 -3.018
131.301 0.003 0.041 -2.948 -0.050 -0.012 -3.012
131.499 0.018 0.084 -2.942 -0.031 0.035 -2.999
131.699 0.034 0.129 -2.924 -0.019 0.077 -2.988
131.899 0.042 0.163 -2.917 -0.002 0.120 -2.965
132.100 0.054 0.194 -2.901 0.005 0.145 -2.958
132.299 0.053 0.204 -2.899 0.007 0.157 -2.952
132.499 0.053 0.200 -2.894 -0.004 0.144 -2.962
132.699 0.042 0.171 -2.902 -0.015 0.114 -2.973
132.899 0.026 0.129 -2.918 -0.028 0.076 -2.982
133.099 0.007 0.083 -2.936 -0.038 0.037 -2.987
133.299 -0.005 0.044 -2.943 -0.058 -0.008 -3.006
133.499 -0.021 0.007 -2.956 -0.068 -0.040 -3.010
133.699 -0.034 -0.022 -2.960 -0.081 -0.068 -3.014
133.899 -0.037 -0.038 -2.964 -0.083 -0.084 -3.015
134.099 -0.042 -0.038 -2.966 -0.087 -0.083 -3.016
134.299 -0.029 -0.018 -2.951 -0.090 -0.078 -3.027
134.500 -0.024 0.006 -2.958 -0.070 -0.039 -3.008
134.699 -0.003 0.056 -2.940 -0.058 0.001 -3.006
134.899 0.015 0.105 -2.928 -0.036 0.053 -2.990
135.099 0.038 0.154 -2.909 -0.020 0.096 -2.980
135.299 0.052 0.191 -2.902 -0.002 0.137 -2.968
135.499 0.064 0.216 -2.897 0.011 0.163 -2.962
135.699 0.072 0.227 -2.897 0.014 0.169 -2.968
135.899 0.067 0.209 -2.912 0.015 0.156 -2.976
136.100 0.061 0.179 -2.928 0.004 0.122 -2.999
136.299 0.047 0.135 -2.954 -0.010 0.077 -3.025
136.499 0.019 0.083 -2.987 -0.027 0.038 -3.039
136.699 0.004 0.045 -2.995 -0.052 -0.010 -3.065
136.900 -0.016 0.008 -2.993 -0.066 -0.042 -3.051
137.099 -0.036 -0.014 -2.968 -0.083 -0.061 -3.021
137.299 -0.048 -0.012 -2.932 -0.096 -0.060 -2.988
137.499 -0.046 0.011 -2.885 -0.105 -0.049 -2.960
137.699 -0.042 0.028 -2.858 -0.090 -0.019 -2.912
137.899 -0.026 0.059 -2.820 -0.073 0.013 -2.874
138.099 -0.000 0.105 -2.778 -0.057 0.048 -2.847
138.299 0.031 0.150 -2.742 -0.031 0.088 -2.820
138.500 0.047 0.179 -2.730 0.003 0.134 -2.780
138.699 0.069 0.212 -2.702 0.020 0.163 -2.759
138.899 0.082 0.226 -2.677 0.023 0.167 -2.749
139.099 0.079 0.207 -2.671 0.030 0.158 -2.726
139.300 0.077 0.174 -2.653 0.027 0.124 -2.711
139.499 0.073 0.132 -2.627 0.018 0.077 -2.693
139.699 0.056 0.085 -2.599 0.002 0.032 -2.662
139.899 0.040 0.041 -2.570 -0.011 -0.010 -2.629
140.100 0.029 0.006 -2.542 -0.018 -0.041 -2.594
140.299 0.024 -0.013 -2.507 -0.025 -0.062 -2.564
140.499 0.030 -0.022 -2.466 -0.020 -0.071 -2.522
140.699 0.039 -0.025 -2.430 -0.012 -0.076 -2.488
140.899 0.057 -0.019 -2.395 0.008 -0.069 -2.453
141.099 0.073 0.019 -2.363 0.020 -0.035 -2.427
141.299 0.085 0.077 -2.336 0.027 0.019 -2.409
141.499 0.091 0.129 -2.308 0.039 0.077 -2.369
141.700 0.112 0.187 -2.298 0.058 0.133 -2.363
141.899 0.123 0.228 -2.280 0.066 0.171 -2.348
142.099 0.117 0.239 -2.276 0.069 0.191 -2.330
142.299 0.110 0.229 -2.261 0.059 0.177 -2.321
142.500 0.101 0.197 -2.236 0.042 0.138 -2.309
142.699 0.082 0.148 -2.211 0.024 0.090 -2.283
142.899 0.060 0.101 -2.188 -0.000 0.041 -2.262
143.099 0.043 0.054 -2.166 -0.008 0.003 -2.224
143.300 0.049 0.018 -2.136 0.003 -0.029 -2.189
143.499 0.042 -0.005 -2.100 -0.003 -0.050 -2.153
143.699 0.045 -0.013 -2.064 -0.003 -0.061 -2.121
143.899 0.049 -0.009 -2.030 0.002 -0.056 -2.085
144.099 0.062 0.011 -1.994 0.013 -0.038 -2.051
144.299 0.079 0.058 -1.962 0.022 0.000 -2.030
144.499 0.093 0.105 -1.942 0.045 0.057 -1.998
144.699 0.111 0.157 -1.918 0.064 0.109 -1.972
144.900 0.123 0.198 -1.891 0.076 0.151 -1.946
145.099 0.132 0.230 -1.857 0.076 0.173 -1.928
145.299 0.128 0.234 -1.821 0.062 0.169 -1.901
145.499 0.127 0.212 -1.803 0.070 0.155 -1.874
145.700 0.102 0.167 -1.771 0.051 0.117 -1.827
145.899 0.089 0.123 -1.737 0.039 0.073 -1.793
146.099 0.086 0.089 -1.689 0.018 0.021 -1.773
146.299 0.073 0.040 -1.663 0.015 -0.018 -1.733
146.499 0.072 0.004 -1.639 0.017 -0.051 -1.706
146.699 0.068 -0.019 -1.625 0.020 -0.066 -1.678
146.899 0.068 -0.022 -1.606 0.016 -0.073 -1.666
147.099 0.067 -0.019 -1.584 0.007 -0.079 -1.659
147.299 0.059 -0.009 -1.568 0.008 -0.059 -1.625
147.499 0.078 0.033 -1.540 0.016 -0.028 -1.616
147.699 0.094 0.078 -1.530 0.041 0.025 -1.593
147.899 0.121 0.135 -1.522 0.073 0.087 -1.575
148.101 0.137 0.181 -1.489 0.091 0.134 -1.543
148.299 0.165 0.230 -1.470 0.112 0.177 -1.534
148.499 0.180 0.269 -1.461 0.121 0.209 -1.535
148.699 0.151 0.274 -1.470 0.095 0.219 -1.539
148.899 0.125 0.265 -1.495 0.081 0.221 -1.544
149.099 0.107 0.246 -1.514 0.054 0.194 -1.577
149.299 0.086 0.207 -1.553 0.041 0.162 -1.603
149.499 0.052 0.180 -1.593 0.006 0.134 -1.646
149.700 0.026 0.143 -1.609 -0.027 0.090 -1.673
149.899 0.038 0.117 -1.615 -0.032 0.047 -1.705
150.099 0.076 0.130 -1.551 -0.094 -0.040 -1.788
150.299 0.105 0.129 -1.514 -0.125 -0.101 -1.836
150.499 0.137 0.126 -1.480 -0.140 -0.151 -1.870
150.699 0.171 0.129 -1.446 -0.146 -0.189 -1.893
150.899 0.211 0.140 -1.409 -0.142 -0.213 -1.907
151.099 0.102 0.026 -1.537 -0.015 -0.091 -1.681
151.300 0.168 0.107 -1.463 -0.026 -0.088 -1.725
151.499 0.216 0.184 -1.405 -0.033 -0.065 -1.747
151.699 0.243 0.249 -1.358 -0.051 -0.044 -1.765
151.899 0.129 0.149 -1.570 0.077 0.098 -1.633
152.100 0.120 0.154 -1.582 0.073 0.107 -1.637
152.299 0.097 0.185 -1.583 0.040 0.128 -1.653
152.499 0.082 0.150 -1.595 0.010 0.078 -1.685
152.699 0.108 0.154 -1.544 -0.062 -0.016 -1.781
152.899 0.129 0.137 -1.510 -0.101 -0.094 -1.833
153.099 0.154 0.107 -1.477 -0.123 -0.170 -1.868
153.299 0.183 0.079 -1.450 -0.135 -0.239 -1.898
153.499 0.211 0.063 -1.426 -0.144 -0.291 -1.926
153.699 0.236 0.066 -1.403 -0.152 -0.321 -1.949
153.899 0.259 0.088 -1.377 -0.158 -0.328 -1.966
154.099 0.282 0.127 -1.350 -0.162 -0.317 -1.978
154.320 0.308 0.184 -1.320 -0.164 -0.289 -1.988
154.540 0.328 0.254 -1.289 -0.170 -0.246 -1.996
154.750 0.341 0.322 -1.260 -0.183 -0.203 -2.003
154.980 0.350 0.383 -1.231 -0.201 -0.166 -2.011
155.180 0.172 0.247 -1.652 0.088 0.164 -1.749
155.379 0.161 0.254 -1.675 0.102 0.195 -1.742
155.590 0.157 0.252 -1.664 0.088 0.182 -1.750
155.823 0.152 0.230 -1.674 0.088 0.166 -1.748
156.060 0.153 0.201 -1.686 0.094 0.142 -1.754
156.291 0.152 0.168 -1.688 0.093 0.110 -1.753
156.520 0.190 0.176 -1.623 0.047 0.033 -1.820
156.750 0.223 0.182 -1.564 0.002 -0.039 -1.874
156.949 0.244 0.186 -1.525 -0.026 -0.085 -1.905
157.149 0.262 0.192 -1.490 -0.049 -0.119 -1.929
157.349 0.279 0.203 -1.453 -0.068 -0.145 -1.944
157.549 0.317 0.221 -1.406 -0.063 -0.160 -1.943
157.749 0.365 0.276 -1.345 -0.046 -0.135 -1.925
157.949 0.413 0.348 -1.289 -0.029 -0.091 -1.910
158.149 0.453 0.420 -1.242 -0.020 -0.046 -1.902
158.349 0.485 0.492 -1.200 -0.018 0.001 -1.898
158.560 0.233 0.284 -1.369 0.120 0.172 -1.503
158.801 0.286 0.379 -1.277 0.084 0.178 -1.548
159.030 -0.424 0.511 -2.661 -0.603 0.334 -2.899
159.291 -0.395 0.581 -2.618 -0.647 0.334 -2.960
159.500 -0.376 0.638 -2.594 -0.681 0.342 -3.007
159.699 -0.369 0.696 -2.577 -0.716 0.363 -3.045
159.929 -0.360 0.760 -2.556 -0.755 0.388 -3.081
160.129 -0.359 0.813 -2.539 -0.793 0.411 -3.110
160.329 -0.452 0.807 -2.513 -0.909 0.378 -3.124
160.529 -0.470 0.727 -2.390 -0.926 0.272 -3.037
160.730 -0.418 0.684 -2.295 -0.886 0.206 -2.979
160.959 -0.313 0.675 -2.215 -0.802 0.171 -2.941
161.210 -0.185 0.661 -2.142 -0.698 0.129 -2.909
161.430 -0.093 0.626 -2.082 -0.623 0.072 -2.885
161.680 -0.029 0.576 -2.027 -0.575 -0.002 -2.869
161.941 0.016 0.524 -1.982 -0.551 -0.080 -2.865
162.191 0.038 0.478 -1.966 -0.550 -0.150 -2.888
162.471 -0.004 0.458 -2.185 -0.609 -0.201 -3.144
162.710 -0.032 0.452 -2.347 -0.657 -0.231 -3.337
162.921 -0.035 0.414 -2.413 -0.678 -0.286 -3.434
163.170 -0.053 0.330 -2.473 -0.721 -0.391 -3.536
163.412 -0.070 0.255 -2.500 -0.762 -0.483 -3.602
163.670 -0.084 0.157 3.685 -0.816 -0.596 2.537
163.900 -0.102 0.120 3.647 -0.862 -0.647 2.465
164.120 -0.119 0.120 3.623 -0.900 -0.661 2.419
164.360 -0.142 0.141 3.598 -0.940 -0.656 2.373
164.571 -0.159 0.163 3.579 -0.972 -0.648 2.336
164.810 -0.178 0.180 3.564 -1.007 -0.645 2.301
165.020 -0.197 0.178 3.559 -1.044 -0.662 2.274
165.280 -0.211 0.163 3.569 -1.082 -0.693 2.255
165.500 -0.210 0.150 3.578 -1.101 -0.722 2.240
165.741 -0.198 0.142 3.587 -1.110 -0.746 2.224
165.990 -0.181 0.139 3.595 -1.111 -0.764 2.208
166.220 -0.161 0.141 3.602 -1.108 -0.776 2.195
166.439 -0.140 0.144 3.609 -1.102 -0.787 2.182
166.680 -0.116 0.152 3.616 -1.093 -0.794 2.169
166.900 -0.096 0.159 3.622 -1.084 -0.799 2.157
167.110 -0.076 0.170 3.627 -1.076 -0.800 2.146
167.340 -0.057 0.180 3.632 -1.068 -0.803 2.134
167.550 -0.023 0.173 3.583 -1.052 -0.821 2.067
167.790 0.107 0.117 3.302 -0.970 -0.880 1.759
167.990 0.220 0.088 3.075 -0.893 -0.910 1.511
168.200 -0.002 0.040 -3.024 -0.053 -0.011 -3.083
168.410 -0.016 0.008 3.123 -0.057 -0.033 3.079
168.621 -0.025 -0.004 3.080 -0.065 -0.045 3.035
168.840 -0.032 -0.001 -2.995 -0.074 -0.044 -3.041
169.080 -0.037 0.046 -2.757 -0.092 -0.009 -2.824
169.290 -0.030 0.070 -2.648 -0.076 0.024 -2.699
169.520 -0.004 0.095 -2.578 -0.053 0.045 -2.634
169.750 0.006 0.116 -2.529 -0.044 0.065 -2.586
169.950 0.011 0.148 -2.524 -0.041 0.097 -2.585
170.190 0.029 0.188 -2.492 -0.033 0.126 -2.569
170.400 0.031 0.208 -2.507 -0.025 0.152 -2.574
170.620 -0.015 0.273 -2.706 -0.070 0.219 -2.774
170.820 -0.049 0.302 -2.869 -0.115 0.236 -2.949
171.020 -0.080 0.261 -2.968 -0.142 0.200 -3.043
171.230 -0.090 0.203 -3.041 -0.146 0.147 -3.104
171.450 -0.078 0.141 -3.087 -0.134 0.084 -3.150
171.670 -0.060 0.075 3.159 -0.110 0.024 3.102
171.900 -0.025 0.019 3.130 -0.085 -0.041 3.058
172.100 -0.003 -0.028 3.093 -0.053 -0.078 3.038
172.310 0.026 -0.050 3.067 -0.023 -0.099 3.012
172.521 0.055 -0.027 3.060 -0.009 -0.092 2.981
172.730 0.042 -0.005 3.032 -0.009 -0.056 2.976
172.941 0.097 -0.018 3.018 0.043 -0.071 2.957
173.141 0.139 -0.018 3.008 0.076 -0.080 2.932
173.370 0.146 -0.018 2.982 0.091 -0.073 2.921
173.590 0.127 -0.006 2.970 0.073 -0.060 2.909
173.840 0.094 0.004 2.955 0.040 -0.050 2.893
174.060 0.056 0.004 2.941 0.009 -0.044 2.888
174.259 0.026 0.008 2.935 -0.022 -0.039 2.881
174.459 0.042 0.051 2.975 -0.082 -0.073 2.805
174.659 0.076 0.113 2.974 -0.122 -0.085 2.697
174.869 0.121 0.213 2.951 -0.133 -0.041 2.594
175.069 0.015 0.162 2.725 -0.044 0.102 2.655
175.269 -0.003 0.285 2.617 -0.054 0.234 2.560
175.469 -0.044 0.407 2.548 -0.104 0.348 2.479
175.669 -0.114 0.512 2.468 -0.173 0.453 2.401
175.869 -0.194 0.599 2.418 -0.269 0.523 2.325
176.069 -0.295 0.648 2.330 -0.363 0.581 2.247
176.269 -0.388 0.651 2.244 -0.441 0.598 2.181
176.469 -0.460 0.629 2.189 -0.513 0.576 2.124
176.669 -0.509 0.593 2.156 -0.573 0.529 2.077
176.869 -0.506 0.544 2.166 -0.616 0.433 2.015
177.069 -0.457 0.477 2.210 -0.641 0.287 1.943
177.269 -0.452 0.296 2.205 -0.521 0.226 2.118
177.469 0.149 -0.188 0.101 0.079 -0.258 0.014
177.669 -0.342 1.145 0.507 -0.445 1.038 0.363
177.869 -0.273 -0.065 2.174 -0.336 -0.128 2.096
178.069 -0.193 -0.143 2.167 -0.258 -0.208 2.087
178.269 -0.126 -0.160 2.174 -0.182 -0.215 2.108
178.469 -0.062 -0.143 2.178 -0.127 -0.208 2.099
178.669 -0.024 -0.147 2.152 -0.075 -0.198 2.094
178.869 0.009 -0.149 2.128 -0.047 -0.205 2.062
179.069 0.023 -0.152 2.089 -0.033 -0.207 2.024
179.269 0.024 -0.145 2.045 -0.032 -0.200 1.979
179.469 0.014 -0.122 2.010 -0.045 -0.181 1.938
179.669 0.009 -0.092 1.981 -0.052 -0.152 1.906
179.869 -0.003 -0.065 1.952 -0.057 -0.118 1.889
180.069 -0.007 -0.034 1.940 -0.068 -0.096 1.864
180.269 -0.016 -0.020 1.910 -0.069 -0.072 1.853
180.469 -0.018 -0.014 1.881 -0.071 -0.066 1.819
180.669 -0.010 -0.019 1.843 -0.071 -0.080 1.767
180.869 -0.007 -0.046 1.778 -0.060 -0.099 1.715
181.069 0.004 -0.079 1.709 -0.048 -0.131 1.647
181.270 0.018 -0.120 1.636 -0.032 -0.170 1.576
181.469 0.039 -0.158 1.563 -0.019 -0.216 1.493
181.669 0.056 -0.193 1.482 -0.002 -0.251 1.410
181.869 0.067 -0.224 1.387 0.022 -0.269 1.336
182.069 0.077 -0.231 1.310 0.031 -0.276 1.259
182.269 0.077 -0.215 1.240 0.027 -0.265 1.181
182.469 0.080 -0.192 1.173 0.033 -0.239 1.119
182.669 0.085 -0.150 1.120 0.032 -0.202 1.056
182.869 0.087 -0.097 1.071 0.037 -0.148 1.012
183.069 0.089 -0.036 1.039 0.045 -0.081 0.989
183.269 0.097 0.037 1.037 0.039 -0.022 0.964
183.469 0.084 0.089 1.019 0.033 0.038 0.958
183.669 0.080 0.130 1.018 0.014 0.065 0.933
183.869 0.059 0.137 0.984 0.009 0.086 0.924
184.079 0.048 0.128 0.953 -0.004 0.076 0.893
184.279 0.042 0.101 0.916 -0.020 0.039 0.838
184.479 0.035 0.051 0.860 -0.018 -0.003 0.796
184.679 0.040 0.002 0.811 -0.017 -0.055 0.742
184.879 0.046 -0.045 0.760 -0.011 -0.102 0.692
185.079 0.057 -0.089 0.707 0.001 -0.145 0.641
185.279 0.070 -0.120 0.659 0.013 -0.176 0.591
185.479 0.085 -0.132 0.611 0.020 -0.198 0.530
185.679 0.114 -0.120 0.579 0.022 -0.211 0.458
185.879 0.117 -0.116 0.519 0.062 -0.171 0.453
186.079 0.173 -0.024 0.564 0.037 -0.160 0.377
186.279 0.125 0.019 0.490 0.066 -0.041 0.418
186.479 0.126 0.049 0.485 0.059 -0.018 0.413
186.679 0.139 0.074 0.441 0.083 0.018 0.377
186.879 0.134 0.090 0.418 0.076 0.031 0.348
187.079 0.129 0.115 0.401 0.049 0.035 0.308
187.279 0.097 0.100 0.348 0.045 0.048 0.289
187.479 0.081 0.084 0.304 0.031 0.033 0.246
187.679 0.064 0.066 0.240 0.017 0.020 0.188
187.879 0.038 0.040 0.181 -0.001 0.001 0.139
188.079 0.061 0.022 0.141 -0.001 -0.040 0.065
188.279 0.077 -0.018 0.082 0.027 -0.069 0.026
188.479 0.105 -0.051 0.066 0.048 -0.108 -0.002
188.679 0.107 -0.060 0.035 0.045 -0.122 -0.041
188.880 0.102 -0.072 0.006 0.047 -0.126 -0.057
189.079 0.105 -0.067 -0.010 0.052 -0.120 -0.071
189.279 0.116 -0.038 -0.022 0.062 -0.093 -0.085
189.479 0.127 -0.008 -0.032 0.075 -0.060 -0.090
189.679 0.139 0.031 -0.033 0.089 -0.019 -0.091
189.879 0.148 0.072 -0.027 0.100 0.024 -0.082
190.079 0.157 0.102 -0.015 0.106 0.050 -0.075
190.279 0.159 0.112 -0.006 0.103 0.055 -0.072
190.479 0.152 0.103 -0.007 0.102 0.053 -0.064
190.679 0.148 0.082 0.003 0.089 0.022 -0.071
190.879 0.142 0.039 -0.004 0.089 -0.014 -0.068
191.079 0.127 -0.018 -0.010 0.081 -0.064 -0.061
191.279 0.134 -0.035 0.001 0.067 -0.102 -0.082
191.479 0.117 -0.069 -0.016 0.067 -0.119 -0.073
191.679 0.114 -0.086 -0.014 0.054 -0.146 -0.085
191.879 0.103 -0.104 -0.019 0.050 -0.157 -0.079
192.079 0.109 -0.098 -0.009 0.043 -0.164 -0.091
192.279 0.105 -0.091 -0.012 0.047 -0.149 -0.082
192.479 0.109 -0.067 -0.008 0.050 -0.126 -0.078
192.679 0.112 -0.023 -0.006 0.059 -0.076 -0.065
192.879 0.119 0.030 0.006 0.064 -0.025 -0.057
193.079 0.125 0.078 0.021 0.069 0.022 -0.046
193.279 0.138 0.127 0.034 0.082 0.071 -0.033
193.480 0.152 0.165 0.055 0.088 0.100 -0.026
193.679 0.155 0.178 0.065 0.100 0.123 -0.001
193.879 0.156 0.173 0.076 0.101 0.118 0.013
194.079 0.158 0.155 0.086 0.106 0.103 0.027
194.279 0.160 0.124 0.105 0.098 0.061 0.028
194.479 0.152 0.075 0.106 0.097 0.020 0.040
194.679 0.140 0.029 0.111 0.080 -0.031 0.038
194.879 0.107 -0.002 0.108 0.044 -0.064 0.031
195.079 0.082 -0.029 0.104 0.026 -0.085 0.036
195.279 0.074 -0.050 0.091 0.023 -0.101 0.032
195.479 0.079 -0.061 0.089 0.028 -0.113 0.031
195.679 0.093 -0.058 0.097 0.034 -0.117 0.026
195.879 0.110 -0.055 0.109 0.041 -0.124 0.023
196.079 0.122 -0.048 0.112 0.056 -0.115 0.029
196.279 0.137 -0.033 0.112 0.077 -0.093 0.040
196.479 0.152 -0.007 0.124 0.093 -0.066 0.053
196.679 0.168 0.033 0.139 0.108 -0.027 0.068
196.879 0.177 0.068 0.156 0.119 0.010 0.088
197.079 0.189 0.100 0.180 0.127 0.037 0.102
197.289 0.198 0.120 0.195 0.136 0.058 0.118
197.489 0.201 0.137 0.205 0.146 0.081 0.140
197.689 0.203 0.148 0.211 0.146 0.091 0.144
197.889 0.187 0.127 0.205 0.130 0.069 0.140
198.089 0.192 0.100 0.190 0.127 0.035 0.113
198.289 0.171 0.035 0.150 0.112 -0.024 0.081
198.489 0.157 0.014 0.136 0.089 -0.054 0.057
198.689 0.131 -0.031 0.106 0.067 -0.094 0.031
198.889 0.129 -0.018 0.128 0.052 -0.094 0.036
199.099 0.092 -0.107 0.063 0.039 -0.160 0.003
199.300 0.092 -0.109 0.071 0.022 -0.179 -0.014
199.499 0.078 -0.124 0.051 0.026 -0.177 -0.008
199.699 0.090 -0.106 0.072 0.021 -0.176 -0.013
199.899 0.071 -0.082 0.081 0.001 -0.152 -0.005
200.100 0.018 -0.047 0.097 -0.059 -0.125 0.001
200.299 -0.025 -0.008 0.083 -0.081 -0.065 0.019
200.499 -0.026 0.054 0.097 -0.090 -0.010 0.019
200.699 -0.021 0.118 0.108 -0.075 0.063 0.045
200.900 0.013 0.181 0.142 -0.065 0.103 0.042
201.099 0.040 0.222 0.157 -0.046 0.136 0.047
201.299 0.053 0.207 0.149 -0.005 0.149 0.083
201.499 0.076 0.220 0.171 0.012 0.157 0.093
201.700 0.110 0.185 0.182 0.024 0.099 0.068
201.899 0.121 0.166 0.195 0.016 0.062 0.056
202.099 0.100 0.100 0.145 0.047 0.046 0.078
202.299 0.119 0.077 0.155 0.047 0.004 0.066
202.500 0.115 0.012 0.134 0.059 -0.045 0.066
202.699 0.114 0.003 0.129 0.034 -0.078 0.027
202.899 0.105 -0.041 0.108 0.042 -0.104 0.032
203.099 0.095 -0.059 0.086 0.031 -0.122 0.008
203.300 0.087 -0.055 0.072 0.024 -0.118 -0.003
203.499 0.099 -0.050 0.094 0.026 -0.123 0.006
203.699 0.088 -0.060 0.078 0.038 -0.110 0.021
203.899 0.109 -0.037 0.130 0.040 -0.106 0.045
204.100 0.116 -0.016 0.147 0.063 -0.069 0.087
204.299 0.149 0.042 0.186 0.083 -0.024 0.106
204.499 0.164 0.093 0.200 0.114 0.043 0.144
204.699 0.184 0.160 0.227 0.134 0.110 0.171
204.899 0.197 0.188 0.269 0.130 0.121 0.184
205.099 0.179 0.183 0.277 0.132 0.136 0.225
205.299 0.186 0.165 0.309 0.135 0.113 0.252
205.499 0.180 0.131 0.348 0.110 0.061 0.262
205.699 0.177 0.109 0.400 0.115 0.047 0.325
205.899 0.162 0.027 0.408 0.097 -0.038 0.328
206.099 0.141 -0.023 0.423 0.091 -0.073 0.366
206.299 0.136 -0.024 0.473 0.076 -0.085 0.402
206.499 0.119 -0.062 0.502 0.066 -0.116 0.440
206.699 0.116 -0.079 0.547 0.054 -0.142 0.472
206.899 0.122 -0.076 0.587 0.056 -0.142 0.507
207.099 0.107 -0.103 0.626 0.043 -0.168 0.546
207.300 0.103 -0.068 0.674 0.036 -0.134 0.593
207.499 0.102 -0.021 0.701 0.047 -0.076 0.640
207.699 0.118 0.039 0.743 0.051 -0.028 0.660
207.899 0.121 0.081 0.765 0.059 0.019 0.694
208.100 0.125 0.113 0.799 0.062 0.050 0.724
208.299 0.119 0.117 0.829 0.061 0.059 0.759
208.499 0.148 0.129 0.911 0.020 0.001 0.733
208.699 0.178 0.124 0.988 -0.023 -0.077 0.706
208.900 0.136 0.052 0.972 -0.001 -0.085 0.797
209.099 0.109 -0.004 0.989 0.005 -0.107 0.863
209.299 0.126 -0.031 1.060 -0.027 -0.185 0.853
209.499 0.152 -0.042 1.138 -0.067 -0.260 0.837
209.699 0.187 -0.060 1.208 -0.083 -0.327 0.835
209.899 0.269 -0.100 1.268 -0.046 -0.409 0.835
210.099 0.330 -0.094 1.332 -0.022 -0.439 0.846
210.309 0.363 -0.054 1.403 -0.021 -0.435 0.868
210.509 0.376 -0.003 1.478 -0.036 -0.413 0.900
210.709 0.218 -0.064 1.331 0.112 -0.169 1.189
210.909 0.245 0.005 1.430 0.058 -0.182 1.169
211.109 2.245 0.164 -0.531 2.114 0.033 -0.680
211.309 2.250 0.186 -0.479 2.048 -0.017 -0.745
211.519 2.238 0.215 -0.461 1.980 -0.043 -0.808
211.719 2.228 0.239 -0.467 1.927 -0.062 -0.878
211.919 2.228 0.257 -0.483 1.890 -0.081 -0.948
212.119 2.240 0.267 -0.504 1.869 -0.105 -1.019
212.319 2.259 0.270 -0.528 1.857 -0.132 -1.087
212.519 0.013 -0.209 1.538 -0.038 -0.260 1.481
212.719 -0.003 -0.224 1.583 -0.041 -0.262 1.542
212.919 0.065 -0.180 1.702 -0.082 -0.327 1.498
213.119 0.053 -0.185 1.673 -0.044 -0.282 1.568
213.319 0.060 -0.138 1.767 -0.099 -0.297 1.548
213.521 0.074 -0.090 1.859 -0.146 -0.311 1.549
213.719 0.083 -0.043 1.945 -0.186 -0.313 1.565
213.919 0.090 0.000 2.024 -0.219 -0.311 1.586
214.119 0.102 0.034 2.103 -0.244 -0.314 1.612
214.319 0.134 0.093 2.173 -0.243 -0.287 1.636
214.519 0.177 0.178 2.243 -0.229 -0.233 1.660
214.719 0.052 0.129 2.010 -0.015 0.062 1.929
214.919 0.106 0.208 2.020 0.045 0.148 1.950
215.119 0.130 0.240 2.085 0.066 0.176 2.008
215.319 0.095 0.221 2.115 0.043 0.169 2.054
215.519 0.122 0.201 2.139 0.059 0.137 2.062
215.719 0.094 0.159 2.161 0.028 0.093 2.077
215.919 0.085 0.110 2.174 0.019 0.044 2.094
216.119 0.071 0.082 2.120 0.018 0.029 2.060
216.319 0.084 0.033 2.166 0.022 -0.030 2.090
216.529 0.060 -0.034 2.212 -0.006 -0.100 2.133
216.730 0.050 -0.084 2.239 -0.017 -0.150 2.158
216.950 0.037 -0.129 2.258 -0.020 -0.186 2.193
217.149 0.042 -0.146 2.280 -0.021 -0.210 2.206
217.349 0.032 -0.149 2.304 -0.035 -0.215 2.224
217.549 0.022 -0.142 2.318 -0.041 -0.205 2.244
217.749 0.026 -0.120 2.338 -0.045 -0.191 2.250
217.950 0.018 -0.095 2.353 -0.055 -0.167 2.270
218.170 0.008 -0.073 2.363 -0.053 -0.135 2.292
218.369 0.016 -0.045 2.375 -0.051 -0.112 2.294
218.599 0.013 -0.026 2.389 -0.052 -0.091 2.312
218.820 0.010 -0.013 2.403 -0.053 -0.075 2.331
219.020 0.008 -0.009 2.414 -0.054 -0.070 2.344
219.250 0.001 -0.007 2.434 -0.058 -0.066 2.366
219.480 -0.003 -0.012 2.447 -0.059 -0.068 2.384
219.680 -0.001 -0.017 2.459 -0.058 -0.073 2.396
219.920 0.035 0.007 2.501 -0.050 -0.078 2.391
220.150 0.038 0.028 2.497 -0.024 -0.034 2.425
220.370 0.043 0.046 2.511 -0.021 -0.019 2.436
220.570 0.049 0.051 2.517 -0.010 -0.008 2.450
220.800 0.038 0.066 2.551 -0.035 -0.007 2.464
221.030 0.076 0.112 2.566 0.017 0.053 2.500
221.270 0.113 0.163 2.581 0.053 0.103 2.513
221.500 0.125 0.200 2.606 0.065 0.140 2.538
221.730 0.121 0.212 2.623 0.064 0.154 2.559
221.941 0.108 0.195 2.645 0.045 0.131 2.569
222.151 0.086 0.148 2.672 0.005 0.067 2.570
222.370 0.043 0.098 2.701 -0.016 0.039 2.635
222.580 0.017 0.082 2.747 -0.046 0.019 2.673
222.794 0.009 0.090 2.755 -0.049 0.031 2.690
223.021 -0.006 0.099 2.774 -0.063 0.042 2.709
223.221 0.016 0.073 2.804 -0.049 0.007 2.725
223.480 0.047 0.043 2.821 -0.009 -0.013 2.756
223.691 0.062 0.032 2.846 0.001 -0.028 2.777
223.912 0.061 0.034 2.871 -0.004 -0.030 2.797
224.109 0.047 0.029 2.895 -0.017 -0.035 2.819
224.309 0.034 0.022 2.919 -0.034 -0.046 2.836
224.509 0.023 0.005 2.936 -0.040 -0.058 2.864
224.709 0.028 0.014 2.975 -0.034 -0.048 2.904
224.909 0.034 0.048 3.021 -0.025 -0.012 2.951
225.109 0.052 0.098 3.068 -0.020 0.027 2.980
225.309 0.073 0.166 3.103 -0.022 0.072 2.981
225.509 0.074 0.179 3.117 -0.012 0.093 3.009
225.709 0.051 0.141 3.120 -0.018 0.072 3.041
225.909 0.059 0.133 3.166 -0.046 0.028 3.029
226.109 0.063 0.110 3.189 -0.069 -0.023 3.016
226.309 0.048 0.061 3.177 -0.081 -0.067 3.010
226.509 0.009 -0.024 3.135 -0.067 -0.099 3.044
226.709 -0.009 -0.071 3.129 -0.062 -0.124 3.071
226.909 -0.017 -0.106 3.126 -0.070 -0.159 3.064
227.110 -0.032 -0.128 3.141 -0.088 -0.185 3.073
227.309 -0.022 -0.121 3.158 -0.100 -0.199 3.055
227.509 -0.033 -0.119 3.147 -0.091 -0.176 3.077
227.709 -0.021 -0.084 3.147 -0.085 -0.148 3.069
227.909 -0.019 -0.046 3.146 -0.073 -0.100 3.081
228.109 0.000 0.023 3.182 -0.081 -0.058 3.079
228.309 0.007 0.092 3.175 -0.058 0.027 3.095
228.509 0.024 0.162 -3.103 -0.039 0.100 -3.173
228.709 0.037 0.214 -3.084 -0.024 0.153 -3.157
228.909 0.058 0.263 -3.058 -0.009 0.196 -3.140
229.109 0.051 0.268 -3.036 -0.004 0.213 -3.097
229.309 0.057 0.260 -3.011 0.009 0.211 -3.065
229.509 0.061 0.225 -2.978 0.010 0.174 -3.037
229.709 0.059 0.177 -2.945 0.000 0.118 -3.017
229.909 0.048 0.124 -2.931 0.001 0.077 -2.985
230.109 0.031 0.070 -2.906 -0.011 0.027 -2.952
230.309 0.033 0.031 -2.855 -0.027 -0.029 -2.930
230.509 0.024 -0.013 -2.819 -0.034 -0.071 -2.891
230.709 0.014 -0.049 -2.790 -0.031 -0.094 -2.843
230.909 0.023 -0.055 -2.737 -0.043 -0.121 -2.822
231.109 0.021 -0.058 -2.707 -0.039 -0.118 -2.781
231.309 0.023 -0.047 -2.671 -0.033 -0.103 -2.738
231.509 0.024 -0.010 -2.645 -0.021 -0.056 -2.695
231.709 0.031 0.038 -2.623 -0.005 0.002 -2.662
231.909 0.045 0.101 -2.591 -0.001 0.056 -2.648
232.109 0.050 0.148 -2.575 0.011 0.109 -2.617
232.309 0.051 0.180 -2.547 0.014 0.144 -2.587
232.509 0.056 0.194 -2.511 0.014 0.151 -2.562
232.709 0.063 0.185 -2.470 0.016 0.138 -2.528
232.909 0.069 0.160 -2.435 0.012 0.102 -2.509
233.109 0.062 0.121 -2.413 0.022 0.080 -2.461
233.309 -0.216 0.224 -2.423 -0.282 0.157 -2.500
233.509 0.024 0.056 -2.340 -0.019 0.014 -2.387
233.709 0.020 0.006 -2.289 -0.029 -0.043 -2.344
233.909 0.032 -0.022 -2.256 -0.025 -0.078 -2.325
234.109 0.039 -0.032 -2.226 -0.022 -0.093 -2.302
234.309 0.039 -0.030 -2.205 -0.011 -0.079 -2.261
234.509 0.051 0.006 -2.176 -0.001 -0.046 -2.237
234.709 0.064 0.062 -2.150 0.008 0.007 -2.217
234.909 0.069 0.111 -2.140 0.022 0.065 -2.194
235.109 0.077 0.160 -2.124 0.031 0.114 -2.178
235.309 0.081 0.198 -2.099 0.031 0.149 -2.161
235.509 0.083 0.206 -2.079 0.036 0.159 -2.135
235.709 0.078 0.196 -2.059 0.029 0.147 -2.116
235.910 0.062 0.162 -2.035 0.024 0.124 -2.077
236.109 0.071 0.138 -1.987 0.013 0.080 -2.060
236.309 0.069 0.099 -1.954 0.009 0.039 -2.028
236.509 0.056 0.058 -1.926 0.005 0.007 -1.985
236.709 0.066 0.032 -1.885 -0.000 -0.034 -1.970
236.909 0.055 0.001 -1.862 0.003 -0.052 -1.922
237.109 0.058 -0.012 -1.832 0.006 -0.064 -1.890
237.309 0.075 -0.006 -1.790 0.008 -0.072 -1.872
237.510 0.083 0.019 -1.763 0.016 -0.048 -1.845
237.709 0.087 0.059 -1.746 0.026 -0.001 -1.818
237.909 0.080 0.103 -1.733 0.030 0.053 -1.795
238.109 0.092 0.157 -1.707 0.036 0.101 -1.778
238.309 0.093 0.194 -1.682 0.044 0.145 -1.742
238.509 0.093 0.213 -1.658 0.048 0.168 -1.710
238.709 0.098 0.219 -1.617 0.039 0.161 -1.691
238.909 0.085 0.192 -1.599 0.042 0.149 -1.645
239.109 0.081 0.166 -1.564 0.034 0.118 -1.620
239.309 0.079 0.135 -1.531 0.023 0.080 -1.600
239.509 0.066 0.092 -1.521 0.028 0.054 -1.564
239.709 0.068 0.056 -1.489 0.023 0.011 -1.543
239.910 0.068 0.020 -1.463 0.024 -0.023 -1.515
240.109 0.070 -0.012 -1.435 0.032 -0.050 -1.477
240.309 0.087 -0.027 -1.382 0.033 -0.081 -1.449
240.509 0.082 -0.038 -1.351 0.044 -0.077 -1.393
240.709 0.090 -0.013 -1.306 0.046 -0.058 -1.359
240.909 0.098 0.029 -1.277 0.056 -0.013 -1.324
241.109 0.122 0.093 -1.227 0.060 0.031 -1.303
241.309 0.112 0.138 -1.212 0.068 0.094 -1.263
241.509 0.113 0.175 -1.174 0.071 0.133 -1.221
241.709 0.124 0.198 -1.123 0.065 0.139 -1.196
241.909 0.118 0.190 -1.089 0.068 0.140 -1.147
242.109 0.113 0.175 -1.047 0.060 0.121 -1.107
242.309 0.112 0.149 -1.001 0.049 0.086 -1.080
242.509 0.101 0.115 -0.976 0.042 0.056 -1.045
242.709 0.093 0.078 -0.935 0.030 0.016 -1.010
242.909 0.085 0.041 -0.893 0.023 -0.021 -0.966
243.109 0.078 0.010 -0.846 0.017 -0.052 -0.919
243.309 0.076 -0.010 -0.790 0.011 -0.075 -0.871
243.509 0.082 -0.027 -0.747 0.025 -0.084 -0.812
243.709 0.089 -0.018 -0.696 0.033 -0.074 -0.762
243.909 0.104 0.013 -0.657 0.048 -0.043 -0.722
244.109 0.117 0.059 -0.622 0.066 0.008 -0.679
244.309 0.136 0.111 -0.571 0.070 0.045 -0.651
244.509 0.139 0.145 -0.533 0.078 0.084 -0.608
244.709 0.145 0.162 -0.487 0.088 0.104 -0.557
244.909 0.149 0.157 -0.441 0.099 0.106 -0.498
245.109 0.150 0.135 -0.380 0.093 0.077 -0.452
245.309 0.143 0.102 -0.332 0.092 0.051 -0.389
245.509 0.146 0.075 -0.272 0.083 0.012 -0.350
245.709 0.127 0.031 -0.227 0.071 -0.024 -0.291
245.909 0.104 -0.010 -0.171 0.054 -0.060 -0.232
246.109 0.094 -0.033 -0.129 0.054 -0.074 -0.174
246.309 0.084 -0.035 -0.059 0.023 -0.096 -0.138
246.509 0.066 -0.044 -0.003 0.011 -0.100 -0.072
246.709 0.051 -0.041 0.052 -0.005 -0.098 -0.019
246.909 0.024 -0.026 0.078 -0.020 -0.070 0.026
247.109 0.025 -0.004 0.110 -0.023 -0.052 0.051
247.309 0.049 0.018 0.159 -0.005 -0.037 0.090
247.509 0.064 0.047 0.183 0.000 -0.017 0.101
247.709 0.067 0.059 0.188 0.022 0.014 0.136
247.909 0.085 0.078 0.209 0.028 0.021 0.138
248.109 0.093 0.082 0.217 0.037 0.025 0.146
248.309 0.100 0.079 0.214 0.044 0.023 0.144
248.509 0.101 0.059 0.190 0.056 0.015 0.140
248.710 0.098 0.038 0.165 0.056 -0.004 0.118
248.909 0.098 0.020 0.142 0.051 -0.027 0.087
249.109 0.104 -0.002 0.123 0.051 -0.055 0.058
249.309 0.108 -0.028 0.101 0.062 -0.074 0.049
249.509 0.118 -0.047 0.096 0.067 -0.099 0.033
249.709 0.132 -0.058 0.096 0.068 -0.122 0.013
249.909 0.133 -0.074 0.082 0.077 -0.129 0.013
250.109 0.131 -0.075 0.079 0.079 -0.127 0.016
250.309 0.135 -0.059 0.084 0.077 -0.117 0.012
250.509 0.127 -0.039 0.080 0.080 -0.085 0.025
250.709 0.120 -0.008 0.081 0.078 -0.050 0.034
250.909 0.120 0.030 0.094 0.073 -0.017 0.039
251.109 0.121 0.062 0.109 0.068 0.008 0.044
251.309 0.119 0.080 0.111 0.077 0.039 0.065
251.509 0.126 0.099 0.126 0.080 0.053 0.072
251.709 0.145 0.121 0.159 0.071 0.047 0.060
251.909 0.132 0.108 0.145 0.085 0.061 0.090
252.109 0.144 0.107 0.170 0.073 0.036 0.076
252.309 0.128 0.070 0.148 0.085 0.027 0.101
252.509 0.135 0.047 0.163 0.069 -0.019 0.079
252.709 0.126 0.004 0.149 0.071 -0.051 0.084
252.909 0.132 -0.028 0.137 0.082 -0.078 0.078
253.109 0.147 -0.048 0.139 0.082 -0.113 0.059
253.309 0.109 -0.085 0.125 0.069 -0.125 0.080
253.509 0.106 -0.093 0.135 0.051 -0.147 0.066
253.709 0.093 -0.108 0.111 0.056 -0.145 0.071
253.909 0.104 -0.090 0.123 0.046 -0.147 0.051
254.109 0.095 -0.069 0.127 0.042 -0.122 0.062
254.309 0.086 -0.031 0.145 0.032 -0.084 0.078
254.509 0.086 0.013 0.156 0.032 -0.041 0.088
254.709 0.091 0.040 0.145 0.052 0.002 0.104
254.909 0.105 0.074 0.156 0.069 0.038 0.117
255.109 0.124 0.100 0.166 0.085 0.061 0.124
255.309 0.136 0.121 0.174 0.099 0.084 0.134
255.509 0.152 0.132 0.184 0.107 0.087 0.131
255.709 0.151 0.124 0.183 0.107 0.081 0.133
255.909 0.149 0.098 0.185 0.102 0.051 0.126
256.109 0.147 0.069 0.194 0.091 0.013 0.123
256.309 0.151 0.035 0.191 0.093 -0.022 0.121
256.509 0.145 -0.002 0.192 0.080 -0.067 0.109
256.710 0.112 -0.045 0.161 0.066 -0.090 0.109
256.909 0.083 -0.068 0.151 0.047 -0.105 0.112
257.109 0.075 -0.084 0.154 0.032 -0.126 0.105
257.309 0.081 -0.088 0.163 0.027 -0.141 0.095
257.510 0.083 -0.092 0.165 0.029 -0.146 0.098
257.709 0.088 -0.084 0.155 0.042 -0.130 0.103
257.909 0.096 -0.057 0.165 0.049 -0.105 0.111
258.109 0.110 -0.013 0.179 0.052 -0.071 0.106
258.309 0.109 0.033 0.189 0.059 -0.017 0.129
258.509 0.135 0.071 0.219 0.085 0.021 0.160
258.709 0.152 0.113 0.240 0.095 0.056 0.169
258.909 0.161 0.141 0.247 0.110 0.089 0.184
259.109 0.166 0.158 0.244 0.111 0.102 0.175
259.309 0.165 0.155 0.223 0.113 0.102 0.160
259.509 0.157 0.137 0.194 0.107 0.086 0.134
259.709 0.147 0.109 0.161 0.100 0.063 0.106
259.909 0.136 0.078 0.138 0.085 0.027 0.075
260.109 0.128 0.046 0.125 0.071 -0.012 0.054
260.309 0.121 0.014 0.093 0.068 -0.038 0.032
260.509 0.113 -0.022 0.079 0.060 -0.075 0.019
260.709 0.114 -0.038 0.084 0.048 -0.105 -0.001
260.909 0.102 -0.065 0.063 0.054 -0.114 0.008
261.109 0.107 -0.062 0.066 0.051 -0.118 0.003
261.309 0.115 -0.055 0.072 0.047 -0.123 -0.007
261.509 0.130 -0.026 0.093 0.042 -0.114 -0.021
261.709 0.121 -0.012 0.072 0.065 -0.067 0.007
261.909 0.130 0.022 0.076 0.075 -0.033 0.015
262.109 0.138 0.053 0.079 0.089 0.005 0.025
262.309 0.150 0.088 0.094 0.097 0.035 0.032
262.509 0.164 0.114 0.114 0.102 0.051 0.037
262.709 0.179 0.131 0.139 0.097 0.049 0.031
262.909 0.163 0.116 0.123 0.116 0.068 0.070
263.109 0.162 0.103 0.131 0.116 0.057 0.079
263.309 0.156 0.078 0.137 0.106 0.028 0.077
263.509 0.155 0.045 0.132 0.106 -0.004 0.078
263.709 0.153 0.012 0.141 0.094 -0.047 0.071
263.909 0.145 -0.021 0.147 0.083 -0.083 0.073
264.109 0.124 -0.043 0.160 0.071 -0.097 0.098
264.309 0.120 -0.059 0.165 0.060 -0.119 0.094
264.509 0.115 -0.090 0.169 0.049 -0.156 0.087
264.709 0.109 -0.083 0.178 0.043 -0.149 0.097
264.909 0.101 -0.073 0.179 0.046 -0.128 0.116
265.109 0.110 -0.052 0.188 0.045 -0.118 0.111
265.309 0.114 -0.017 0.197 0.052 -0.079 0.125
265.509 0.128 0.020 0.206 0.057 -0.050 0.118
265.709 0.131 0.057 0.203 0.081 0.007 0.147
265.909 0.151 0.127 0.231 0.097 0.073 0.168
266.109 0.161 0.133 0.238 0.108 0.079 0.176
266.309 0.151 0.149 0.235 0.104 0.103 0.181
266.509 0.145 0.142 0.214 0.104 0.101 0.171
266.709 0.157 0.113 0.225 0.089 0.045 0.140
266.909 0.150 0.093 0.206 0.084 0.027 0.126
267.109 0.130 0.052 0.182 0.069 -0.009 0.107
267.309 0.116 -0.001 0.162 0.049 -0.067 0.083
267.509 0.107 0.004 0.160 0.041 -0.062 0.083
267.709 0.097 -0.038 0.144 0.027 -0.108 0.058
267.909 0.089 -0.046 0.140 0.026 -0.109 0.064
268.109 0.081 -0.049 0.135 0.022 -0.108 0.064
268.309 0.083 -0.051 0.131 0.023 -0.110 0.061
268.509 0.093 -0.037 0.136 0.023 -0.107 0.053
268.709 0.103 0.000 0.137 0.040 -0.063 0.062
268.909 0.115 0.033 0.146 0.049 -0.033 0.065
269.109 0.121 0.052 0.139 0.068 -0.002 0.078
269.309 0.170 0.134 0.214 0.051 0.014 0.053
269.509 0.156 0.140 0.191 0.087 0.071 0.109
269.709 0.162 0.140 0.195 0.104 0.082 0.128
269.909 0.164 0.116 0.200 0.108 0.060 0.136
270.109 0.169 0.110 0.218 0.105 0.046 0.140
270.309 0.171 0.101 0.225 0.107 0.036 0.147
270.509 0.164 0.095 0.240 0.099 0.030 0.164
270.709 0.159 0.091 0.256 0.087 0.018 0.169
270.909 0.150 0.040 0.237 0.074 -0.036 0.145
271.109 0.137 0.002 0.218 0.066 -0.068 0.133
271.310 0.127 -0.043 0.208 0.068 -0.101 0.139
271.530 0.124 -0.088 0.274 0.065 -0.147 0.205
271.760 0.097 -0.087 0.520 0.025 -0.159 0.432
271.959 0.009 -0.119 0.787 -0.028 -0.156 0.747
272.170 -0.018 -0.134 1.104 -0.071 -0.187 1.037
272.379 -0.062 -0.117 1.403 -0.128 -0.184 1.329
272.600 -0.099 -0.091 1.692 -0.157 -0.149 1.623
272.841 -0.128 -0.084 2.042 -0.178 -0.134 1.986
273.060 -0.149 -0.153 2.420 -0.218 -0.222 2.338
273.270 -0.138 -0.175 2.614 -0.197 -0.234 2.547
273.480 -0.202 -0.105 3.005 -0.275 -0.177 2.918
273.700 -0.195 -0.013 -3.053 -0.264 -0.082 -3.133
273.920 -0.145 0.014 -2.890 -0.226 -0.067 -2.990
274.150 -0.103 0.031 -2.784 -0.164 -0.030 -2.853
274.370 0.000 0.078 -2.550 -0.067 0.011 -2.627
274.590 0.045 0.075 -2.313 -0.017 0.013 -2.383
274.810 0.034 0.049 -2.154 -0.033 -0.018 -2.229
275.021 0.066 0.047 -2.004 0.001 -0.018 -2.083
275.219 0.089 0.061 -2.034 0.028 0.000 -2.107
275.441 0.081 0.050 -2.033 0.029 -0.003 -2.091
275.672 0.096 0.050 -1.958 0.037 -0.010 -2.029
275.900 0.120 0.059 -1.747 0.040 -0.021 -1.849
276.130 0.104 0.045 -1.667 0.048 -0.011 -1.730
276.350 0.085 -0.015 -1.601 0.030 -0.070 -1.664
276.580 0.050 -0.062 -1.587 -0.012 -0.124 -1.661
276.821 0.002 -0.099 -1.547 -0.072 -0.173 -1.641
277.030 -0.029 -0.134 -1.594 -0.114 -0.219 -1.705
277.240 -0.035 -0.152 -1.608 -0.159 -0.276 -1.776
277.460 -0.018 -0.119 -1.566 -0.226 -0.327 -1.855
277.691 -0.124 -0.203 -1.732 -0.163 -0.241 -1.774
277.922 0.199 0.308 1.363 0.085 0.195 1.207
278.140 0.214 0.388 1.406 0.014 0.190 1.128
278.370 0.222 0.460 1.437 -0.039 0.202 1.073
278.581 0.227 0.519 1.457 -0.080 0.216 1.029
278.821 0.230 0.584 1.476 -0.124 0.235 0.982
279.040 0.232 0.636 1.486 -0.158 0.253 0.943
279.271 0.234 0.684 1.493 -0.191 0.267 0.899
279.524 0.239 0.726 1.490 -0.219 0.275 0.847
279.730 0.236 0.752 1.485 -0.248 0.275 0.803
279.960 0.231 0.782 1.476 -0.280 0.278 0.754
280.191 0.323 0.932 1.260 -0.216 0.402 0.500
280.400 -2.247 -0.471 0.895 -2.797 -1.000 0.080
280.651 2.518 -0.512 2.530 2.008 -0.993 1.618
280.880 2.223 0.326 1.619 1.723 -0.076 0.716
281.080 2.378 0.379 1.730 1.833 0.004 0.807
281.310 2.488 0.474 1.822 1.935 0.106 0.878
281.520 2.523 0.530 1.871 1.959 0.152 0.902
281.760 2.558 0.546 1.918 1.974 0.157 0.920
282.010 2.588 0.539 1.946 1.991 0.134 0.919
282.220 2.535 0.511 1.879 1.960 0.067 0.826
282.460 2.508 0.482 1.842 1.947 0.053 0.762
282.670 2.487 0.489 1.816 1.925 0.056 0.710
282.880 2.458 0.496 1.749 1.907 0.050 0.618
283.120 2.432 0.480 1.693 1.890 0.043 0.537
283.320 2.419 0.461 1.671 1.872 0.025 0.493
283.560 2.405 0.445 1.665 1.848 0.000 0.461
283.790 2.397 0.449 1.653 1.832 -0.010 0.424
284.009 2.405 0.457 1.637 1.831 -0.011 0.384
284.240 2.407 0.465 1.624 1.824 -0.010 0.349
284.460 2.399 0.464 1.616 1.806 -0.018 0.319
284.681 2.389 0.458 1.615 1.786 -0.035 0.296
284.890 2.386 0.455 1.615 1.774 -0.050 0.276
285.111 2.388 0.461 1.611 1.767 -0.054 0.251
285.320 2.391 0.467 1.605 1.761 -0.057 0.226
285.539 2.389 0.468 1.602 1.749 -0.065 0.202
285.769 2.386 0.467 1.606 1.736 -0.075 0.186
285.979 2.384 0.468 1.613 1.723 -0.085 0.173
286.210 2.380 0.473 1.618 1.710 -0.092 0.159
286.429 2.392 0.481 1.630 1.708 -0.091 0.154
286.660 2.410 0.496 1.644 1.712 -0.086 0.150
286.889 2.422 0.507 1.657 1.711 -0.083 0.145
287.110 2.426 0.511 1.671 1.705 -0.087 0.143
287.340 2.429 0.516 1.685 1.698 -0.094 0.139
