0.915 0.000 -0.000 0.000 0.000 -0.000 -0.000
1.015 0.000 -0.000 0.000 0.000 -0.000 -0.000
1.115 0.000 -0.000 0.000 0.000 -0.000 -0.000
1.215 0.000 -0.000 0.000 0.000 -0.000 -0.000
1.316 0.000 -0.000 0.000 0.000 -0.000 -0.000
1.416 0.000 -0.000 0.000 0.000 -0.000 -0.000
1.515 0.000 -0.000 0.000 0.000 -0.000 -0.000
1.616 0.000 -0.000 0.000 0.000 -0.000 -0.000
1.716 0.000 -0.000 0.000 0.000 -0.000 -0.000
1.816 0.000 -0.000 0.000 0.000 -0.000 -0.000
1.916 0.000 -0.000 0.000 0.000 -0.000 -0.000
2.016 0.000 -0.000 0.000 0.000 -0.000 -0.000
2.117 0.000 -0.000 0.000 0.000 -0.000 -0.000
2.216 0.000 -0.000 0.000 0.000 -0.000 -0.000
2.316 0.000 -0.000 0.000 0.000 -0.000 -0.000
2.416 0.000 -0.000 0.000 0.000 -0.000 -0.000
2.516 0.000 -0.000 0.000 0.000 -0.000 -0.000
2.616 0.000 -0.000 0.000 0.000 -0.000 -0.000
2.716 0.000 -0.000 0.000 0.000 -0.000 -0.000
2.816 0.000 -0.000 0.000 0.000 -0.000 -0.000
2.916 0.000 -0.000 0.000 0.000 -0.000 -0.000
3.016 0.000 -0.000 0.000 0.000 -0.000 -0.000
3.116 0.000 -0.000 0.000 0.000 -0.000 -0.000
3.216 0.000 -0.000 0.000 0.000 -0.000 -0.000
3.317 0.000 -0.000 0.000 0.000 -0.000 -0.000
3.416 0.000 -0.000 0.000 0.000 -0.000 -0.000
3.516 0.000 -0.000 0.000 0.000 -0.000 -0.000
3.616 0.000 -0.000 0.000 0.000 -0.000 -0.000
3.716 0.000 -0.000 0.000 0.000 -0.000 -0.000
3.816 0.000 -0.000 0.000 0.000 -0.000 -0.000
3.916 0.000 -0.000 0.000 0.000 -0.000 -0.000
4.016 0.000 -0.000 0.000 0.000 -0.000 -0.000
4.116 0.000 -0.000 0.000 0.000 -0.000 -0.000
4.216 0.000 -0.000 0.000 0.000 -0.000 -0.000
4.316 0.000 -0.000 0.000 0.000 -0.000 -0.000
4.416 0.000 -0.000 0.000 0.000 -0.000 -0.000
4.516 0.000 -0.000 0.000 0.000 -0.000 -0.000
4.616 0.000 -0.000 0.000 0.000 -0.000 -0.000
4.716 0.000 -0.000 0.000 0.000 -0.000 -0.000
4.817 0.000 -0.000 0.000 0.000 -0.000 -0.000
4.917 0.000 -0.000 0.000 0.000 -0.000 -0.000
5.016 0.000 -0.000 0.000 0.000 -0.000 -0.000
5.116 0.000 -0.000 0.000 0.000 -0.000 -0.000
5.216 0.000 -0.000 0.000 0.000 -0.000 -0.000
5.316 0.000 -0.000 0.000 0.000 -0.000 -0.000
5.416 0.000 -0.000 0.000 0.000 -0.000 -0.000
5.518 0.000 -0.000 0.000 0.000 -0.000 -0.000
5.617 0.000 -0.000 0.000 0.000 -0.000 -0.000
5.716 0.000 -0.000 0.000 0.000 -0.000 -0.000
5.816 0.000 -0.000 0.000 0.000 -0.000 -0.000
5.916 0.000 -0.000 0.000 0.000 -0.000 -0.000
6.016 0.000 -0.000 0.000 0.000 -0.000 -0.000
6.116 0.000 -0.000 0.000 0.000 -0.000 -0.000
6.216 0.000 -0.000 0.000 0.000 -0.000 -0.000
6.316 0.000 -0.000 0.000 0.000 -0.000 -0.000
6.416 0.000 -0.000 0.000 0.000 -0.000 -0.000
6.516 0.000 -0.000 0.000 0.000 -0.000 -0.000
6.616 0.000 -0.000 0.000 0.000 -0.000 -0.000
6.716 0.000 -0.000 0.000 0.000 -0.000 -0.000
6.816 0.000 -0.000 0.000 0.000 -0.000 -0.000
6.916 0.000 -0.000 0.000 0.000 -0.000 -0.000
7.017 0.000 -0.000 0.000 0.000 -0.000 -0.000
7.116 0.000 -0.000 0.000 0.000 -0.000 -0.000
7.216 0.000 -0.000 0.000 0.000 -0.000 -0.000
7.317 0.000 -0.000 0.000 0.000 -0.000 -0.000
7.416 0.000 -0.000 0.000 0.000 -0.000 -0.000
7.516 0.000 -0.000 0.000 0.000 -0.000 -0.000
7.616 0.000 -0.000 0.000 0.000 -0.000 -0.000
7.716 0.000 -0.000 0.000 0.000 -0.000 -0.000
7.819 0.000 -0.000 0.000 0.000 -0.000 -0.000
7.916 0.000 -0.000 0.000 0.000 -0.000 -0.000
8.016 0.000 -0.000 0.000 0.000 -0.000 -0.000
8.116 0.000 -0.000 0.000 0.000 -0.000 -0.000
8.216 0.000 -0.000 0.000 0.000 -0.000 -0.000
8.316 0.000 -0.000 0.000 0.000 -0.000 -0.000
8.417 0.000 -0.000 0.000 0.000 -0.000 -0.000
8.516 0.000 -0.000 0.000 0.000 -0.000 -0.000
8.617 0.000 -0.000 0.000 0.000 -0.000 -0.000
8.716 0.000 -0.000 0.000 0.000 -0.000 -0.000
8.816 0.000 -0.000 0.000 0.000 -0.000 -0.000
8.916 0.000 -0.000 0.000 0.000 -0.000 -0.000
9.016 0.000 -0.000 0.000 0.000 -0.000 -0.000
9.116 0.000 -0.000 0.000 0.000 -0.000 -0.000
9.216 0.000 -0.000 0.000 0.000 -0.000 -0.000
9.316 0.000 -0.000 0.000 0.000 -0.000 -0.000
9.416 0.000 -0.000 0.000 0.000 -0.000 -0.000
9.516 0.000 -0.000 0.000 0.000 -0.000 -0.000
9.617 0.000 -0.000 0.000 0.000 -0.000 -0.000
9.716 0.000 -0.000 0.000 0.000 -0.000 -0.000
9.816 0.000 -0.000 0.000 0.000 -0.000 -0.000
9.917 0.000 -0.000 0.000 0.000 -0.000 -0.000
10.016 0.000 -0.000 0.000 0.000 -0.000 -0.000
10.116 0.000 -0.000 0.000 0.000 -0.000 -0.000
10.217 0.000 -0.000 0.000 0.000 -0.000 -0.000
10.316 0.000 -0.000 0.000 0.000 -0.000 -0.000
10.416 0.000 -0.000 0.000 0.000 -0.000 -0.000
10.516 0.000 -0.000 0.000 0.000 -0.000 -0.000
10.616 0.000 -0.000 0.000 0.000 -0.000 -0.000
10.716 0.000 -0.000 0.000 0.000 -0.000 -0.000
10.816 0.000 -0.000 0.000 0.000 -0.000 -0.000
10.916 0.000 -0.000 0.000 0.000 -0.000 -0.000
11.016 0.000 -0.000 0.000 0.000 -0.000 -0.000
11.116 0.000 -0.000 0.000 0.000 -0.000 -0.000
11.216 0.000 -0.000 0.000 0.000 -0.000 -0.000
11.316 0.000 -0.000 0.000 0.000 -0.000 -0.000
11.417 0.000 -0.000 0.000 0.000 -0.000 -0.000
11.516 0.000 -0.000 0.000 0.000 -0.000 -0.000
11.616 0.000 -0.000 0.000 0.000 -0.000 -0.000
11.716 0.000 -0.000 0.000 0.000 -0.000 -0.000
11.816 0.000 -0.000 0.000 0.000 -0.000 -0.000
11.916 0.000 -0.000 0.000 0.000 -0.000 -0.000
12.017 0.000 -0.000 0.000 0.000 -0.000 -0.000
12.116 0.000 -0.000 0.000 0.000 -0.000 -0.000
12.216 0.000 -0.000 0.000 0.000 -0.000 -0.000
12.316 0.000 -0.000 0.000 0.000 -0.000 -0.000
12.416 0.000 -0.000 0.000 0.000 -0.000 -0.000
12.516 0.000 -0.000 0.000 0.000 -0.000 -0.000
12.616 0.000 -0.000 0.000 0.000 -0.000 -0.000
12.716 0.000 -0.000 0.000 0.000 -0.000 -0.000
12.816 0.000 -0.000 0.000 0.000 -0.000 -0.000
12.916 0.000 -0.000 0.000 0.000 -0.000 -0.000
13.016 0.000 -0.000 0.000 0.000 -0.000 -0.000
13.116 0.000 -0.000 0.000 0.000 -0.000 -0.000
13.216 0.000 -0.000 0.000 0.000 -0.000 -0.000
13.316 0.000 -0.000 0.000 0.000 -0.000 -0.000
13.416 0.300 -0.000 0.000 0.000 -0.000 -0.000
13.516 0.300 -0.000 0.000 0.000 -0.000 -0.000
13.616 0.300 -0.000 0.000 0.000 -0.000 -0.000
13.716 0.300 -0.000 0.000 0.000 -0.000 -0.000
13.816 0.300 -0.000 0.000 0.000 -0.000 -0.000
13.916 0.300 -0.000 0.000 0.000 -0.000 -0.000
14.016 0.300 -0.000 0.000 0.000 -0.000 -0.000
14.116 0.300 -0.000 0.000 0.000 -0.000 -0.000
14.216 0.300 -0.000 0.000 0.000 -0.000 -0.000
14.316 0.300 -0.000 0.000 0.000 -0.000 -0.000
14.416 0.300 -0.000 0.000 0.000 -0.000 -0.000
14.516 0.300 -0.000 0.000 0.000 -0.000 -0.000
14.616 0.300 -0.000 0.000 0.000 -0.000 -0.000
14.716 0.300 -0.000 0.000 0.000 -0.000 -0.000
14.816 0.300 -0.000 0.000 0.000 -0.000 -0.000
14.916 0.300 -0.000 0.000 0.000 -0.000 -0.000
15.016 0.300 -0.000 0.000 0.000 -0.000 -0.000
15.116 0.300 -0.000 0.000 0.000 -0.000 -0.000
15.216 0.300 -0.000 0.000 0.000 -0.000 -0.000
15.316 0.300 -0.000 0.000 0.000 -0.000 -0.000
15.416 0.300 -0.000 0.000 0.000 -0.000 -0.005
15.516 0.300 -0.000 0.000 0.000 -0.000 -0.300
15.616 0.300 -0.105 0.000 0.000 -0.000 -0.000
15.716 0.300 -0.115 0.000 0.000 -0.000 -0.000
15.816 0.300 -0.115 0.000 0.000 -0.000 -0.000
15.916 0.300 -0.115 0.000 0.000 -0.000 -0.000
16.016 0.300 -0.115 0.000 0.000 -0.000 -0.000
16.116 0.300 -0.055 0.000 0.000 -0.000 -0.000
16.216 0.065 -0.000 0.000 0.000 -0.000 -0.000
16.316 0.000 -0.000 0.000 0.000 -0.000 -0.000
16.416 0.000 -0.000 0.000 0.000 -0.000 -0.000
16.516 0.000 -0.000 0.000 0.000 -0.000 -0.000
16.616 0.000 -0.000 0.000 0.000 -0.000 -0.000
16.716 0.000 -0.000 0.000 0.000 -0.000 -0.000
16.817 0.000 -0.000 0.000 0.000 -0.000 -0.000
16.916 0.000 -0.000 0.000 0.000 -0.000 -0.000
17.016 0.000 -0.000 0.000 0.000 -0.000 -0.000
17.116 0.000 -0.000 0.000 0.000 -0.000 -0.000
17.216 0.000 -0.000 0.000 0.000 -0.000 -0.000
17.316 0.000 -0.000 0.000 0.000 -0.000 -0.000
17.417 0.000 -0.000 0.000 0.000 -0.000 -0.000
17.516 0.000 -0.000 0.000 0.000 -0.000 -0.000
17.616 0.000 -0.000 0.000 0.000 -0.000 -0.000
17.716 0.000 -0.000 0.000 0.000 -0.000 -0.000
17.816 0.000 -0.000 0.000 0.000 -0.000 -0.000
17.916 0.000 -0.000 0.000 0.000 -0.000 -0.000
18.016 0.000 -0.000 0.000 0.000 -0.000 -0.000
18.116 0.000 -0.000 0.000 0.000 -0.000 -0.000
18.216 0.000 -0.000 0.000 0.000 -0.000 -0.000
18.316 0.000 -0.000 0.000 0.000 -0.000 -0.000
18.416 0.000 -0.000 0.000 0.000 -0.000 -0.000
18.516 0.000 -0.000 0.000 0.000 -0.000 -0.000
18.616 0.000 -0.000 0.000 0.000 -0.000 -0.000
18.716 0.000 -0.000 0.000 0.000 -0.000 -0.000
18.817 0.000 -0.000 0.000 0.000 -0.000 -0.000
18.916 0.000 -0.000 0.000 0.000 -0.000 -0.000
19.016 0.000 -0.000 0.000 0.000 -0.000 -0.000
19.116 0.000 -0.000 0.000 0.000 -0.000 -0.000
19.216 0.000 -0.000 0.000 0.000 -0.000 -0.000
19.316 0.000 -0.000 0.000 0.000 -0.000 -0.000
19.416 0.000 -0.000 0.000 0.000 -0.000 -0.000
19.516 0.000 -0.000 0.000 0.000 -0.000 -0.000
19.616 0.000 -0.000 0.000 0.000 -0.000 -0.000
19.716 0.000 -0.000 0.000 0.000 -0.000 -0.000
19.817 0.000 -0.000 0.000 0.000 -0.000 -0.000
19.916 0.000 -0.000 0.000 0.000 -0.000 -0.000
20.016 0.000 -0.000 0.000 0.000 -0.000 -0.000
20.116 0.000 -0.000 0.000 0.000 -0.000 -0.000
20.216 0.000 -0.000 0.000 0.000 -0.000 -0.000
20.316 0.000 -0.000 0.000 0.000 -0.000 -0.000
20.416 0.000 -0.000 0.000 0.000 -0.000 -0.000
20.516 0.000 -0.000 0.000 0.000 -0.000 -0.000
20.616 0.000 -0.000 0.000 0.000 -0.000 -0.000
20.716 0.000 -0.000 0.000 0.000 -0.000 -0.000
20.816 0.000 -0.000 0.000 0.000 -0.000 -0.000
20.916 0.000 -0.000 0.000 0.000 -0.000 -0.000
21.016 0.000 -0.000 0.000 0.000 -0.000 -0.000
21.116 0.000 -0.000 0.000 0.000 -0.000 -0.000
21.216 0.000 -0.000 0.000 0.000 -0.000 -0.000
21.316 0.000 -0.000 0.000 0.000 -0.000 -0.000
21.416 0.000 -0.000 0.000 0.000 -0.000 -0.000
21.516 0.000 -0.000 0.000 0.000 -0.000 -0.000
21.616 0.000 -0.000 0.000 0.000 -0.000 -0.000
21.716 0.000 -0.000 -0.300 0.000 -0.000 -0.000
21.816 0.000 -0.000 -0.300 0.000 -0.000 -0.000
21.916 0.000 -0.000 -0.300 0.000 -0.000 -0.000
22.016 0.000 -0.000 -0.300 0.000 -0.000 -0.000
22.116 0.000 -0.000 -0.300 0.000 -0.000 -0.000
22.216 0.000 -0.000 -0.300 0.000 -0.000 -0.000
22.316 0.000 -0.000 -0.300 0.000 -0.000 -0.000
22.416 0.000 -0.000 -0.300 0.000 -0.000 -0.000
22.516 0.000 -0.000 -0.300 0.000 -0.000 -0.000
22.616 0.000 -0.000 -0.300 0.000 -0.000 -0.000
22.716 0.000 -0.000 -0.300 0.000 -0.000 -0.000
22.816 0.000 -0.000 -0.300 0.000 -0.000 -0.000
22.916 0.000 -0.000 -0.300 0.000 -0.000 -0.000
23.015 0.000 -0.000 -0.300 0.000 -0.000 -0.000
23.116 0.000 -0.000 -0.300 0.000 -0.000 -0.000
23.216 0.000 -0.000 -0.300 0.000 -0.000 -0.000
23.316 0.000 -0.000 -0.300 0.000 -0.000 -0.000
23.416 0.000 -0.000 -0.300 0.000 -0.000 -0.000
23.516 0.000 -0.000 -0.300 0.000 -0.000 -0.000
23.616 0.000 -0.000 -0.300 0.000 -0.000 -0.000
23.716 0.000 -0.000 -0.300 0.000 -0.000 -0.000
23.817 0.000 -0.000 -0.300 0.000 -0.000 -0.000
23.916 0.000 -0.000 -0.300 0.000 -0.000 -0.000
24.016 0.000 -0.000 -0.300 0.000 -0.000 -0.000
24.116 0.000 -0.000 -0.300 0.000 -0.000 -0.000
24.216 0.000 -0.000 -0.300 0.000 -0.000 -0.000
24.316 0.000 -0.300 -0.300 0.000 -0.000 -0.000
24.416 0.300 -0.300 -0.300 0.000 -0.000 -0.000
24.516 0.300 -0.122 -0.300 0.000 -0.000 -0.000
24.616 0.300 -0.122 -0.300 0.000 -0.000 -0.000
24.716 0.300 -0.300 -0.300 0.000 -0.000 -0.000
24.816 0.300 -0.300 -0.300 0.000 -0.000 -0.000
24.916 0.000 -0.000 -0.300 0.000 -0.000 -0.000
25.016 0.000 -0.000 -0.300 0.000 -0.000 -0.000
25.116 0.000 -0.000 -0.300 0.000 -0.000 -0.000
25.216 0.000 -0.000 -0.300 0.000 -0.000 -0.000
25.317 0.000 -0.035 -0.300 0.000 -0.000 -0.000
25.416 0.000 -0.300 0.000 0.000 -0.000 -0.000
25.516 0.000 -0.300 0.000 0.000 -0.000 -0.000
25.616 0.000 -0.300 0.000 0.000 -0.000 -0.000
25.716 0.000 -0.300 0.000 0.000 -0.000 -0.000
25.816 0.000 -0.300 0.000 0.000 -0.000 -0.000
25.916 0.000 -0.300 0.000 0.000 -0.000 -0.000
26.016 0.000 -0.300 0.000 0.000 -0.000 -0.000
26.116 0.000 -0.300 0.000 0.000 -0.000 -0.000
26.216 0.000 -0.000 -0.300 0.000 -0.000 -0.000
26.316 0.000 -0.000 -0.300 0.000 -0.000 -0.000
26.416 0.000 -0.000 -0.300 0.000 -0.000 -0.000
26.516 0.000 -0.000 -0.300 0.000 -0.000 -0.000
26.616 0.000 -0.000 -0.300 0.000 -0.000 -0.000
26.716 0.000 -0.000 -0.300 0.000 -0.000 -0.000
26.816 0.000 -0.000 -0.300 0.000 -0.000 -0.000
26.916 0.000 -0.000 -0.300 0.000 -0.000 -0.000
27.016 0.000 -0.000 -0.300 0.000 -0.000 -0.000
27.116 0.000 -0.000 0.000 0.000 -0.000 -0.000
27.216 0.000 -0.000 0.000 0.000 -0.000 -0.000
27.316 0.000 -0.000 0.000 0.000 -0.000 -0.000
27.416 0.000 -0.000 0.000 0.000 -0.000 -0.000
27.516 0.000 -0.000 -0.300 0.000 -0.000 -0.000
27.616 0.000 -0.000 -0.300 0.000 -0.000 -0.000
27.716 0.000 -0.000 -0.300 0.000 -0.000 -0.000
27.816 0.000 -0.000 -0.300 0.000 -0.000 -0.000
27.916 0.000 -0.000 0.000 0.000 -0.000 -0.000
28.016 0.000 -0.000 0.000 0.000 -0.000 -0.000
28.116 0.000 -0.000 0.000 0.000 -0.000 -0.000
28.217 0.000 -0.000 0.000 0.000 -0.000 -0.000
28.316 0.000 -0.000 0.000 0.000 -0.000 -0.000
28.416 0.000 -0.000 0.000 0.000 -0.000 -0.000
28.516 0.000 -0.000 0.000 0.000 -0.000 -0.000
28.616 0.000 -0.000 0.000 0.000 -0.000 -0.000
28.716 0.000 -0.000 -0.300 0.000 -0.000 -0.000
28.816 0.000 -0.000 -0.300 0.000 -0.000 -0.000
28.916 0.000 -0.000 0.000 0.000 -0.000 -0.000
29.016 0.000 -0.000 0.000 0.000 -0.000 -0.000
29.116 0.000 -0.000 0.000 0.000 -0.000 -0.000
29.216 0.000 -0.000 -0.300 0.000 -0.000 -0.000
29.316 0.000 -0.000 -0.300 0.000 -0.000 -0.000
29.416 0.000 -0.000 0.000 0.000 -0.000 -0.000
29.516 0.000 -0.000 0.000 0.000 -0.000 -0.000
29.616 0.000 -0.000 0.000 0.000 -0.000 -0.000
29.716 0.000 -0.000 0.000 0.000 -0.000 -0.000
30.243 -0.115 -0.050 -0.500 0.000 -0.000 -0.070
30.347 -0.117 -0.048 -0.500 0.000 -0.000 -0.070
30.385 -0.117 -0.048 -0.500 0.000 -0.000 -0.070
30.571 -0.115 -0.052 -0.500 0.000 -0.000 -0.060
30.665 -0.110 -0.055 -0.500 0.000 -0.000 -0.050
30.766 -0.110 -0.055 -0.500 0.000 -0.000 -0.052
30.882 -0.107 -0.052 -0.500 0.000 -0.000 -0.060
30.980 -0.105 -0.052 -0.500 0.000 -0.000 -0.062
31.066 -0.100 -0.055 -0.480 0.000 -0.000 -0.060
31.163 -0.098 -0.055 -0.468 0.000 -0.000 -0.060
31.259 -0.095 -0.055 -0.448 0.000 -0.000 -0.060
31.352 -0.092 -0.055 -0.435 0.000 -0.000 -0.060
31.435 -0.085 -0.055 -0.420 0.000 -0.000 -0.060
31.534 -0.083 -0.055 -0.403 0.000 -0.000 -0.060
31.641 -0.077 -0.055 -0.390 0.000 -0.000 -0.060
31.868 -0.075 -0.052 -0.302 0.000 -0.000 -0.060
32.108 -0.060 -0.050 -0.028 0.000 -0.000 -0.060
32.365 -0.048 -0.048 0.182 0.000 -0.000 -0.060
32.596 -0.020 -0.048 0.302 0.000 -0.000 -0.055
32.685 -0.022 -0.043 0.287 0.000 -0.000 -0.050
32.792 -0.022 -0.043 0.280 0.000 -0.000 -0.050
32.893 -0.015 -0.040 0.270 0.000 -0.000 -0.050
32.985 -0.010 -0.037 0.258 0.000 -0.000 -0.050
33.167 -0.003 -0.033 0.110 0.000 -0.000 -0.048
33.497 0.007 -0.025 -0.268 0.000 -0.000 -0.048
33.812 -0.010 -0.033 -0.018 0.000 -0.000 -0.048
34.025 -0.013 -0.033 -0.105 0.000 -0.000 -0.050
34.194 -0.013 -0.030 -0.098 0.000 -0.000 -0.050
34.355 -0.013 -0.030 -0.085 0.000 -0.000 -0.050
34.526 -0.010 -0.030 -0.105 0.000 -0.000 -0.050
34.699 -0.010 -0.028 -0.212 0.000 -0.000 -0.052
34.884 -0.010 -0.028 -0.152 0.000 -0.000 -0.052
35.048 -0.007 -0.025 -0.190 0.000 -0.000 -0.055
35.204 -0.007 -0.025 -0.168 0.000 -0.000 -0.055
35.392 -0.007 -0.025 -0.163 0.000 -0.000 -0.055
35.591 -0.007 -0.025 -0.138 0.000 -0.000 -0.058
35.759 -0.007 -0.025 -0.113 0.000 -0.000 -0.058
35.933 -0.007 -0.025 -0.100 0.000 -0.000 -0.058
36.111 -0.007 -0.025 -0.092 0.000 -0.000 -0.055
36.197 -0.007 -0.025 -0.092 0.000 -0.000 -0.055
36.384 -0.007 -0.025 -0.110 0.000 -0.000 -0.055
36.541 -0.005 -0.025 -0.128 0.000 -0.000 -0.052
36.699 -0.005 -0.022 -0.147 0.000 -0.000 -0.052
36.866 -0.005 -0.022 -0.172 0.000 -0.000 -0.052
37.037 -0.003 -0.022 -0.205 0.000 -0.000 -0.052
37.197 -0.003 -0.022 -0.217 0.000 -0.000 -0.055
37.296 -0.003 -0.020 -0.217 0.000 -0.000 -0.058
37.454 -0.003 -0.020 -0.207 0.000 -0.000 -0.058
37.625 -0.003 -0.020 -0.188 0.000 -0.000 -0.060
37.816 -0.003 -0.018 -0.180 0.000 -0.000 -0.060
37.964 -0.003 -0.018 -0.115 0.000 -0.000 -0.060
38.152 -0.003 -0.018 -0.077 0.000 -0.000 -0.060
38.331 -0.003 -0.018 -0.037 0.000 -0.000 -0.058
38.514 -0.003 -0.018 -0.022 0.000 -0.000 -0.055
38.601 -0.003 -0.015 -0.022 0.000 -0.000 -0.055
38.844 -0.003 -0.015 -0.025 0.000 -0.000 -0.052
39.050 -0.003 -0.015 -0.065 0.000 -0.000 -0.052
39.231 -0.003 -0.013 -0.117 0.000 -0.000 -0.052
39.387 -0.003 -0.013 -0.160 0.000 -0.000 -0.052
39.607 -0.003 -0.013 -0.203 0.000 -0.000 -0.052
39.785 -0.003 -0.010 -0.253 0.000 -0.000 -0.052
39.946 -0.003 -0.010 -0.275 0.000 -0.000 -0.055
40.043 -0.005 -0.010 -0.275 0.000 -0.000 -0.058
40.217 -0.005 -0.010 -0.258 0.000 -0.000 -0.060
40.423 -0.005 -0.010 -0.210 0.000 -0.000 -0.065
40.637 -0.005 -0.010 -0.117 0.000 -0.000 -0.065
40.875 -0.003 -0.013 -0.037 0.000 -0.000 -0.065
41.106 -0.003 -0.015 0.050 0.000 -0.000 -0.062
41.317 0.000 -0.015 0.072 0.000 -0.000 -0.058
41.410 0.000 -0.015 0.075 0.000 -0.000 -0.055
41.685 0.000 -0.013 0.055 0.000 -0.000 -0.045
41.978 0.000 -0.015 -0.013 0.000 -0.000 -0.015
42.311 0.015 -0.035 -0.273 0.000 -0.000 0.007
42.694 0.015 -0.048 -0.460 0.000 -0.000 -0.013
43.079 0.007 -0.035 -0.477 0.000 -0.000 -0.028
43.443 0.000 -0.033 -0.230 0.000 -0.000 -0.048
43.703 -0.005 -0.037 0.190 0.000 -0.000 -0.075
43.854 -0.013 -0.043 0.230 0.000 -0.000 -0.070
44.005 -0.013 -0.040 0.245 0.000 -0.000 -0.065
44.169 -0.015 -0.043 0.247 0.000 -0.000 -0.048
44.299 -0.018 -0.045 0.242 0.000 -0.000 -0.022
44.444 -0.015 -0.040 0.233 0.000 -0.000 -0.005
44.579 -0.013 -0.037 0.223 0.000 -0.000 0.003
44.694 -0.013 -0.037 0.212 0.000 -0.000 0.010
44.808 -0.015 -0.040 0.203 0.000 -0.000 0.007
44.911 -0.013 -0.035 0.193 0.000 -0.000 0.015
45.022 -0.013 -0.035 0.182 0.000 -0.000 0.013
45.162 -0.018 -0.040 0.177 0.000 -0.000 0.007
45.287 -0.015 -0.040 0.165 0.000 -0.000 0.010
45.416 -0.018 -0.040 0.158 0.000 -0.000 0.010
45.597 -0.022 -0.045 0.150 0.000 -0.000 -0.000
45.722 -0.022 -0.045 0.138 0.000 -0.000 -0.003
46.006 -0.020 -0.040 0.045 0.000 -0.000 0.003
46.317 -0.022 -0.040 -0.138 0.000 -0.000 -0.000
46.646 0.045 -0.055 -0.242 0.000 -0.000 -0.000
46.982 0.028 -0.045 -0.305 0.000 -0.000 -0.005
47.318 0.010 -0.043 -0.325 0.000 -0.000 -0.015
47.686 0.000 -0.040 -0.247 0.000 -0.000 -0.020
47.992 -0.005 -0.043 -0.083 0.000 -0.000 -0.030
48.293 -0.007 -0.050 0.092 0.000 -0.000 -0.052
48.499 -0.007 -0.052 0.210 0.000 -0.000 -0.048
48.636 -0.007 -0.052 0.210 0.000 -0.000 -0.025
48.753 -0.005 -0.052 0.207 0.000 -0.000 -0.010
48.905 -0.003 -0.052 0.203 0.000 -0.000 -0.000
49.020 0.000 -0.050 0.193 0.000 -0.000 0.003
49.127 0.000 -0.050 0.182 0.000 -0.000 0.005
49.372 0.003 -0.045 0.135 0.000 -0.000 0.013
49.556 0.005 -0.043 -0.025 0.000 -0.000 0.005
49.863 0.000 -0.043 -0.115 0.000 -0.000 -0.003
50.196 0.000 -0.043 -0.200 0.000 -0.000 -0.005
50.625 0.000 -0.045 -0.275 0.000 -0.000 -0.018
51.005 -0.005 -0.050 -0.367 0.000 -0.000 -0.043
51.406 -0.007 -0.050 -0.300 0.000 -0.000 -0.050
51.706 -0.005 -0.052 -0.070 0.000 -0.000 -0.070
51.992 -0.005 -0.058 0.188 0.000 -0.000 -0.068
52.230 0.000 -0.058 0.228 0.000 -0.000 -0.048
52.379 0.003 -0.058 0.228 0.000 -0.000 -0.010
52.501 0.005 -0.058 0.223 0.000 -0.000 0.010
52.622 0.010 -0.052 0.215 0.000 -0.000 0.033
52.738 0.010 -0.050 0.205 0.000 -0.000 0.040
52.846 0.010 -0.050 0.198 0.000 -0.000 0.033
52.960 0.010 -0.050 0.188 0.000 -0.000 0.028
53.192 0.013 -0.048 0.172 0.000 -0.000 0.020
53.641 0.005 -0.052 0.035 0.000 -0.000 0.007
54.022 0.003 -0.043 -0.180 0.000 -0.000 -0.013
54.435 -0.212 -0.043 -0.320 0.000 -0.000 -0.043
54.754 -0.220 -0.035 -0.460 0.000 -0.000 -0.062
55.046 -0.220 -0.037 -0.427 0.000 -0.000 -0.045
58.143 0.300 -0.145 0.000 0.000 -0.165 0.300
58.511 0.170 0.045 0.318 0.000 -0.000 0.077
59.041 0.000 -0.000 0.000 0.000 -0.000 -0.000
60.745 0.000 -0.000 0.000 0.000 -0.000 -0.000
60.745 0.000 -0.000 0.000 0.000 -0.000 -0.000
60.846 0.000 -0.000 0.000 0.000 -0.000 -0.000
60.945 0.000 -0.000 0.000 0.000 -0.000 -0.000
61.045 0.000 -0.000 0.300 0.000 -0.000 -0.000
61.146 0.000 -0.000 0.300 0.000 -0.000 -0.000
61.246 0.000 -0.000 0.000 0.000 -0.000 -0.000
61.346 0.000 -0.000 0.000 0.000 -0.000 -0.000
61.445 0.300 -0.245 0.000 0.000 -0.000 -0.000
61.545 0.300 -0.180 0.000 0.000 -0.000 -0.000
61.645 0.300 -0.175 0.000 0.000 -0.000 -0.000
61.746 0.300 -0.175 0.000 0.000 -0.000 -0.000
61.846 0.300 -0.175 0.000 0.000 -0.000 -0.010
61.946 0.300 -0.175 0.000 0.000 -0.000 -0.000
62.046 0.300 -0.175 0.000 0.000 -0.000 -0.000
62.146 0.300 -0.175 0.000 0.000 -0.000 -0.000
62.246 0.300 -0.175 0.000 0.000 -0.000 -0.000
62.346 0.300 -0.165 0.000 0.000 -0.000 -0.000
62.446 0.300 -0.130 0.000 0.000 -0.000 -0.000
62.546 0.000 -0.000 0.000 0.000 -0.000 -0.000
62.646 0.000 -0.000 0.000 0.000 -0.000 -0.000
62.746 0.000 -0.000 0.000 0.000 -0.000 -0.000
62.846 0.060 -0.000 0.000 0.000 -0.000 -0.000
62.946 0.300 -0.280 0.000 0.000 -0.000 -0.000
63.047 0.300 -0.180 0.000 0.000 -0.000 -0.000
63.146 0.158 -0.000 -0.300 0.000 -0.000 -0.000
63.246 0.000 -0.000 -0.300 0.000 -0.000 -0.000
63.346 0.000 -0.000 -0.300 0.000 -0.000 -0.000
63.446 0.000 -0.000 -0.300 0.000 -0.000 -0.000
63.546 0.000 -0.000 -0.300 0.000 -0.000 -0.000
63.646 0.000 -0.000 -0.300 0.000 -0.000 -0.000
63.746 0.000 -0.000 -0.300 0.000 -0.000 -0.000
63.846 0.300 -0.000 0.000 0.000 -0.000 -0.000
63.946 0.300 -0.040 0.000 0.000 -0.000 -0.000
64.046 0.300 -0.040 0.000 0.000 -0.000 -0.000
64.146 0.300 -0.043 0.000 0.000 -0.000 -0.000
64.246 0.300 -0.043 0.000 0.000 -0.000 -0.000
64.346 0.300 -0.005 0.000 0.000 -0.000 -0.000
64.446 0.000 -0.000 0.000 0.000 -0.000 -0.000
64.546 0.000 -0.000 -0.300 0.000 -0.000 -0.000
64.646 0.000 -0.000 -0.300 0.000 -0.000 -0.000
64.746 0.000 -0.000 -0.300 0.000 -0.000 -0.000
64.846 0.000 -0.000 -0.300 0.000 -0.000 -0.000
64.946 0.060 -0.052 0.000 0.000 -0.000 -0.000
65.046 0.300 -0.300 0.000 0.000 -0.000 -0.000
65.146 0.300 -0.300 0.000 0.000 -0.000 -0.253
65.246 0.297 -0.140 0.000 0.000 -0.000 -0.300
65.346 0.000 -0.000 0.000 0.000 -0.000 -0.000
65.446 0.000 -0.000 0.000 0.000 -0.000 -0.000
65.546 0.000 -0.000 0.000 0.000 -0.000 -0.000
65.646 0.000 -0.000 0.000 0.000 -0.000 -0.105
65.746 0.000 -0.000 0.000 0.000 -0.000 -0.128
65.846 0.000 -0.000 0.000 0.000 -0.000 -0.000
65.946 0.000 -0.000 0.000 0.000 -0.000 -0.000
66.046 0.000 -0.000 0.000 0.000 -0.000 -0.000
66.146 0.000 -0.000 -0.300 0.000 -0.000 -0.000
66.246 0.000 -0.000 -0.300 0.000 -0.000 -0.000
66.346 0.000 -0.000 -0.300 0.000 -0.000 -0.000
66.446 0.000 -0.000 0.000 0.000 -0.000 -0.000
66.546 0.000 -0.000 0.000 0.000 -0.000 -0.000
66.646 0.000 -0.000 0.000 0.000 -0.000 -0.000
66.746 0.000 -0.000 -0.300 0.000 -0.000 -0.000
66.846 0.000 -0.000 -0.300 0.000 -0.000 -0.000
66.946 0.000 -0.000 -0.300 0.000 -0.000 -0.000
67.046 0.000 -0.000 -0.300 0.000 -0.000 -0.000
67.146 0.000 -0.000 0.000 0.000 -0.000 -0.000
67.246 0.000 -0.000 0.000 0.000 -0.000 -0.000
67.346 0.000 -0.000 0.000 0.000 -0.000 -0.000
67.786 -0.198 -0.025 -0.497 0.000 -0.000 -0.065
67.903 -0.198 -0.030 -0.500 0.000 -0.000 -0.065
68.002 -0.198 -0.033 -0.500 0.000 -0.000 -0.062
68.094 -0.198 -0.043 -0.500 0.000 -0.000 -0.052
68.184 -0.193 -0.050 -0.500 0.000 -0.000 -0.045
68.271 -0.188 -0.055 -0.500 0.000 -0.000 -0.045
68.381 -0.182 -0.058 -0.500 0.000 -0.000 -0.052
68.485 -0.180 -0.058 -0.487 0.000 -0.000 -0.055
68.578 -0.177 -0.060 -0.477 0.000 -0.000 -0.058
68.675 -0.172 -0.062 -0.463 0.000 -0.000 -0.058
68.794 -0.170 -0.062 -0.440 0.000 -0.000 -0.060
68.891 -0.168 -0.060 -0.420 0.000 -0.000 -0.062
68.977 -0.163 -0.062 -0.405 0.000 -0.000 -0.062
69.094 -0.158 -0.065 -0.393 0.000 -0.000 -0.060
69.186 -0.152 -0.065 -0.380 0.000 -0.000 -0.060
69.353 -0.145 -0.068 -0.328 0.000 -0.000 -0.058
69.678 -0.130 -0.070 -0.145 0.000 -0.000 -0.058
70.097 -0.098 -0.068 0.072 0.000 -0.000 -0.007
70.379 -0.055 -0.060 0.207 0.000 -0.000 0.085
70.609 -0.040 -0.048 0.133 0.000 -0.000 0.083
70.934 0.035 0.062 -0.022 0.000 -0.000 -0.058
71.254 0.022 0.052 -0.163 0.000 -0.000 -0.068
71.584 0.033 0.030 -0.335 0.000 -0.000 -0.050
71.773 0.040 0.015 -0.372 0.000 -0.000 0.085
71.935 -0.005 0.010 -0.415 0.000 -0.000 -0.050
72.167 -0.018 -0.003 -0.430 0.000 -0.000 -0.055
72.447 -0.025 -0.000 -0.340 0.000 -0.000 -0.062
72.657 -0.035 0.013 -0.195 0.000 -0.000 -0.065
72.974 -0.043 0.022 -0.070 0.000 -0.000 -0.065
73.246 -0.040 0.033 0.022 0.000 -0.000 -0.062
73.246 -0.040 0.033 0.022 0.000 -0.000 -0.062
73.246 -0.040 0.033 0.022 0.000 -0.000 -0.062
73.273 -0.040 0.033 0.022 0.000 -0.000 -0.062
73.374 -0.040 0.033 0.022 0.000 -0.000 -0.062
73.473 -0.040 0.033 0.022 0.000 -0.000 -0.062
73.573 -0.040 0.033 0.022 0.000 -0.000 -0.062
73.674 -0.040 0.033 0.022 0.000 -0.000 -0.062
73.774 -0.040 0.033 0.022 0.000 -0.000 -0.062
73.874 -0.040 0.033 0.022 0.000 -0.000 -0.062
73.974 -0.040 0.033 0.022 0.000 -0.000 -0.062
74.073 -0.040 0.033 0.022 0.000 -0.000 -0.062
74.174 -0.040 0.033 0.022 0.000 -0.000 -0.062
74.273 -0.040 0.033 0.022 0.000 -0.000 -0.062
74.374 0.018 -0.000 0.000 0.000 -0.000 -0.000
74.474 0.300 -0.035 0.000 0.000 -0.000 -0.000
74.574 0.300 -0.068 0.000 0.000 -0.000 -0.000
74.674 0.300 -0.085 0.000 0.000 -0.000 -0.000
74.774 0.300 -0.085 0.000 0.000 -0.000 -0.000
74.875 0.300 -0.018 0.000 0.000 -0.000 -0.000
74.974 0.000 -0.000 0.000 0.000 -0.000 -0.000
75.075 0.000 -0.000 0.000 0.000 -0.000 0.300
75.174 0.000 -0.000 0.000 0.000 -0.000 0.300
75.276 0.000 -0.000 0.000 0.000 0.010 0.300
75.374 0.000 -0.000 0.000 0.000 -0.000 -0.000
75.475 -0.182 -0.000 0.000 0.000 -0.000 -0.000
75.574 -0.300 -0.000 0.000 0.000 -0.000 -0.000
75.674 -0.300 -0.000 0.000 0.000 -0.000 -0.000
75.774 0.000 -0.000 0.000 0.000 -0.000 -0.000
75.874 0.000 -0.000 0.000 0.000 -0.000 -0.000
75.984 0.000 -0.000 0.000 0.000 -0.000 -0.000
76.074 0.000 -0.000 0.000 0.000 -0.000 -0.000
76.174 0.000 -0.000 0.000 0.000 -0.000 -0.000
76.274 0.000 -0.000 0.000 0.000 -0.000 -0.000
76.374 0.000 -0.000 0.000 0.000 -0.000 -0.000
76.474 0.000 -0.000 0.000 0.000 -0.000 -0.000
76.574 0.000 -0.000 0.000 0.000 -0.000 -0.000
76.674 0.000 -0.000 0.000 0.000 -0.000 -0.000
76.774 0.000 -0.000 0.000 0.000 -0.000 -0.000
76.875 0.000 -0.000 0.000 0.000 -0.000 -0.000
76.974 0.000 -0.000 0.000 0.000 -0.000 -0.000
77.074 0.000 -0.000 0.000 0.000 -0.000 -0.000
77.174 0.000 -0.000 0.000 0.000 -0.000 -0.000
77.274 0.000 -0.000 0.000 0.000 -0.000 -0.000
77.374 0.000 -0.000 0.000 0.000 -0.000 -0.000
77.474 0.000 -0.000 0.000 0.000 -0.000 -0.000
77.574 0.000 -0.000 0.000 0.000 -0.000 -0.000
77.674 0.000 -0.000 0.000 0.000 -0.000 -0.000
77.774 0.000 -0.000 0.000 0.000 -0.000 -0.000
77.874 0.000 -0.000 0.000 0.000 -0.000 -0.000
77.974 0.000 -0.000 0.000 0.000 -0.000 -0.000
78.074 0.000 -0.000 0.000 0.000 -0.000 -0.000
78.174 0.000 -0.000 0.000 0.000 -0.000 -0.000
78.275 0.000 -0.000 0.000 0.000 -0.000 -0.000
78.374 0.000 -0.000 0.000 0.000 -0.000 -0.000
78.474 0.000 -0.000 0.000 0.000 -0.000 -0.000
78.574 0.000 -0.000 0.000 0.000 -0.000 -0.000
78.674 0.000 -0.000 0.000 0.000 -0.000 -0.000
78.775 0.000 -0.000 0.000 0.000 -0.000 -0.000
78.875 0.000 -0.000 0.000 0.000 -0.000 -0.000
78.974 0.000 -0.000 0.000 0.000 -0.000 -0.000
79.073 0.000 -0.000 0.000 0.000 -0.000 -0.000
79.174 0.000 -0.000 0.000 0.000 -0.000 -0.000
79.274 0.000 -0.000 0.000 0.000 -0.000 -0.000
79.374 0.000 -0.000 0.000 0.000 -0.000 -0.000
79.474 0.000 -0.000 0.000 0.000 -0.000 -0.000
79.574 0.000 -0.000 0.000 0.000 -0.000 -0.000
79.674 0.000 -0.000 0.000 0.000 -0.000 -0.000
79.774 0.000 -0.000 0.000 0.000 -0.000 -0.000
79.874 0.000 -0.000 0.000 0.000 -0.000 -0.000
79.974 0.000 -0.000 0.000 0.000 -0.000 -0.000
80.074 0.000 -0.000 0.000 0.000 -0.000 -0.000
80.174 0.000 -0.000 0.000 0.000 -0.000 -0.000
80.274 0.000 -0.000 0.000 0.000 -0.000 -0.000
80.374 0.000 -0.000 0.000 0.000 -0.000 -0.000
80.474 0.000 -0.000 0.000 0.000 -0.000 -0.000
80.576 0.000 -0.000 0.000 0.000 -0.000 -0.000
80.674 0.000 -0.000 0.000 0.000 -0.000 -0.000
80.774 0.000 -0.000 0.000 0.000 -0.000 -0.000
80.874 0.000 -0.000 0.000 0.000 -0.000 -0.000
80.974 0.000 -0.000 0.000 0.000 -0.000 -0.000
81.074 0.000 -0.000 0.000 0.000 -0.000 -0.000
81.174 0.000 -0.000 0.000 0.000 -0.000 -0.000
81.274 0.000 -0.000 0.000 0.000 -0.000 -0.000
81.374 0.000 -0.000 0.000 0.000 -0.000 -0.000
81.474 0.000 -0.000 0.000 0.000 -0.000 -0.000
81.574 0.000 -0.000 0.000 0.000 -0.000 -0.000
81.674 0.000 -0.000 0.000 0.000 -0.000 -0.000
81.774 0.000 -0.000 0.000 0.000 -0.000 -0.000
81.874 0.000 -0.000 0.000 0.000 -0.000 -0.000
81.974 0.000 -0.000 0.000 0.000 -0.000 -0.000
82.074 0.000 -0.000 0.000 0.000 -0.000 -0.000
82.174 0.000 -0.000 0.000 0.000 -0.000 -0.000
82.274 0.000 -0.000 0.000 0.000 -0.000 -0.000
82.375 0.000 -0.000 0.000 0.000 -0.000 -0.000
82.474 0.000 -0.000 0.000 0.000 -0.000 -0.000
82.574 0.000 -0.000 0.000 0.000 -0.000 -0.000
82.674 0.000 -0.000 0.000 0.000 -0.000 -0.000
82.774 0.000 -0.000 0.000 0.000 -0.000 -0.000
82.875 0.000 -0.000 0.000 0.000 -0.000 -0.000
82.974 0.000 -0.000 0.000 0.000 -0.000 -0.000
83.074 0.000 -0.000 0.000 0.000 -0.000 -0.000
83.175 0.000 -0.000 0.000 0.000 -0.000 -0.000
83.274 0.000 -0.000 0.000 0.000 -0.000 -0.000
83.374 0.000 -0.000 0.000 0.000 -0.000 -0.000
83.474 0.000 -0.000 0.000 0.000 -0.000 -0.000
83.574 0.000 -0.000 0.000 0.000 -0.000 -0.000
83.674 0.000 -0.000 0.000 0.000 -0.000 -0.000
83.774 0.000 -0.000 0.000 0.000 -0.000 -0.000
83.874 0.000 -0.000 0.000 0.000 -0.000 -0.000
83.976 0.000 -0.000 0.000 0.000 -0.000 -0.000
84.074 0.000 -0.000 0.000 0.000 -0.000 -0.000
84.174 0.000 -0.000 0.000 0.000 -0.000 -0.000
84.274 0.000 -0.000 0.000 0.000 -0.000 -0.000
84.374 0.000 -0.000 0.000 0.000 -0.000 -0.000
84.474 0.000 -0.000 0.000 0.000 -0.000 -0.000
84.574 0.000 -0.000 0.000 0.000 -0.000 -0.000
84.675 0.000 -0.000 0.000 0.000 -0.000 -0.000
84.774 0.000 -0.000 0.000 0.000 -0.000 -0.000
84.874 0.000 -0.000 0.000 0.000 -0.000 -0.000
84.974 0.000 -0.000 0.000 0.000 -0.000 -0.000
85.074 0.000 -0.000 0.000 0.000 -0.000 -0.000
85.174 0.000 -0.000 0.000 0.000 -0.000 -0.000
85.274 0.000 -0.000 0.000 0.000 -0.000 -0.000
85.374 0.000 -0.000 0.000 0.000 -0.000 -0.000
85.474 0.000 -0.000 0.000 0.000 -0.000 -0.000
85.574 0.000 -0.000 0.000 0.000 -0.000 -0.000
85.674 0.000 -0.000 0.000 0.000 -0.000 -0.000
85.774 0.000 -0.000 -0.300 0.000 -0.000 -0.000
85.874 0.000 -0.000 -0.300 0.000 -0.000 -0.000
85.974 0.000 -0.000 -0.300 0.000 -0.000 -0.000
86.074 0.000 -0.000 -0.300 0.000 -0.000 -0.000
86.174 0.000 -0.000 -0.300 0.000 -0.000 -0.000
86.274 0.000 -0.000 -0.300 0.000 -0.000 -0.000
86.374 0.000 -0.000 -0.300 0.000 -0.000 -0.000
86.474 0.000 -0.000 -0.300 0.000 -0.000 -0.000
86.574 0.000 -0.000 -0.300 0.000 -0.000 -0.000
86.674 0.000 -0.000 -0.300 0.000 -0.000 -0.000
86.774 0.000 -0.000 -0.300 0.000 -0.000 -0.000
86.873 0.000 -0.000 -0.300 0.000 -0.000 -0.000
86.973 0.000 -0.000 -0.300 0.000 -0.000 -0.000
87.074 0.000 -0.000 -0.300 0.000 -0.000 -0.000
87.174 0.000 -0.000 -0.300 0.000 -0.000 -0.000
87.274 0.000 -0.000 -0.300 0.000 -0.000 -0.000
87.374 0.000 -0.000 -0.300 0.000 -0.000 -0.000
87.474 0.000 -0.000 -0.300 0.000 -0.000 -0.000
87.574 0.000 -0.000 -0.300 0.000 -0.000 -0.000
87.674 0.000 -0.000 -0.300 0.000 -0.000 -0.000
87.774 0.000 -0.000 -0.300 0.000 -0.000 -0.000
87.874 0.000 -0.000 -0.300 0.000 -0.000 -0.000
87.974 0.000 -0.000 -0.300 0.000 -0.000 -0.000
88.074 0.000 -0.000 -0.300 0.000 -0.000 -0.000
88.174 0.000 -0.000 -0.300 0.000 -0.000 -0.000
88.274 0.000 -0.000 -0.300 0.000 -0.000 -0.000
88.374 0.000 -0.000 -0.300 0.000 -0.000 -0.000
88.474 0.000 -0.000 -0.300 0.000 -0.000 -0.000
88.574 0.000 -0.000 -0.300 0.000 -0.000 -0.000
88.674 0.000 -0.000 -0.300 0.000 -0.000 -0.000
88.774 0.000 -0.000 -0.300 0.000 -0.000 -0.000
88.874 0.000 -0.000 -0.300 0.000 -0.000 -0.000
88.974 0.000 -0.000 -0.300 0.000 -0.000 -0.000
89.074 0.000 -0.000 -0.300 0.000 -0.000 -0.000
89.174 0.000 -0.000 -0.300 0.000 -0.000 -0.000
89.274 0.000 -0.000 -0.300 0.000 -0.000 -0.000
89.374 0.000 -0.000 -0.300 0.000 -0.000 -0.000
89.474 0.000 -0.000 -0.300 0.000 -0.000 -0.000
89.574 0.000 -0.000 -0.300 0.000 -0.000 -0.000
89.674 0.000 -0.000 -0.300 0.000 -0.000 -0.000
89.774 0.000 -0.000 -0.300 0.000 -0.000 -0.000
89.874 0.000 -0.000 0.000 0.000 -0.000 -0.000
89.974 0.000 -0.000 0.000 0.000 -0.000 -0.000
90.074 0.000 -0.000 0.000 0.000 -0.000 -0.000
90.174 0.000 -0.000 -0.300 0.000 -0.000 -0.000
90.274 0.000 -0.000 -0.300 0.000 -0.000 -0.000
90.375 0.000 -0.000 -0.300 0.000 -0.000 -0.000
90.474 0.000 -0.000 -0.300 0.000 -0.000 -0.000
90.574 0.000 -0.000 -0.300 0.000 -0.000 -0.000
90.674 0.000 -0.000 -0.300 0.000 -0.000 -0.000
90.774 0.000 -0.000 -0.300 0.000 -0.000 -0.000
90.874 0.000 -0.000 -0.300 0.000 -0.000 -0.000
90.974 0.000 -0.000 -0.300 0.000 -0.000 -0.000
91.074 0.000 -0.000 0.000 0.000 -0.000 -0.000
91.174 0.000 -0.000 0.000 0.000 -0.000 -0.000
91.274 0.000 -0.000 0.000 0.000 -0.000 -0.000
91.374 0.000 -0.000 -0.300 0.000 -0.000 -0.000
91.474 0.000 -0.000 -0.300 0.000 -0.000 -0.000
91.574 0.000 -0.000 -0.300 0.000 -0.000 -0.000
91.674 0.000 -0.000 -0.300 0.000 -0.000 -0.000
91.774 0.000 -0.000 -0.300 0.000 -0.000 -0.000
91.874 0.000 -0.000 -0.300 0.000 -0.000 -0.000
91.974 0.000 -0.000 -0.300 0.000 -0.000 -0.000
92.074 0.000 -0.000 -0.300 0.000 -0.000 -0.000
92.173 0.000 -0.000 -0.300 0.000 -0.000 -0.000
92.274 0.000 -0.000 -0.300 0.000 -0.000 -0.000
92.374 0.000 -0.000 -0.300 0.000 -0.000 -0.000
92.473 0.000 -0.000 -0.300 0.000 -0.000 -0.000
92.573 0.000 -0.000 -0.300 0.000 -0.000 -0.000
92.674 0.000 -0.000 -0.300 0.000 -0.000 -0.000
92.774 0.000 -0.000 -0.300 0.000 -0.000 -0.000
92.874 0.000 -0.000 -0.300 0.000 -0.000 -0.000
92.974 0.000 -0.000 -0.300 0.000 -0.000 -0.000
93.075 0.000 -0.300 -0.300 0.000 -0.000 -0.000
93.174 0.000 -0.300 -0.300 0.000 -0.000 -0.000
93.274 0.000 -0.300 -0.300 0.000 -0.000 -0.000
93.374 0.000 -0.000 -0.300 0.000 -0.000 -0.000
93.474 0.000 -0.000 -0.300 0.000 -0.000 -0.000
93.574 0.000 -0.000 -0.300 0.000 -0.000 -0.000
93.674 0.000 -0.000 -0.300 0.000 -0.000 -0.000
93.774 0.000 -0.000 -0.300 0.000 -0.000 -0.000
93.874 0.000 -0.000 -0.300 0.000 -0.000 -0.000
93.974 0.000 -0.000 0.000 0.000 -0.000 -0.000
94.074 0.000 -0.000 0.000 0.000 -0.000 -0.000
94.174 0.000 -0.000 0.000 0.000 -0.000 -0.000
94.274 0.300 0.300 0.000 0.000 -0.000 -0.000
94.375 0.258 0.300 0.000 0.000 -0.000 -0.000
94.474 0.207 0.300 0.000 0.000 -0.000 -0.000
94.574 0.300 0.300 0.000 0.000 -0.000 -0.000
94.675 0.300 0.273 0.000 0.000 -0.000 -0.000
94.774 0.300 0.015 0.000 0.000 -0.000 -0.000
94.874 0.300 -0.000 0.000 0.000 -0.000 -0.000
94.974 0.300 -0.000 0.000 0.000 -0.000 -0.000
95.075 0.300 -0.018 0.000 0.000 -0.000 -0.000
95.174 0.300 -0.028 0.000 0.000 -0.000 -0.000
95.274 0.300 -0.035 0.000 0.000 -0.000 -0.000
95.374 0.300 -0.035 0.000 0.000 -0.000 -0.000
95.474 0.300 -0.035 0.000 0.000 -0.000 -0.000
95.574 0.000 -0.000 0.000 0.000 -0.000 -0.000
95.674 0.000 -0.000 0.000 0.000 -0.000 -0.000
95.774 0.000 -0.000 0.000 0.000 -0.000 -0.000
95.874 0.000 -0.000 0.000 0.000 -0.000 -0.000
95.974 0.000 -0.000 0.000 0.000 -0.000 -0.000
96.074 0.000 -0.000 0.000 0.000 -0.000 -0.000
96.174 0.000 -0.000 -0.300 0.000 -0.000 -0.000
96.274 0.000 -0.000 0.000 0.000 -0.000 -0.000
96.374 0.000 -0.000 0.000 0.000 -0.000 -0.000
96.474 0.000 -0.000 -0.300 0.000 -0.000 -0.000
96.574 0.000 -0.000 -0.300 0.000 -0.000 -0.000
96.674 0.000 -0.000 0.000 0.000 -0.000 -0.000
96.775 0.000 -0.000 0.000 0.000 -0.000 -0.000
96.874 0.000 -0.000 0.000 0.000 -0.000 -0.000
96.974 0.000 -0.000 0.000 0.000 -0.000 -0.000
97.075 0.000 -0.000 0.000 0.000 -0.000 -0.000
97.174 0.000 -0.000 0.000 0.000 -0.000 -0.000
97.274 0.000 -0.000 0.000 0.000 -0.000 -0.000
97.374 0.000 -0.000 0.000 0.000 -0.000 -0.000
97.475 0.300 -0.090 0.000 0.000 -0.000 -0.000
97.574 0.300 -0.102 0.000 0.000 -0.000 -0.000
97.674 0.300 -0.102 0.000 0.000 -0.000 -0.000
97.774 0.003 -0.000 0.000 0.000 -0.000 -0.000
97.874 0.175 -0.000 0.000 0.000 -0.000 -0.000
97.974 0.300 -0.000 0.000 0.000 -0.000 -0.000
98.074 0.300 -0.000 0.000 0.000 -0.000 -0.000
98.175 0.085 -0.010 0.000 0.000 -0.000 -0.000
98.274 0.000 -0.000 0.000 0.000 -0.000 -0.000
98.379 0.000 -0.000 0.000 0.000 -0.000 -0.000
98.475 0.000 -0.000 0.000 0.000 -0.000 -0.000
98.574 0.028 -0.000 0.000 0.000 -0.000 -0.000
98.674 0.030 -0.000 0.000 0.000 -0.000 -0.000
98.774 0.000 -0.000 0.000 0.000 -0.000 -0.000
98.874 0.000 -0.000 0.000 0.000 -0.000 -0.000
98.974 0.000 -0.000 0.000 0.000 -0.000 -0.000
99.074 0.000 -0.000 0.000 0.000 -0.000 -0.000
99.175 0.000 -0.000 0.000 0.000 -0.000 -0.000
99.274 0.000 -0.000 -0.300 0.000 -0.000 -0.000
99.795 0.140 -0.015 -0.497 0.000 -0.000 -0.068
99.884 0.135 -0.018 -0.500 0.000 -0.000 -0.070
99.993 0.133 -0.018 -0.500 0.000 -0.000 -0.065
100.091 0.133 -0.015 -0.495 0.000 -0.000 -0.060
100.191 0.130 -0.013 -0.485 0.000 -0.000 -0.058
100.294 0.130 -0.007 -0.463 0.000 -0.000 -0.055
100.382 0.128 -0.007 -0.448 0.000 -0.000 -0.058
100.640 0.128 -0.007 -0.333 0.000 -0.000 -0.058
100.853 0.128 -0.010 -0.005 0.000 -0.000 -0.062
101.053 0.130 -0.010 0.235 0.000 -0.000 -0.062
101.216 0.135 -0.010 0.280 0.000 -0.000 -0.055
101.318 0.135 -0.000 0.275 0.000 -0.000 -0.048
101.406 0.133 -0.000 0.265 0.000 -0.000 -0.043
101.495 0.135 0.007 0.263 0.000 -0.000 -0.037
101.592 0.133 0.013 0.253 0.000 -0.000 -0.035
101.707 0.180 -0.040 0.260 0.000 -0.000 -0.035
101.814 0.135 0.022 0.198 0.000 -0.000 -0.035
101.893 0.147 0.010 0.190 0.000 -0.000 -0.035
101.992 0.133 0.028 0.180 0.000 -0.000 -0.035
102.198 0.113 0.045 0.037 0.000 -0.000 -0.035
102.432 0.102 0.058 -0.068 0.000 -0.000 -0.035
102.642 0.105 0.060 -0.033 0.000 -0.000 -0.040
102.828 0.100 0.065 -0.210 0.000 -0.000 -0.045
103.024 0.098 0.070 -0.273 0.000 -0.000 -0.048
103.390 0.085 0.060 -0.083 0.000 -0.000 -0.050
103.697 0.070 0.055 -0.025 0.000 -0.000 -0.058
104.097 0.060 0.052 0.072 0.000 -0.000 -0.052
104.193 0.045 0.048 0.072 0.000 -0.000 -0.048
104.456 0.040 0.045 0.050 0.000 -0.000 -0.048
104.708 0.035 0.043 0.015 0.000 -0.000 -0.048
104.957 0.028 0.040 -0.050 0.000 -0.000 -0.048
105.184 0.020 0.037 -0.125 0.000 -0.000 -0.050
105.472 0.015 0.035 -0.203 0.000 -0.000 -0.050
105.753 0.010 0.033 -0.285 0.000 -0.000 -0.052
106.102 0.005 0.030 -0.333 0.000 -0.000 -0.055
106.379 0.000 0.028 -0.268 0.000 -0.000 -0.060
106.579 0.000 0.025 -0.140 0.000 -0.000 -0.062
106.750 0.003 0.025 0.007 0.000 -0.000 -0.060
106.939 0.003 0.022 0.100 0.000 -0.000 -0.060
107.164 0.005 0.022 0.188 0.000 -0.000 -0.058
107.371 0.007 0.022 0.203 0.000 -0.000 -0.058
107.468 0.007 0.020 0.195 0.000 -0.000 -0.055
107.630 0.010 0.020 0.168 0.000 -0.000 -0.052
107.849 0.010 0.020 0.095 0.000 -0.000 -0.052
108.021 0.007 0.020 -0.010 0.000 -0.000 -0.052
108.208 0.007 0.020 -0.095 0.000 -0.000 -0.052
108.375 0.005 0.020 -0.168 0.000 -0.000 -0.052
108.533 0.003 0.020 -0.233 0.000 -0.000 -0.052
108.719 0.003 0.020 -0.282 0.000 -0.000 -0.055
108.891 0.000 0.018 -0.312 0.000 -0.000 -0.058
109.055 0.000 0.018 -0.300 0.000 -0.000 -0.060
109.238 -0.003 0.018 -0.265 0.000 -0.000 -0.060
109.414 -0.003 0.015 -0.172 0.000 -0.000 -0.062
109.582 -0.003 0.015 -0.070 0.000 -0.000 -0.062
109.780 -0.003 0.013 0.035 0.000 -0.000 -0.062
110.008 0.000 0.013 0.107 0.000 -0.000 -0.060
110.197 0.000 0.010 0.147 0.000 -0.000 -0.058
110.280 0.000 0.010 0.150 0.000 -0.000 -0.058
110.372 0.000 0.010 0.147 0.000 -0.000 -0.055
110.542 0.000 0.010 0.122 0.000 -0.000 -0.058
110.715 0.000 0.007 0.080 0.000 -0.000 -0.055
110.915 0.000 0.007 0.020 0.000 -0.000 -0.055
111.129 0.000 0.007 -0.048 0.000 -0.000 -0.055
111.326 0.000 0.007 -0.117 0.000 -0.000 -0.058
111.574 0.000 0.007 -0.180 0.000 -0.000 -0.058
111.777 -0.003 0.005 -0.253 0.000 -0.000 -0.060
111.976 -0.005 0.005 -0.295 0.000 -0.000 -0.060
112.200 -0.005 0.005 -0.315 0.000 -0.000 -0.062
112.385 -0.007 0.005 -0.265 0.000 -0.000 -0.065
112.589 -0.007 0.003 -0.185 0.000 -0.000 -0.065
112.767 -0.007 0.003 -0.070 0.000 -0.000 -0.065
113.022 -0.005 0.003 0.015 0.000 -0.000 -0.062
113.226 0.000 0.003 0.117 0.000 -0.000 -0.058
113.414 0.000 0.003 0.155 0.000 -0.000 -0.055
113.603 0.003 0.003 0.145 0.000 -0.000 -0.055
113.793 0.003 0.003 0.115 0.000 -0.000 -0.058
113.977 0.003 0.003 0.052 0.000 -0.000 -0.058
114.148 0.005 0.003 -0.013 0.000 -0.000 -0.058
114.342 0.005 0.003 -0.070 0.000 -0.000 -0.058
114.514 0.005 0.003 -0.138 0.000 -0.000 -0.058
114.716 0.003 0.003 -0.193 0.000 -0.000 -0.055
114.888 0.000 0.003 -0.247 0.000 -0.000 -0.055
115.061 0.000 0.003 -0.275 0.000 -0.000 -0.058
115.233 0.000 0.003 -0.287 0.000 -0.000 -0.060
115.401 -0.003 0.003 -0.260 0.000 -0.000 -0.065
115.571 -0.003 0.003 -0.200 0.000 -0.000 -0.068
115.746 -0.003 0.003 -0.145 0.000 -0.000 -0.068
115.920 0.000 0.003 -0.035 0.000 -0.000 -0.062
116.110 0.000 0.003 0.043 0.000 -0.000 -0.058
116.306 0.000 0.003 0.090 0.000 -0.000 -0.055
116.475 0.003 0.003 0.105 0.000 -0.000 -0.058
116.564 0.003 0.003 0.105 0.000 -0.000 -0.058
116.737 0.003 0.003 0.095 0.000 -0.000 -0.058
116.930 0.005 0.003 0.072 0.000 -0.000 -0.058
117.121 0.005 0.005 0.020 0.000 -0.000 -0.058
117.335 0.005 0.005 -0.030 0.000 -0.000 -0.055
117.506 0.003 0.005 -0.092 0.000 -0.000 -0.055
117.695 0.003 0.005 -0.142 0.000 -0.000 -0.055
117.935 0.003 0.005 -0.205 0.000 -0.000 -0.055
118.125 0.000 0.005 -0.275 0.000 -0.000 -0.058
118.309 0.000 0.005 -0.320 0.000 -0.000 -0.058
118.476 -0.003 0.003 -0.330 0.000 -0.000 -0.062
118.648 -0.003 0.003 -0.290 0.000 -0.000 -0.065
118.829 -0.003 0.003 -0.212 0.000 -0.000 -0.068
119.004 -0.005 -0.000 -0.085 0.000 -0.000 -0.068
119.200 -0.003 -0.000 0.033 0.000 -0.000 -0.062
119.438 0.000 -0.000 0.125 0.000 -0.000 -0.058
119.642 0.000 -0.000 0.190 0.000 -0.000 -0.055
119.842 0.003 -0.000 0.200 0.000 -0.000 -0.055
120.005 0.003 0.003 0.170 0.000 -0.000 -0.058
120.186 0.003 0.003 0.113 0.000 -0.000 -0.058
120.339 0.005 0.003 0.025 0.000 -0.000 -0.058
120.509 0.005 0.003 -0.043 0.000 -0.000 -0.058
120.696 0.005 0.003 -0.110 0.000 -0.000 -0.058
120.905 0.003 0.003 -0.180 0.000 -0.000 -0.058
121.081 0.000 0.003 -0.247 0.000 -0.000 -0.055
121.269 0.000 0.003 -0.295 0.000 -0.000 -0.055
121.524 -0.003 0.003 -0.330 0.000 -0.000 -0.060
121.723 0.000 0.005 -0.280 0.000 -0.000 -0.068
121.948 -0.003 0.007 -0.203 0.000 -0.000 -0.070
122.125 0.000 0.005 -0.045 0.000 -0.000 -0.070
122.322 0.000 0.003 0.068 0.000 -0.000 -0.065
122.605 0.000 0.005 0.175 0.000 -0.000 -0.058
122.830 0.000 0.005 0.203 0.000 -0.000 -0.055
122.928 0.000 0.007 0.195 0.000 -0.000 -0.055
123.045 0.003 0.007 0.190 0.000 -0.000 -0.055
123.199 0.003 0.007 0.160 0.000 -0.000 -0.055
123.381 0.003 0.007 0.092 0.000 -0.000 -0.055
123.602 0.003 0.007 0.003 0.000 -0.000 -0.055
123.778 0.000 0.007 -0.100 0.000 -0.000 -0.055
123.957 0.000 0.007 -0.168 0.000 -0.000 -0.058
124.183 0.000 0.007 -0.228 0.000 -0.000 -0.058
124.373 -0.003 0.007 -0.287 0.000 -0.000 -0.060
124.573 -0.005 0.007 -0.310 0.000 -0.000 -0.062
124.757 -0.007 0.007 -0.290 0.000 -0.000 -0.065
124.938 -0.007 0.007 -0.228 0.000 -0.000 -0.068
125.099 -0.007 0.007 -0.145 0.000 -0.000 -0.068
125.279 -0.005 0.010 -0.055 0.000 -0.000 -0.068
125.487 -0.003 0.010 0.040 0.000 -0.000 -0.062
125.690 0.000 0.010 0.098 0.000 -0.000 -0.052
125.981 0.000 0.010 0.090 0.000 -0.000 -0.035
126.272 0.003 0.013 0.055 0.000 -0.000 -0.025
126.514 0.003 0.013 -0.007 0.000 -0.000 -0.022
126.784 0.005 0.013 -0.075 0.000 -0.000 -0.020
127.117 0.005 0.013 -0.140 0.000 -0.000 -0.018
127.414 0.005 0.013 -0.212 0.000 -0.000 -0.020
127.726 0.003 0.015 -0.287 0.000 -0.000 -0.030
127.998 0.000 0.015 -0.343 0.000 -0.000 -0.052
128.293 0.000 0.015 -0.325 0.000 -0.000 -0.065
128.518 0.000 0.015 -0.180 0.000 -0.000 -0.072
128.700 0.003 0.015 -0.028 0.000 -0.000 -0.070
128.897 0.005 0.015 0.117 0.000 -0.000 -0.065
129.102 0.007 0.015 0.200 0.000 -0.000 -0.048
129.368 0.007 0.013 0.212 0.000 -0.000 -0.033
129.474 0.010 0.013 0.205 0.000 -0.000 -0.022
129.678 0.013 0.013 0.190 0.000 -0.000 -0.018
129.875 0.013 0.013 0.087 0.000 -0.000 -0.015
130.153 0.013 0.013 -0.025 0.000 -0.000 -0.010
130.400 0.013 0.013 -0.140 0.000 -0.000 -0.005
130.617 0.010 0.010 -0.193 0.000 -0.000 -0.005
130.930 0.010 0.010 -0.228 0.000 -0.000 -0.007
131.219 0.007 0.013 -0.278 0.000 -0.000 -0.022
131.350 0.007 0.013 -0.278 0.000 -0.000 -0.035
131.616 0.005 0.013 -0.268 0.000 -0.000 -0.040
131.894 0.005 0.013 -0.185 0.000 -0.000 -0.050
132.204 0.007 0.013 -0.058 0.000 -0.000 -0.060
132.488 0.013 0.013 0.092 0.000 -0.000 -0.055
132.697 0.015 0.013 0.160 0.000 -0.000 -0.045
132.977 0.018 0.013 0.185 0.000 -0.000 -0.035
133.270 0.018 0.010 0.133 0.000 -0.000 -0.022
133.537 0.018 0.010 0.000 0.000 -0.000 -0.010
133.803 0.018 0.007 -0.117 0.000 -0.000 -0.007
134.023 0.015 0.007 -0.185 0.000 -0.000 -0.007
134.262 0.015 0.007 -0.230 0.000 -0.000 -0.013
134.533 0.015 0.010 -0.297 0.000 -0.000 -0.022
134.843 0.013 0.010 -0.302 0.000 -0.000 -0.037
135.130 0.013 0.010 -0.245 0.000 -0.000 -0.052
135.466 0.015 0.010 -0.100 0.000 -0.000 -0.060
135.817 0.020 0.010 0.102 0.000 -0.000 -0.055
136.226 0.022 0.010 0.210 0.000 -0.000 -0.035
136.434 0.025 0.010 0.203 0.000 -0.000 -0.003
136.534 0.000 0.037 0.193 0.000 -0.000 0.075
136.569 0.000 0.037 0.185 0.000 -0.000 0.072
136.602 0.000 0.037 0.182 0.000 -0.000 0.072
136.782 0.000 0.037 0.163 0.000 -0.000 0.072
136.978 0.003 0.037 0.083 0.000 -0.000 0.065
137.143 0.005 0.035 -0.013 0.000 -0.000 0.060
137.319 0.005 0.033 -0.092 0.000 -0.000 0.055
137.496 0.007 0.030 -0.155 0.000 -0.000 0.052
137.675 0.007 0.028 -0.210 0.000 -0.000 0.050
137.849 0.010 0.025 -0.255 0.000 -0.000 0.050
138.028 0.010 0.025 -0.282 0.000 -0.000 0.050
138.215 0.010 0.022 -0.320 0.000 -0.000 0.050
138.446 0.010 0.020 -0.245 0.000 -0.000 0.052
138.595 0.013 0.020 -0.142 0.000 -0.000 0.055
138.781 0.015 0.018 -0.065 0.000 -0.000 0.055
139.002 0.018 0.018 0.028 0.000 -0.000 0.058
139.178 0.020 0.015 0.092 0.000 -0.000 0.060
139.353 0.022 0.015 0.113 0.000 -0.000 0.060
139.445 0.025 0.013 0.113 0.000 -0.000 0.060
139.634 0.025 0.013 0.105 0.000 -0.000 0.058
139.817 0.025 0.010 0.068 0.000 -0.000 0.058
140.020 0.025 0.007 0.013 0.000 -0.000 0.058
140.206 0.025 0.005 -0.043 0.000 -0.000 0.055
140.375 0.022 0.003 -0.092 0.000 -0.000 0.055
140.555 0.020 -0.000 -0.140 0.000 -0.000 0.055
140.737 0.018 -0.000 -0.190 0.000 -0.000 0.052
140.894 0.018 -0.000 -0.245 0.000 -0.000 0.052
141.089 0.013 -0.003 -0.278 0.000 -0.000 0.052
141.170 0.010 -0.003 -0.278 0.000 -0.000 0.052
141.309 0.010 -0.003 -0.278 0.000 -0.000 0.055
141.523 0.010 -0.003 -0.250 0.000 -0.000 0.055
141.720 0.007 -0.005 -0.165 0.000 -0.000 0.055
141.930 0.010 -0.005 -0.060 0.000 -0.000 0.055
142.110 0.013 -0.007 0.037 0.000 -0.000 0.060
142.271 0.015 -0.007 0.087 0.000 -0.000 0.060
142.442 0.018 -0.007 0.113 0.000 -0.000 0.062
142.538 0.018 -0.010 0.113 0.000 -0.000 0.060
142.631 0.020 -0.010 0.113 0.000 -0.000 0.060
142.805 0.020 -0.010 0.092 0.000 -0.000 0.058
143.025 0.020 -0.010 0.050 0.000 -0.000 0.058
143.216 0.018 -0.013 -0.010 0.000 -0.000 0.058
143.396 0.018 -0.015 -0.068 0.000 -0.000 0.055
143.574 0.015 -0.018 -0.110 0.000 -0.000 0.055
143.759 0.013 -0.018 -0.160 0.000 -0.000 0.052
143.931 0.010 -0.018 -0.210 0.000 -0.000 0.052
144.111 0.007 -0.020 -0.253 0.000 -0.000 0.052
144.265 0.005 -0.020 -0.273 0.000 -0.000 0.052
144.358 0.003 -0.020 -0.273 0.000 -0.000 0.052
144.545 0.003 -0.020 -0.250 0.000 -0.000 0.055
144.788 0.003 -0.020 -0.195 0.000 -0.000 0.055
144.957 0.003 -0.022 -0.098 0.000 -0.000 0.055
145.155 0.003 -0.022 -0.005 0.000 -0.000 0.055
145.336 0.005 -0.022 0.055 0.000 -0.000 0.055
145.509 0.007 -0.025 0.083 0.000 -0.000 0.055
145.682 0.007 -0.025 0.090 0.000 -0.000 0.055
146.008 0.007 -0.025 0.052 0.000 -0.000 0.040
146.388 0.007 -0.028 -0.037 0.000 -0.000 0.010
146.718 0.007 -0.025 -0.138 0.000 -0.000 -0.005
146.962 0.005 -0.022 -0.188 0.000 -0.000 -0.007
147.266 0.003 -0.028 -0.233 0.000 -0.000 -0.010
147.643 0.000 -0.030 -0.305 0.000 -0.000 -0.022
147.941 0.000 -0.035 -0.328 0.000 -0.000 -0.045
148.255 0.000 -0.037 -0.245 0.000 -0.000 -0.058
148.584 0.000 -0.040 -0.068 0.000 -0.000 -0.058
148.980 0.005 -0.045 0.142 0.000 -0.000 -0.050
149.275 0.015 -0.045 0.220 0.000 -0.000 -0.015
149.390 0.020 -0.043 0.215 0.000 -0.000 0.007
149.506 0.025 -0.043 0.215 0.000 -0.000 0.022
149.635 0.025 -0.043 0.207 0.000 -0.000 0.028
149.770 0.028 -0.043 0.198 0.000 -0.000 0.025
149.954 0.028 -0.043 0.170 0.000 -0.000 0.020
150.150 0.030 -0.043 0.020 0.000 -0.000 0.020
150.487 0.033 -0.037 -0.215 0.000 -0.000 0.013
150.775 0.037 -0.040 -0.350 0.000 -0.000 0.010
151.148 0.040 -0.043 -0.427 0.000 -0.000 -0.000
151.437 0.018 -0.040 -0.287 0.000 -0.000 -0.018
151.723 0.018 -0.043 -0.410 0.000 -0.000 -0.028
151.902 0.015 -0.045 0.235 0.000 -0.000 -0.018
152.106 0.015 -0.048 0.255 0.000 -0.000 -0.018
152.275 0.018 -0.050 0.268 0.000 -0.000 -0.000
152.381 0.022 -0.050 0.263 0.000 -0.000 0.007
152.506 0.025 -0.052 0.245 0.000 -0.000 0.020
152.619 0.025 -0.052 0.240 0.000 -0.000 0.025
152.728 0.028 -0.052 0.212 0.000 -0.000 0.028
152.869 0.028 -0.055 0.193 0.000 -0.000 0.028
152.975 0.028 -0.055 0.175 0.000 -0.000 0.020
153.078 0.028 -0.055 0.168 0.000 -0.000 0.018
153.322 0.028 -0.055 0.145 0.000 -0.000 0.015
153.557 0.028 -0.055 0.043 0.000 -0.000 0.015
153.842 0.028 -0.055 -0.058 0.000 -0.000 0.013
154.127 0.025 -0.052 -0.150 0.000 -0.000 0.005
154.127 0.025 -0.052 -0.150 0.000 -0.000 0.005
154.127 0.025 -0.052 -0.150 0.000 -0.000 0.005
154.142 0.025 -0.052 -0.150 0.000 -0.000 0.005
154.242 0.000 -0.000 0.000 0.000 -0.000 -0.000
154.343 0.000 -0.000 0.000 0.000 -0.000 -0.000
154.442 0.000 -0.000 0.000 0.000 -0.000 -0.000
154.542 0.000 -0.000 0.000 0.000 -0.000 -0.000
154.642 0.000 -0.000 0.000 0.000 -0.000 -0.000
154.742 0.000 -0.000 0.000 0.000 -0.000 -0.000
154.843 0.000 -0.000 0.000 0.000 -0.000 -0.000
154.943 0.000 -0.000 0.000 0.000 -0.000 -0.000
155.043 0.000 -0.000 0.000 0.000 -0.000 -0.000
155.142 0.000 -0.000 0.000 0.000 -0.000 -0.000
155.242 0.000 -0.000 0.000 0.000 -0.000 -0.000
155.342 0.000 -0.000 0.000 0.000 -0.000 -0.000
155.443 0.000 -0.000 0.000 0.000 -0.000 -0.000
155.543 0.000 -0.000 0.000 0.000 -0.000 -0.000
155.643 0.000 -0.000 0.000 0.000 -0.000 -0.000
155.743 0.000 -0.000 0.000 0.000 -0.000 -0.000
155.843 0.000 -0.000 0.000 0.000 -0.000 -0.000
155.943 0.000 -0.000 0.000 0.000 -0.000 -0.000
156.043 0.000 -0.000 0.000 0.000 -0.000 -0.000
156.143 0.000 -0.000 0.000 0.000 -0.000 -0.000
156.243 0.000 -0.000 0.000 0.000 -0.000 -0.000
156.343 0.000 -0.000 0.000 0.000 -0.000 -0.000
156.443 0.000 -0.000 0.000 0.000 -0.000 -0.000
156.543 0.000 -0.000 0.000 0.000 -0.000 -0.000
157.104 0.005 -0.055 -0.500 0.000 -0.000 0.025
157.256 0.005 -0.052 -0.500 0.000 -0.000 0.020
157.334 0.005 -0.052 -0.500 0.000 -0.000 0.015
157.402 0.005 -0.052 -0.500 0.000 -0.000 0.007
157.488 0.005 -0.052 -0.500 0.000 -0.000 0.003
157.641 0.005 -0.055 -0.500 0.000 -0.000 -0.005
157.804 0.005 -0.055 -0.500 0.000 -0.000 -0.020
157.942 0.003 -0.052 -0.500 0.000 -0.000 -0.025
158.061 0.000 -0.050 -0.500 0.000 -0.000 -0.028
158.198 0.000 -0.048 -0.500 0.000 -0.000 -0.030
158.334 -0.007 -0.040 -0.500 0.000 -0.000 -0.035
158.334 -0.007 -0.040 -0.500 0.000 -0.000 -0.035
158.434 -0.007 -0.040 -0.500 0.000 -0.000 -0.035
158.535 -0.007 -0.040 -0.500 0.000 -0.000 -0.035
158.634 -0.007 -0.040 -0.500 0.000 -0.000 -0.035
158.735 -0.007 -0.040 -0.500 0.000 -0.000 -0.035
158.834 -0.007 -0.040 -0.500 0.000 -0.000 -0.035
158.935 -0.007 -0.040 -0.500 0.000 -0.000 -0.035
159.035 -0.007 -0.040 -0.500 0.000 -0.000 -0.035
159.134 -0.007 -0.040 -0.500 0.000 -0.000 -0.035
159.235 -0.007 -0.040 -0.500 0.000 -0.000 -0.035
159.334 -0.007 -0.040 -0.500 0.000 -0.000 -0.035
159.435 -0.007 -0.040 -0.500 0.000 -0.000 -0.035
159.534 -0.007 -0.040 -0.500 0.000 -0.000 -0.035
159.634 -0.007 -0.040 -0.500 0.000 -0.000 -0.035
159.735 -0.007 -0.040 -0.500 0.000 -0.000 -0.035
160.107 0.160 0.092 0.405 0.000 -0.000 0.060
160.228 0.190 0.117 0.430 0.000 -0.000 0.060
160.354 0.203 0.130 0.443 0.000 -0.000 0.060
160.720 0.000 -0.000 0.000 0.000 -0.000 -0.000
160.720 0.000 -0.000 0.000 0.000 -0.000 -0.000
160.822 0.000 -0.000 0.000 0.000 -0.000 -0.000
160.920 0.000 -0.000 0.000 0.000 -0.000 -0.000
161.021 0.000 -0.000 0.000 0.000 -0.000 -0.000
161.120 0.000 -0.000 0.000 0.000 -0.000 -0.000
161.221 0.000 -0.000 0.000 0.000 -0.000 -0.000
161.320 0.000 -0.000 0.300 0.000 -0.000 -0.000
161.421 0.000 -0.000 0.300 0.000 -0.000 -0.000
161.521 0.000 -0.000 0.300 0.000 -0.000 -0.000
161.621 0.000 -0.000 0.300 0.000 -0.000 -0.000
161.721 0.000 -0.000 0.300 0.000 -0.000 -0.000
161.821 0.000 -0.000 0.000 0.000 -0.000 -0.000
161.921 0.000 -0.000 0.000 0.000 -0.000 -0.000
162.023 0.000 -0.000 0.000 0.000 -0.000 -0.300
162.122 0.000 -0.000 0.000 0.000 -0.000 -0.300
162.221 0.000 -0.000 0.000 0.000 -0.000 -0.300
162.321 0.000 -0.000 0.000 0.000 -0.000 -0.180
162.421 0.000 -0.300 0.000 0.000 -0.000 -0.000
162.522 0.000 -0.300 0.000 0.000 -0.000 -0.000
162.622 0.000 -0.300 0.000 0.000 -0.000 -0.000
162.721 0.000 -0.300 0.000 0.000 -0.000 -0.000
162.822 0.000 -0.000 0.000 0.000 -0.000 -0.000
162.922 0.000 -0.000 0.000 0.000 -0.000 -0.000
163.022 0.000 -0.000 0.000 0.000 -0.000 -0.000
163.121 0.092 -0.117 0.000 0.000 -0.000 -0.000
163.223 0.300 -0.300 0.000 0.000 -0.000 -0.000
163.322 0.300 -0.300 0.000 0.000 -0.000 -0.285
163.422 0.300 -0.297 0.000 0.000 -0.000 -0.098
163.523 0.135 -0.000 0.000 0.000 -0.000 -0.000
163.622 0.000 -0.000 0.000 0.000 -0.000 -0.000
163.721 0.000 -0.000 0.000 0.000 -0.000 -0.000
163.821 0.000 -0.000 0.000 0.000 -0.000 -0.000
163.922 0.000 -0.000 0.000 0.000 -0.000 -0.000
164.022 0.000 -0.000 0.000 0.000 -0.000 -0.000
164.122 0.000 -0.000 0.000 0.000 -0.000 -0.000
164.221 0.000 -0.000 0.000 0.000 -0.000 -0.000
164.321 0.000 -0.000 0.000 0.000 -0.000 -0.000
164.421 0.000 -0.000 0.300 0.000 -0.000 -0.000
164.521 0.000 -0.000 0.300 0.000 -0.000 -0.000
164.622 0.000 -0.000 0.300 0.000 -0.000 -0.000
164.722 0.000 -0.000 0.300 0.000 -0.000 -0.000
164.821 0.000 -0.000 0.300 0.000 -0.000 -0.000
164.921 0.000 -0.000 0.000 0.000 -0.000 -0.000
165.022 0.000 -0.000 0.000 0.000 -0.000 -0.000
165.121 0.000 -0.000 0.000 0.000 -0.000 -0.000
165.221 0.000 -0.000 0.000 0.000 -0.000 -0.000
165.321 0.000 -0.000 0.000 0.000 -0.000 -0.000
165.421 0.000 -0.000 0.000 0.000 -0.000 -0.000
165.521 0.000 -0.000 0.000 0.000 -0.000 -0.000
165.622 0.000 -0.000 0.000 0.000 -0.000 -0.000
165.721 0.000 -0.000 0.000 0.000 -0.000 -0.000
165.822 0.000 -0.000 0.000 0.000 -0.000 -0.000
165.922 0.000 -0.000 0.000 0.000 -0.000 -0.000
166.021 0.000 -0.000 0.000 0.000 -0.000 -0.000
166.122 0.000 -0.000 0.000 0.000 -0.000 -0.000
166.222 0.000 -0.000 0.000 0.000 -0.000 -0.000
166.323 0.000 -0.000 0.000 0.000 -0.000 -0.000
166.420 0.000 -0.000 0.000 0.000 -0.000 -0.000
166.521 0.000 -0.000 0.000 0.000 -0.000 -0.000
166.621 0.000 -0.000 0.000 0.000 -0.000 -0.000
166.721 0.000 -0.000 0.000 0.000 -0.000 -0.000
166.821 0.000 -0.000 0.000 0.000 -0.000 -0.000
166.922 0.000 -0.000 0.000 0.000 -0.000 -0.000
167.021 0.000 -0.000 0.000 0.000 -0.000 -0.000
167.121 0.000 -0.000 0.000 0.000 -0.000 -0.000
167.222 0.000 -0.000 0.000 0.000 -0.000 -0.000
167.322 0.000 -0.000 0.000 0.000 -0.000 -0.300
167.422 0.000 -0.000 0.000 0.000 -0.000 -0.300
167.522 0.000 -0.000 0.000 0.000 -0.000 -0.300
167.622 0.000 -0.000 0.000 0.000 -0.000 -0.300
167.725 0.000 -0.000 0.000 0.000 -0.000 -0.182
167.822 0.300 -0.000 0.000 0.000 -0.000 -0.000
167.921 0.300 -0.000 0.000 0.000 -0.000 -0.000
168.021 0.300 -0.052 0.000 0.000 -0.000 -0.028
168.121 0.000 -0.000 0.000 0.000 -0.000 -0.263
168.222 0.000 -0.000 0.000 0.000 -0.000 -0.052
168.321 0.128 -0.000 0.000 0.000 -0.000 -0.000
168.422 0.300 -0.000 0.000 0.000 -0.000 0.300
168.522 0.300 0.077 0.000 0.000 -0.000 0.300
168.621 0.300 0.300 0.000 0.000 -0.000 0.300
168.722 0.300 0.300 0.000 0.000 -0.000 0.300
168.822 0.300 0.122 0.000 0.000 -0.000 -0.000
168.921 0.300 0.105 0.000 0.000 -0.000 -0.000
169.021 0.300 0.105 0.000 0.000 -0.000 -0.000
169.121 0.300 0.105 0.000 0.000 -0.000 -0.000
169.221 0.300 0.105 0.000 0.000 -0.000 -0.000
169.322 0.300 0.105 0.000 0.000 -0.000 -0.000
169.421 0.300 0.105 0.000 0.000 -0.000 -0.000
169.521 0.300 0.092 0.000 0.000 -0.000 -0.000
169.621 0.300 -0.000 0.000 0.000 -0.000 -0.000
169.721 0.010 -0.000 0.000 0.000 -0.000 -0.000
169.820 0.000 -0.000 0.000 0.000 -0.000 -0.000
169.921 0.000 -0.000 0.000 0.000 -0.000 -0.000
170.021 0.000 -0.000 0.000 0.000 -0.000 -0.000
170.121 0.000 -0.000 0.000 0.000 -0.000 -0.000
170.221 0.000 -0.300 0.000 0.000 -0.000 -0.182
170.321 0.040 -0.300 0.000 0.000 -0.000 -0.300
170.421 0.128 -0.175 0.000 0.000 -0.000 -0.300
170.521 0.000 -0.000 0.000 0.000 -0.000 -0.000
170.621 0.000 -0.000 0.000 0.000 -0.000 -0.000
170.722 0.000 -0.000 0.000 0.000 -0.000 -0.000
170.821 0.000 -0.000 0.000 0.000 -0.000 -0.000
170.920 0.000 -0.000 0.000 0.000 -0.000 -0.000
171.021 0.000 -0.000 0.000 0.000 -0.000 -0.000
171.122 0.000 -0.000 0.000 0.000 -0.000 -0.000
171.221 0.000 -0.000 0.000 0.000 -0.000 -0.000
171.321 0.000 -0.000 0.000 0.000 -0.000 -0.000
171.421 0.000 -0.000 0.000 0.000 -0.000 -0.000
171.521 0.000 -0.000 0.000 0.000 -0.000 -0.000
171.621 0.000 -0.000 0.000 0.000 -0.000 -0.000
171.721 0.000 -0.000 0.000 0.000 -0.000 -0.000
171.822 0.000 -0.000 -0.300 0.000 -0.000 -0.000
171.922 0.000 -0.000 -0.300 0.000 -0.000 -0.000
172.022 0.000 -0.000 -0.300 0.000 -0.000 -0.000
172.121 0.000 -0.000 -0.300 0.000 -0.000 -0.000
172.221 0.000 -0.000 -0.300 0.000 -0.000 -0.000
172.321 0.000 -0.000 -0.300 0.000 -0.000 -0.000
172.421 0.000 -0.000 0.000 0.000 -0.000 -0.000
172.521 0.000 -0.000 -0.300 0.000 -0.000 -0.000
172.621 0.000 -0.000 -0.300 0.000 -0.000 -0.000
172.721 0.000 -0.000 -0.300 0.000 -0.000 -0.000
172.821 0.000 -0.000 0.000 0.000 -0.000 -0.000
172.921 0.000 -0.000 0.000 0.000 -0.000 -0.000
173.022 0.000 -0.000 0.000 0.000 -0.000 -0.000
173.121 0.000 -0.000 0.000 0.000 -0.000 -0.000
173.222 0.000 -0.000 0.000 0.000 -0.000 -0.000
173.321 0.000 -0.000 0.000 0.000 -0.000 -0.000
173.421 0.000 -0.000 0.000 0.000 -0.000 -0.000
173.522 0.000 -0.000 0.000 0.000 -0.000 -0.000
173.621 0.000 -0.000 0.000 0.000 -0.000 -0.000
173.721 0.000 -0.000 0.000 0.000 -0.000 -0.000
173.821 0.000 -0.000 0.000 0.000 -0.000 -0.000
173.921 0.000 -0.000 0.000 0.000 -0.000 -0.000
174.318 -0.177 -0.080 -0.495 0.000 -0.000 -0.062
174.461 -0.177 -0.085 -0.497 0.000 -0.000 -0.062
174.557 -0.177 -0.092 -0.497 0.000 -0.000 -0.055
174.664 -0.172 -0.100 -0.497 0.000 -0.000 -0.050
174.750 -0.168 -0.113 -0.500 0.000 -0.000 -0.043
174.870 -0.165 -0.117 -0.500 0.000 -0.000 -0.045
174.974 -0.163 -0.122 -0.497 0.000 -0.000 -0.048
175.075 -0.160 -0.130 -0.500 0.000 -0.000 -0.048
175.177 -0.142 -0.117 -0.448 0.000 -0.000 -0.048
175.276 -0.130 -0.125 -0.430 0.000 -0.000 -0.048
175.403 -0.120 -0.128 -0.412 0.000 -0.000 -0.048
175.536 -0.110 -0.128 -0.400 0.000 -0.000 -0.050
175.670 -0.095 -0.128 -0.385 0.000 -0.000 -0.052
175.790 -0.080 -0.130 -0.365 0.000 -0.000 -0.052
175.875 -0.062 -0.128 -0.355 0.000 -0.000 -0.055
175.971 -0.055 -0.125 -0.350 0.000 -0.000 -0.055
176.157 -0.043 -0.120 -0.297 0.000 -0.000 -0.052
176.397 -0.020 -0.113 -0.155 0.000 -0.000 -0.050
176.734 0.065 0.072 0.015 0.000 -0.000 -0.050
176.995 0.072 0.100 0.070 0.000 -0.000 -0.045
177.253 0.092 0.133 -0.375 0.000 -0.000 -0.043
177.481 0.090 0.115 0.003 0.000 -0.000 -0.043
177.898 -0.147 0.072 -0.147 0.000 -0.000 0.025
178.224 0.100 0.102 -0.035 0.000 -0.000 -0.048
178.514 0.102 0.098 -0.105 0.000 -0.000 -0.068
178.716 0.102 0.098 -0.150 0.000 -0.000 -0.060
179.016 0.095 0.098 -0.193 0.000 -0.000 -0.058
179.294 0.077 0.098 -0.253 0.000 -0.000 -0.052
179.506 0.060 0.098 -0.260 0.000 -0.000 -0.052
179.768 0.050 0.095 -0.230 0.000 -0.000 -0.055
180.107 0.037 0.095 -0.135 0.000 -0.000 -0.060
180.374 0.028 0.092 0.000 0.000 -0.000 -0.060
180.662 0.015 0.092 0.107 0.000 -0.000 -0.055
180.953 0.003 0.090 0.152 0.000 -0.000 -0.048
181.224 -0.007 0.087 0.133 0.000 -0.000 -0.043
181.474 -0.020 0.083 0.065 0.000 -0.000 -0.040
181.707 -0.028 0.080 -0.018 0.000 -0.000 -0.037
181.943 -0.035 0.075 -0.100 0.000 -0.000 -0.037
182.269 -0.043 0.070 -0.160 0.000 -0.000 -0.040
182.587 -0.048 0.065 -0.237 0.000 -0.000 -0.043
182.841 -0.050 0.058 -0.278 0.000 -0.000 -0.048
183.010 -0.050 0.052 -0.268 0.000 -0.000 -0.052
183.171 -0.050 0.052 -0.230 0.000 -0.000 -0.058
183.408 -0.048 0.050 -0.165 0.000 -0.000 -0.062
183.616 -0.048 0.050 -0.048 0.000 -0.000 -0.062
183.799 -0.045 0.048 0.013 0.000 -0.000 -0.062
183.979 -0.045 0.048 0.070 0.000 -0.000 -0.060
184.182 -0.045 0.045 0.098 0.000 -0.000 -0.055
184.349 -0.045 0.040 0.085 0.000 -0.000 -0.050
184.508 -0.045 0.035 0.062 0.000 -0.000 -0.048
184.688 -0.045 0.033 0.020 0.000 -0.000 -0.048
184.855 -0.045 0.030 -0.028 0.000 -0.000 -0.045
185.029 -0.043 0.028 -0.077 0.000 -0.000 -0.048
185.212 -0.043 0.022 -0.128 0.000 -0.000 -0.048
185.372 -0.040 0.020 -0.185 0.000 -0.000 -0.048
185.576 -0.040 0.018 -0.312 0.000 -0.000 -0.048
185.790 -0.040 0.015 -0.275 0.000 -0.000 -0.048
185.956 -0.040 0.013 -0.268 0.000 -0.000 -0.055
186.198 -0.040 0.013 -0.215 0.000 -0.000 -0.058
186.388 -0.040 0.010 -0.117 0.000 -0.000 -0.060
186.560 -0.037 0.010 -0.140 0.000 -0.000 -0.060
186.831 -0.043 0.007 0.072 0.000 -0.000 -0.060
187.016 -0.043 0.005 0.130 0.000 -0.000 -0.058
187.194 -0.043 0.005 0.080 0.000 -0.000 -0.055
187.435 -0.043 0.003 0.142 0.000 -0.000 -0.052
187.665 -0.037 0.003 0.117 0.000 -0.000 -0.050
187.879 -0.035 -0.000 0.050 0.000 -0.000 -0.040
188.174 -0.030 -0.000 -0.052 0.000 -0.000 -0.005
188.446 -0.022 -0.000 -0.152 0.000 -0.000 0.020
188.599 -0.022 -0.000 -0.198 0.000 -0.000 0.020
188.877 -0.020 -0.000 -0.230 0.000 -0.000 0.022
189.136 -0.022 -0.000 -0.285 0.000 -0.000 0.022
189.314 -0.028 -0.000 -0.295 0.000 -0.000 0.020
189.410 -0.028 -0.003 -0.292 0.000 -0.000 0.022
189.675 -0.030 -0.003 -0.255 0.000 -0.000 0.020
189.967 -0.028 -0.003 -0.168 0.000 -0.000 0.007
190.238 -0.030 -0.003 -0.052 0.000 -0.000 0.003
190.585 -0.033 -0.005 0.060 0.000 -0.000 0.005
190.842 -0.035 -0.007 0.177 0.000 -0.000 0.010
191.106 -0.035 -0.007 0.198 0.000 -0.000 0.015
191.412 -0.035 -0.007 0.130 0.000 -0.000 0.015
191.681 -0.033 -0.010 -0.018 0.000 -0.000 0.020
191.907 -0.030 -0.007 -0.138 0.000 -0.000 0.013
192.178 -0.028 -0.007 -0.188 0.000 -0.000 0.007
192.428 -0.030 -0.007 -0.230 0.000 -0.000 0.005
192.798 -0.035 -0.007 -0.255 0.000 -0.000 0.003
193.074 -0.037 -0.007 -0.258 0.000 -0.000 -0.005
193.366 -0.037 -0.007 -0.207 0.000 -0.000 -0.007
193.675 -0.035 -0.007 -0.130 0.000 -0.000 -0.013
194.056 -0.035 -0.010 -0.048 0.000 -0.000 -0.018
194.418 -0.035 -0.013 0.098 0.000 -0.000 -0.028
194.669 -0.030 -0.015 0.145 0.000 -0.000 -0.030
194.935 -0.030 -0.015 0.107 0.000 -0.000 -0.028
195.194 -0.025 -0.015 0.033 0.000 -0.000 -0.018
195.435 -0.020 -0.013 -0.072 0.000 -0.000 -0.007
195.630 -0.015 -0.013 -0.138 0.000 -0.000 -0.007
195.934 -0.015 -0.010 -0.168 0.000 -0.000 -0.010
196.204 -0.015 -0.010 -0.212 0.000 -0.000 -0.015
196.425 -0.018 -0.013 -0.242 0.000 -0.000 -0.025
196.930 0.018 0.007 -0.270 0.000 -0.000 -0.037
197.310 0.018 0.005 -0.198 0.000 -0.000 -0.062
197.756 0.020 -0.000 -0.033 0.000 -0.000 -0.070
198.075 0.020 -0.003 0.180 0.000 -0.000 -0.065
198.385 0.020 -0.003 0.205 0.000 -0.000 -0.040
198.549 0.020 -0.003 0.198 0.000 -0.000 -0.010
198.709 0.022 -0.005 0.190 0.000 -0.000 -0.013
198.983 0.020 -0.003 0.110 0.000 -0.000 -0.000
199.327 0.022 -0.005 -0.043 0.000 -0.000 -0.010
199.665 0.010 -0.003 -0.185 0.000 -0.000 -0.000
199.918 0.010 -0.003 -0.237 0.000 -0.000 -0.003
200.217 0.015 -0.003 -0.315 0.000 -0.000 -0.013
200.519 0.015 -0.003 -0.367 0.000 -0.000 -0.030
200.801 0.015 -0.000 -0.310 0.000 -0.000 -0.043
201.177 0.018 -0.000 -0.163 0.000 -0.000 -0.052
201.529 0.022 0.003 0.125 0.000 -0.000 -0.062
201.809 0.030 0.003 0.228 0.000 -0.000 -0.058
202.007 0.035 -0.000 0.230 0.000 -0.000 -0.052
202.168 0.037 -0.000 0.210 0.000 -0.000 -0.043
202.373 0.033 0.005 0.210 0.000 -0.000 -0.010
202.523 0.037 0.005 0.193 0.000 -0.000 -0.007
202.633 0.037 0.005 0.182 0.000 -0.000 -0.010
202.833 0.037 0.007 0.158 0.000 -0.000 -0.013
203.094 0.035 0.007 0.020 0.000 -0.000 -0.013
203.323 0.022 0.013 -0.058 0.000 -0.000 0.068
203.570 0.022 0.013 -0.155 0.000 -0.000 0.065
203.744 0.020 0.015 -0.237 0.000 -0.000 0.060
203.934 0.018 0.013 -0.300 0.000 -0.000 0.058
204.112 0.015 0.013 -0.343 0.000 -0.000 0.052
204.191 0.013 0.013 -0.343 0.000 -0.000 0.052
204.386 0.010 0.010 -0.315 0.000 -0.000 0.052
204.583 0.010 0.010 -0.245 0.000 -0.000 0.055
204.744 0.010 0.007 -0.105 0.000 -0.000 0.055
204.967 0.013 0.007 0.018 0.000 -0.000 0.055
205.155 0.015 0.005 0.145 0.000 -0.000 0.055
205.474 0.018 0.003 0.188 0.000 -0.000 0.058
205.661 0.022 -0.000 0.193 0.000 -0.000 0.058
205.835 0.025 -0.005 0.150 0.000 -0.000 0.058
205.998 0.022 -0.003 0.055 0.000 -0.000 0.058
206.170 0.022 -0.005 -0.018 0.000 -0.000 0.055
206.489 0.025 -0.007 -0.058 0.000 -0.000 0.055
206.671 0.022 -0.007 -0.147 0.000 -0.000 0.055
206.838 0.020 -0.007 -0.198 0.000 -0.000 0.052
207.080 0.020 -0.010 -0.250 0.000 -0.000 0.052
207.346 0.013 -0.010 -0.307 0.000 -0.000 0.050
207.511 0.007 -0.010 -0.300 0.000 -0.000 0.052
207.694 0.005 -0.010 -0.263 0.000 -0.000 0.052
207.880 0.005 -0.010 -0.163 0.000 -0.000 0.055
208.054 0.005 -0.013 -0.072 0.000 -0.000 0.055
208.275 0.005 -0.013 0.037 0.000 -0.000 0.055
208.526 0.007 -0.013 0.128 0.000 -0.000 0.055
208.750 0.007 -0.015 -0.102 0.000 -0.000 0.055
208.938 0.010 -0.015 0.022 0.000 -0.000 0.055
209.115 0.010 -0.018 -0.107 0.000 -0.000 0.055
209.291 0.013 -0.018 0.010 0.000 -0.000 0.055
209.501 0.013 -0.018 -0.133 0.000 -0.000 0.055
209.699 0.010 -0.020 -0.323 0.000 -0.000 0.052
209.895 0.010 -0.020 -0.370 0.000 -0.000 0.052
210.078 0.013 -0.022 -0.385 0.000 -0.000 0.052
210.149 0.013 -0.022 -0.385 0.000 -0.000 0.052
210.412 0.015 -0.022 -0.370 0.000 -0.000 0.052
210.625 0.018 -0.020 -0.273 0.000 -0.000 0.050
210.901 -0.005 -0.022 0.250 0.000 -0.000 0.050
210.990 -0.010 -0.025 0.212 0.000 -0.000 0.055
211.079 -0.010 -0.025 0.212 0.000 -0.000 0.058
211.163 -0.010 -0.025 0.215 0.000 -0.000 0.060
211.326 0.028 0.022 0.195 0.000 -0.000 0.060
211.408 0.030 0.022 0.190 0.000 -0.000 0.062
211.535 0.033 0.020 0.188 0.000 -0.000 0.062
211.628 0.035 0.018 0.185 0.000 -0.000 0.060
211.763 0.037 0.015 0.188 0.000 -0.000 0.060
211.895 0.040 0.010 0.190 0.000 -0.000 0.058
212.023 0.045 0.005 0.195 0.000 -0.000 0.058
212.143 0.048 -0.000 0.200 0.000 -0.000 0.055
212.260 0.052 -0.003 0.205 0.000 -0.000 0.055
212.395 0.055 -0.007 0.210 0.000 -0.000 0.055
212.523 0.060 -0.015 0.215 0.000 -0.000 0.052
212.674 -0.045 -0.028 0.270 0.000 -0.000 0.052
212.766 -0.050 -0.028 0.242 0.000 -0.000 0.052
212.864 -0.052 -0.030 0.228 0.000 -0.000 0.052
212.955 -0.058 -0.028 0.212 0.000 -0.000 0.055
213.081 -0.062 -0.028 0.190 0.000 -0.000 0.055
213.257 -0.068 -0.025 0.085 0.000 -0.000 0.055
213.467 -0.055 -0.030 0.018 0.000 -0.000 0.052
213.740 -0.062 -0.028 -0.258 0.000 -0.000 0.050
214.018 -0.072 -0.022 -0.492 0.000 -0.000 0.048
214.164 -0.080 -0.020 -0.497 0.000 -0.000 0.048
214.236 -0.085 -0.018 -0.500 0.000 -0.000 0.050
214.352 -0.090 -0.018 -0.500 0.000 -0.000 0.050
214.472 -0.092 -0.015 -0.500 0.000 -0.000 0.050
214.556 -0.098 -0.015 -0.500 0.000 -0.000 0.048
214.677 -0.105 -0.013 -0.500 0.000 -0.000 0.048
214.875 -0.035 -0.025 0.117 0.000 -0.000 0.048
215.023 -0.033 -0.025 0.233 0.000 -0.000 0.048
215.160 -0.030 -0.025 0.258 0.000 -0.000 0.050
215.284 -0.025 -0.028 0.260 0.000 -0.000 0.055
215.328 -0.025 -0.028 0.260 0.000 -0.000 0.058
215.474 -0.028 -0.025 0.253 0.000 -0.000 0.058
215.578 -0.025 -0.025 0.247 0.000 -0.000 0.060
215.707 -0.025 -0.028 0.237 0.000 -0.000 0.062
215.798 -0.028 -0.025 0.225 0.000 -0.000 0.062
215.891 -0.025 -0.025 0.217 0.000 -0.000 0.062
215.978 -0.028 -0.025 0.207 0.000 -0.000 0.060
216.090 -0.025 -0.025 0.198 0.000 -0.000 0.060
216.194 -0.020 -0.025 0.190 0.000 -0.000 0.062
216.283 -0.018 -0.022 0.182 0.000 -0.000 0.060
216.396 -0.020 -0.025 0.175 0.000 -0.000 0.060
216.495 -0.022 -0.022 0.165 0.000 -0.000 0.060
216.495 -0.022 -0.022 0.165 0.000 -0.000 0.060
216.584 0.000 -0.000 0.000 0.000 -0.000 -0.000
216.685 0.000 -0.000 0.000 0.000 -0.000 -0.000
216.785 0.000 -0.000 0.000 0.000 -0.000 -0.000
216.885 0.000 -0.000 0.000 0.000 -0.000 -0.000
216.984 0.000 -0.000 0.000 0.000 -0.000 -0.000
217.085 0.000 -0.000 0.000 0.000 -0.000 -0.000
217.184 0.000 -0.000 0.000 0.000 -0.000 -0.000
217.285 0.000 -0.000 0.000 0.000 -0.000 -0.000
217.384 0.000 -0.000 0.000 0.000 -0.000 -0.000
217.484 0.000 -0.000 0.000 0.000 -0.000 -0.000
217.584 0.000 -0.000 0.000 0.000 -0.000 -0.000
217.684 0.000 -0.000 0.000 0.000 -0.000 -0.000
217.784 0.000 -0.000 0.000 0.000 -0.000 -0.000
217.884 0.000 -0.000 0.000 0.000 -0.000 -0.000
217.985 0.000 -0.000 0.000 0.000 -0.000 -0.000
218.085 0.000 -0.000 0.000 0.000 -0.000 -0.000
218.185 0.000 -0.000 0.000 0.000 -0.000 -0.000
218.285 0.000 -0.000 0.000 0.000 -0.000 -0.000
218.385 0.000 -0.000 0.000 0.000 -0.000 -0.000
218.485 0.000 -0.000 0.000 0.000 -0.000 -0.000
218.585 0.000 -0.000 0.000 0.000 -0.000 -0.000
218.685 0.000 -0.000 0.000 0.000 -0.000 -0.000
218.785 0.000 -0.000 0.000 0.000 -0.000 -0.000
218.885 0.000 -0.000 0.000 0.000 -0.000 -0.000
218.985 0.000 -0.000 0.000 0.000 -0.000 -0.000
219.085 0.000 -0.000 0.000 0.000 -0.000 -0.000
219.185 0.000 -0.000 0.000 0.000 -0.000 -0.000
219.285 0.000 -0.000 0.000 0.000 -0.000 -0.000
219.385 0.000 -0.000 -0.300 0.000 -0.000 -0.000
219.485 0.000 -0.000 -0.300 0.000 -0.000 -0.000
219.585 0.000 -0.000 -0.300 0.000 -0.000 -0.000
219.686 0.000 -0.000 -0.300 0.000 -0.000 -0.000
219.785 0.000 -0.000 -0.300 0.000 -0.000 -0.000
219.885 0.000 -0.000 0.000 0.000 -0.000 -0.000
219.985 0.000 -0.000 0.000 0.000 -0.000 -0.000
220.085 0.000 -0.000 -0.300 0.000 -0.000 -0.000
220.185 0.000 -0.000 0.000 0.000 -0.000 -0.000
220.285 0.000 -0.000 0.000 0.000 -0.000 -0.000
220.385 0.000 -0.000 0.000 0.000 -0.000 -0.000
220.486 0.000 -0.000 0.000 0.000 -0.000 -0.000
220.585 0.000 -0.000 -0.300 0.000 -0.000 -0.000
220.685 0.000 -0.000 -0.300 0.000 -0.000 -0.000
220.785 0.000 -0.000 -0.300 0.000 -0.000 -0.000
220.885 0.000 -0.000 -0.300 0.000 -0.000 -0.000
220.985 0.000 -0.000 -0.300 0.000 -0.000 -0.000
221.085 0.000 -0.000 -0.300 0.000 -0.000 -0.000
221.185 0.000 -0.000 -0.300 0.000 -0.000 -0.000
221.286 0.000 -0.000 -0.300 0.000 -0.000 -0.000
221.385 0.000 -0.000 0.000 0.000 -0.000 -0.000
221.485 0.000 -0.000 0.000 0.000 -0.000 -0.000
221.585 0.000 -0.000 0.000 0.000 -0.000 -0.000
221.685 0.000 -0.000 -0.300 0.000 -0.000 -0.000
221.785 0.000 -0.000 -0.300 0.000 -0.000 -0.000
221.885 0.000 -0.000 -0.300 0.000 -0.000 -0.000
221.985 0.000 -0.000 -0.300 0.000 -0.000 -0.000
222.086 0.000 -0.000 -0.300 0.000 -0.000 -0.000
222.185 0.000 -0.000 -0.300 0.000 -0.000 -0.000
222.285 0.000 -0.000 -0.300 0.000 -0.000 -0.000
222.385 0.000 -0.000 -0.300 0.000 -0.000 -0.000
222.486 0.000 -0.000 -0.300 0.000 -0.000 -0.000
222.585 0.000 -0.000 -0.300 0.000 -0.000 -0.000
222.685 0.000 -0.000 0.000 0.000 -0.000 -0.000
222.785 0.000 -0.000 0.000 0.000 -0.000 -0.000
222.885 0.000 -0.000 -0.300 0.000 -0.000 -0.000
222.985 0.000 -0.000 -0.300 0.000 -0.000 -0.000
223.085 0.000 -0.000 -0.300 0.000 -0.000 -0.000
223.185 0.000 -0.000 -0.300 0.000 -0.000 -0.000
223.285 0.000 -0.000 -0.300 0.000 -0.000 -0.000
223.385 0.000 -0.000 -0.300 0.000 -0.000 -0.000
223.485 0.000 -0.000 -0.300 0.000 -0.000 -0.000
223.585 0.000 -0.000 0.000 0.000 -0.000 -0.000
223.685 0.000 -0.000 0.000 0.000 -0.000 -0.000
224.167 -0.030 -0.003 -0.407 0.000 -0.000 0.058
224.389 -0.030 -0.003 -0.410 0.000 -0.000 0.060
224.594 -0.030 -0.003 -0.420 0.000 -0.000 0.058
224.804 -0.033 -0.003 -0.425 0.000 -0.000 0.052
225.058 -0.030 -0.003 -0.237 0.000 -0.000 0.025
225.375 -0.025 -0.003 -0.035 0.000 -0.000 -0.003
225.634 -0.030 -0.003 0.205 0.000 -0.000 0.005
225.894 -0.033 -0.003 0.270 0.000 -0.000 0.010
226.014 -0.033 -0.003 0.255 0.000 -0.000 0.010
226.129 -0.033 -0.003 0.242 0.000 -0.000 0.015
226.319 -0.033 -0.003 0.203 0.000 -0.000 0.018
226.597 -0.033 -0.005 0.182 0.000 -0.000 0.022
226.859 -0.030 -0.007 0.145 0.000 -0.000 0.020
227.123 -0.028 -0.007 -0.007 0.000 -0.000 0.015
227.474 -0.020 -0.007 -0.150 0.000 -0.000 0.003
227.733 -0.022 -0.010 -0.212 0.000 -0.000 -0.000
227.935 -0.025 -0.010 -0.268 0.000 -0.000 -0.003
228.152 -0.025 -0.010 -0.295 0.000 -0.000 -0.007
228.427 -0.028 -0.010 -0.300 0.000 -0.000 -0.015
228.622 -0.028 -0.010 -0.258 0.000 -0.000 0.058
228.780 -0.025 -0.010 -0.152 0.000 -0.000 0.058
229.006 -0.022 -0.010 -0.048 0.000 -0.000 0.058
229.181 -0.018 -0.010 0.075 0.000 -0.000 0.055
229.398 -0.015 -0.010 0.133 0.000 -0.000 0.055
229.598 -0.010 -0.010 0.152 0.000 -0.000 0.058
229.791 -0.007 -0.015 0.140 0.000 -0.000 0.058
229.979 -0.005 -0.015 0.077 0.000 -0.000 0.060
230.216 -0.003 -0.015 0.050 0.000 -0.000 0.058
230.439 -0.003 -0.018 -0.028 0.000 -0.000 0.058
230.647 -0.003 -0.018 -0.102 0.000 -0.000 0.055
230.846 -0.003 -0.018 -0.165 0.000 -0.000 0.055
231.037 -0.003 -0.018 -0.220 0.000 -0.000 0.055
231.217 -0.005 -0.018 -0.275 0.000 -0.000 0.052
231.419 -0.007 -0.018 -0.295 0.000 -0.000 0.052
231.643 -0.010 -0.018 -0.282 0.000 -0.000 0.052
231.844 -0.013 -0.018 -0.215 0.000 -0.000 0.055
232.047 -0.013 -0.018 -0.095 0.000 -0.000 0.055
232.285 -0.013 -0.018 0.013 0.000 -0.000 0.055
232.511 -0.013 -0.018 0.115 0.000 -0.000 0.052
232.689 -0.013 -0.020 0.152 0.000 -0.000 0.052
232.786 -0.013 -0.020 0.152 0.000 -0.000 0.055
233.001 -0.013 -0.020 0.142 0.000 -0.000 0.055
233.224 -0.013 -0.020 0.090 0.000 -0.000 0.055
233.409 -0.013 -0.020 0.010 0.000 -0.000 0.055
233.648 0.000 -0.003 -0.138 0.000 -0.000 0.055
233.921 -0.018 -0.020 -0.160 0.000 -0.000 0.055
234.108 -0.020 -0.020 -0.245 0.000 -0.000 0.058
234.306 -0.022 -0.020 -0.282 0.000 -0.000 0.055
234.574 -0.015 -0.010 -0.305 0.000 -0.000 0.055
234.781 -0.018 -0.010 -0.247 0.000 -0.000 0.055
234.982 -0.018 -0.013 -0.168 0.000 -0.000 0.058
235.153 -0.018 -0.013 -0.040 0.000 -0.000 0.058
235.335 -0.015 -0.015 0.043 0.000 -0.000 0.058
235.514 -0.015 -0.015 0.115 0.000 -0.000 0.058
235.778 -0.015 -0.018 0.152 0.000 -0.000 0.058
235.860 -0.013 -0.020 0.152 0.000 -0.000 0.058
235.901 -0.013 -0.020 0.152 0.000 -0.000 0.058
236.129 -0.013 -0.020 0.135 0.000 -0.000 0.058
236.314 -0.015 -0.020 0.077 0.000 -0.000 0.055
236.548 -0.015 -0.020 0.003 0.000 -0.000 0.058
236.753 -0.018 -0.020 -0.085 0.000 -0.000 0.058
236.933 -0.020 -0.020 -0.155 0.000 -0.000 0.055
237.099 -0.020 -0.018 -0.210 0.000 -0.000 0.055
237.259 -0.022 -0.018 -0.255 0.000 -0.000 0.055
237.430 -0.025 -0.018 -0.287 0.000 -0.000 0.055
237.588 -0.025 -0.018 -0.297 0.000 -0.000 0.055
237.776 -0.028 -0.018 -0.273 0.000 -0.000 0.055
237.998 -0.028 -0.018 -0.215 0.000 -0.000 0.058
238.169 -0.028 -0.020 -0.087 0.000 -0.000 0.055
238.391 -0.028 -0.020 0.030 0.000 -0.000 0.055
238.593 -0.028 -0.022 0.113 0.000 -0.000 0.055
238.795 -0.028 -0.022 0.152 0.000 -0.000 0.055
239.011 -0.028 -0.025 0.163 0.000 -0.000 0.055
239.211 -0.028 -0.025 0.130 0.000 -0.000 0.055
239.416 -0.028 -0.025 0.062 0.000 -0.000 0.058
239.611 -0.028 -0.022 -0.020 0.000 -0.000 0.058
239.802 -0.030 -0.022 -0.090 0.000 -0.000 0.058
240.035 -0.030 -0.022 -0.155 0.000 -0.000 0.058
240.284 -0.030 -0.020 -0.233 0.000 -0.000 0.055
240.479 -0.033 -0.020 -0.302 0.000 -0.000 0.052
240.647 -0.033 -0.018 -0.330 0.000 -0.000 0.050
240.825 -0.035 -0.018 -0.307 0.000 -0.000 0.052
241.054 -0.035 -0.018 -0.245 0.000 -0.000 0.055
241.247 -0.037 -0.018 -0.115 0.000 -0.000 0.052
241.463 -0.037 -0.018 0.013 0.000 -0.000 0.052
241.665 -0.040 -0.020 0.117 0.000 -0.000 0.052
241.853 -0.040 -0.020 0.180 0.000 -0.000 0.052
242.021 -0.043 -0.020 0.200 0.000 -0.000 0.052
242.188 -0.043 -0.020 0.188 0.000 -0.000 0.052
242.391 -0.043 -0.020 0.142 0.000 -0.000 0.055
242.587 -0.043 -0.018 0.055 0.000 -0.000 0.055
242.767 -0.045 -0.018 -0.035 0.000 -0.000 0.055
243.014 -0.045 -0.015 -0.110 0.000 -0.000 0.052
243.202 -0.045 -0.013 -0.195 0.000 -0.000 0.050
243.401 -0.045 -0.010 -0.255 0.000 -0.000 0.050
243.599 -0.045 -0.007 -0.305 0.000 -0.000 0.050
243.771 -0.048 -0.005 -0.315 0.000 -0.000 0.050
243.964 -0.048 -0.005 -0.278 0.000 -0.000 0.050
244.149 -0.048 -0.003 -0.195 0.000 -0.000 0.050
244.337 -0.050 -0.003 -0.087 0.000 -0.000 0.050
244.573 -0.050 -0.003 0.033 0.000 -0.000 0.050
244.806 -0.050 -0.003 0.120 0.000 -0.000 0.050
245.014 -0.050 -0.000 0.175 0.000 -0.000 0.050
245.235 -0.050 -0.000 0.190 0.000 -0.000 0.048
245.432 -0.050 -0.000 0.140 0.000 -0.000 0.048
245.657 -0.050 0.003 0.065 0.000 -0.000 0.050
245.865 -0.050 0.005 -0.037 0.000 -0.000 0.050
246.062 -0.048 0.007 -0.122 0.000 -0.000 0.050
246.357 -0.048 0.010 -0.180 0.000 -0.000 0.043
246.767 -0.040 0.010 -0.237 0.000 -0.000 -0.003
247.121 -0.035 0.013 -0.250 0.000 -0.000 -0.033
247.402 -0.035 0.015 -0.233 0.000 -0.000 -0.033
247.734 -0.037 0.015 -0.170 0.000 -0.000 -0.040
248.030 -0.040 0.018 -0.062 0.000 -0.000 -0.048
248.266 -0.043 0.018 0.052 0.000 -0.000 -0.050
248.571 -0.043 0.018 0.102 0.000 -0.000 -0.040
248.862 -0.040 0.015 0.080 0.000 -0.000 -0.013
249.128 -0.037 0.015 0.010 0.000 -0.000 0.005
249.365 -0.033 0.015 -0.062 0.000 -0.000 0.007
249.606 -0.030 0.015 -0.117 0.000 -0.000 0.007
249.891 -0.030 0.013 -0.158 0.000 -0.000 0.005
250.177 -0.028 0.013 -0.195 0.000 -0.000 0.005
250.540 -0.033 0.015 -0.223 0.000 -0.000 -0.000
250.951 -0.037 0.015 -0.237 0.000 -0.000 -0.003
251.302 -0.040 0.015 -0.212 0.000 -0.000 -0.007
251.591 -0.037 0.015 -0.147 0.000 -0.000 -0.013
251.924 -0.037 0.015 -0.085 0.000 -0.000 -0.018
252.224 -0.037 0.015 -0.005 0.000 -0.000 -0.020
252.497 -0.037 0.015 0.020 0.000 -0.000 -0.020
252.658 -0.035 0.015 0.020 0.000 -0.000 -0.013
252.965 -0.035 0.015 -0.005 0.000 -0.000 -0.010
253.276 -0.033 0.013 -0.075 0.000 -0.000 -0.007
253.522 -0.028 0.010 -0.140 0.000 -0.000 -0.005
253.737 -0.025 0.010 -0.182 0.000 -0.000 -0.003
254.027 -0.025 0.013 -0.212 0.000 -0.000 -0.005
254.393 -0.033 0.015 -0.245 0.000 -0.000 -0.015
254.761 -0.037 0.015 -0.263 0.000 -0.000 -0.028
255.053 -0.037 0.015 -0.203 0.000 -0.000 -0.033
255.328 -0.037 0.015 -0.113 0.000 -0.000 -0.035
255.610 -0.035 0.013 -0.013 0.000 -0.000 -0.035
255.904 -0.033 0.013 0.077 0.000 -0.000 -0.033
256.191 -0.030 0.010 0.092 0.000 -0.000 -0.025
256.425 -0.028 0.007 0.077 0.000 -0.000 -0.030
256.745 -0.022 0.005 0.018 0.000 -0.000 -0.020
257.034 -0.022 0.007 -0.068 0.000 -0.000 -0.022
257.279 -0.018 0.007 -0.147 0.000 -0.000 -0.013
257.537 -0.018 0.007 -0.193 0.000 -0.000 -0.013
257.818 -0.018 0.007 -0.242 0.000 -0.000 -0.018
258.102 -0.022 0.007 -0.270 0.000 -0.000 -0.025
258.247 -0.025 0.007 -0.270 0.000 -0.000 -0.037
258.541 -0.025 0.007 -0.247 0.000 -0.000 -0.043
258.805 -0.025 0.007 -0.160 0.000 -0.000 -0.065
259.007 -0.025 0.005 -0.033 0.000 -0.000 -0.068
259.289 -0.022 0.005 0.077 0.000 -0.000 -0.062
259.664 -0.018 0.003 0.110 0.000 -0.000 -0.033
259.949 -0.013 0.003 0.095 0.000 -0.000 -0.000
260.143 -0.007 0.003 0.025 0.000 -0.000 0.005
260.326 -0.005 0.003 -0.037 0.000 -0.000 0.007
260.559 -0.003 0.003 -0.090 0.000 -0.000 0.010
260.758 0.000 0.003 -0.138 0.000 -0.000 0.010
260.976 0.000 0.003 -0.170 0.000 -0.000 0.007
261.216 0.000 0.003 -0.195 0.000 -0.000 0.005
261.548 0.000 0.003 -0.207 0.000 -0.000 0.003
261.920 -0.003 0.003 -0.237 0.000 -0.000 -0.000
262.129 -0.005 0.003 -0.203 0.000 -0.000 -0.003
262.425 -0.005 0.003 -0.172 0.000 -0.000 -0.005
262.698 -0.005 -0.000 -0.135 0.000 -0.000 -0.007
263.004 -0.003 -0.000 -0.105 0.000 -0.000 -0.010
263.278 -0.003 -0.000 -0.037 0.000 -0.000 -0.013
263.517 0.000 -0.000 -0.015 0.000 -0.000 -0.015
263.612 0.000 -0.000 -0.015 0.000 -0.000 -0.013
263.847 0.000 -0.000 -0.028 0.000 -0.000 -0.013
264.108 0.000 -0.000 -0.080 0.000 -0.000 -0.013
264.390 0.003 -0.003 -0.120 0.000 -0.000 -0.018
264.692 0.003 -0.003 -0.177 0.000 -0.000 -0.015
264.989 0.003 -0.003 -0.233 0.000 -0.000 -0.022
265.285 0.000 -0.003 -0.285 0.000 -0.000 -0.035
265.589 0.000 -0.003 -0.320 0.000 -0.000 -0.048
265.839 0.000 -0.000 -0.242 0.000 -0.000 -0.052
266.118 0.000 -0.003 -0.133 0.000 -0.000 -0.065
266.332 0.003 -0.003 0.050 0.000 -0.000 -0.070
266.595 0.005 -0.003 0.150 0.000 -0.000 -0.060
266.883 0.007 -0.003 0.210 0.000 -0.000 -0.035
267.048 0.007 -0.005 0.200 0.000 -0.000 -0.013
267.322 0.007 -0.003 0.158 0.000 -0.000 -0.007
267.577 0.007 -0.003 0.005 0.000 -0.000 -0.000
267.833 0.010 -0.003 -0.107 0.000 -0.000 -0.000
268.062 0.007 -0.000 -0.172 0.000 -0.000 -0.000
268.346 0.007 -0.000 -0.203 0.000 -0.000 -0.000
268.652 0.007 -0.000 -0.235 0.000 -0.000 -0.005
268.952 0.005 -0.000 -0.263 0.000 -0.000 -0.015
269.247 0.005 -0.000 -0.245 0.000 -0.000 -0.022
269.485 0.005 -0.000 -0.207 0.000 -0.000 -0.033
269.777 0.005 -0.003 -0.110 0.000 -0.000 -0.043
270.167 0.010 -0.005 0.013 0.000 -0.000 -0.055
270.518 0.013 -0.007 0.098 0.000 -0.000 -0.052
270.907 0.018 -0.010 0.163 0.000 -0.000 -0.052
270.907 0.018 -0.010 0.163 0.000 -0.000 -0.052
271.008 0.000 -0.000 0.000 0.000 -0.000 -0.000
271.107 0.000 -0.000 0.000 0.000 -0.000 -0.000
271.208 0.000 -0.000 0.000 0.000 -0.000 0.300
271.308 0.000 -0.000 0.000 0.000 -0.000 0.300
271.408 0.000 -0.000 0.000 0.000 -0.000 0.300
271.508 0.000 -0.000 0.000 0.000 -0.000 0.300
271.607 0.000 -0.000 0.000 0.000 -0.000 0.300
271.708 0.000 -0.000 0.000 0.000 -0.000 0.300
271.807 0.000 -0.000 0.000 0.000 -0.000 0.300
271.907 0.000 -0.000 0.000 0.000 -0.000 0.300
272.008 0.000 -0.000 0.000 0.000 -0.000 0.300
272.107 0.000 -0.000 0.000 0.000 -0.000 0.300
272.207 0.000 -0.000 0.000 0.000 -0.000 0.300
272.308 0.000 -0.000 0.000 0.000 -0.000 0.300
272.407 0.000 -0.000 0.000 0.000 -0.000 0.300
272.508 0.000 -0.000 0.000 0.000 -0.000 0.300
272.608 0.010 -0.000 0.000 0.000 -0.055 0.300
272.708 0.300 -0.080 0.000 0.000 -0.193 0.300
272.808 0.300 -0.080 0.000 0.000 -0.203 0.300
272.907 0.300 -0.080 0.000 0.000 -0.000 0.072
273.008 0.300 -0.080 0.000 0.000 -0.000 -0.000
273.107 0.300 -0.080 0.000 0.000 -0.000 0.300
273.207 0.300 -0.080 0.000 0.000 -0.000 0.300
273.307 0.300 -0.080 0.000 0.000 -0.000 0.300
273.407 0.300 -0.080 0.000 0.000 -0.000 0.005
273.508 0.300 -0.080 0.000 0.000 -0.000 -0.000
273.607 0.300 -0.080 0.000 0.000 -0.000 -0.000
273.708 0.300 -0.080 0.000 0.000 -0.000 -0.000
273.808 0.300 -0.080 0.000 0.000 -0.000 -0.000
273.908 0.300 -0.080 0.000 0.000 -0.000 -0.000
274.008 0.300 -0.080 0.000 0.000 -0.000 -0.000
274.108 0.300 -0.080 0.000 0.000 -0.080 0.300
274.208 0.300 -0.080 0.000 0.000 -0.300 0.300
274.308 0.300 -0.080 0.000 0.000 -0.000 -0.000
274.408 0.300 -0.080 0.000 0.000 -0.000 -0.000
274.508 0.300 -0.080 0.000 0.000 -0.000 -0.000
274.608 0.300 -0.080 0.000 0.000 -0.000 -0.000
274.709 0.300 -0.043 0.000 0.000 -0.000 -0.000
274.808 0.300 -0.028 0.000 0.000 -0.000 -0.000
274.907 0.300 -0.010 0.000 0.000 -0.000 -0.135
275.008 0.300 -0.000 0.000 0.000 -0.000 -0.300
275.108 0.300 -0.000 0.000 0.000 -0.000 -0.000
275.207 0.300 -0.000 0.000 0.000 -0.000 -0.000
275.308 0.300 -0.000 0.000 0.000 -0.000 -0.000
275.408 0.300 -0.000 0.000 0.000 -0.000 0.010
275.508 0.300 -0.000 0.000 0.000 -0.285 0.300
275.608 0.300 -0.000 0.000 0.000 -0.028 0.117
275.707 0.300 -0.000 0.000 0.000 -0.000 -0.000
275.808 0.300 -0.000 0.000 0.000 -0.000 -0.000
275.908 0.300 -0.018 0.000 0.000 -0.000 -0.000
276.008 0.300 -0.018 0.300 0.000 -0.000 -0.000
276.108 0.300 -0.018 0.300 0.000 -0.000 -0.000
276.208 0.300 -0.018 0.300 0.000 -0.000 -0.140
276.308 0.300 -0.018 0.300 0.000 -0.000 -0.000
276.408 0.300 -0.018 0.300 0.000 -0.000 -0.000
276.508 0.300 -0.018 0.300 0.000 -0.000 -0.000
276.608 0.300 -0.018 0.300 0.000 -0.000 -0.000
276.708 0.300 -0.018 0.300 0.000 -0.000 -0.000
276.808 0.300 -0.018 0.300 0.000 -0.000 -0.300
276.907 0.300 -0.018 0.300 0.000 -0.000 -0.000
277.008 0.300 -0.018 0.300 0.000 -0.000 -0.000
277.108 0.300 -0.018 0.300 0.000 -0.000 -0.000
277.208 0.300 -0.018 0.300 0.000 -0.000 -0.000
277.309 0.300 -0.018 0.300 0.000 -0.000 -0.000
277.408 0.300 -0.018 0.300 0.000 -0.000 -0.193
277.508 0.300 -0.018 0.300 0.000 -0.000 -0.055
277.608 0.300 -0.018 0.300 0.000 -0.000 -0.000
277.709 0.300 -0.018 0.300 0.000 -0.000 -0.000
277.808 0.300 -0.018 0.300 0.000 -0.000 -0.000
277.909 0.300 -0.018 0.300 0.000 -0.000 -0.000
278.008 0.300 -0.018 0.300 0.000 -0.000 -0.000
278.108 0.300 -0.018 0.300 0.000 -0.000 -0.000
278.208 0.300 -0.018 0.300 0.000 -0.000 -0.000
278.309 0.300 -0.018 0.300 0.000 -0.000 -0.000
278.408 0.300 -0.018 0.300 0.000 -0.000 -0.000
278.509 0.300 -0.018 0.300 0.000 -0.000 -0.000
278.608 0.300 -0.018 0.300 0.000 -0.000 -0.000
278.708 0.300 -0.018 0.300 0.000 -0.000 -0.000
278.808 0.300 -0.018 0.300 0.000 -0.000 -0.000
278.908 0.300 -0.018 0.300 0.000 -0.000 -0.000
279.008 0.300 -0.018 0.300 0.000 -0.000 -0.000
279.108 0.300 -0.018 0.300 0.000 -0.000 -0.000
279.208 0.300 -0.018 0.300 0.000 -0.000 -0.000
279.308 0.300 -0.000 0.300 0.000 -0.000 -0.000
279.408 0.300 -0.000 0.300 0.000 -0.000 -0.000
279.508 0.300 -0.000 0.300 0.000 -0.000 -0.000
279.608 0.300 -0.000 0.300 0.000 -0.000 -0.000
279.709 0.300 -0.000 0.300 0.000 -0.000 -0.000
279.808 0.300 -0.000 0.300 0.000 -0.000 -0.000
279.909 0.300 -0.110 0.300 0.000 -0.000 -0.000
280.009 0.300 -0.263 0.000 0.000 -0.000 -0.000
280.108 0.300 -0.300 0.000 0.000 -0.000 0.130
280.208 0.300 -0.300 0.000 0.000 -0.000 0.152
280.308 0.212 -0.280 0.000 0.000 -0.000 0.165
280.408 0.145 -0.300 0.000 0.000 -0.000 0.263
280.508 0.043 -0.300 0.000 0.000 -0.000 0.085
280.608 0.000 -0.000 0.000 0.000 -0.000 -0.000
280.708 0.000 0.043 0.000 0.000 -0.000 -0.300
280.809 0.000 0.300 0.000 0.000 0.015 -0.300
280.908 0.000 0.300 0.000 0.000 0.130 -0.300
281.007 0.000 0.300 0.000 0.000 -0.000 -0.000
281.107 0.000 -0.000 0.000 0.000 -0.000 -0.000
281.207 0.000 -0.000 0.000 0.000 -0.000 -0.000
281.308 0.000 0.090 0.000 0.000 -0.000 -0.000
281.408 0.000 0.300 0.000 0.000 -0.000 -0.000
281.508 0.000 0.300 0.000 0.000 -0.000 -0.000
281.609 0.000 0.300 0.000 0.000 -0.000 -0.000
281.708 0.000 0.300 0.000 0.000 -0.000 -0.000
281.808 0.000 0.300 0.000 0.000 -0.000 -0.000
281.908 0.000 -0.000 0.000 0.000 0.090 0.170
282.008 0.000 -0.000 0.000 0.000 0.122 0.300
282.109 -0.110 -0.000 0.000 0.000 -0.000 0.022
282.208 -0.300 -0.000 0.000 0.000 -0.000 -0.000
282.308 -0.300 -0.000 0.000 0.000 -0.000 -0.000
282.409 0.000 -0.000 0.000 0.000 -0.000 -0.000
282.508 0.000 -0.000 0.000 0.000 -0.000 -0.000
282.608 -0.090 -0.000 0.000 0.000 -0.000 -0.000
282.708 -0.193 -0.000 0.000 0.000 -0.000 -0.000
282.808 -0.152 -0.000 0.000 0.000 -0.000 -0.000
282.908 0.000 -0.000 0.000 0.000 -0.000 -0.000
283.008 0.000 -0.000 0.000 0.000 -0.000 -0.000
283.108 0.000 -0.000 0.000 0.000 -0.000 -0.000
283.208 0.000 -0.000 0.000 0.000 -0.000 -0.000
283.308 0.000 -0.000 0.000 0.000 -0.000 -0.000
283.408 0.000 -0.000 0.000 0.000 -0.000 -0.000
283.508 0.000 -0.000 0.000 0.000 -0.000 -0.000
283.608 0.000 -0.000 0.000 0.000 -0.000 -0.000
283.708 0.000 -0.000 0.000 0.000 -0.000 -0.000
283.809 0.000 -0.000 0.000 0.000 -0.000 -0.000
283.910 0.000 -0.000 0.000 0.000 -0.000 -0.000
284.007 0.000 -0.000 0.000 0.000 -0.000 -0.000
284.108 0.000 -0.000 0.000 0.000 -0.000 -0.000
284.208 0.000 -0.000 0.000 0.000 -0.000 -0.000
284.308 0.000 -0.000 0.000 0.000 -0.000 -0.000
284.408 0.000 -0.000 0.000 0.000 -0.000 -0.000
284.508 0.000 -0.000 0.000 0.000 -0.000 -0.000
284.608 0.000 -0.000 0.000 0.000 -0.000 -0.000
284.708 0.000 -0.000 0.000 0.000 -0.000 -0.000
284.809 0.000 -0.000 0.000 0.000 -0.000 -0.000
284.908 0.000 -0.000 0.000 0.000 -0.000 -0.000
285.008 0.000 -0.000 0.000 0.000 -0.000 -0.000
285.108 0.000 -0.000 0.000 0.000 -0.000 -0.000
285.207 0.000 -0.000 0.000 0.000 -0.000 -0.000
285.308 0.000 -0.000 0.000 0.000 -0.000 -0.000
285.407 0.000 -0.000 0.000 0.000 -0.000 -0.000
285.508 0.000 -0.000 0.000 0.000 -0.000 -0.000
285.607 0.000 -0.000 0.000 0.000 -0.000 -0.000
285.707 0.000 -0.000 0.000 0.000 -0.000 -0.000
285.807 0.000 -0.000 0.000 0.000 -0.000 -0.000
285.907 0.000 -0.000 0.000 0.000 -0.000 -0.000
286.008 0.000 -0.000 0.000 0.000 -0.000 -0.000
286.107 0.000 -0.000 0.000 0.000 -0.000 -0.000
286.207 0.000 -0.000 0.000 0.000 -0.000 -0.000
286.308 0.000 -0.000 0.000 0.000 -0.000 -0.000
286.407 0.000 -0.000 0.000 0.000 -0.000 -0.000
286.508 0.000 -0.000 0.000 0.000 -0.000 -0.000
286.607 0.000 -0.000 0.000 0.000 -0.000 -0.000
286.707 0.000 -0.000 0.000 0.000 -0.000 -0.000
286.807 0.000 -0.000 0.000 0.000 -0.000 -0.000
286.907 0.000 -0.000 0.000 0.000 -0.000 -0.000
287.008 0.000 -0.000 0.000 0.000 -0.000 -0.000
287.108 0.000 -0.000 0.000 0.000 -0.000 -0.000
287.208 0.000 -0.000 0.000 0.000 -0.000 -0.000
287.308 0.000 -0.000 0.000 0.000 -0.000 -0.000
287.407 0.000 -0.000 0.000 0.000 -0.000 -0.000
