0.000 0.000 0.000 0.000
0.229 0.000 0.000 0.000
0.449 0.000 0.000 0.000
0.689 0.000 0.000 0.000
0.889 0.000 0.000 0.000
1.089 0.000 0.000 0.000
1.290 0.000 0.000 0.000
1.499 0.000 0.000 0.000
1.750 0.000 0.000 0.000
2.000 0.000 0.000 0.000
2.250 0.000 0.000 0.000
2.470 0.000 0.000 0.000
2.711 0.000 0.000 0.000
2.940 0.000 0.000 0.000
3.160 0.000 0.000 0.000
3.410 0.000 0.000 0.000
3.691 0.000 0.000 0.000
3.931 0.000 0.000 0.000
4.150 0.000 0.000 0.000
4.379 0.000 0.000 0.000
4.600 0.000 0.000 0.000
4.830 0.000 0.000 0.000
5.080 0.000 0.000 0.000
5.300 0.000 0.000 0.000
5.540 0.000 0.000 0.000
5.760 0.000 0.000 0.000
5.980 0.000 0.000 0.000
6.230 0.000 0.000 0.000
6.450 0.000 0.000 0.000
6.680 0.000 0.000 0.000
6.900 0.000 0.000 0.000
7.131 0.000 0.000 0.000
7.360 0.000 0.000 0.000
7.580 0.000 0.000 0.000
7.800 0.000 0.000 0.000
8.040 0.000 0.000 0.000
8.260 0.000 0.000 0.000
8.470 0.000 0.000 0.000
8.700 0.000 0.000 0.000
8.910 0.000 0.000 0.000
9.120 0.000 0.000 0.000
9.340 0.000 0.000 0.000
9.590 0.000 0.000 0.000
9.840 0.000 0.000 0.000
10.050 0.000 0.000 0.000
10.281 0.000 0.000 0.000
10.530 0.000 0.000 0.000
10.740 0.000 0.000 0.000
10.990 0.000 0.000 0.000
11.210 0.000 0.000 0.000
11.470 0.000 0.000 0.000
11.710 0.000 0.000 0.000
11.960 0.000 0.000 0.000
12.182 0.000 0.000 0.000
12.400 0.000 0.000 0.000
12.660 0.000 0.000 0.000
12.900 0.000 0.000 0.000
13.143 0.000 0.000 0.000
13.351 0.000 0.000 0.000
13.570 0.000 0.000 0.000
13.792 0.000 0.000 0.000
14.020 0.000 0.000 0.000
14.260 0.000 0.000 0.000
14.490 0.000 0.000 0.000
14.740 0.000 0.000 0.000
14.981 0.000 0.000 0.000
15.190 0.000 0.000 0.000
15.460 0.000 0.000 0.000
15.682 0.000 0.000 0.000
15.941 0.000 0.000 0.000
16.170 0.000 0.000 0.000
16.410 0.000 0.000 0.000
16.640 0.000 0.000 0.000
16.871 0.000 0.000 0.000
17.100 0.000 0.000 0.000
17.330 0.000 0.000 0.000
17.540 0.000 0.000 0.000
17.770 0.000 0.000 0.000
18.000 0.000 0.000 0.000
18.230 0.000 0.000 0.000
18.470 0.000 0.000 0.000
18.680 0.000 0.000 0.000
18.900 0.000 0.000 0.000
19.140 0.000 0.000 0.000
19.381 0.000 0.000 0.000
19.610 0.000 0.000 0.000
19.830 0.000 0.000 0.000
20.050 0.000 0.000 0.000
20.261 0.000 0.000 0.000
20.470 0.000 0.000 0.000
20.700 0.000 0.000 0.000
20.930 0.000 0.000 0.000
21.170 0.000 0.000 0.000
21.420 0.000 0.000 0.000
21.651 0.000 0.000 0.000
21.870 0.000 0.000 0.000
22.090 0.000 0.000 0.000
22.300 0.000 0.000 0.000
22.510 0.000 0.000 0.000
22.760 0.000 0.000 0.000
22.990 0.000 0.000 0.000
23.211 0.000 0.000 0.000
23.440 0.000 0.000 0.000
23.670 0.000 0.000 0.000
23.890 0.000 0.000 0.000
24.091 0.000 0.000 0.000
24.309 0.000 0.000 0.000
24.551 0.000 0.000 0.000
24.760 0.000 0.000 0.000
24.960 0.000 0.000 0.000
25.190 0.000 0.000 0.000
25.400 0.000 0.000 0.000
25.621 0.000 0.000 0.000
25.851 0.000 0.000 0.000
26.060 0.000 0.000 0.000
26.320 0.000 0.000 0.000
26.540 0.000 0.000 0.000
26.770 0.000 0.000 0.000
27.010 0.000 0.000 0.000
27.210 0.000 0.000 0.000
27.440 0.000 0.000 0.000
27.660 0.000 0.000 0.000
27.901 0.000 0.000 0.000
28.111 0.000 0.000 0.000
28.320 0.000 0.000 0.000
28.520 0.000 0.000 0.000
28.741 0.000 0.000 0.000
28.960 0.000 0.000 0.000
29.180 0.000 0.000 0.000
29.401 0.000 0.000 0.000
29.641 0.000 0.000 0.000
29.883 0.000 0.000 0.000
30.099 0.000 0.000 0.000
30.299 0.000 0.000 0.000
30.509 0.000 0.000 0.000
30.709 0.000 0.000 0.000
30.909 0.000 0.000 0.000
31.109 0.000 0.000 0.000
31.309 0.000 0.000 0.000
31.509 0.000 0.000 0.000
31.720 0.000 0.000 0.000
31.919 0.000 0.000 0.000
32.119 0.000 0.000 0.000
32.319 0.000 0.000 0.000
32.519 0.000 0.000 0.000
32.719 0.000 0.000 0.000
32.919 0.000 0.000 0.000
33.119 0.000 0.000 0.000
33.319 0.000 0.000 0.000
33.519 0.000 0.000 0.000
33.719 0.000 0.000 0.000
33.919 0.000 0.000 0.000
34.119 0.000 0.000 0.000
34.319 0.000 0.000 0.000
34.519 0.000 0.000 0.000
34.719 0.000 0.000 0.000
34.919 0.000 0.000 0.000
35.119 0.000 0.000 0.000
35.319 0.000 0.000 0.000
35.519 0.000 0.000 0.000
35.719 0.000 0.000 0.000
35.919 0.000 0.000 0.000
36.119 0.000 0.000 0.000
36.319 0.000 0.000 0.000
36.519 0.000 0.000 0.000
36.719 0.000 0.000 0.000
36.919 0.000 0.000 0.000
37.119 0.000 0.000 0.000
37.319 0.000 0.000 0.000
37.519 0.000 0.000 0.000
37.719 0.000 0.000 0.000
37.919 0.000 0.000 0.000
38.119 0.000 0.000 0.000
38.319 0.000 0.000 0.000
38.519 0.000 0.000 0.000
38.719 0.000 0.000 0.000
38.919 0.000 0.000 0.000
39.119 0.000 0.000 0.000
39.319 0.000 0.000 0.000
39.519 0.000 0.000 0.000
39.719 0.000 0.000 0.000
39.919 0.000 0.000 0.000
40.119 0.000 0.000 0.000
40.319 0.000 0.000 0.000
40.519 0.000 0.000 0.000
40.719 0.000 0.000 0.000
40.919 0.000 0.000 0.000
41.119 0.000 0.000 0.000
41.319 0.000 0.000 0.000
41.519 0.000 0.000 0.000
41.719 0.000 0.000 0.000
41.919 0.000 0.000 0.000
42.119 0.000 0.000 0.000
42.319 0.000 0.000 0.000
42.519 0.000 0.000 0.000
42.719 0.000 0.000 0.000
42.919 0.000 0.000 0.000
43.119 0.000 0.000 0.000
43.319 0.000 0.000 0.000
43.519 0.000 0.000 0.000
43.719 0.000 0.000 0.000
43.919 0.000 0.000 0.000
44.119 0.000 0.000 0.000
44.319 0.000 0.000 0.000
44.520 0.000 0.000 0.000
44.719 0.000 0.000 0.000
44.919 0.000 0.000 0.000
45.119 0.000 0.000 0.000
45.319 0.000 0.000 0.000
45.519 0.000 0.000 0.000
45.719 0.000 0.000 0.000
45.919 0.000 0.000 0.000
46.119 0.000 0.000 0.000
46.320 0.000 0.000 0.000
46.519 0.000 0.000 0.000
46.719 0.000 0.000 0.000
46.919 0.000 0.000 0.000
47.119 0.000 0.000 0.000
47.319 0.000 0.000 0.000
47.519 0.000 0.000 0.000
47.719 0.000 0.000 0.000
47.919 0.000 0.000 0.000
48.119 0.000 0.000 0.000
48.319 0.000 0.000 0.000
48.519 0.000 0.000 0.000
48.719 0.000 0.000 0.000
48.920 0.000 0.000 0.000
49.119 0.000 0.000 0.000
49.319 0.000 0.000 0.000
49.519 0.000 0.000 0.000
49.719 0.000 0.000 0.000
49.919 0.000 0.000 0.000
50.119 0.000 0.000 0.000
50.319 0.000 0.000 0.000
50.519 0.000 0.000 0.000
50.719 0.000 0.000 0.000
50.919 0.000 0.000 0.000
51.119 0.000 0.000 0.000
51.319 0.000 0.000 0.000
51.519 0.000 0.000 0.000
51.719 0.000 0.000 0.000
51.919 0.000 0.000 0.000
52.119 0.000 0.000 0.000
52.319 0.000 0.000 0.000
52.519 0.000 0.000 0.000
52.719 0.000 0.000 0.000
52.919 0.000 0.000 0.000
53.119 0.000 0.000 0.000
53.319 0.000 0.000 0.000
53.519 0.000 0.000 0.000
53.719 0.000 0.000 0.000
53.919 0.000 0.000 0.000
54.119 0.000 0.000 0.000
54.319 0.000 0.000 0.000
54.519 0.000 0.000 0.000
54.719 0.000 0.000 0.000
54.919 0.000 0.000 0.000
55.119 0.000 0.000 0.000
55.319 0.000 0.000 0.000
55.519 0.000 0.000 0.000
55.719 0.000 0.000 0.000
55.919 0.000 0.000 0.000
56.119 0.000 0.000 0.000
56.319 0.000 0.000 0.000
56.519 0.000 0.000 0.000
56.719 0.000 0.000 0.000
56.919 0.000 0.000 0.000
57.119 0.000 0.000 0.000
57.319 0.000 0.000 0.000
57.519 0.000 0.000 0.000
57.719 0.000 0.000 0.000
57.919 0.000 0.000 0.000
58.119 0.000 0.000 0.000
58.319 0.000 0.000 0.000
58.519 0.000 0.000 0.000
58.719 0.000 0.000 0.000
58.919 0.000 0.000 0.000
59.119 0.000 0.000 0.000
59.319 0.000 0.000 0.000
59.519 0.000 0.000 0.000
59.719 0.000 0.000 0.000
59.919 0.000 0.000 0.000
60.119 0.000 0.000 0.000
60.319 0.000 0.000 0.000
60.519 0.000 0.000 0.000
60.719 0.000 0.000 0.000
60.930 0.000 0.000 0.000
61.130 0.000 0.000 0.000
61.340 0.000 0.000 0.000
61.550 0.000 0.000 0.000
61.760 0.000 0.000 0.000
62.030 0.000 0.000 0.000
62.260 0.000 0.000 0.000
62.481 0.000 0.000 0.000
62.730 0.000 0.000 0.000
62.970 0.000 0.000 0.000
63.200 0.000 0.000 0.000
63.450 0.000 0.000 0.000
63.661 0.000 0.000 0.000
63.920 0.000 0.000 0.000
64.130 0.000 0.000 0.000
64.340 0.000 0.000 0.000
64.560 0.000 0.000 0.000
64.760 0.000 0.000 0.000
64.980 0.000 0.000 0.000
65.192 0.000 0.000 0.000
65.412 0.000 0.000 0.000
65.641 0.000 0.000 0.000
65.850 0.000 0.000 0.000
66.101 0.000 0.000 0.000
66.341 0.000 0.000 0.000
66.570 0.000 0.000 0.000
66.791 0.000 0.000 0.000
67.010 0.000 0.000 0.000
67.240 0.000 0.000 0.000
67.441 0.000 0.000 0.000
67.659 0.000 0.000 0.000
67.859 0.000 0.000 0.000
68.059 0.000 0.000 0.000
68.260 0.000 0.000 0.000
68.459 0.000 0.000 0.000
68.659 0.000 0.000 0.000
68.859 0.000 0.000 0.000
69.069 0.000 0.000 0.000
69.269 0.000 0.000 0.000
69.469 0.000 0.000 0.000
69.669 0.000 0.000 0.000
69.869 0.000 0.000 0.000
70.069 0.000 0.000 0.000
70.269 0.000 0.000 0.000
70.469 0.000 0.000 0.000
70.669 0.000 0.000 0.000
70.869 0.000 0.000 0.000
71.069 0.000 0.000 0.000
71.270 0.000 0.000 0.000
71.469 0.000 0.000 0.000
71.669 0.000 0.000 0.000
71.869 0.000 0.000 0.000
72.069 0.000 0.000 0.000
72.269 0.000 0.000 0.000
72.469 0.000 0.000 0.000
72.669 0.000 0.000 0.000
72.869 0.000 0.000 0.000
73.070 0.000 0.000 0.000
73.269 0.000 0.000 0.000
73.529 0.000 0.000 0.000
73.740 0.000 0.000 0.000
73.969 0.000 0.000 0.000
74.180 0.000 0.000 0.000
74.400 0.000 0.000 0.000
74.610 0.000 0.000 0.000
74.840 0.000 0.000 0.000
75.100 0.000 0.000 0.000
75.311 0.000 0.000 0.000
75.540 0.000 0.000 0.000
75.761 0.000 0.000 0.000
75.970 0.000 0.000 0.000
76.210 0.000 0.000 0.000
76.431 0.000 0.000 0.000
76.670 0.000 0.000 0.000
76.880 0.000 0.000 0.000
77.101 0.000 0.000 0.000
77.341 0.000 0.000 0.000
77.550 0.000 0.000 0.000
77.770 0.000 0.000 0.000
78.000 0.000 0.000 0.000
78.241 0.000 0.000 0.000
78.490 0.000 0.000 0.000
78.720 0.000 0.000 0.000
78.929 0.000 0.000 0.000
79.129 0.000 0.000 0.000
79.350 0.000 0.000 0.000
79.621 0.000 0.000 0.000
79.850 0.000 0.000 0.000
80.090 0.000 0.000 0.000
80.310 0.000 0.000 0.000
80.531 0.000 0.000 0.000
80.750 0.000 0.000 0.000
80.970 0.000 0.000 0.000
81.250 0.000 0.000 0.000
81.500 0.000 0.000 0.000
81.711 0.000 0.000 0.000
81.931 0.000 0.000 0.000
82.160 0.000 0.000 0.000
82.360 0.000 0.000 0.000
82.581 0.000 0.000 0.000
82.781 0.000 0.000 0.000
83.010 0.000 0.000 0.000
83.230 0.000 0.000 0.000
83.460 0.000 0.000 0.000
83.700 0.000 0.000 0.000
83.911 0.000 0.000 0.000
84.112 0.000 0.000 0.000
84.330 0.000 0.000 0.000
84.570 0.000 0.000 0.000
84.822 0.000 0.000 0.000
85.040 0.000 0.000 0.000
85.270 0.000 0.000 -2.217
85.511 0.000 0.000 -2.217
85.740 0.000 0.000 -2.217
85.960 0.000 0.000 -2.217
86.180 0.000 0.000 -2.217
86.420 0.000 0.000 -2.217
86.650 0.000 0.000 -2.217
86.890 0.000 0.000 -2.217
87.141 0.000 0.000 -2.217
87.370 0.000 0.000 -2.217
87.600 0.000 0.000 -2.217
87.810 0.000 0.000 -2.217
88.051 0.000 0.000 -2.217
88.300 0.000 0.000 -2.217
88.520 0.000 0.000 -2.217
88.750 0.000 0.000 -2.217
88.960 0.000 0.000 -2.217
89.170 0.000 0.000 -2.217
89.400 0.000 0.000 -2.217
89.610 0.000 0.000 -2.217
89.830 0.000 0.000 -2.217
90.080 0.000 0.000 -2.217
90.330 0.000 0.000 -2.217
90.560 0.000 0.000 -2.217
90.800 0.000 0.000 -2.217
91.030 0.000 0.000 -2.217
91.260 0.000 0.000 -2.217
91.510 0.000 0.000 -2.217
91.730 0.000 0.000 -2.217
91.980 0.000 0.000 -2.217
92.179 0.000 0.000 -2.217
92.410 0.000 0.000 -2.217
92.630 0.000 0.000 -2.217
92.861 0.000 0.000 -2.217
93.070 0.000 0.000 -2.217
93.301 0.000 0.000 -2.217
93.511 0.000 0.000 -2.217
93.741 0.000 0.000 -2.217
93.991 0.000 0.000 -2.217
94.220 0.000 0.000 -2.217
94.450 0.000 0.000 -2.217
94.673 0.000 0.000 -2.217
94.930 0.000 0.000 -2.217
95.150 0.000 0.000 -2.217
95.360 0.000 0.000 -2.217
95.590 0.000 0.000 -2.217
95.800 0.000 0.000 -2.217
96.020 0.000 0.000 -2.217
96.280 0.000 0.000 -2.217
96.540 0.000 0.000 -2.217
96.780 0.000 0.000 -2.217
97.010 0.000 0.000 -2.217
97.230 0.000 0.000 -2.217
97.470 0.000 0.000 -2.217
97.680 0.000 0.000 -2.217
97.950 0.000 0.000 -2.217
98.160 0.000 0.000 -2.217
98.381 0.000 0.000 -2.217
98.581 0.000 0.000 -2.217
98.780 0.000 0.000 -2.217
99.031 0.000 0.000 -2.217
99.250 0.000 0.000 -2.217
99.480 0.000 0.000 -2.217
99.679 0.000 0.000 -2.217
99.879 0.000 0.000 -2.217
100.079 0.000 0.000 -2.217
100.279 0.000 0.000 -2.217
100.479 0.000 0.000 -2.217
100.679 0.000 0.000 -2.217
100.879 0.000 0.000 -2.217
101.079 0.000 0.000 -2.217
101.279 0.000 0.000 -2.217
101.479 0.000 0.000 -2.217
101.679 0.000 0.000 -2.217
101.879 0.000 0.000 -2.217
102.079 0.000 0.000 -2.217
102.279 0.000 0.000 -2.217
102.479 0.000 0.000 -2.217
102.679 0.000 0.000 -2.217
102.879 0.000 0.000 -2.217
103.079 0.000 0.000 -2.217
103.279 0.000 0.000 -2.217
103.479 0.000 0.000 -2.217
103.679 0.000 0.000 -2.217
103.879 0.000 0.000 -2.217
104.079 0.000 0.000 -2.217
104.279 0.000 0.000 -2.217
104.479 0.000 0.000 -2.217
104.679 0.000 0.000 -2.217
104.879 0.000 0.000 -2.217
105.079 0.000 0.000 -2.217
105.279 0.000 0.000 -2.217
105.479 0.000 0.000 -2.217
105.679 0.000 0.000 -2.217
105.879 0.000 0.000 -2.217
106.079 0.000 0.000 -2.217
106.279 0.000 0.000 -2.217
106.479 0.000 0.000 -2.217
106.679 0.000 0.000 -2.217
106.879 0.000 0.000 -2.217
107.079 0.000 0.000 -2.217
107.279 0.000 0.000 -2.217
107.479 0.000 0.000 -2.217
107.679 0.000 0.000 -2.217
107.879 0.000 0.000 -2.217
108.079 0.000 0.000 -2.217
108.279 0.000 0.000 -2.217
108.479 0.000 0.000 -2.217
108.679 0.000 0.000 -2.217
108.879 0.000 0.000 -2.217
109.079 0.000 0.000 -2.217
109.279 0.000 0.000 -2.217
109.479 0.000 0.000 -2.217
109.689 0.000 0.000 -2.217
109.889 0.000 0.000 -2.217
110.089 0.000 0.000 -2.217
110.289 0.000 0.000 -2.217
110.489 0.000 0.000 -2.217
110.689 0.000 0.000 -2.217
110.889 0.000 0.000 -2.217
111.089 0.000 0.000 -2.217
111.289 0.000 0.000 -2.217
111.489 0.000 0.000 -2.217
111.689 0.000 0.000 -2.217
111.889 0.000 0.000 -2.217
112.089 0.000 0.000 -2.217
112.289 0.000 0.000 -2.217
112.489 0.000 0.000 -2.217
112.689 0.000 0.000 -2.217
112.889 0.000 0.000 -2.217
113.089 0.000 0.000 -2.217
113.289 0.000 0.000 -2.217
113.489 0.000 0.000 -2.217
113.689 0.000 0.000 -2.217
113.889 0.000 0.000 -2.217
114.089 0.000 0.000 -2.217
114.289 0.000 0.000 -2.217
114.489 0.000 0.000 -2.217
114.689 0.000 0.000 -2.217
114.889 0.000 0.000 -2.217
115.089 0.000 0.000 -2.217
115.289 0.000 0.000 -2.217
115.489 0.000 0.000 -2.217
115.689 0.000 0.000 -2.217
115.889 0.000 0.000 -2.217
116.089 0.000 0.000 -2.217
116.289 0.000 0.000 -2.217
116.489 0.000 0.000 -2.217
116.689 0.000 0.000 -2.217
116.889 0.000 0.000 -2.217
117.089 0.000 0.000 -2.217
117.289 0.000 0.000 -2.217
117.489 0.000 0.000 -2.217
117.689 0.000 0.000 -2.217
117.889 0.000 0.000 -2.217
118.089 0.000 0.000 -2.217
118.289 0.000 0.000 -2.217
118.489 0.000 0.000 -2.217
118.689 0.000 0.000 -2.217
118.889 0.000 0.000 -2.217
119.089 0.000 0.000 -2.217
119.289 0.000 0.000 -2.217
119.489 0.000 0.000 -2.217
119.689 0.000 0.000 -2.217
119.889 0.000 0.000 -2.217
120.089 0.000 0.000 -2.217
120.289 0.000 0.000 -2.217
120.489 0.000 0.000 -2.217
120.689 0.000 0.000 -2.217
120.889 0.000 0.000 -2.217
121.089 0.000 0.000 -2.217
121.289 0.000 0.000 -2.217
121.489 0.000 0.000 -2.217
121.689 0.000 0.000 -2.217
121.889 0.000 0.000 -2.217
122.089 0.000 0.000 -2.217
122.289 0.000 0.000 -2.217
122.489 0.000 0.000 -2.217
122.690 0.000 0.000 -2.217
122.889 0.000 0.000 -2.217
123.090 0.000 0.000 -2.217
123.289 0.000 0.000 -2.217
123.489 0.000 0.000 -2.217
123.689 0.000 0.000 -2.217
123.889 0.000 0.000 -2.217
124.089 0.000 0.000 -2.217
124.289 0.000 0.000 -2.217
124.489 0.000 0.000 -2.217
124.689 0.000 0.000 -2.217
124.889 0.000 0.000 -2.217
125.089 0.000 0.000 -2.217
125.289 0.000 0.000 -2.217
125.489 0.000 0.000 -2.217
125.689 0.000 0.000 -2.217
125.889 0.000 0.000 -2.217
126.089 0.000 0.000 -2.217
126.289 0.000 0.000 -2.217
126.489 0.000 0.000 -2.217
126.689 0.000 0.000 -2.217
126.889 0.000 0.000 -2.217
127.089 0.000 0.000 -2.217
127.289 0.000 0.000 -2.217
127.489 0.000 0.000 -2.217
127.689 0.000 0.000 -2.217
127.889 0.000 0.000 -2.217
128.089 0.000 0.000 -2.217
128.289 0.000 0.000 -2.217
128.489 0.000 0.000 -2.217
128.689 0.000 0.000 -2.217
128.889 0.000 0.000 -2.217
129.089 0.000 0.000 -2.217
129.299 0.000 0.000 -2.217
129.499 0.000 0.000 -2.217
129.700 0.000 0.000 -2.217
129.899 0.000 0.000 -2.217
130.099 0.000 0.000 -2.217
130.299 0.000 0.000 -2.217
130.500 0.000 0.000 -2.217
130.699 0.000 0.000 -2.217
130.899 0.000 0.000 -2.217
131.099 0.000 0.000 -2.217
131.301 0.000 0.000 -2.217
131.499 0.000 0.000 -2.217
131.699 0.000 0.000 -2.217
131.899 0.000 0.000 -2.217
132.100 0.000 0.000 -2.217
132.299 0.000 0.000 -2.217
132.499 0.000 0.000 -2.217
132.699 0.000 0.000 -2.217
132.899 0.000 0.000 -2.217
133.099 0.000 0.000 -2.217
133.299 0.000 0.000 -2.217
133.499 0.000 0.000 -2.217
133.699 0.000 0.000 -2.217
133.899 0.000 0.000 -2.217
134.099 0.000 0.000 -2.217
134.299 0.000 0.000 -2.217
134.500 0.000 0.000 -2.217
134.699 0.000 0.000 -2.217
134.899 0.000 0.000 -2.217
135.099 0.000 0.000 -2.217
135.299 0.000 0.000 -2.217
135.499 0.000 0.000 -2.217
135.699 0.000 0.000 -2.217
135.899 0.000 0.000 -2.217
136.100 0.000 0.000 -2.217
136.299 0.000 0.000 -2.217
136.499 0.000 0.000 -1.941
136.699 0.000 0.000 -1.941
136.900 0.000 0.000 -1.941
137.099 0.000 0.000 -1.941
137.299 0.000 0.000 -1.941
137.499 0.000 0.000 -1.941
137.699 0.000 0.000 -1.941
137.899 0.000 0.000 -1.941
138.099 0.000 0.000 -1.941
138.299 0.000 0.000 -1.941
138.500 0.000 0.000 -1.941
138.699 0.000 0.000 -1.941
138.899 0.000 0.000 -1.941
139.099 0.000 0.000 -1.941
139.300 0.000 0.000 -1.941
139.499 0.000 0.000 -1.941
139.699 0.000 0.000 -1.941
139.899 0.000 0.000 -1.941
140.100 0.000 0.000 -1.941
140.299 0.000 0.000 -1.941
140.499 0.000 0.000 -1.941
140.699 0.000 0.000 -1.941
140.899 0.000 0.000 -1.941
141.099 0.000 0.000 -1.941
141.299 0.000 0.000 -1.941
141.499 0.000 0.000 -1.941
141.700 0.000 0.000 -1.941
141.899 0.000 0.000 -1.941
142.099 0.000 0.000 -1.941
142.299 0.000 0.000 -1.941
142.500 0.000 0.000 -1.941
142.699 0.000 0.000 -1.941
142.899 0.000 0.000 -1.941
143.099 0.000 0.000 -1.941
143.300 0.000 0.000 -1.941
143.499 0.000 0.000 -1.941
143.699 0.000 0.000 -1.941
143.899 0.000 0.000 -1.941
144.099 0.000 0.000 -1.941
144.299 0.000 0.000 -1.941
144.499 0.000 0.000 -1.941
144.699 0.000 0.000 -1.941
144.900 0.000 0.000 -1.941
145.099 0.000 0.000 -1.941
145.299 0.000 0.000 -1.941
145.499 0.000 0.000 -1.941
145.700 0.000 0.000 -1.941
145.899 0.000 0.000 -1.941
146.099 0.000 0.000 -1.941
146.299 0.000 0.000 -1.941
146.499 0.000 0.000 -1.941
146.699 0.000 0.000 -1.941
146.899 0.000 0.000 -1.941
147.099 0.000 0.000 -1.941
147.299 0.000 0.000 -1.941
147.499 0.000 0.000 -1.941
147.699 0.000 0.000 -1.941
147.899 0.000 0.000 -1.941
148.101 0.000 0.000 -1.941
148.299 0.000 0.000 -1.941
148.499 0.000 0.000 -1.941
148.699 0.000 0.000 -1.941
148.899 0.000 0.000 -1.941
149.099 0.000 0.000 -1.941
149.299 0.000 0.000 -1.941
149.499 0.000 0.000 -1.941
149.700 0.000 0.000 -1.941
149.899 0.000 0.000 -1.941
150.099 0.000 0.000 -1.941
150.299 0.000 0.000 -1.941
150.499 0.000 0.000 -1.941
150.699 0.000 0.000 -1.941
150.899 0.000 0.000 -1.941
151.099 0.000 0.000 -1.941
151.300 0.000 0.000 -1.941
151.499 0.000 0.000 -1.941
151.699 0.000 0.000 -1.941
151.899 0.000 0.000 -1.941
152.100 0.000 0.000 -1.941
152.299 0.000 0.000 -1.941
152.499 0.000 0.000 -1.941
152.699 0.000 0.000 -1.941
152.899 0.000 0.000 -1.941
153.099 0.000 0.000 -1.941
153.299 0.000 0.000 -1.941
153.499 0.000 0.000 -1.941
153.699 0.000 0.000 -1.941
153.899 0.000 0.000 -1.941
154.099 0.000 0.000 -1.941
154.320 0.000 0.000 -1.941
154.540 0.000 0.000 -1.941
154.750 0.000 0.000 -1.941
154.980 0.000 0.000 -1.941
155.180 0.000 0.000 -1.941
155.379 0.000 0.000 -1.941
155.590 0.000 0.000 -1.941
155.823 0.000 0.000 -1.941
156.060 0.000 0.000 -1.941
156.291 0.000 0.000 -1.941
156.520 0.000 0.000 -1.941
156.750 0.000 0.000 -1.941
156.949 0.000 0.000 -1.941
157.149 0.000 0.000 -1.941
157.349 0.000 0.000 -1.941
157.549 0.000 0.000 -1.941
157.749 0.000 0.000 -1.941
157.949 0.000 0.000 -1.941
158.149 0.000 0.000 -1.941
158.349 0.000 0.000 -1.941
158.560 0.000 0.000 -1.941
158.801 0.000 0.000 -1.941
159.030 0.000 0.000 -1.941
159.291 0.000 0.000 -1.941
159.500 0.000 0.000 -1.941
159.699 0.000 0.000 -1.941
159.929 0.000 0.000 -1.941
160.129 0.000 0.000 -1.941
160.329 0.000 0.000 -1.941
160.529 0.000 0.000 -1.941
160.730 0.000 0.000 -1.941
160.959 0.000 0.000 -1.941
161.210 0.000 0.000 -1.941
161.430 0.000 0.000 -1.941
161.680 0.000 0.000 -1.941
161.941 0.000 0.000 -1.941
162.191 0.000 0.000 -1.941
162.471 0.000 0.000 -1.941
162.710 0.000 0.000 -1.941
162.921 0.000 0.000 -1.941
163.170 0.000 0.000 -1.941
163.412 0.000 0.000 -1.941
163.670 0.000 0.000 -1.941
163.900 0.000 0.000 -1.941
164.120 0.000 0.000 -1.941
164.360 0.000 0.000 -1.941
164.571 0.000 0.000 -1.941
164.810 0.000 0.000 -1.941
165.020 0.000 0.000 -1.941
165.280 0.000 0.000 -1.941
165.500 0.000 0.000 -1.941
165.741 0.000 0.000 -1.941
165.990 0.000 0.000 -1.941
166.220 0.000 0.000 -1.941
166.439 0.000 0.000 -1.941
166.680 0.000 0.000 -1.941
166.900 0.000 0.000 -1.941
167.110 0.000 0.000 -1.941
167.340 0.000 0.000 -1.941
167.550 0.000 0.000 -1.941
167.790 0.000 0.000 -1.941
167.990 0.000 0.000 -1.941
168.200 0.000 0.000 -1.941
168.410 0.000 0.000 -1.941
168.621 0.000 0.000 -1.941
168.840 0.000 0.000 -1.941
169.080 0.000 0.000 -1.941
169.290 0.000 0.000 -1.941
169.520 0.000 0.000 -1.941
169.750 0.000 0.000 -1.941
169.950 0.000 0.000 -1.941
170.190 0.000 0.000 -1.941
170.400 0.000 0.000 -1.941
170.620 0.000 0.000 -1.941
170.820 0.000 0.000 -1.941
171.020 0.000 0.000 -1.941
171.230 0.000 0.000 -1.941
171.450 0.000 0.000 -1.941
171.670 0.000 0.000 -1.941
171.900 0.000 0.000 -1.941
172.100 0.000 0.000 -1.941
172.310 0.000 0.000 -1.941
172.521 0.000 0.000 -1.941
172.730 0.000 0.000 -1.941
172.941 0.000 0.000 -1.941
173.141 0.000 0.000 -1.941
173.370 0.000 0.000 -1.941
173.590 0.000 0.000 -1.941
173.840 0.000 0.000 -1.941
174.060 0.000 0.000 -1.941
174.259 0.000 0.000 -1.941
174.459 0.000 0.000 -1.941
174.659 0.000 0.000 -1.941
174.869 0.000 0.000 -1.941
175.069 0.000 0.000 -1.941
175.269 0.000 0.000 -1.941
175.469 0.000 0.000 -1.941
175.669 0.000 0.000 -1.941
175.869 0.000 0.000 -1.941
176.069 0.000 0.000 -1.941
176.269 0.000 0.000 0.000
176.469 0.000 0.000 0.000
176.669 0.000 0.000 0.000
176.869 0.000 0.000 0.000
177.069 0.000 0.000 0.000
177.269 0.000 0.000 0.000
177.469 0.000 0.000 0.000
177.669 0.000 0.000 0.000
177.869 0.000 0.000 0.000
178.069 0.000 0.000 0.000
178.269 0.000 0.000 0.000
178.469 0.000 0.000 0.000
178.669 0.000 0.000 0.000
178.869 0.000 0.000 0.000
179.069 0.000 0.000 0.000
179.269 0.000 0.000 0.000
179.469 0.000 0.000 0.000
179.669 0.000 0.000 0.000
179.869 0.000 0.000 0.000
180.069 0.000 0.000 0.000
180.269 0.000 0.000 0.000
180.469 0.000 0.000 0.000
180.669 0.000 0.000 0.000
180.869 0.000 0.000 0.000
181.069 0.000 0.000 0.000
181.270 0.000 0.000 0.000
181.469 0.000 0.000 0.000
181.669 0.000 0.000 0.000
181.869 0.000 0.000 0.000
182.069 0.000 0.000 0.000
182.269 0.000 0.000 0.000
182.469 0.000 0.000 0.000
182.669 0.000 0.000 0.000
182.869 0.000 0.000 0.000
183.069 0.000 0.000 0.000
183.269 0.000 0.000 0.000
183.469 0.000 0.000 0.000
183.669 0.000 0.000 0.000
183.869 0.000 0.000 0.000
184.079 0.000 0.000 0.000
184.279 0.000 0.000 0.000
184.479 0.000 0.000 0.000
184.679 0.000 0.000 0.000
184.879 0.000 0.000 0.000
185.079 0.000 0.000 0.000
185.279 0.000 0.000 0.000
185.479 0.000 0.000 0.000
185.679 0.000 0.000 0.000
185.879 0.000 0.000 0.000
186.079 0.000 0.000 0.000
186.279 0.000 0.000 0.000
186.479 0.000 0.000 0.000
186.679 0.000 0.000 0.000
186.879 0.000 0.000 0.000
187.079 0.000 0.000 0.000
187.279 0.000 0.000 0.000
187.479 0.000 0.000 0.000
187.679 0.000 0.000 0.000
187.879 0.000 0.000 0.000
188.079 0.000 0.000 0.000
188.279 0.000 0.000 0.000
188.479 0.000 0.000 0.000
188.679 0.000 0.000 0.000
188.880 0.000 0.000 0.000
189.079 0.000 0.000 0.000
189.279 0.000 0.000 0.000
189.479 0.000 0.000 0.000
189.679 0.000 0.000 0.000
189.879 0.000 0.000 0.000
190.079 0.000 0.000 0.000
190.279 0.000 0.000 0.000
190.479 0.000 0.000 0.000
190.679 0.000 0.000 0.000
190.879 0.000 0.000 0.000
191.079 0.000 0.000 0.000
191.279 0.000 0.000 0.000
191.479 0.000 0.000 0.000
191.679 0.000 0.000 0.000
191.879 0.000 0.000 0.000
192.079 0.000 0.000 0.000
192.279 0.000 0.000 0.000
192.479 0.000 0.000 0.000
192.679 0.000 0.000 0.000
192.879 0.000 0.000 0.000
193.079 0.000 0.000 0.000
193.279 0.000 0.000 0.000
193.480 0.000 0.000 0.000
193.679 0.000 0.000 0.000
193.879 0.000 0.000 0.000
194.079 0.000 0.000 0.000
194.279 0.000 0.000 0.000
194.479 0.000 0.000 0.000
194.679 0.000 0.000 0.000
194.879 0.000 0.000 0.000
195.079 0.000 0.000 0.000
195.279 0.000 0.000 0.000
195.479 0.000 0.000 0.000
195.679 0.000 0.000 0.000
195.879 0.000 0.000 0.000
196.079 0.000 0.000 0.000
196.279 0.000 0.000 0.000
196.479 0.000 0.000 0.000
196.679 0.000 0.000 0.000
196.879 0.000 0.000 0.000
197.079 0.000 0.000 0.000
197.289 0.000 0.000 0.000
197.489 0.000 0.000 0.000
197.689 0.000 0.000 0.000
197.889 0.000 0.000 0.000
198.089 0.000 0.000 0.000
198.289 0.000 0.000 0.000
198.489 0.000 0.000 0.000
198.689 0.000 0.000 0.000
198.889 0.000 0.000 0.000
199.099 0.000 0.000 0.000
199.300 0.000 0.000 0.000
199.499 0.000 0.000 0.000
199.699 0.000 0.000 0.000
199.899 0.000 0.000 0.000
200.100 0.000 0.000 0.000
200.299 0.000 0.000 0.000
200.499 0.000 0.000 0.000
200.699 0.000 0.000 0.000
200.900 0.000 0.000 0.000
201.099 0.000 0.000 0.000
201.299 0.000 0.000 0.000
201.499 0.000 0.000 0.000
201.700 0.000 0.000 0.000
201.899 0.000 0.000 0.000
202.099 0.000 0.000 0.000
202.299 0.000 0.000 0.000
202.500 0.000 0.000 0.000
202.699 0.000 0.000 0.000
202.899 0.000 0.000 0.000
203.099 0.000 0.000 2.217
203.300 0.000 0.000 2.217
203.499 0.000 0.000 2.217
203.699 0.000 0.000 2.217
203.899 0.000 0.000 2.217
204.100 0.000 0.000 2.217
204.299 0.000 0.000 2.217
204.499 0.000 0.000 2.217
204.699 0.000 0.000 2.217
204.899 0.000 0.000 2.217
205.099 0.000 0.000 2.217
205.299 0.000 0.000 2.217
205.499 0.000 0.000 2.217
205.699 0.000 0.000 2.217
205.899 0.000 0.000 2.217
206.099 0.000 0.000 2.217
206.299 0.000 0.000 2.217
206.499 0.000 0.000 2.217
206.699 0.000 0.000 2.217
206.899 0.000 0.000 2.217
207.099 0.000 0.000 2.217
207.300 0.000 0.000 2.217
207.499 0.000 0.000 2.217
207.699 0.000 0.000 2.217
207.899 0.000 0.000 2.217
208.100 0.000 0.000 2.217
208.299 0.000 0.000 2.217
208.499 0.000 0.000 2.217
208.699 0.000 0.000 2.217
208.900 0.000 0.000 2.217
209.099 0.000 0.000 2.217
209.299 0.000 0.000 2.217
209.499 0.000 0.000 2.217
209.699 0.000 0.000 2.217
209.899 0.000 0.000 2.217
210.099 0.000 0.000 2.217
210.309 0.000 0.000 2.217
210.509 0.000 0.000 2.217
210.709 0.000 0.000 2.217
210.909 0.000 0.000 2.217
211.109 0.000 0.000 2.217
211.309 0.000 0.000 2.217
211.519 0.000 0.000 2.217
211.719 0.000 0.000 2.217
211.919 0.000 0.000 2.217
212.119 0.000 0.000 2.217
212.319 0.000 0.000 2.217
212.519 0.000 0.000 2.217
212.719 0.000 0.000 2.217
212.919 0.000 0.000 2.217
213.119 0.000 0.000 2.217
213.319 0.000 0.000 2.217
213.521 0.000 0.000 2.217
213.719 0.000 0.000 2.217
213.919 0.000 0.000 2.217
214.119 0.000 0.000 2.217
214.319 0.000 0.000 2.217
214.519 0.000 0.000 2.217
214.719 0.000 0.000 2.217
214.919 0.000 0.000 2.217
215.119 0.000 0.000 2.217
215.319 0.000 0.000 2.217
215.519 0.000 0.000 2.217
215.719 0.000 0.000 2.217
215.919 0.000 0.000 2.217
216.119 0.000 0.000 2.217
216.319 0.000 0.000 2.217
216.529 0.000 0.000 2.217
216.730 0.000 0.000 2.217
216.950 0.000 0.000 2.217
217.149 0.000 0.000 2.217
217.349 0.000 0.000 2.217
217.549 0.000 0.000 2.217
217.749 0.000 0.000 2.217
217.950 0.000 0.000 2.217
218.170 0.000 0.000 2.217
218.369 0.000 0.000 2.217
218.599 0.000 0.000 2.217
218.820 0.000 0.000 2.217
219.020 0.000 0.000 2.217
219.250 0.000 0.000 2.217
219.480 0.000 0.000 2.217
219.680 0.000 0.000 2.217
219.920 0.000 0.000 2.217
220.150 0.000 0.000 2.217
220.370 0.000 0.000 2.217
220.570 0.000 0.000 2.217
220.800 0.000 0.000 2.217
221.030 0.000 0.000 2.217
221.270 0.000 0.000 2.217
221.500 0.000 0.000 2.217
221.730 0.000 0.000 2.217
221.941 0.000 0.000 2.217
222.151 0.000 0.000 2.217
222.370 0.000 0.000 2.217
222.580 0.000 0.000 2.217
222.794 0.000 0.000 2.217
223.021 0.000 0.000 2.217
223.221 0.000 0.000 2.217
223.480 0.000 0.000 2.217
223.691 0.000 0.000 2.217
223.912 0.000 0.000 2.217
224.109 0.000 0.000 2.217
224.309 0.000 0.000 2.217
224.509 0.000 0.000 2.217
224.709 0.000 0.000 2.217
224.909 0.000 0.000 2.217
225.109 0.000 0.000 2.217
225.309 0.000 0.000 2.217
225.509 0.000 0.000 2.217
225.709 0.000 0.000 2.217
225.909 0.000 0.000 2.217
226.109 0.000 0.000 2.217
226.309 0.000 0.000 2.217
226.509 0.000 0.000 2.217
226.709 0.000 0.000 2.217
226.909 0.000 0.000 2.217
227.110 0.000 0.000 2.217
227.309 0.000 0.000 2.217
227.509 0.000 0.000 2.217
227.709 0.000 0.000 2.217
227.909 0.000 0.000 2.217
228.109 0.000 0.000 2.217
228.309 0.000 0.000 2.217
228.509 0.000 0.000 2.217
228.709 0.000 0.000 2.217
228.909 0.000 0.000 2.217
229.109 0.000 0.000 2.217
229.309 0.000 0.000 2.217
229.509 0.000 0.000 2.217
229.709 0.000 0.000 2.217
229.909 0.000 0.000 2.217
230.109 0.000 0.000 2.217
230.309 0.000 0.000 2.217
230.509 0.000 0.000 2.217
230.709 0.000 0.000 2.217
230.909 0.000 0.000 2.217
231.109 0.000 0.000 2.217
231.309 0.000 0.000 2.217
231.509 0.000 0.000 2.217
231.709 0.000 0.000 2.217
231.909 0.000 0.000 2.217
232.109 0.000 0.000 2.217
232.309 0.000 0.000 2.217
232.509 0.000 0.000 2.217
232.709 0.000 0.000 2.217
232.909 0.000 0.000 2.217
233.109 0.000 0.000 2.217
233.309 0.000 0.000 2.217
233.509 0.000 0.000 2.217
233.709 0.000 0.000 2.217
233.909 0.000 0.000 2.217
234.109 0.000 0.000 2.217
234.309 0.000 0.000 0.117
234.509 0.000 0.000 0.117
234.709 0.000 0.000 0.117
234.909 0.000 0.000 0.117
235.109 0.000 0.000 0.117
235.309 0.000 0.000 0.117
235.509 0.000 0.000 0.117
235.709 0.000 0.000 0.117
235.910 0.000 0.000 0.117
236.109 0.000 0.000 0.117
236.309 0.000 0.000 0.117
236.509 0.000 0.000 0.117
236.709 0.000 0.000 0.117
236.909 0.000 0.000 0.117
237.109 0.000 0.000 0.117
237.309 0.000 0.000 0.117
237.510 0.000 0.000 0.117
237.709 0.000 0.000 0.117
237.909 0.000 0.000 0.117
238.109 0.000 0.000 0.117
238.309 0.000 0.000 0.117
238.509 0.000 0.000 0.117
238.709 0.000 0.000 0.117
238.909 0.000 0.000 0.117
239.109 0.000 0.000 0.117
239.309 0.000 0.000 0.117
239.509 0.000 0.000 0.117
239.709 0.000 0.000 0.117
239.910 0.000 0.000 0.117
240.109 0.000 0.000 0.117
240.309 0.000 0.000 0.117
240.509 0.000 0.000 0.117
240.709 0.000 0.000 0.117
240.909 0.000 0.000 0.117
241.109 0.000 0.000 0.117
241.309 0.000 0.000 0.117
241.509 0.000 0.000 0.117
241.709 0.000 0.000 0.117
241.909 0.000 0.000 0.117
242.109 0.000 0.000 0.117
242.309 0.000 0.000 0.117
242.509 0.000 0.000 0.117
242.709 0.000 0.000 0.117
242.909 0.000 0.000 0.117
243.109 0.000 0.000 0.117
243.309 0.000 0.000 0.117
243.509 0.000 0.000 0.117
243.709 0.000 0.000 0.117
243.909 0.000 0.000 0.117
244.109 0.000 0.000 0.117
244.309 0.000 0.000 0.117
244.509 0.000 0.000 0.117
244.709 0.000 0.000 0.117
244.909 0.000 0.000 0.117
245.109 0.000 0.000 0.117
245.309 0.000 0.000 0.117
245.509 0.000 0.000 0.117
245.709 0.000 0.000 0.117
245.909 0.000 0.000 0.117
246.109 0.000 0.000 0.117
246.309 0.000 0.000 0.117
246.509 0.000 0.000 0.117
246.709 0.000 0.000 0.117
246.909 0.000 0.000 0.117
247.109 0.000 0.000 0.117
247.309 0.000 0.000 0.117
247.509 0.000 0.000 0.117
247.709 0.000 0.000 0.117
247.909 0.000 0.000 0.117
248.109 0.000 0.000 0.117
248.309 0.000 0.000 0.117
248.509 0.000 0.000 0.117
248.710 0.000 0.000 0.117
248.909 0.000 0.000 0.117
249.109 0.000 0.000 0.117
249.309 0.000 0.000 0.117
249.509 0.000 0.000 0.117
249.709 0.000 0.000 0.117
249.909 0.000 0.000 0.117
250.109 0.000 0.000 0.117
250.309 0.000 0.000 0.117
250.509 0.000 0.000 0.117
250.709 0.000 0.000 0.117
250.909 0.000 0.000 0.117
251.109 0.000 0.000 0.117
251.309 0.000 0.000 0.117
251.509 0.000 0.000 0.117
251.709 0.000 0.000 0.117
251.909 0.000 0.000 0.117
252.109 0.000 0.000 0.117
252.309 0.000 0.000 0.117
252.509 0.000 0.000 0.117
252.709 0.000 0.000 0.117
252.909 0.000 0.000 0.117
253.109 0.000 0.000 0.117
253.309 0.000 0.000 0.117
253.509 0.000 0.000 0.117
253.709 0.000 0.000 0.117
253.909 0.000 0.000 0.117
254.109 0.000 0.000 0.117
254.309 0.000 0.000 0.117
254.509 0.000 0.000 0.117
254.709 0.000 0.000 0.117
254.909 0.000 0.000 0.117
255.109 0.000 0.000 0.117
255.309 0.000 0.000 0.117
255.509 0.000 0.000 0.117
255.709 0.000 0.000 0.117
255.909 0.000 0.000 0.117
256.109 0.000 0.000 0.117
256.309 0.000 0.000 0.117
256.509 0.000 0.000 0.117
256.710 0.000 0.000 0.117
256.909 0.000 0.000 0.117
257.109 0.000 0.000 0.117
257.309 0.000 0.000 0.117
257.510 0.000 0.000 0.117
257.709 0.000 0.000 0.117
257.909 0.000 0.000 0.117
258.109 0.000 0.000 0.117
258.309 0.000 0.000 0.117
258.509 0.000 0.000 0.117
258.709 0.000 0.000 0.117
258.909 0.000 0.000 0.117
259.109 0.000 0.000 0.117
259.309 0.000 0.000 0.117
259.509 0.000 0.000 0.117
259.709 0.000 0.000 0.117
259.909 0.000 0.000 0.117
260.109 0.000 0.000 0.117
260.309 0.000 0.000 0.117
260.509 0.000 0.000 0.117
260.709 0.000 0.000 0.117
260.909 0.000 0.000 0.117
261.109 0.000 0.000 0.117
261.309 0.000 0.000 0.117
261.509 0.000 0.000 0.117
261.709 0.000 0.000 0.117
261.909 0.000 0.000 0.117
262.109 0.000 0.000 0.117
262.309 0.000 0.000 0.117
262.509 0.000 0.000 0.117
262.709 0.000 0.000 0.117
262.909 0.000 0.000 0.117
263.109 0.000 0.000 0.117
263.309 0.000 0.000 0.117
263.509 0.000 0.000 0.117
263.709 0.000 0.000 0.117
263.909 0.000 0.000 0.117
264.109 0.000 0.000 0.117
264.309 0.000 0.000 0.117
264.509 0.000 0.000 0.117
264.709 0.000 0.000 0.117
264.909 0.000 0.000 0.117
265.109 0.000 0.000 0.117
265.309 0.000 0.000 0.117
265.509 0.000 0.000 0.117
265.709 0.000 0.000 0.117
265.909 0.000 0.000 0.117
266.109 0.000 0.000 0.117
266.309 0.000 0.000 0.117
266.509 0.000 0.000 0.117
266.709 0.000 0.000 0.117
266.909 0.000 0.000 0.117
267.109 0.000 0.000 0.117
267.309 0.000 0.000 0.117
267.509 0.000 0.000 0.117
267.709 0.000 0.000 0.117
267.909 0.000 0.000 0.117
268.109 0.000 0.000 0.117
268.309 0.000 0.000 0.117
268.509 0.000 0.000 0.117
268.709 0.000 0.000 0.117
268.909 0.000 0.000 0.117
269.109 0.000 0.000 0.117
269.309 0.000 0.000 0.117
269.509 0.000 0.000 0.117
269.709 0.000 0.000 0.117
269.909 0.000 0.000 0.117
270.109 0.000 0.000 0.117
270.309 0.000 0.000 0.117
270.509 0.000 0.000 0.117
270.709 0.000 0.000 0.117
270.909 0.000 0.000 0.117
271.109 0.000 0.000 0.117
271.310 0.000 0.000 0.117
271.530 0.000 0.000 0.117
271.760 0.000 0.000 0.117
271.959 0.000 0.000 0.117
272.170 0.000 0.000 0.117
272.379 0.000 0.000 0.117
272.600 0.000 0.000 0.117
272.841 0.000 0.000 0.117
273.060 0.000 0.000 0.117
273.270 0.000 0.000 0.117
273.480 0.000 0.000 0.117
273.700 0.000 0.000 0.117
273.920 0.000 0.000 0.117
274.150 0.000 0.000 0.117
274.370 0.000 0.000 0.117
274.590 0.000 0.000 0.117
274.810 0.000 0.000 0.117
275.021 0.000 0.000 0.117
275.219 0.000 0.000 0.117
275.441 0.000 0.000 0.117
275.672 0.000 0.000 0.117
275.900 0.000 0.000 0.117
276.130 0.000 0.000 0.117
276.350 0.000 0.000 0.117
276.580 0.000 0.000 0.117
276.821 0.000 0.000 0.117
277.030 0.000 0.000 0.117
277.240 0.000 0.000 0.117
277.460 0.000 0.000 0.117
277.691 0.000 0.000 0.117
277.922 0.000 0.000 0.117
278.140 0.000 0.000 0.117
278.370 0.000 0.000 0.117
278.581 0.000 0.000 0.117
278.821 0.000 0.000 0.117
279.040 0.000 0.000 0.117
279.271 0.000 0.000 0.117
279.524 0.000 0.000 0.117
279.730 0.000 0.000 0.117
279.960 0.000 0.000 0.117
280.191 0.000 0.000 0.117
280.400 0.000 0.000 0.117
280.651 0.000 0.000 0.117
280.880 0.000 0.000 0.117
281.080 0.000 0.000 0.117
281.310 0.000 0.000 0.117
281.520 0.000 0.000 0.117
281.760 0.000 0.000 0.117
282.010 0.000 0.000 0.117
282.220 0.000 0.000 0.117
282.460 0.000 0.000 0.117
282.670 0.000 0.000 0.117
282.880 0.000 0.000 0.117
283.120 0.000 0.000 0.117
283.320 0.000 0.000 0.117
283.560 0.000 0.000 0.117
283.790 0.000 0.000 0.117
284.009 0.000 0.000 0.117
284.240 0.000 0.000 0.117
284.460 0.000 0.000 0.117
284.681 0.000 0.000 0.117
284.890 0.000 0.000 0.117
285.111 0.000 0.000 0.117
285.320 0.000 0.000 0.117
285.539 0.000 0.000 0.117
285.769 0.000 0.000 0.117
285.979 0.000 0.000 0.117
286.210 0.000 0.000 0.117
286.429 0.000 0.000 0.117
286.660 0.000 0.000 0.117
286.889 0.000 0.000 0.117
287.110 0.000 0.000 0.117
287.340 0.000 0.000 0.117
