130.959 0.296
131.128 0.165
131.254 0.124
131.359 0.103
131.461 0.099
131.581 0.118
131.695 0.111
131.785 0.088
131.877 0.090
131.991 0.110
132.087 0.094
132.179 0.089
132.256 0.074
132.373 0.112
132.465 0.088
132.531 0.066
132.623 0.089
132.722 0.096
132.822 0.097
132.906 0.082
132.991 0.081
133.079 0.085
133.176 0.095
133.246 0.069
133.345 0.085
133.444 0.084
133.527 0.065
133.635 0.076
133.731 0.071
133.839 0.080
133.950 0.090
134.020 0.058
134.110 0.050
134.242 0.081
134.302 0.042
134.516 0.150
134.610 0.094
134.653 0.041
134.733 0.072
134.833 0.072
134.929 0.068
135.034 0.071
135.154 0.094
135.236 0.076
135.346 0.086
135.441 0.080
135.546 0.087
135.624 0.064
135.742 0.081
135.835 0.074
135.928 0.069
136.055 0.092
136.150 0.089
136.230 0.070
136.335 0.074
136.428 0.068
136.548 0.088
136.634 0.074
136.736 0.075
136.829 0.069
136.941 0.080
137.035 0.075
137.127 0.066
137.269 0.108
137.356 0.084
137.438 0.078
137.524 0.063
137.625 0.065
137.736 0.076
137.831 0.071
137.933 0.073
138.022 0.062
138.126 0.066
138.225 0.063
138.322 0.061
138.430 0.070
138.541 0.081
138.614 0.054
138.746 0.086
138.909 0.148
139.099 0.186
139.556 0.450
140.726 1.163
141.553 0.818
141.848 0.281
142.777 0.931
142.939 0.155
142.963 0.019
144.113 1.127
144.139 0.021
145.390 1.167
145.419 0.023
145.726 0.232
145.751 0.019
146.202 0.444
146.226 0.019
146.470 0.160
146.495 0.019
147.371 0.864
147.393 0.017
147.990 0.511
148.011 0.017
148.288 0.185
148.310 0.020
148.711 0.396
148.736 0.020
149.248 0.429
149.273 0.021
149.930 0.575
149.953 0.020
150.680 0.644
150.703 0.018
151.339 0.553
151.363 0.020
151.863 0.416
152.392 0.523
152.415 0.019
153.110 0.609
153.132 0.018
153.522 0.304
153.546 0.019
153.643 0.017
153.745 0.018
154.392 0.563
154.415 0.018
154.513 0.015
154.616 0.018
191.554 0.253
191.668 0.110
191.797 0.125
191.909 0.110
192.003 0.092
192.094 0.088
192.220 0.120
192.324 0.102
192.417 0.090
192.525 0.105
192.641 0.114
192.772 0.128
192.914 0.139
193.060 0.143
193.186 0.124
193.235 0.048
193.322 0.084
193.412 0.087
193.502 0.087
193.557 0.053
193.665 0.105
193.774 0.102
193.887 0.115
194.007 0.118
194.124 0.114
194.219 0.093
194.347 0.126
194.470 0.118
194.615 0.141
194.784 0.159
194.868 0.081
194.997 0.126
195.028 0.027
195.103 0.072
195.230 0.109
195.345 0.112
195.433 0.086
195.512 0.077
195.611 0.091
195.710 0.091
195.809 0.089
195.957 0.137
196.071 0.108
196.173 0.101
196.281 0.106
196.379 0.097
196.467 0.085
196.519 0.049
196.581 0.060
196.738 0.118
196.858 0.115
196.954 0.094
197.045 0.089
197.175 0.128
197.298 0.121
197.440 0.139
197.504 0.062
197.584 0.077
197.662 0.075
197.748 0.083
197.824 0.073
197.893 0.066
198.010 0.091
198.100 0.080
198.184 0.065
198.285 0.065
198.409 0.089
198.492 0.072
198.598 0.078
198.686 0.067
198.792 0.073
198.893 0.072
198.986 0.067
199.099 0.078
199.181 0.060
199.289 0.069
199.387 0.068
199.489 0.070
199.589 0.069
199.678 0.059
199.791 0.072
199.881 0.062
199.991 0.070
200.101 0.081
200.185 0.065
200.277 0.058
200.383 0.063
200.490 0.070
200.575 0.055
200.687 0.067
200.786 0.065
200.894 0.075
200.978 0.058
201.093 0.072
201.188 0.068
201.286 0.066
201.384 0.063
201.486 0.066
201.592 0.070
201.672 0.052
201.799 0.080
201.887 0.067
201.957 0.038
202.080 0.061
202.188 0.066
202.287 0.067
202.415 0.088
202.485 0.065
202.581 0.061
202.702 0.081
202.805 0.085
202.889 0.070
202.979 0.060
203.118 0.098
203.277 0.154
203.441 0.161
203.576 0.131
203.734 0.155
203.859 0.124
203.972 0.109
204.088 0.114
204.176 0.085
204.278 0.098
204.425 0.145
204.569 0.141
204.691 0.118
204.823 0.131
204.957 0.132
205.011 0.051
205.115 0.055
205.268 0.102
205.360 0.086
205.475 0.113
205.541 0.063
205.668 0.108
205.783 0.111
205.833 0.048
205.986 0.126
206.081 0.093
206.178 0.095
206.299 0.119
206.429 0.126
206.557 0.125
206.633 0.074
206.707 0.071
206.795 0.081
206.902 0.109
206.997 0.092
207.100 0.100
207.201 0.098
207.293 0.089
207.366 0.070
207.446 0.076
207.545 0.085
207.643 0.083
207.742 0.082
207.875 0.115
207.992 0.115
208.101 0.106
208.185 0.081
208.279 0.092
208.377 0.096
208.464 0.080
208.563 0.096
208.650 0.085
208.748 0.088
208.828 0.068
208.900 0.040
209.026 0.067
209.143 0.082
209.233 0.074
209.343 0.083
209.453 0.092
209.532 0.070
209.636 0.077
209.710 0.050
209.807 0.047
209.932 0.072
210.030 0.069
210.135 0.075
210.228 0.067
210.357 0.097
210.476 0.116
210.602 0.123
210.703 0.097
210.810 0.104
210.943 0.130
211.090 0.144
211.242 0.150
211.346 0.097
211.426 0.082
211.546 0.118
211.671 0.120
211.840 0.166
211.953 0.106
212.100 0.149
212.270 0.167
212.434 0.160
212.579 0.142
212.712 0.129
212.866 0.152
