0.000 0.000 0.000 0.000
0.210 0.000 0.000 0.000
0.439 0.000 0.000 0.000
0.669 0.000 0.000 0.000
0.869 0.000 0.000 0.000
1.071 0.000 0.000 0.000
1.270 0.000 0.000 0.000
1.470 0.000 0.000 0.000
1.670 0.000 0.000 0.000
1.870 0.000 0.000 0.000
2.071 0.000 0.000 0.000
2.270 0.000 0.000 0.000
2.470 0.000 0.000 0.000
2.670 0.000 0.000 0.000
2.870 0.000 0.000 0.000
3.070 0.000 0.000 0.000
3.271 0.000 0.000 0.000
3.470 0.000 0.000 0.000
3.671 0.000 0.000 0.000
3.869 0.000 0.000 0.000
4.070 0.000 0.000 0.000
4.280 0.000 0.000 0.000
4.480 0.000 0.000 0.000
4.680 0.000 0.000 0.000
4.880 0.000 0.000 0.000
5.080 0.000 0.000 0.000
5.280 0.000 0.000 0.000
5.479 0.000 0.000 0.000
5.680 0.000 0.000 0.000
5.879 0.000 0.000 0.000
6.080 0.000 0.000 0.000
6.280 0.000 0.000 0.000
6.480 0.000 0.000 0.000
6.680 0.000 0.000 0.000
6.880 0.000 0.000 0.000
7.080 0.000 0.000 0.000
7.280 0.000 0.000 0.000
7.480 0.000 0.000 0.000
7.680 0.000 0.000 0.000
7.880 0.000 0.000 0.000
8.090 0.000 0.000 0.000
8.290 0.000 0.000 0.000
8.490 0.000 0.000 0.000
8.690 0.000 0.000 0.000
8.890 0.000 0.000 0.000
9.090 0.000 0.000 0.000
9.290 0.000 0.000 0.000
9.490 0.000 0.000 0.000
9.690 0.000 0.000 0.000
9.890 0.000 0.000 0.000
10.090 0.000 0.000 0.000
10.290 0.000 0.000 0.000
10.490 0.000 0.000 0.000
10.689 0.000 0.000 0.000
10.890 0.000 0.000 0.000
11.093 0.000 0.000 0.000
11.321 0.000 0.000 0.000
11.501 0.000 0.000 0.000
11.689 0.000 0.000 0.000
11.921 0.000 0.000 0.000
12.101 0.000 0.000 0.000
12.289 0.000 0.000 0.000
12.521 0.000 0.000 0.000
12.701 0.000 0.000 0.000
12.889 0.000 0.000 0.000
13.125 0.000 0.000 0.000
13.305 0.000 0.000 0.000
13.490 0.000 0.000 0.000
13.725 0.000 0.000 0.000
13.910 0.000 0.000 0.000
14.141 0.000 0.000 0.000
14.321 0.000 0.000 0.000
14.510 0.000 0.000 0.000
14.741 0.000 0.000 0.000
14.922 0.000 0.000 0.000
15.110 0.000 0.000 0.000
15.345 0.000 0.000 0.000
15.521 0.000 0.000 0.000
15.721 0.000 0.000 0.000
15.945 0.000 0.000 0.000
16.121 0.000 0.000 0.000
16.320 0.000 0.000 0.000
16.545 0.000 0.000 0.000
16.725 0.000 0.000 0.000
16.921 0.000 0.000 0.000
17.141 0.000 0.000 0.000
17.321 0.000 0.000 0.000
17.520 0.000 0.000 0.000
17.741 0.000 0.000 0.000
17.925 0.000 0.000 0.000
18.161 0.000 0.000 0.000
18.343 0.000 0.000 0.000
18.530 0.000 0.000 0.000
18.761 0.000 0.000 0.000
18.946 0.000 0.000 0.000
19.130 0.000 0.000 0.000
19.361 0.000 0.000 0.000
19.545 0.000 0.000 0.000
19.733 0.000 0.000 0.000
19.961 0.000 0.000 0.000
20.141 0.000 0.000 0.000
20.330 0.000 0.000 0.000
20.561 0.000 0.000 0.000
20.741 0.000 0.000 0.000
20.930 0.000 0.000 0.000
21.165 0.000 0.000 0.000
21.345 0.000 0.000 0.000
21.532 0.000 0.000 0.000
21.753 0.000 0.000 0.000
21.935 0.000 0.000 0.000
22.130 0.000 0.000 0.000
22.353 0.000 0.000 0.000
22.534 0.000 0.000 0.000
22.730 0.000 0.000 0.000
22.953 0.000 0.000 0.000
23.136 0.000 0.000 0.000
23.330 0.000 0.000 0.000
23.557 0.000 0.000 0.000
23.745 0.000 0.000 0.000
23.930 0.000 0.000 0.000
24.157 0.000 0.000 0.000
24.333 0.000 0.000 0.000
24.530 0.000 0.000 0.000
24.754 0.000 0.000 0.000
24.941 0.000 0.000 0.000
25.174 0.000 0.000 0.000
25.353 0.000 0.000 0.000
25.540 0.000 0.000 0.000
25.774 0.000 0.000 0.000
25.953 0.000 0.000 0.000
26.140 0.000 0.000 0.000
26.373 0.000 0.000 0.000
26.554 0.000 0.000 0.000
26.740 0.000 0.000 0.000
26.973 0.000 0.000 0.000
27.153 0.000 0.000 0.000
27.340 0.000 0.000 0.000
27.576 0.000 0.000 0.000
27.753 0.000 0.000 0.000
27.940 0.000 0.000 0.000
28.174 0.000 0.000 0.000
28.354 0.000 0.000 0.000
28.540 0.000 0.000 0.000
28.773 0.000 0.000 0.000
28.953 0.000 0.000 0.000
29.140 0.000 0.000 0.000
29.377 0.000 0.000 0.000
29.575 0.000 0.000 0.000
29.758 0.000 0.000 0.000
29.940 0.000 0.000 0.000
30.173 0.000 0.000 0.000
30.354 0.000 0.000 0.000
30.540 0.000 0.000 0.000
30.773 0.000 0.000 0.000
30.953 0.000 0.000 0.000
31.140 0.000 0.000 0.000
31.373 0.000 0.000 0.000
31.557 0.000 0.000 0.000
31.740 0.000 0.000 0.000
31.973 0.000 0.000 0.000
32.153 0.000 0.000 0.000
32.346 0.000 0.000 0.000
32.573 0.000 0.000 0.000
32.753 0.000 0.000 0.000
32.940 0.000 0.000 0.000
33.173 0.000 0.000 0.000
33.353 0.000 0.000 0.000
33.540 0.000 0.000 0.000
33.774 0.000 0.000 0.000
33.953 0.000 0.000 0.000
34.140 0.000 0.000 0.000
34.373 0.000 0.000 0.000
34.557 0.000 0.000 0.000
34.740 0.000 0.000 0.000
34.977 0.000 0.000 0.000
35.157 0.000 0.000 0.000
35.340 0.000 0.000 0.000
35.573 0.000 0.000 0.000
35.757 0.000 0.000 0.000
35.940 0.000 0.000 0.000
36.173 0.000 0.000 0.000
36.353 0.000 0.000 0.000
36.540 0.000 0.000 0.000
36.773 0.000 0.000 0.000
36.953 0.000 0.000 0.000
37.140 0.000 0.000 0.000
37.374 0.000 0.000 0.000
37.553 0.000 0.000 0.000
37.740 0.000 0.000 0.000
37.974 0.000 0.000 0.000
38.154 0.000 0.000 0.000
38.340 0.000 0.000 0.000
38.573 0.000 0.000 0.000
38.757 0.000 0.000 0.000
38.940 0.000 0.000 0.000
39.173 0.000 0.000 0.000
39.353 0.000 0.000 0.000
39.540 0.000 0.000 0.000
39.773 0.000 0.000 0.000
39.955 0.000 0.000 0.000
40.140 0.000 0.000 0.000
40.373 0.000 0.000 0.000
40.553 0.000 0.000 0.000
40.740 0.000 0.000 0.000
40.973 0.000 0.000 0.000
41.153 0.000 0.000 0.000
41.342 0.000 0.000 0.000
41.573 0.000 0.000 0.000
41.753 0.000 0.000 0.000
41.941 0.000 0.000 0.000
42.185 0.000 0.000 0.000
42.353 0.000 0.000 0.000
42.550 0.000 0.000 0.000
42.777 0.000 0.000 0.000
42.954 0.000 0.000 0.000
43.150 0.000 0.000 0.000
43.377 0.000 0.000 0.000
43.555 0.000 0.000 0.000
43.750 0.000 0.000 0.000
43.973 0.000 0.000 0.000
44.154 0.000 0.000 0.000
44.350 0.000 0.000 0.000
44.573 0.000 0.000 0.000
44.755 0.000 0.000 0.000
44.950 0.000 0.000 0.000
45.173 0.000 0.000 0.000
45.357 0.000 0.000 0.000
45.550 0.000 0.000 0.000
45.773 0.000 0.000 0.000
45.957 0.000 0.000 0.000
46.150 0.000 0.000 0.000
46.373 0.000 0.000 0.000
46.553 0.000 0.000 0.000
46.750 0.000 0.000 0.000
46.973 0.000 0.000 0.000
47.157 0.000 0.000 0.000
47.351 0.000 0.000 0.000
47.573 0.000 0.000 0.000
47.753 0.000 0.000 0.000
47.950 0.000 0.000 0.000
48.177 0.000 0.000 0.000
48.360 0.000 0.000 0.000
48.597 0.000 0.000 0.000
48.773 0.000 0.000 0.000
48.960 0.000 0.000 0.000
49.197 0.000 0.000 0.000
49.378 0.000 0.000 0.000
49.560 0.000 0.000 0.000
49.793 0.000 0.000 0.000
49.973 0.000 0.000 0.000
50.160 0.000 0.000 0.000
50.393 0.000 0.000 0.000
50.573 0.000 0.000 0.000
50.760 0.000 0.000 0.000
50.994 0.000 0.000 0.000
51.177 0.000 0.000 0.000
51.360 0.000 0.000 0.000
51.593 0.000 0.000 0.000
51.773 0.000 0.000 0.000
51.960 0.000 0.000 0.000
52.193 0.000 0.000 0.000
52.375 0.000 0.000 0.000
52.561 0.000 0.000 0.000
52.793 0.000 0.000 0.000
52.973 0.000 0.000 0.000
53.160 0.000 0.000 0.000
53.393 0.000 0.000 0.000
53.577 0.000 0.000 0.000
53.759 0.000 0.000 0.000
53.997 0.000 0.000 0.000
54.185 0.000 0.000 0.000
54.370 0.000 0.000 0.000
54.605 0.000 0.000 0.000
54.782 0.000 0.000 0.000
54.973 0.000 0.000 0.000
55.201 0.000 0.000 0.000
55.381 0.000 0.000 0.000
55.570 0.000 0.000 0.000
55.801 0.000 0.000 0.000
55.981 0.000 0.000 0.000
56.180 0.000 0.000 0.000
56.405 0.000 0.000 0.000
56.585 0.000 0.000 0.000
56.780 0.000 0.000 0.000
57.001 0.000 0.000 0.000
57.181 0.000 0.000 0.000
57.380 0.000 0.000 0.000
57.601 0.000 0.000 0.000
57.781 0.000 0.000 0.000
57.980 0.000 0.000 0.000
58.205 0.000 0.000 0.000
58.381 0.000 0.000 0.000
58.580 0.000 0.000 0.000
58.802 0.000 0.000 0.000
58.985 0.000 0.000 0.000
59.180 0.000 0.000 0.000
59.401 0.000 0.000 0.000
59.585 0.000 0.000 0.000
59.780 0.000 0.000 0.000
60.001 0.000 0.000 0.000
60.182 0.000 0.000 0.000
60.381 0.000 0.000 0.000
60.601 0.000 0.000 0.000
60.786 0.000 0.000 0.000
60.980 0.000 0.000 0.000
61.201 0.000 0.000 0.000
61.381 0.000 0.000 0.000
61.580 0.000 0.000 0.000
61.801 0.000 0.000 0.000
61.990 0.000 0.000 0.000
62.180 0.000 0.000 0.000
62.401 0.000 0.000 0.000
62.581 0.000 0.000 0.000
62.779 0.000 0.000 0.000
63.001 0.000 0.000 0.000
63.181 0.000 0.000 0.000
63.380 0.000 0.000 0.000
63.601 0.000 0.000 0.000
63.781 0.000 0.000 0.000
63.980 0.000 0.000 0.000
64.201 0.000 0.000 0.000
64.385 0.000 0.000 0.000
64.580 0.000 0.000 0.000
64.801 0.000 0.000 0.000
64.981 0.000 0.000 0.000
65.180 0.000 0.000 0.000
65.403 0.000 0.000 0.000
65.582 0.000 0.000 0.000
65.780 0.000 0.000 0.000
66.001 0.000 0.000 0.000
66.181 0.000 0.000 0.000
66.380 0.000 0.000 0.000
66.602 0.000 0.000 0.000
66.785 0.000 0.000 0.000
66.980 0.000 0.000 0.000
67.201 0.000 0.000 0.000
67.381 0.000 0.000 0.000
67.580 0.000 0.000 0.000
67.801 0.000 0.000 0.000
67.981 0.000 0.000 0.000
68.185 0.000 0.000 0.000
68.401 0.000 0.000 0.000
68.581 0.000 0.000 0.000
68.780 0.000 0.000 0.000
69.001 0.000 0.000 0.000
69.185 0.000 0.000 0.000
69.381 0.000 0.000 0.000
69.602 0.000 0.000 0.000
69.781 0.000 0.000 0.000
69.980 0.000 0.000 0.000
70.201 0.000 0.000 0.000
70.381 0.000 0.000 0.000
70.580 0.000 0.000 0.000
70.801 0.000 0.000 0.000
70.984 0.000 0.000 0.000
71.180 0.000 0.000 0.000
71.401 0.000 0.000 0.000
71.581 0.000 0.000 0.000
71.780 0.000 0.000 0.000
72.001 0.000 0.000 0.000
72.181 0.000 0.000 0.000
72.380 0.000 0.000 0.000
72.601 0.000 0.000 0.000
72.781 0.000 0.000 0.000
72.980 0.930 -0.010 0.000
73.203 0.930 -0.010 0.000
73.385 0.930 -0.010 0.000
73.580 0.930 -0.010 0.000
73.805 0.930 -0.010 0.000
73.986 0.930 -0.010 0.000
74.180 0.930 -0.010 0.000
74.401 0.930 -0.010 0.000
74.581 0.930 -0.010 0.000
74.781 0.930 -0.010 0.000
75.001 0.930 -0.010 0.000
75.189 0.930 -0.010 0.000
75.380 0.930 -0.010 0.000
75.602 0.930 -0.010 0.000
75.785 0.930 -0.010 0.000
75.980 0.930 -0.010 0.000
76.205 0.930 -0.010 0.000
76.385 0.930 -0.010 0.000
76.580 0.930 -0.010 0.000
76.805 0.930 -0.010 0.000
76.981 0.930 -0.010 0.000
77.180 0.930 -0.010 0.000
77.405 0.930 -0.010 0.000
77.585 0.930 -0.010 0.000
77.780 0.930 -0.010 0.000
78.005 0.930 -0.010 0.000
78.181 0.930 -0.010 0.000
78.380 0.930 -0.010 0.000
78.601 0.930 -0.010 0.000
78.781 0.930 -0.010 0.000
78.980 0.930 -0.010 0.000
79.205 0.930 -0.010 0.000
79.382 0.930 -0.010 0.000
79.580 0.930 -0.010 0.000
79.801 0.930 -0.010 0.000
79.981 0.930 -0.010 0.000
80.180 0.930 -0.010 0.000
80.401 0.930 -0.010 0.000
80.581 0.930 -0.010 0.000
80.780 0.930 -0.010 0.000
81.001 0.930 -0.010 0.000
81.185 0.930 -0.010 0.000
81.380 0.930 -0.010 0.000
81.601 0.930 -0.010 0.000
81.781 0.930 -0.010 0.000
81.980 0.930 -0.010 0.000
82.205 0.930 -0.010 0.000
82.381 0.930 -0.010 0.000
82.580 0.930 -0.010 0.000
82.805 0.930 -0.010 0.000
82.981 0.930 -0.010 0.000
83.180 0.930 -0.010 0.000
83.401 0.930 -0.010 0.000
83.581 0.930 -0.010 0.000
83.780 0.930 -0.010 0.000
84.001 0.930 -0.010 0.000
84.181 0.930 -0.010 0.000
84.380 0.930 -0.010 0.000
84.605 0.930 -0.010 0.000
84.781 0.930 -0.010 0.000
84.980 0.930 -0.010 0.000
85.201 0.930 -0.010 0.000
85.385 0.930 -0.010 0.000
85.580 0.930 -0.010 0.000
85.801 0.930 -0.010 0.000
85.981 0.930 -0.010 0.000
86.180 0.930 -0.010 0.000
86.401 0.930 -0.010 0.000
86.581 0.930 -0.010 0.000
86.780 0.930 -0.010 0.000
87.001 0.930 -0.010 0.000
87.182 0.930 -0.010 0.000
87.380 0.930 -0.010 0.000
87.601 0.930 -0.010 0.000
87.785 0.930 -0.010 0.000
87.980 0.930 -0.010 0.000
88.201 0.930 -0.010 0.000
88.381 0.930 -0.010 0.000
88.580 0.930 -0.010 0.000
88.802 0.930 -0.010 0.000
88.981 0.930 -0.010 0.000
89.180 0.930 -0.010 0.000
89.405 0.930 -0.010 0.000
89.585 0.930 -0.010 0.000
89.780 0.930 -0.010 0.000
90.001 0.930 -0.010 0.000
90.181 0.930 -0.010 0.000
90.379 0.930 -0.010 0.000
90.601 0.930 -0.010 0.000
90.787 0.930 -0.010 0.000
90.980 0.930 -0.010 0.000
91.201 0.930 -0.010 0.000
91.385 0.930 -0.010 0.000
91.580 0.930 -0.010 0.000
91.803 0.930 -0.010 0.000
91.981 0.930 -0.010 0.000
92.180 0.930 -0.010 0.000
92.405 0.930 -0.010 0.000
92.581 0.930 -0.010 0.000
92.780 0.930 -0.010 0.000
93.005 0.930 -0.010 0.000
93.185 0.930 -0.010 0.000
93.380 0.930 -0.010 0.000
93.601 0.930 -0.010 0.000
93.781 0.930 -0.010 0.000
93.980 0.930 -0.010 0.000
94.201 0.930 -0.010 0.000
94.385 0.930 -0.010 0.000
94.580 0.930 -0.010 0.000
94.801 0.930 -0.010 0.000
94.981 0.930 -0.010 0.000
95.180 0.930 -0.010 0.000
95.401 0.930 -0.010 0.000
95.581 0.930 -0.010 0.000
95.780 0.930 -0.010 0.000
96.002 0.930 -0.010 0.000
96.181 0.930 -0.010 0.000
96.380 0.930 -0.010 0.000
96.605 0.930 -0.010 0.000
96.781 0.930 -0.010 0.000
96.980 0.930 -0.010 0.000
97.202 0.930 -0.010 0.000
97.381 0.930 -0.010 0.000
97.580 0.930 -0.010 0.000
97.805 0.930 -0.010 0.000
97.985 0.930 -0.010 0.000
98.180 0.930 -0.010 0.000
98.401 0.930 -0.010 0.000
98.582 0.930 -0.010 0.000
98.780 0.930 -0.010 0.000
99.001 0.930 -0.010 0.000
99.186 0.930 -0.010 0.000
99.380 0.930 -0.010 0.000
99.601 0.930 -0.010 0.000
99.781 0.930 -0.010 0.000
99.980 0.930 -0.010 0.000
100.202 0.930 -0.010 0.000
100.381 0.930 -0.010 0.000
100.580 0.930 -0.010 0.000
100.801 0.930 -0.010 0.000
100.985 0.930 -0.010 0.000
101.180 0.930 -0.010 0.000
101.405 0.930 -0.010 0.000
101.585 0.930 -0.010 0.000
101.780 0.930 -0.010 0.000
102.005 0.930 -0.010 0.000
102.181 0.930 -0.010 0.000
102.380 0.930 -0.010 0.000
102.601 0.930 -0.010 0.000
102.785 0.930 -0.010 0.000
102.980 0.930 -0.010 0.000
103.201 0.930 -0.010 0.000
103.385 0.930 -0.010 0.000
103.580 0.930 -0.010 0.000
103.801 0.930 -0.010 0.000
103.981 0.930 -0.010 0.000
104.180 0.930 -0.010 0.000
104.402 0.930 -0.010 0.000
104.581 0.930 -0.010 0.000
104.780 0.930 -0.010 0.000
105.006 0.930 -0.010 0.000
105.181 0.930 -0.010 0.000
105.380 0.930 -0.010 0.000
105.601 0.930 -0.010 0.000
105.781 0.930 -0.010 0.000
105.980 0.930 -0.010 0.000
106.202 0.930 -0.010 0.000
106.381 0.930 -0.010 0.000
106.580 0.930 -0.010 0.000
106.801 0.930 -0.010 0.000
106.981 0.930 -0.010 0.000
107.180 0.930 -0.010 0.000
107.401 0.930 -0.010 0.000
107.582 0.930 -0.010 0.000
107.780 0.930 -0.010 0.000
108.001 0.930 -0.010 0.000
108.181 0.930 -0.010 0.000
108.380 0.930 -0.010 0.000
108.601 0.930 -0.010 0.000
108.781 0.930 -0.010 0.000
108.980 0.930 -0.010 0.000
109.201 0.930 -0.010 0.000
109.383 0.930 -0.010 0.000
109.580 0.930 -0.010 0.000
109.801 0.930 -0.010 0.000
109.990 0.930 -0.010 0.000
110.221 0.930 -0.010 0.000
110.401 0.930 -0.010 0.000
110.590 0.930 -0.010 0.000
110.825 0.930 -0.010 0.000
111.001 0.930 -0.010 0.000
111.190 0.930 -0.010 0.000
111.421 0.930 -0.010 0.000
111.602 0.930 -0.010 0.000
111.790 0.930 -0.010 0.000
112.024 0.930 -0.010 0.000
112.201 0.930 -0.010 0.000
112.390 0.930 -0.010 0.000
112.621 0.930 -0.010 0.000
112.801 0.930 -0.010 0.000
112.989 0.930 -0.010 0.000
113.225 0.930 -0.010 0.000
113.401 0.930 -0.010 0.000
113.590 0.930 -0.010 0.000
113.825 0.930 -0.010 0.000
114.005 0.930 -0.010 0.000
114.190 0.930 -0.010 0.000
114.425 0.930 -0.010 0.000
114.601 0.930 -0.010 0.000
114.789 0.930 -0.010 0.000
115.021 0.930 -0.010 0.000
115.201 0.930 -0.010 0.000
115.390 0.930 -0.010 0.000
115.621 0.930 -0.010 0.000
115.805 0.930 -0.010 0.000
115.990 0.930 -0.010 0.000
116.225 0.930 -0.010 0.000
116.401 0.930 -0.010 0.000
116.591 0.930 -0.010 0.000
116.821 0.930 -0.010 0.000
117.005 0.930 -0.010 0.000
117.190 0.930 -0.010 0.000
117.421 0.930 -0.010 0.000
117.601 0.930 -0.010 0.000
117.790 0.930 -0.010 0.000
118.021 0.930 -0.010 0.000
118.205 0.930 -0.010 0.000
118.391 0.930 -0.010 0.000
118.625 0.930 -0.010 0.000
118.801 0.930 -0.010 0.000
118.990 0.930 -0.010 0.000
119.221 0.930 -0.010 0.000
119.401 0.930 -0.010 0.000
119.590 0.930 -0.010 0.000
119.821 0.930 -0.010 0.000
120.001 0.930 -0.010 0.000
120.191 0.930 -0.010 0.000
120.421 0.930 -0.010 0.000
120.605 0.930 -0.010 0.000
120.790 0.930 -0.010 0.000
121.021 0.930 -0.010 0.000
121.201 0.930 -0.010 0.000
121.390 0.930 -0.010 0.000
121.625 0.930 -0.010 0.000
121.801 0.930 -0.010 0.000
121.990 0.930 -0.010 0.000
122.222 0.930 -0.010 0.000
122.403 0.930 -0.010 0.000
122.590 0.930 -0.010 0.000
122.825 0.930 -0.010 0.000
123.001 0.930 -0.010 0.000
123.190 0.930 -0.010 0.000
123.425 0.930 -0.010 0.000
123.601 0.930 -0.010 0.000
123.790 0.930 -0.010 0.000
124.023 0.930 -0.010 0.000
124.202 0.930 -0.010 0.000
124.390 0.930 -0.010 0.000
124.621 0.930 -0.010 0.000
124.802 0.930 -0.010 0.000
124.990 0.930 -0.010 0.000
125.221 0.930 -0.010 0.000
125.405 0.930 -0.010 0.000
125.590 0.930 -0.010 0.000
125.821 0.930 -0.010 0.000
126.001 0.930 -0.010 0.000
126.190 0.930 -0.010 0.000
126.426 0.930 -0.010 0.000
126.605 0.930 -0.010 0.000
126.790 0.930 -0.010 0.000
127.021 0.930 -0.010 0.000
127.201 0.930 -0.010 0.000
127.390 0.930 -0.010 0.000
127.621 0.930 -0.010 0.000
127.801 0.930 -0.010 0.000
127.990 0.930 -0.010 0.000
128.221 0.930 -0.010 0.000
128.405 0.930 -0.010 0.000
128.590 0.930 -0.010 0.000
128.825 0.930 -0.010 0.000
129.002 0.930 -0.010 0.000
129.190 0.930 -0.010 0.000
129.421 0.930 -0.010 0.000
129.605 0.930 -0.010 0.000
129.801 0.930 -0.010 0.000
130.022 0.930 -0.010 0.000
130.206 0.930 -0.010 0.000
130.400 0.930 -0.010 0.000
130.621 0.930 -0.010 0.000
130.805 0.930 -0.010 0.000
131.000 0.930 -0.010 0.000
131.221 0.930 -0.010 0.000
131.401 0.930 -0.010 0.000
131.600 0.930 -0.010 0.000
131.825 0.930 -0.010 0.000
132.001 0.930 -0.010 0.000
132.199 0.930 -0.010 0.000
132.421 0.930 -0.010 0.000
132.601 0.930 -0.010 0.000
132.799 0.930 -0.010 0.000
133.021 0.930 -0.010 0.000
133.201 0.930 -0.010 0.000
133.399 0.930 -0.010 0.000
133.621 0.930 -0.010 0.000
133.801 0.930 -0.010 0.000
134.000 0.930 -0.010 0.000
134.225 0.930 -0.010 0.000
134.405 0.930 -0.010 0.000
134.599 0.930 -0.010 0.000
134.821 0.930 -0.010 0.000
135.001 0.930 -0.010 0.000
135.199 0.930 -0.010 0.000
135.421 0.930 -0.010 0.000
135.602 0.930 -0.010 0.000
135.799 0.930 -0.010 0.000
136.021 0.930 -0.010 0.000
136.201 0.930 -0.010 0.000
136.399 0.930 -0.010 0.000
136.621 0.930 -0.010 0.000
136.805 0.930 -0.010 0.000
136.999 0.930 -0.010 0.000
137.221 0.930 -0.010 0.000
137.401 0.930 -0.010 0.000
137.600 0.930 -0.010 0.000
137.821 0.930 -0.010 0.000
138.001 0.930 -0.010 0.000
138.200 0.930 -0.010 0.000
138.421 0.930 -0.010 0.000
138.601 0.930 -0.010 0.000
138.800 0.930 -0.010 0.000
139.021 0.930 -0.010 0.000
139.201 0.930 -0.010 0.000
139.399 0.930 -0.010 0.000
139.621 0.930 -0.010 0.000
139.801 0.930 -0.010 0.000
139.999 0.930 -0.010 0.000
140.221 0.930 -0.010 0.000
140.405 0.930 -0.010 0.000
140.599 0.930 -0.010 0.000
140.825 0.930 -0.010 0.000
141.001 0.930 -0.010 0.000
141.200 0.930 -0.010 0.000
141.421 0.930 -0.010 0.000
141.601 0.930 -0.010 0.000
141.799 0.930 -0.010 0.000
142.021 0.930 -0.010 0.000
142.201 0.930 -0.010 0.000
142.399 0.930 -0.010 0.000
142.621 0.930 -0.010 0.000
142.801 0.930 -0.010 0.000
143.000 0.930 -0.010 0.000
143.221 0.930 -0.010 0.000
143.401 0.930 -0.010 0.000
143.599 0.930 -0.010 0.000
143.821 0.930 -0.010 0.000
144.001 0.930 -0.010 0.000
144.199 0.930 -0.010 0.000
144.421 0.930 -0.010 0.000
144.601 0.930 -0.010 0.000
144.800 0.930 -0.010 0.000
145.021 0.930 -0.010 0.000
145.201 0.930 -0.010 0.000
145.400 0.930 -0.010 0.000
145.621 0.930 -0.010 0.000
145.801 0.930 -0.010 0.000
146.000 0.930 -0.010 0.000
146.225 0.930 -0.010 0.000
146.401 0.930 -0.010 0.000
146.599 0.930 -0.010 0.000
146.825 0.930 -0.010 0.000
147.001 0.930 -0.010 0.000
147.199 0.930 -0.010 0.000
147.425 0.930 -0.010 0.000
147.605 0.930 -0.010 0.000
147.799 0.930 -0.010 0.000
148.025 0.930 -0.010 0.000
148.205 0.930 -0.010 0.000
148.400 0.930 -0.010 0.000
148.625 0.930 -0.010 0.000
148.801 0.930 -0.010 0.000
148.999 0.930 -0.010 0.000
149.221 0.930 -0.010 0.000
149.401 0.930 -0.010 0.000
149.599 0.930 -0.010 0.000
149.825 0.930 -0.010 0.000
150.002 0.930 -0.010 0.000
150.199 0.930 -0.010 0.000
150.421 0.930 -0.010 0.000
150.601 0.930 -0.010 0.000
150.800 0.930 -0.010 0.000
151.021 0.930 -0.010 0.000
151.201 1.303 -0.018 0.000
151.399 1.303 -0.018 0.000
151.625 1.303 -0.018 0.000
151.801 1.303 -0.018 0.000
151.999 1.303 -0.018 0.000
152.225 1.303 -0.018 0.000
152.405 1.303 -0.018 0.000
152.599 1.303 -0.018 0.000
152.821 1.303 -0.018 0.000
153.001 1.303 -0.018 0.000
153.200 1.303 -0.018 0.000
153.421 1.303 -0.018 0.000
153.601 1.303 -0.018 0.000
153.799 1.303 -0.018 0.000
154.025 1.303 -0.018 0.000
154.201 1.303 -0.018 0.000
154.399 1.303 -0.018 0.000
154.625 1.303 -0.018 0.000
154.805 1.303 -0.018 0.000
154.999 1.303 -0.018 0.000
155.221 1.303 -0.018 0.000
155.401 1.303 -0.018 0.000
155.600 1.303 -0.018 0.000
155.825 1.303 -0.018 0.000
156.001 1.303 -0.018 0.000
156.199 1.303 -0.018 0.000
156.421 1.303 -0.018 0.000
156.602 1.303 -0.018 0.000
156.800 1.303 -0.018 0.000
157.025 1.303 -0.018 0.000
157.206 1.303 -0.018 0.000
157.400 1.303 -0.018 0.000
157.625 1.303 -0.018 0.000
157.805 1.303 -0.018 0.000
158.000 1.303 -0.018 0.000
158.225 1.303 -0.018 0.000
158.405 1.303 -0.018 0.000
158.600 1.303 -0.018 0.000
158.821 1.303 -0.018 0.000
159.002 1.303 -0.018 0.000
159.200 1.303 -0.018 0.000
159.421 1.303 -0.018 0.000
159.601 1.303 -0.018 0.000
159.800 1.303 -0.018 0.000
160.023 1.303 -0.018 0.000
160.206 1.303 -0.018 0.000
160.400 1.303 -0.018 0.000
160.621 1.303 -0.018 0.000
160.810 1.303 -0.018 0.000
161.041 1.303 -0.018 0.000
161.221 1.303 -0.018 0.000
161.410 1.303 -0.018 0.000
161.645 1.303 -0.018 0.000
161.821 1.303 -0.018 0.000
162.010 1.303 -0.018 0.000
162.245 1.303 -0.018 0.000
162.425 1.303 -0.018 0.000
162.610 1.303 -0.018 0.000
162.841 1.303 -0.018 0.000
163.025 1.303 -0.018 0.000
163.210 1.303 -0.018 0.000
163.445 1.303 -0.018 0.000
163.625 1.303 -0.018 0.000
163.810 1.303 -0.018 0.000
164.045 1.303 -0.018 0.000
164.221 1.303 -0.018 0.000
164.410 1.303 -0.018 0.000
164.641 1.303 -0.018 0.000
164.821 1.303 -0.018 0.000
165.010 1.303 -0.018 0.000
165.241 1.303 -0.018 0.000
165.425 1.303 -0.018 0.000
165.610 1.303 -0.018 0.000
165.813 1.303 -0.018 0.000
166.033 1.303 -0.018 0.000
166.214 1.303 -0.018 0.000
166.419 1.303 -0.018 0.000
166.641 1.303 -0.018 0.000
166.821 1.303 -0.018 0.000
167.020 1.303 -0.018 0.000
167.245 1.303 -0.018 0.000
167.421 1.303 -0.018 0.000
167.620 1.303 -0.018 0.000
167.841 1.303 -0.018 0.000
168.021 1.303 -0.018 0.000
168.220 1.303 -0.018 0.000
168.441 1.303 -0.018 0.000
168.625 1.303 -0.018 0.000
168.830 1.303 -0.018 0.000
169.053 1.303 -0.018 0.000
169.233 1.303 -0.018 0.000
169.430 1.303 -0.018 0.000
169.653 1.303 -0.018 0.000
169.833 1.303 -0.018 0.000
170.030 1.303 -0.018 0.000
170.257 1.303 -0.018 0.000
170.437 1.303 -0.018 0.000
170.630 1.303 -0.018 0.000
170.853 1.303 -0.018 0.000
171.033 1.303 -0.018 0.000
171.230 1.303 -0.018 0.000
171.453 1.303 -0.018 0.000
171.639 1.303 -0.018 0.000
171.873 1.303 -0.018 0.000
172.054 1.303 -0.018 0.000
172.240 1.303 -0.018 0.000
172.473 1.303 -0.018 0.000
172.657 1.303 -0.018 0.000
172.840 1.303 -0.018 0.000
173.077 1.303 -0.018 0.000
173.253 1.303 -0.018 0.000
173.440 1.303 -0.018 0.000
173.673 1.303 -0.018 0.000
173.855 1.303 -0.018 0.000
174.040 1.303 -0.018 0.000
174.277 1.303 -0.018 0.000
174.457 1.303 -0.018 0.000
174.640 1.303 -0.018 0.000
174.873 1.303 -0.018 0.000
175.053 1.303 -0.018 0.000
175.240 1.303 -0.018 0.000
175.473 1.303 -0.018 0.000
175.653 1.303 -0.018 0.000
175.840 1.303 -0.018 0.000
176.073 1.303 -0.018 0.000
176.257 1.303 -0.018 0.000
176.440 1.303 -0.018 0.000
176.677 1.303 -0.018 0.000
176.853 1.303 -0.018 0.000
177.040 1.303 -0.018 0.000
177.273 1.303 -0.018 0.000
177.458 1.303 -0.018 0.000
177.639 1.303 -0.018 0.000
177.873 1.303 -0.018 0.000
178.054 1.303 -0.018 0.000
178.240 1.303 -0.018 0.000
178.473 1.303 -0.018 0.000
178.655 1.303 -0.018 0.000
178.840 1.303 -0.018 0.000
179.077 1.303 -0.018 0.000
179.253 1.303 -0.018 0.000
179.440 1.303 -0.018 0.000
179.674 1.303 -0.018 0.000
179.853 1.303 -0.018 0.000
180.040 1.303 -0.018 0.000
180.277 1.303 -0.018 0.000
180.457 0.822 -0.079 0.000
180.640 0.822 -0.079 0.000
180.873 0.822 -0.079 0.000
181.057 0.822 -0.079 0.000
181.240 0.822 -0.079 0.000
181.473 0.822 -0.079 0.000
181.653 0.822 -0.079 0.000
181.840 0.822 -0.079 0.000
182.077 0.822 -0.079 0.000
182.253 0.822 -0.079 0.000
182.441 0.822 -0.079 0.000
182.677 0.822 -0.079 0.000
182.854 0.822 -0.079 0.000
183.040 0.822 -0.079 0.000
183.277 0.822 -0.079 0.000
183.454 0.822 -0.079 0.000
183.640 0.822 -0.079 0.000
183.877 0.822 -0.079 0.000
184.058 0.822 -0.079 0.000
184.240 0.822 -0.079 0.000
184.473 0.822 -0.079 0.000
184.655 0.822 -0.079 0.000
184.840 0.822 -0.079 0.000
185.078 0.822 -0.079 0.000
185.253 0.822 -0.079 0.000
185.440 0.822 -0.079 0.000
185.682 0.822 -0.079 0.000
185.858 0.822 -0.079 0.000
186.040 0.822 -0.079 0.000
186.273 0.822 -0.079 0.000
186.453 0.822 -0.079 0.000
186.650 0.822 -0.079 0.000
186.875 0.822 -0.079 0.000
187.053 0.822 -0.079 0.000
187.251 0.822 -0.079 0.000
187.476 0.822 -0.079 0.000
187.657 0.822 -0.079 0.000
187.851 0.822 -0.079 0.000
188.073 0.822 -0.079 0.000
188.253 0.822 -0.079 0.000
188.450 0.822 -0.079 0.000
188.673 0.822 -0.079 0.000
188.857 0.822 -0.079 0.000
189.050 0.822 -0.079 0.000
189.273 0.822 -0.079 0.000
189.455 0.822 -0.079 0.000
189.656 0.822 -0.079 0.000
189.875 0.822 -0.079 0.000
190.060 0.822 -0.079 0.000
190.293 0.822 -0.079 0.000
190.473 0.822 -0.079 0.000
190.660 0.822 -0.079 0.000
190.894 0.822 -0.079 0.000
191.077 0.822 -0.079 0.000
191.261 0.822 -0.079 0.000
191.497 0.822 -0.079 0.000
191.673 0.822 -0.079 0.000
191.859 0.822 -0.079 0.000
192.097 0.822 -0.079 0.000
192.277 0.822 -0.079 0.000
192.459 0.822 -0.079 0.000
192.697 0.822 -0.079 0.000
192.873 0.822 -0.079 0.000
193.060 0.822 -0.079 0.000
193.293 0.822 -0.079 0.000
193.473 0.822 -0.079 0.000
193.659 0.822 -0.079 0.000
193.893 0.822 -0.079 0.000
194.073 0.822 -0.079 0.000
194.259 0.822 -0.079 0.000
194.493 0.822 -0.079 0.000
194.673 0.822 -0.079 0.000
194.859 0.822 -0.079 0.000
195.093 0.822 -0.079 0.000
195.273 0.822 -0.079 0.000
195.459 0.822 -0.079 0.000
195.693 0.822 -0.079 0.000
195.873 0.822 -0.079 0.000
196.059 0.822 -0.079 0.000
196.297 0.822 -0.079 0.000
196.477 0.822 -0.079 0.000
196.659 0.822 -0.079 0.000
196.893 0.822 -0.079 0.000
197.077 0.822 -0.079 0.000
197.259 0.822 -0.079 0.000
197.497 0.822 -0.079 0.000
197.673 0.822 -0.079 0.000
197.859 0.822 -0.079 0.000
198.093 0.822 -0.079 0.000
198.273 0.822 -0.079 0.000
198.459 0.822 -0.079 0.000
198.693 0.822 -0.079 0.000
198.873 0.822 -0.079 0.000
199.059 0.822 -0.079 0.000
199.297 0.822 -0.079 0.000
199.473 0.822 -0.079 0.000
199.659 0.822 -0.079 0.000
199.897 0.822 -0.079 0.000
200.073 0.822 -0.079 0.000
200.260 0.822 -0.079 0.000
200.493 0.822 -0.079 0.000
200.673 0.822 -0.079 0.000
200.859 0.822 -0.079 0.000
201.093 0.244 0.086 0.000
201.277 0.244 0.086 0.000
201.459 0.244 0.086 0.000
201.693 0.244 0.086 0.000
201.873 0.244 0.086 0.000
202.059 0.244 0.086 0.000
202.293 0.244 0.086 0.000
202.473 0.244 0.086 0.000
202.659 0.244 0.086 0.000
202.893 0.244 0.086 0.000
203.073 0.244 0.086 0.000
203.260 0.244 0.086 0.000
203.497 0.244 0.086 0.000
203.677 0.244 0.086 0.000
203.859 0.244 0.086 0.000
204.093 0.244 0.086 0.000
204.277 0.244 0.086 0.000
204.459 0.244 0.086 0.000
204.693 0.244 0.086 0.000
204.873 0.244 0.086 0.000
205.059 0.244 0.086 0.000
205.297 0.244 0.086 0.000
205.473 0.244 0.086 0.000
205.659 0.244 0.086 0.000
205.897 0.244 0.086 0.000
206.077 0.244 0.086 0.000
206.259 0.244 0.086 0.000
206.493 0.244 0.086 0.000
206.673 0.244 0.086 0.000
206.859 0.244 0.086 0.000
207.093 0.244 0.086 0.000
207.273 0.244 0.086 0.000
207.459 0.244 0.086 0.000
207.697 0.244 0.086 0.000
207.873 0.244 0.086 0.000
208.059 0.244 0.086 0.000
208.293 0.244 0.086 0.000
208.477 0.244 0.086 0.000
208.659 0.244 0.086 0.000
208.897 0.244 0.086 0.000
209.077 0.244 0.086 0.000
209.259 0.244 0.086 0.000
209.497 -0.223 -0.112 0.000
209.677 -0.223 -0.112 0.000
209.860 -0.223 -0.112 0.000
210.093 -0.223 -0.112 0.000
210.273 -0.223 -0.112 0.000
210.459 -0.223 -0.112 0.000
210.693 -0.223 -0.112 0.000
210.877 -0.223 -0.112 0.000
211.059 -0.223 -0.112 0.000
211.293 -0.223 -0.112 0.000
211.473 -0.223 -0.112 0.000
211.659 -0.223 -0.112 0.000
211.893 -0.223 -0.112 0.000
212.077 -0.223 -0.112 0.000
212.259 -0.223 -0.112 0.000
212.493 -0.223 -0.112 0.000
212.673 -0.223 -0.112 0.000
212.859 -0.223 -0.112 0.000
213.093 -0.223 -0.112 0.000
213.273 -0.223 -0.112 0.000
213.460 -0.223 -0.112 0.000
213.697 -0.223 -0.112 0.000
213.873 -0.223 -0.112 0.000
214.060 -0.223 -0.112 0.000
214.293 -0.223 -0.112 0.000
214.473 -0.223 -0.112 0.000
214.660 -0.223 -0.112 0.000
214.893 -0.223 -0.112 0.000
215.073 -0.223 -0.112 0.000
215.260 -0.223 -0.112 0.000
215.493 -0.223 -0.112 0.000
215.673 -0.223 -0.112 0.000
215.860 -0.223 -0.112 0.000
216.093 -0.223 -0.112 0.000
216.273 -0.223 -0.112 0.000
216.460 -0.223 -0.112 0.000
216.697 -0.223 -0.112 0.000
216.877 -0.223 -0.112 0.000
217.061 -0.223 -0.112 0.000
217.296 -0.223 -0.112 0.000
217.473 -0.223 -0.112 0.000
217.660 -0.223 -0.112 0.000
217.894 -0.223 -0.112 0.000
218.074 -0.223 -0.112 0.000
218.260 -0.223 -0.112 0.000
218.497 -0.223 -0.112 0.000
218.673 -0.223 -0.112 0.000
218.860 -0.223 -0.112 0.000
219.094 -0.223 -0.112 0.000
219.273 -0.223 -0.112 0.000
219.460 -0.223 -0.112 0.000
219.697 -0.223 -0.112 0.000
219.873 -0.223 -0.112 0.000
220.060 -0.223 -0.112 0.000
220.297 -0.223 -0.112 0.000
220.477 -0.223 -0.112 0.000
220.660 -0.223 -0.112 0.000
220.893 -0.223 -0.112 0.000
221.077 -0.223 -0.112 0.000
221.260 -0.223 -0.112 0.000
221.493 -0.223 -0.112 0.000
221.678 -0.223 -0.112 0.000
221.860 -0.223 -0.112 0.000
222.093 -0.223 -0.112 0.000
222.273 -0.223 -0.112 0.000
222.460 -0.223 -0.112 0.000
222.693 -0.223 -0.112 0.000
222.873 -0.223 -0.112 0.000
223.060 -0.223 -0.112 0.000
223.293 -0.223 -0.112 0.000
223.473 -0.223 -0.112 0.000
223.661 -0.223 -0.112 0.000
223.894 -0.223 -0.112 0.000
224.073 -0.223 -0.112 0.000
224.260 -0.223 -0.112 0.000
224.493 -0.223 -0.112 0.000
224.673 -0.223 -0.112 0.000
224.860 -0.223 -0.112 0.000
225.093 -0.223 -0.112 0.000
225.273 -0.223 -0.112 0.000
225.460 -0.223 -0.112 0.000
225.697 -0.223 -0.112 0.000
225.873 -0.223 -0.112 0.000
226.060 -0.223 -0.112 0.000
226.293 -0.742 -0.009 0.000
226.474 -0.742 -0.009 0.000
226.660 -0.742 -0.009 0.000
226.893 -0.742 -0.009 0.000
227.077 -0.742 -0.009 0.000
227.260 -0.742 -0.009 0.000
227.497 -0.742 -0.009 0.000
227.673 -0.742 -0.009 0.000
227.860 -0.742 -0.009 0.000
228.097 -0.742 -0.009 0.000
228.273 -0.742 -0.009 0.000
228.460 -0.742 -0.009 0.000
228.697 -0.742 -0.009 0.000
228.877 -0.742 -0.009 0.000
229.070 -0.742 -0.009 0.000
229.293 -0.742 -0.009 0.000
229.482 -0.742 -0.009 0.000
229.717 -0.742 -0.009 0.000
229.894 -0.742 -0.009 0.000
230.080 -0.742 -0.009 0.000
230.313 -0.742 -0.009 0.000
230.494 -0.742 -0.009 0.000
230.680 -0.742 -0.009 0.000
230.913 -0.742 -0.009 0.000
231.094 -0.742 -0.009 0.000
231.280 -0.742 -0.009 0.000
231.514 -0.742 -0.009 0.000
231.694 -0.742 -0.009 0.000
231.880 -0.742 -0.009 0.000
232.117 -0.742 -0.009 0.000
232.294 -0.742 -0.009 0.000
232.480 -0.742 -0.009 0.000
232.717 -0.742 -0.009 0.000
232.894 -0.742 -0.009 0.000
233.080 -0.742 -0.009 0.000
233.313 -0.742 -0.009 0.000
233.493 -0.742 -0.009 0.000
233.680 -0.742 -0.009 0.000
233.913 -0.742 -0.009 0.000
234.094 -0.742 -0.009 0.000
234.279 -0.742 -0.009 0.000
234.513 -0.742 -0.009 0.000
234.697 -0.742 -0.009 0.000
234.880 -0.742 -0.009 0.000
235.113 -0.742 -0.009 0.000
235.294 -0.742 -0.009 0.000
235.479 -0.742 -0.009 0.000
235.713 -0.742 -0.009 0.000
235.889 -0.742 -0.009 0.000
236.080 -0.742 -0.009 0.000
236.301 -0.742 -0.009 0.000
236.485 -0.742 -0.009 0.000
236.680 -0.742 -0.009 0.000
236.905 -0.742 -0.009 0.000
237.081 -0.742 -0.009 0.000
237.280 -0.742 -0.009 0.000
237.501 -0.742 -0.009 0.000
237.681 -0.742 -0.009 0.000
237.880 -0.742 -0.009 0.000
238.104 -0.742 -0.009 0.000
238.293 -0.742 -0.009 0.000
238.490 -0.742 -0.009 0.000
238.717 -0.742 -0.009 0.000
238.893 -0.742 -0.009 0.000
239.090 -0.742 -0.009 0.000
239.313 -0.742 -0.009 0.000
239.493 0.026 -0.045 0.000
239.690 0.026 -0.045 0.000
239.918 0.026 -0.045 0.000
240.093 0.026 -0.045 0.000
240.290 0.026 -0.045 0.000
240.513 0.026 -0.045 0.000
240.693 0.026 -0.045 0.000
240.890 0.026 -0.045 0.000
241.114 0.026 -0.045 0.000
241.294 0.026 -0.045 0.000
241.490 0.026 -0.045 0.000
241.713 0.026 -0.045 0.000
241.893 0.026 -0.045 0.000
242.090 0.026 -0.045 0.000
242.313 0.026 -0.045 0.000
242.494 0.026 -0.045 0.000
242.690 0.026 -0.045 0.000
242.913 0.026 -0.045 0.000
243.093 0.026 -0.045 0.000
243.289 0.026 -0.045 0.000
243.522 0.026 -0.045 0.000
243.705 0.026 -0.045 0.000
243.941 0.026 -0.045 0.000
244.121 0.026 -0.045 0.000
244.310 0.026 -0.045 0.000
244.545 0.026 -0.045 0.000
244.721 0.026 -0.045 0.000
244.911 0.026 -0.045 0.000
245.145 0.026 -0.045 0.000
245.321 0.026 -0.045 0.000
245.510 0.026 -0.045 0.000
245.741 0.026 -0.045 0.000
245.921 0.026 -0.045 0.000
246.110 0.026 -0.045 0.000
246.345 0.026 -0.045 0.000
246.525 0.026 -0.045 0.000
246.710 0.026 -0.045 0.000
246.941 0.026 -0.045 0.000
247.121 0.026 -0.045 0.000
247.320 0.026 -0.045 0.000
247.553 0.026 -0.045 0.000
247.739 0.026 -0.045 0.000
247.920 0.026 -0.045 0.000
248.157 0.026 -0.045 0.000
248.337 0.026 -0.045 0.000
248.520 0.026 -0.045 0.000
248.753 0.026 -0.045 0.000
248.933 0.026 -0.045 0.000
249.120 0.026 -0.045 0.000
249.353 0.026 -0.045 0.000
249.533 0.026 -0.045 0.000
249.722 0.026 -0.045 0.000
249.953 0.026 -0.045 0.000
250.134 0.026 -0.045 0.000
250.320 0.026 -0.045 0.000
250.557 0.026 -0.045 0.000
250.733 0.026 -0.045 0.000
250.920 0.026 -0.045 0.000
251.153 0.026 -0.045 0.000
251.333 0.026 -0.045 0.000
251.520 0.026 -0.045 0.000
251.753 0.026 -0.045 0.000
251.937 0.026 -0.045 0.000
252.120 0.026 -0.045 0.000
252.353 0.026 -0.045 0.000
252.533 0.026 -0.045 0.000
252.730 0.026 -0.045 0.000
252.957 0.026 -0.045 0.000
253.143 0.026 -0.045 0.000
253.373 0.026 -0.045 0.000
253.553 0.026 -0.045 0.000
253.740 0.026 -0.045 0.000
253.973 0.026 -0.045 0.000
254.153 0.026 -0.045 0.000
254.340 0.026 -0.045 0.000
254.573 0.026 -0.045 0.000
254.753 0.026 -0.045 0.000
254.940 0.026 -0.045 0.000
255.173 0.026 -0.045 0.000
255.355 0.026 -0.045 0.000
255.540 0.026 -0.045 0.000
255.773 0.026 -0.045 0.000
255.953 0.026 -0.045 0.000
256.140 0.026 -0.045 0.000
256.373 0.026 -0.045 0.000
256.553 0.026 -0.045 0.000
256.741 0.026 -0.045 0.000
256.973 0.026 -0.045 0.000
257.153 0.026 -0.045 0.000
257.340 0.026 -0.045 0.000
257.573 0.026 -0.045 0.000
257.754 0.026 -0.045 0.000
257.941 0.026 -0.045 0.000
258.173 0.026 -0.045 0.000
258.360 0.026 -0.045 0.000
258.542 0.026 -0.045 0.000
258.773 0.026 -0.045 0.000
258.954 0.026 -0.045 0.000
259.140 0.026 -0.045 0.000
259.373 0.026 -0.045 0.000
259.553 0.026 -0.045 0.000
259.740 0.026 -0.045 0.000
259.973 0.026 -0.045 0.000
260.154 0.026 -0.045 0.000
260.340 0.026 -0.045 0.000
260.573 0.026 -0.045 0.000
260.754 0.026 -0.045 0.000
260.942 0.026 -0.045 0.000
261.174 0.026 -0.045 0.000
261.353 0.026 -0.045 0.000
261.540 0.026 -0.045 0.000
261.773 0.026 -0.045 0.000
261.953 0.026 -0.045 0.000
262.140 0.026 -0.045 0.000
262.373 0.026 -0.045 0.000
262.553 0.026 -0.045 0.000
262.740 0.026 -0.045 0.000
262.973 0.026 -0.045 0.000
263.153 0.026 -0.045 0.000
263.340 0.026 -0.045 0.000
263.577 0.026 -0.045 0.000
263.753 0.026 -0.045 0.000
263.940 0.026 -0.045 0.000
264.173 0.026 -0.045 0.000
264.357 0.026 -0.045 0.000
264.540 0.026 -0.045 0.000
264.777 0.026 -0.045 0.000
264.953 0.026 -0.045 0.000
265.140 0.026 -0.045 0.000
265.373 0.026 -0.045 0.000
265.553 0.026 -0.045 0.000
265.740 0.026 -0.045 0.000
265.977 0.026 -0.045 0.000
266.161 0.026 -0.045 0.000
266.350 0.026 -0.045 0.000
266.585 0.026 -0.045 0.000
266.761 0.026 -0.045 0.000
266.950 0.026 -0.045 0.000
267.185 0.026 -0.045 0.000
267.361 0.026 -0.045 0.000
267.550 0.026 -0.045 0.000
267.781 0.026 -0.045 0.000
267.965 0.026 -0.045 0.000
268.154 0.026 -0.045 0.000
268.385 0.026 -0.045 0.000
268.561 0.026 -0.045 0.000
268.750 0.026 -0.045 0.000
268.981 0.026 -0.045 0.000
269.161 0.026 -0.045 0.000
269.350 0.026 -0.045 0.000
269.585 0.026 -0.045 0.000
269.765 0.026 -0.045 0.000
269.950 0.026 -0.045 0.000
270.181 0.026 -0.045 0.000
270.362 0.026 -0.045 0.000
270.550 0.026 -0.045 0.000
270.781 0.026 -0.045 0.000
270.965 0.014 1.002 0.000
271.150 0.014 1.002 0.000
271.385 0.014 1.002 0.000
271.561 0.014 1.002 0.000
271.750 0.014 1.002 0.000
271.981 0.014 1.002 0.000
272.165 0.014 1.002 0.000
272.352 0.014 1.002 0.000
272.585 0.014 1.002 0.000
272.761 0.014 1.002 0.000
272.950 0.014 1.002 0.000
273.181 0.014 1.002 0.000
273.361 0.014 1.002 0.000
273.550 0.014 1.002 0.000
273.787 0.014 1.002 0.000
273.961 0.014 1.002 0.000
274.150 0.014 1.002 0.000
274.386 0.014 1.002 0.000
274.561 0.014 1.002 0.000
274.750 0.014 1.002 0.000
274.981 0.014 1.002 0.000
275.165 0.014 1.002 0.000
275.350 0.014 1.002 0.000
275.581 0.014 1.002 0.000
275.761 0.014 1.002 0.000
275.950 0.014 1.002 0.000
276.181 0.014 1.002 0.000
276.361 0.014 1.002 0.000
276.550 0.014 1.002 0.000
276.781 0.014 1.002 0.000
276.961 0.014 1.002 0.000
277.150 0.014 1.002 0.000
277.381 0.014 1.002 0.000
277.561 0.014 1.002 0.000
277.750 0.014 1.002 0.000
277.981 0.014 1.002 0.000
278.161 0.014 1.002 0.000
278.351 0.014 1.002 0.000
278.581 0.014 1.002 0.000
278.765 0.014 1.002 0.000
278.950 0.014 1.002 0.000
279.189 0.014 1.002 0.000
279.361 0.014 1.002 0.000
279.550 0.014 1.002 0.000
279.785 0.014 1.002 0.000
279.962 0.014 1.002 0.000
280.150 0.014 1.002 0.000
280.385 0.014 1.002 0.000
280.561 0.014 1.002 0.000
280.751 0.014 1.002 0.000
280.985 0.014 1.002 0.000
281.165 0.077 1.381 0.000
281.350 0.077 1.381 0.000
281.581 0.077 1.381 0.000
281.761 0.077 1.381 0.000
281.950 0.077 1.381 0.000
282.185 0.077 1.381 0.000
282.363 0.077 1.381 0.000
282.550 0.077 1.381 0.000
282.781 0.077 1.381 0.000
282.961 0.077 1.381 0.000
283.150 0.077 1.381 0.000
283.381 0.077 1.381 0.000
283.561 0.077 1.381 0.000
283.750 0.077 1.381 0.000
283.981 0.077 1.381 0.000
284.161 0.077 1.381 0.000
284.350 0.077 1.381 0.000
284.585 0.077 1.381 0.000
284.761 0.077 1.381 0.000
284.950 0.077 1.381 0.000
285.185 0.077 1.381 0.000
285.361 0.077 1.381 0.000
285.550 0.077 1.381 0.000
285.781 0.077 1.381 0.000
285.961 0.077 1.381 0.000
286.150 0.077 1.381 0.000
286.381 0.077 1.381 0.000
286.562 0.077 1.381 0.000
286.750 0.077 1.381 0.000
286.985 0.077 1.381 0.000
287.161 0.077 1.381 0.000
287.350 0.077 1.381 0.000
287.585 0.077 1.381 0.000
287.770 0.077 1.381 0.000
287.950 0.077 1.381 0.000
288.182 0.077 1.381 0.000
288.361 0.077 1.381 0.000
288.550 0.077 1.381 0.000
288.781 0.077 1.381 0.000
288.965 0.077 1.381 0.000
289.150 0.077 1.381 0.000
289.381 0.077 1.381 0.000
289.561 0.077 1.381 0.000
289.750 0.077 1.381 0.000
289.981 0.077 1.381 0.000
290.161 0.077 1.381 0.000
290.350 0.077 1.381 0.000
290.585 0.077 1.381 0.000
290.765 0.077 1.381 0.000
290.950 0.077 1.381 0.000
291.182 0.077 1.381 0.000
291.365 0.077 1.381 0.000
291.556 0.077 1.381 0.000
291.785 0.077 1.381 0.000
291.961 0.077 1.381 0.000
292.150 0.077 1.381 0.000
292.385 0.077 1.381 0.000
292.562 0.077 1.381 0.000
292.750 0.077 1.381 0.000
292.985 0.077 1.381 0.000
293.161 0.077 1.381 0.000
293.350 0.077 1.381 0.000
293.581 0.077 1.381 0.000
293.761 0.077 1.381 0.000
293.950 0.077 1.381 0.000
294.181 0.077 1.381 0.000
294.361 0.077 1.381 0.000
294.550 0.077 1.381 0.000
294.781 0.077 1.381 0.000
294.965 0.077 1.381 0.000
295.150 0.077 1.381 0.000
295.386 0.077 1.381 0.000
295.565 0.077 1.381 0.000
295.750 0.077 1.381 0.000
295.985 0.077 1.381 0.000
296.161 0.077 1.381 0.000
296.350 0.077 1.381 0.000
296.581 0.077 1.381 0.000
296.765 0.077 1.381 0.000
296.950 0.077 1.381 0.000
297.173 0.077 1.381 0.000
297.353 0.077 1.381 0.000
297.551 0.077 1.381 0.000
297.777 0.077 1.381 0.000
297.954 0.077 1.381 0.000
298.150 0.077 1.381 0.000
298.377 0.077 1.381 0.000
298.553 0.077 1.381 0.000
298.750 0.077 1.381 0.000
298.973 0.077 1.381 0.000
299.159 0.077 1.381 0.000
299.350 0.077 1.381 0.000
299.573 0.077 1.381 0.000
299.753 0.077 1.381 0.000
299.950 0.077 1.381 0.000
300.175 0.077 1.381 0.000
300.354 0.077 1.381 0.000
300.550 0.011 1.615 0.000
300.775 0.011 1.615 0.000
300.953 0.011 1.615 0.000
301.150 0.011 1.615 0.000
301.375 0.011 1.615 0.000
301.553 0.011 1.615 0.000
301.750 0.011 1.615 0.000
301.973 0.011 1.615 0.000
302.153 0.011 1.615 0.000
302.350 0.011 1.615 0.000
302.573 0.011 1.615 0.000
302.757 0.011 1.615 0.000
302.950 0.011 1.615 0.000
303.173 0.011 1.615 0.000
303.353 0.011 1.615 0.000
303.550 0.011 1.615 0.000
303.773 0.011 1.615 0.000
303.957 0.011 1.615 0.000
304.151 0.011 1.615 0.000
304.373 0.011 1.615 0.000
304.553 0.011 1.615 0.000
304.750 0.011 1.615 0.000
304.973 0.011 1.615 0.000
305.153 0.011 1.615 0.000
305.350 0.011 1.615 0.000
305.573 0.011 1.615 0.000
305.757 0.011 1.615 0.000
305.950 0.011 1.615 0.000
306.177 0.011 1.615 0.000
306.353 0.011 1.615 0.000
306.550 0.011 1.615 0.000
306.773 0.011 1.615 0.000
306.953 0.011 1.615 0.000
307.150 0.011 1.615 0.000
307.373 0.011 1.615 0.000
307.553 0.011 1.615 0.000
307.750 0.011 1.615 0.000
307.973 0.011 1.615 0.000
308.155 0.011 1.615 0.000
308.350 0.011 1.615 0.000
308.573 0.011 1.615 0.000
308.753 0.011 1.615 0.000
308.950 0.011 1.615 0.000
309.173 -0.010 0.007 0.000
309.353 -0.010 0.007 0.000
309.550 -0.010 0.007 0.000
309.773 -0.010 0.007 0.000
309.957 -0.010 0.007 0.000
310.150 -0.010 0.007 0.000
310.378 -0.010 0.007 0.000
310.553 -0.010 0.007 0.000
310.750 -0.010 0.007 0.000
310.973 -0.010 0.007 0.000
311.154 -0.010 0.007 0.000
311.350 -0.010 0.007 0.000
311.575 -0.010 0.007 0.000
311.753 -0.010 0.007 0.000
311.950 -0.010 0.007 0.000
312.173 -0.010 0.007 0.000
312.354 -0.010 0.007 0.000
312.550 -0.010 0.007 0.000
312.778 -0.010 0.007 0.000
312.953 -0.010 0.007 0.000
313.150 -0.010 0.007 0.000
313.377 -0.010 0.007 0.000
313.557 -0.010 0.007 0.000
313.750 -0.010 0.007 0.000
313.973 -0.010 0.007 0.000
314.153 -0.010 0.007 0.000
314.350 -0.010 0.007 0.000
314.573 -0.010 0.007 0.000
314.757 -0.010 0.007 0.000
314.950 -0.010 0.007 0.000
315.173 -0.010 0.007 0.000
315.357 -0.010 0.007 0.000
315.550 -0.010 0.007 0.000
315.773 -0.010 0.007 0.000
315.957 -0.010 0.007 0.000
316.150 -0.010 0.007 0.000
316.374 -0.010 0.007 0.000
316.553 -0.010 0.007 0.000
316.801 -0.010 0.007 0.000
316.977 -0.010 0.007 0.000
317.160 -0.010 0.007 0.000
317.393 -0.010 0.007 0.000
317.573 -0.010 0.007 0.000
317.770 -0.010 0.007 0.000
317.995 -0.010 0.007 0.000
318.177 -0.010 0.007 0.000
318.370 -0.010 0.007 0.000
318.593 -0.010 0.007 0.000
318.773 -0.010 0.007 0.000
318.970 -0.010 0.007 0.000
319.193 -0.010 0.007 0.000
319.373 -0.010 0.007 0.000
319.570 -0.010 0.007 0.000
319.795 -0.010 0.007 0.000
319.980 -0.010 0.007 0.000
320.217 -0.010 0.007 0.000
320.399 -0.010 0.007 0.000
320.580 -0.010 0.007 0.000
320.813 -0.010 0.007 0.000
320.993 -0.010 0.007 0.000
321.180 -0.010 0.007 0.000
321.413 -0.010 0.007 0.000
321.601 -0.010 0.007 0.000
321.800 -0.010 0.007 0.000
322.021 -0.010 0.007 0.000
322.205 -0.010 0.007 0.000
322.408 -0.010 0.007 0.000
322.625 -0.010 0.007 0.000
322.803 -0.010 0.007 0.000
323.000 -0.010 0.007 0.000
323.221 -0.010 0.007 0.000
323.410 -0.010 0.007 0.000
323.641 -0.010 0.007 0.000
323.821 -0.010 0.007 0.000
324.010 -0.010 0.007 0.000
324.241 -0.010 0.007 0.000
324.425 -0.010 0.007 0.000
324.610 -0.010 0.007 0.000
324.845 -0.010 0.007 0.000
325.021 -0.010 0.007 0.000
325.210 -0.010 0.007 0.000
325.441 -0.010 0.007 0.000
325.625 -0.010 0.007 0.000
325.810 -0.010 0.007 0.000
326.041 -0.010 0.007 0.000
326.221 -0.010 0.007 0.000
326.410 -0.010 0.007 0.000
326.645 -0.010 0.007 0.000
326.821 -0.010 0.007 0.000
327.010 -0.010 0.007 0.000
327.241 -0.010 0.007 0.000
327.421 -0.010 0.007 0.000
327.610 -0.010 0.007 0.000
327.841 -0.010 0.007 0.000
328.021 -0.010 0.007 0.000
328.209 -0.010 0.007 0.000
328.445 -0.010 0.007 0.000
328.626 -0.010 0.007 0.000
328.819 -0.010 0.007 0.000
329.041 -0.010 0.007 0.000
329.221 -0.010 0.007 0.000
329.420 -0.010 0.007 0.000
329.641 -0.010 0.007 0.000
329.825 -0.010 0.007 0.000
330.020 -0.010 0.007 0.000
330.241 -0.010 0.007 0.000
330.423 -0.010 0.007 0.000
330.620 -0.010 0.007 0.000
330.845 -0.010 0.007 0.000
331.021 -0.010 0.007 0.000
331.220 -0.010 0.007 0.000
331.441 -0.010 0.007 0.000
331.621 -0.010 0.007 0.000
331.820 -0.010 0.007 0.000
332.045 -0.010 0.007 0.000
332.221 -0.010 0.007 0.000
332.420 -0.010 0.007 0.000
332.641 -0.010 0.007 0.000
332.823 -0.010 0.007 0.000
333.020 -0.010 0.007 0.000
333.241 -0.010 0.007 0.000
333.425 -0.010 0.007 0.000
333.620 -0.010 0.007 0.000
333.841 -0.010 0.007 0.000
334.025 -0.010 0.007 0.000
334.220 -0.010 0.007 0.000
334.445 -0.010 0.007 0.000
334.625 -0.010 0.007 0.000
334.819 -0.010 0.007 0.000
335.045 -0.010 0.007 0.000
335.225 -0.010 0.007 0.000
335.419 -0.010 0.007 0.000
335.633 -0.010 0.007 0.000
335.829 -0.010 0.007 0.000
336.053 -0.010 0.007 0.000
336.237 -0.010 0.007 0.000
336.430 -0.010 0.007 0.000
336.653 -0.010 0.007 0.000
336.833 -0.010 0.007 0.000
337.029 -0.010 0.007 0.000
337.253 -0.010 0.007 0.000
337.433 -0.010 0.007 0.000
337.629 -0.010 0.007 0.000
337.857 -0.010 0.007 0.000
338.034 -0.010 0.007 0.000
338.230 -0.010 0.007 0.000
338.453 -0.010 0.007 0.000
338.634 -0.010 0.007 0.000
338.833 -0.010 0.007 0.000
339.053 -0.010 0.007 0.000
339.233 -0.010 0.007 0.000
339.430 -0.010 0.007 0.000
339.657 -0.010 0.007 0.000
339.833 -0.010 0.007 0.000
340.030 -0.010 0.007 0.000
340.253 -0.010 0.007 0.000
340.434 -0.010 0.007 0.000
340.630 -0.010 0.007 0.000
340.857 -0.010 0.007 0.000
341.033 -0.010 0.007 0.000
341.230 -0.010 0.007 0.000
341.457 -0.010 0.007 0.000
341.634 -0.010 0.007 0.000
341.830 -0.010 0.007 0.000
342.054 -0.010 0.007 0.000
342.233 -0.010 0.007 0.000
342.430 -0.010 0.007 0.000
342.657 -0.010 0.007 0.000
342.838 -0.010 0.007 0.000
343.030 -0.010 0.007 0.000
343.253 -0.010 0.007 0.000
343.433 -0.010 0.007 0.000
343.630 -0.010 0.007 0.000
343.857 -0.010 0.007 0.000
344.037 -0.010 0.007 0.000
344.231 -0.010 0.007 0.000
344.453 -0.010 0.007 0.000
344.635 -0.010 0.007 0.000
344.830 -0.010 0.007 0.000
345.053 -0.010 0.007 0.000
345.234 -0.010 0.007 0.000
345.430 -0.010 0.007 0.000
345.653 -0.010 0.007 0.000
345.834 -0.010 0.007 0.000
346.030 -0.010 0.007 0.000
346.253 -0.010 0.007 0.000
346.433 -0.010 0.007 0.000
346.630 -0.010 0.007 0.000
346.853 -0.010 0.007 0.000
347.034 -0.010 0.007 0.000
347.230 -0.010 0.007 0.000
347.453 -0.010 0.007 0.000
347.634 -0.010 0.007 0.000
347.830 -0.010 0.007 0.000
348.053 -0.010 0.007 0.000
348.233 -0.010 0.007 0.000
348.430 -0.010 0.007 0.000
348.653 -0.010 0.007 0.000
348.833 -0.010 0.007 0.000
349.030 -0.010 0.007 0.000
349.257 -0.010 0.007 0.000
349.437 -0.010 0.007 0.000
349.630 -0.010 0.007 0.000
349.857 -0.010 0.007 0.000
350.037 -0.010 0.007 0.000
350.230 -0.010 0.007 0.000
350.453 -0.010 0.007 0.000
350.634 -0.010 0.007 0.000
350.831 -0.010 0.007 0.000
351.053 -0.010 0.007 0.000
351.240 -0.010 0.007 0.000
351.429 -0.010 0.007 0.000
351.657 -0.010 0.007 0.000
351.833 -0.010 0.007 0.000
352.030 -0.010 0.007 0.000
352.254 -0.010 0.007 0.000
352.435 -0.010 0.007 0.000
352.630 -0.010 0.007 0.000
352.859 -0.010 0.007 0.000
353.041 -0.010 0.007 0.000
353.230 -0.010 0.007 0.000
353.454 -0.010 0.007 0.000
353.633 -0.010 0.007 0.000
353.831 -0.010 0.007 0.000
354.057 -0.010 0.007 0.000
354.240 -0.010 0.007 0.000
354.477 -0.010 0.007 0.000
354.653 -0.010 0.007 0.000
354.840 -0.010 0.007 0.000
355.073 -0.010 0.007 0.000
355.253 -0.010 0.007 0.000
355.440 -0.010 0.007 0.000
355.677 -0.010 0.007 0.000
355.853 -0.010 0.007 0.000
356.041 -0.010 0.007 0.000
356.278 -0.010 0.007 0.000
356.453 -0.010 0.007 0.000
356.640 -0.010 0.007 0.000
356.873 -0.010 0.007 0.000
357.053 -0.010 0.007 0.000
357.240 -0.010 0.007 0.000
357.473 -0.010 0.007 0.000
357.653 -0.010 0.007 0.000
357.840 -0.010 0.007 0.000
358.073 -0.010 0.007 0.000
358.254 -0.010 0.007 0.000
358.440 -0.010 0.007 0.000
358.673 -0.010 0.007 0.000
358.857 -0.010 0.007 0.000
359.040 -0.010 0.007 0.000
359.273 -0.010 0.007 0.000
359.454 -0.010 0.007 0.000
359.644 -0.010 0.007 0.000
359.874 -0.010 0.007 0.000
360.053 -0.010 0.007 0.000
360.246 -0.010 0.007 0.000
360.473 -0.010 0.007 0.000
360.653 -0.010 0.007 0.000
360.840 -0.010 0.007 0.000
361.073 -0.010 0.007 0.000
361.253 -0.010 0.007 0.000
361.440 -0.010 0.007 0.000
361.677 -0.010 0.007 0.000
361.853 -0.010 0.007 0.000
362.040 -0.010 0.007 0.000
362.273 -0.010 0.007 0.000
362.453 -0.010 0.007 0.000
362.640 -0.010 0.007 0.000
362.873 -0.010 0.007 0.000
363.057 -0.010 0.007 0.000
363.240 -0.010 0.007 0.000
363.474 -0.010 0.007 0.000
363.653 -0.010 0.007 0.000
363.850 -0.010 0.007 0.000
364.073 -0.010 0.007 0.000
364.253 -0.010 0.007 0.000
364.450 -0.010 0.007 0.000
364.678 -0.010 0.007 0.000
364.853 -0.010 0.007 0.000
365.050 -0.010 0.007 0.000
365.277 -0.010 0.007 0.000
365.453 -0.010 0.007 0.000
365.650 -0.010 0.007 0.000
365.877 -0.010 0.007 0.000
366.053 -0.010 0.007 0.000
366.250 -0.010 0.007 0.000
366.473 -0.010 0.007 0.000
366.653 -0.010 0.007 0.000
366.850 -0.010 0.007 0.000
367.077 -0.010 0.007 0.000
367.253 -0.010 0.007 0.000
367.450 -0.010 0.007 0.000
367.673 -0.010 0.007 0.000
367.857 -0.010 0.007 0.000
368.050 -0.010 0.007 0.000
368.273 -0.010 0.007 0.000
368.453 -0.010 0.007 0.000
368.651 -0.010 0.007 0.000
368.873 -0.010 0.007 0.000
369.053 -0.010 0.007 0.000
369.250 -0.010 0.007 0.000
369.473 -0.010 0.007 0.000
369.653 -0.010 0.007 0.000
369.850 -0.010 0.007 0.000
370.073 -0.010 0.007 0.000
370.253 -0.010 0.007 0.000
370.450 -0.010 0.007 0.000
370.673 -0.010 0.007 0.000
370.857 -0.010 0.007 0.000
371.050 -0.010 0.007 0.000
371.273 -0.010 0.007 0.000
371.453 -0.010 0.007 0.000
371.650 -0.010 0.007 0.000
371.873 -0.010 0.007 0.000
372.057 -0.010 0.007 0.000
372.250 -0.010 0.007 0.000
372.473 -0.010 0.007 0.000
372.653 -0.010 0.007 0.000
372.853 -0.010 0.007 0.000
373.077 -0.010 0.007 0.000
373.253 -0.010 0.007 0.000
373.450 -0.010 0.007 0.000
373.673 -0.010 0.007 0.000
373.853 -0.010 0.007 0.000
374.050 -0.010 0.007 0.000
374.273 -0.010 0.007 0.000
374.457 -0.010 0.007 0.000
374.650 -0.010 0.007 0.000
374.877 -0.010 0.007 0.000
375.054 -0.010 0.007 0.000
375.250 -0.010 0.007 0.000
375.474 -0.010 0.007 0.000
375.653 -0.010 0.007 0.000
375.850 -0.010 0.007 0.000
376.073 -0.010 0.007 0.000
376.253 -0.010 0.007 0.000
376.450 -0.027 -1.054 0.000
376.673 -0.027 -1.054 0.000
376.857 -0.027 -1.054 0.000
377.050 -0.027 -1.054 0.000
377.273 -0.027 -1.054 0.000
377.464 -0.027 -1.054 0.000
377.650 -0.027 -1.054 0.000
377.873 -0.027 -1.054 0.000
378.053 -0.027 -1.054 0.000
378.250 -0.027 -1.054 0.000
378.473 -0.027 -1.054 0.000
378.654 -0.027 -1.054 0.000
378.859 -0.027 -1.054 0.000
379.078 -0.027 -1.054 0.000
379.254 -0.027 -1.054 0.000
379.450 -0.027 -1.054 0.000
379.673 -0.027 -1.054 0.000
379.860 -0.027 -1.054 0.000
380.097 -0.027 -1.054 0.000
380.273 -0.027 -1.054 0.000
380.460 -0.027 -1.054 0.000
380.693 -0.027 -1.054 0.000
380.877 -0.027 -1.054 0.000
381.060 -0.027 -1.054 0.000
381.297 -0.027 -1.054 0.000
381.474 -0.027 -1.054 0.000
381.660 -0.027 -1.054 0.000
381.893 -0.027 -1.054 0.000
382.073 -0.027 -1.054 0.000
382.260 -0.027 -1.054 0.000
382.494 -0.027 -1.054 0.000
382.673 -0.027 -1.054 0.000
382.860 -0.027 -1.054 0.000
383.093 -0.027 -1.054 0.000
383.273 -0.027 -1.054 0.000
383.460 -0.027 -1.054 0.000
383.693 -0.027 -1.054 0.000
383.874 -0.027 -1.054 0.000
384.060 -0.027 -1.054 0.000
384.297 -0.027 -1.054 0.000
384.473 -0.027 -1.054 0.000
384.660 -0.027 -1.054 0.000
384.894 -0.027 -1.054 0.000
385.073 -0.027 -1.054 0.000
385.260 -0.027 -1.054 0.000
385.494 -0.027 -1.054 0.000
385.673 -0.027 -1.054 0.000
385.860 -0.027 -1.054 0.000
386.094 -0.027 -1.054 0.000
386.274 -0.027 -1.054 0.000
386.470 -0.027 -1.054 0.000
386.701 -0.027 -1.054 0.000
386.885 -0.027 -1.054 0.000
387.070 -0.027 -1.054 0.000
387.301 -0.038 -1.369 0.000
387.481 -0.038 -1.369 0.000
387.670 -0.038 -1.369 0.000
387.901 -0.038 -1.369 0.000
388.081 -0.038 -1.369 0.000
388.270 -0.038 -1.369 0.000
388.505 -0.038 -1.369 0.000
388.681 -0.038 -1.369 0.000
388.870 -0.038 -1.369 0.000
389.105 -0.038 -1.369 0.000
389.285 -0.038 -1.369 0.000
389.470 -0.038 -1.369 0.000
389.701 -0.038 -1.369 0.000
389.885 -0.038 -1.369 0.000
390.070 -0.038 -1.369 0.000
390.305 -0.038 -1.369 0.000
390.481 -0.038 -1.369 0.000
390.670 -0.038 -1.369 0.000
390.901 -0.038 -1.369 0.000
391.081 -0.038 -1.369 0.000
391.270 -0.038 -1.369 0.000
391.501 -0.038 -1.369 0.000
391.682 -0.038 -1.369 0.000
391.870 -0.038 -1.369 0.000
392.105 -0.038 -1.369 0.000
392.282 -0.038 -1.369 0.000
392.470 -0.038 -1.369 0.000
392.701 -0.038 -1.369 0.000
392.881 -0.038 -1.369 0.000
393.070 -0.038 -1.369 0.000
393.302 -0.038 -1.369 0.000
393.481 -0.038 -1.369 0.000
393.671 -0.038 -1.369 0.000
393.901 -0.038 -1.369 0.000
394.081 -0.038 -1.369 0.000
394.279 -0.038 -1.369 0.000
394.505 -0.038 -1.369 0.000
394.681 -0.038 -1.369 0.000
394.880 -0.038 -1.369 0.000
395.101 -0.038 -1.369 0.000
395.281 -0.038 -1.369 0.000
395.480 -0.038 -1.369 0.000
395.701 -0.038 -1.369 0.000
395.881 -0.038 -1.369 0.000
396.080 -0.038 -1.369 0.000
396.301 -0.038 -1.369 0.000
396.481 -0.038 -1.369 0.000
396.680 -0.038 -1.369 0.000
396.905 -0.038 -1.369 0.000
397.081 -0.038 -1.369 0.000
397.280 -0.038 -1.369 0.000
397.501 -0.038 -1.369 0.000
397.686 -0.038 -1.369 0.000
397.881 -0.038 -1.369 0.000
398.102 -0.038 -1.369 0.000
398.281 -0.038 -1.369 0.000
398.481 -0.038 -1.369 0.000
398.701 -0.038 -1.369 0.000
398.881 -0.038 -1.369 0.000
399.080 -0.038 -1.369 0.000
399.305 -0.038 -1.369 0.000
399.481 -0.038 -1.369 0.000
399.680 -0.038 -1.369 0.000
399.901 -0.038 -1.369 0.000
400.085 -0.038 -1.369 0.000
400.280 -0.038 -1.369 0.000
400.505 -0.038 -1.369 0.000
400.685 -0.038 -1.369 0.000
400.880 -0.038 -1.369 0.000
401.101 -0.038 -1.369 0.000
401.285 -0.038 -1.369 0.000
401.480 -0.038 -1.369 0.000
401.701 -0.038 -1.369 0.000
401.885 -0.038 -1.369 0.000
402.079 -0.038 -1.369 0.000
402.301 -0.038 -1.369 0.000
402.481 -0.038 -1.369 0.000
402.680 -0.038 -1.369 0.000
402.905 -0.038 -1.369 0.000
403.081 -0.038 -1.369 0.000
403.280 -0.038 -1.369 0.000
403.505 -0.038 -1.369 0.000
403.681 -0.038 -1.369 0.000
403.880 -0.038 -1.369 0.000
404.101 -0.038 -1.369 0.000
404.289 -0.038 -1.369 0.000
404.525 -0.038 -1.369 0.000
404.701 -0.038 -1.369 0.000
404.899 -0.038 -1.369 0.000
405.125 -0.038 -1.369 0.000
405.301 -0.038 -1.369 0.000
405.500 -0.038 -1.369 0.000
405.722 -0.038 -1.369 0.000
405.901 -0.038 -1.369 0.000
406.101 -0.038 -1.369 0.000
406.321 -0.038 -1.369 0.000
406.501 -0.038 -1.369 0.000
406.700 -0.038 -1.369 0.000
406.921 -0.038 -1.369 0.000
407.105 -0.038 -1.369 0.000
407.300 -0.038 -1.369 0.000
407.521 -0.038 -1.369 0.000
407.709 -0.038 -1.369 0.000
407.941 -0.038 -1.369 0.000
408.125 -0.038 -1.369 0.000
408.310 -0.038 -1.369 0.000
408.541 -0.038 -1.369 0.000
408.725 -0.038 -1.369 0.000
408.910 -0.038 -1.369 0.000
409.145 -0.038 -1.369 0.000
409.321 -0.038 -1.369 0.000
409.510 -0.038 -1.369 0.000
409.741 -0.038 -1.369 0.000
409.921 -0.038 -1.369 0.000
410.110 -0.038 -1.369 0.000
410.345 -0.038 -1.369 0.000
410.521 -0.038 -1.369 0.000
410.710 -0.038 -1.369 0.000
410.941 -0.038 -1.369 0.000
411.125 -0.038 -1.369 0.000
411.310 -0.038 -1.369 0.000
411.541 -0.038 -1.369 0.000
411.721 -0.038 -1.369 0.000
411.910 -0.038 -1.369 0.000
412.141 -0.038 -1.369 0.000
412.321 -0.038 -1.369 0.000
412.510 -0.038 -1.369 0.000
412.745 -0.038 -1.369 0.000
412.921 -0.038 -1.369 0.000
413.120 -0.038 -1.369 0.000
413.341 -0.038 -1.369 0.000
413.521 -0.038 -1.369 0.000
413.720 -0.038 -1.369 0.000
413.945 -0.038 -1.369 0.000
414.125 -0.038 -1.369 0.000
414.320 -0.038 -1.369 0.000
414.545 -0.038 -1.369 0.000
414.721 -0.038 -1.369 0.000
414.920 -0.038 -1.369 0.000
415.141 -0.038 -1.369 0.000
415.325 -0.038 -1.369 0.000
415.520 -0.038 -1.369 0.000
415.741 -0.038 -1.369 0.000
415.921 -0.038 -1.369 0.000
416.120 -0.038 -1.369 0.000
416.341 -0.038 -1.369 0.000
416.523 -0.038 -1.369 0.000
416.720 -0.038 -1.369 0.000
416.941 -0.038 -1.369 0.000
417.122 -0.038 -1.369 0.000
417.320 -0.038 -1.369 0.000
417.541 -0.038 -1.369 0.000
417.721 -0.038 -1.369 0.000
417.920 -0.038 -1.369 0.000
418.145 -0.038 -1.369 0.000
418.321 -0.038 -1.369 0.000
418.520 -0.038 -1.369 0.000
418.742 -0.038 -1.369 0.000
418.921 -0.038 -1.369 0.000
419.120 -0.038 -1.369 0.000
419.345 -0.038 -1.369 0.000
419.521 -0.038 -1.369 0.000
419.720 -0.038 -1.369 0.000
419.942 -0.038 -1.369 0.000
420.121 -0.038 -1.369 0.000
420.320 -0.038 -1.369 0.000
420.541 -0.038 -1.369 0.000
420.721 -0.038 -1.369 0.000
420.920 -0.038 -1.369 0.000
421.141 -0.038 -1.369 0.000
421.321 -0.038 -1.369 0.000
421.520 -0.038 -1.369 0.000
421.745 -0.038 -1.369 0.000
421.921 -0.038 -1.369 0.000
422.119 -0.038 -1.369 0.000
422.341 -0.038 -1.369 0.000
422.530 -0.038 -1.369 0.000
422.765 -0.038 -1.369 0.000
422.941 -0.038 -1.369 0.000
423.131 -0.038 -1.369 0.000
423.365 -0.038 -1.369 0.000
423.546 -0.038 -1.369 0.000
423.730 -0.038 -1.369 0.000
423.965 -0.038 -1.369 0.000
424.141 -0.038 -1.369 0.000
424.330 -0.038 -1.369 0.000
424.561 -0.038 -1.369 0.000
424.741 -0.038 -1.369 0.000
424.930 -0.038 -1.369 0.000
425.165 -0.038 -1.369 0.000
425.345 -0.038 -1.369 0.000
425.540 -0.038 -1.369 0.000
425.761 -0.038 -1.369 0.000
425.941 -0.038 -1.369 0.000
426.140 -0.038 -1.369 0.000
426.361 -0.038 -1.369 0.000
426.545 -0.038 -1.369 0.000
426.740 -0.038 -1.369 0.000
426.961 -0.038 -1.369 0.000
427.145 -0.038 -1.369 0.000
427.340 -0.038 -1.369 0.000
427.565 -0.038 -1.369 0.000
427.741 -0.038 -1.369 0.000
427.939 -0.038 -1.369 0.000
428.161 -0.038 -1.369 0.000
428.341 -0.038 -1.369 0.000
428.593 -0.038 -1.369 0.000
428.778 -0.038 -1.369 0.000
428.960 -0.038 -1.369 0.000
429.197 -0.038 -1.369 0.000
429.373 -0.038 -1.369 0.000
429.560 -0.038 -1.369 0.000
429.801 -0.038 -1.369 0.000
429.973 -0.038 -1.369 0.000
430.160 -0.038 -1.369 0.000
430.397 -0.038 -1.369 0.000
430.574 -0.038 -1.369 0.000
430.760 0.036 0.048 0.000
430.997 0.036 0.048 0.000
431.177 0.036 0.048 0.000
431.360 0.036 0.048 0.000
431.593 0.036 0.048 0.000
431.773 0.036 0.048 0.000
431.960 0.036 0.048 0.000
432.193 0.036 0.048 0.000
432.377 0.036 0.048 0.000
432.560 0.036 0.048 0.000
432.793 0.036 0.048 0.000
432.973 0.036 0.048 0.000
433.160 0.036 0.048 0.000
433.393 0.036 0.048 0.000
433.573 0.036 0.048 0.000
433.760 0.036 0.048 0.000
433.993 0.036 0.048 0.000
434.173 0.036 0.048 0.000
434.360 0.036 0.048 0.000
434.593 0.036 0.048 0.000
434.773 0.036 0.048 0.000
434.961 0.036 0.048 0.000
435.198 0.036 0.048 0.000
435.373 0.036 0.048 0.000
435.560 0.036 0.048 0.000
435.793 0.036 0.048 0.000
435.973 0.036 0.048 0.000
436.160 0.036 0.048 0.000
436.393 0.036 0.048 0.000
436.577 0.036 0.048 0.000
436.760 0.036 0.048 0.000
436.997 0.036 0.048 0.000
437.174 0.036 0.048 0.000
437.360 0.036 0.048 0.000
437.593 0.036 0.048 0.000
437.774 0.036 0.048 0.000
437.960 0.036 0.048 0.000
438.193 0.036 0.048 0.000
438.373 0.036 0.048 0.000
438.560 0.036 0.048 0.000
438.797 0.036 0.048 0.000
438.974 0.036 0.048 0.000
439.160 0.036 0.048 0.000
439.393 0.036 0.048 0.000
439.573 0.036 0.048 0.000
439.760 0.036 0.048 0.000
439.993 0.036 0.048 0.000
440.173 0.036 0.048 0.000
440.360 0.036 0.048 0.000
440.597 0.036 0.048 0.000
440.773 0.036 0.048 0.000
440.960 0.036 0.048 0.000
441.197 0.036 0.048 0.000
441.374 0.036 0.048 0.000
441.560 0.036 0.048 0.000
441.797 0.036 0.048 0.000
441.973 0.036 0.048 0.000
442.160 0.036 0.048 0.000
442.394 0.036 0.048 0.000
442.577 0.036 0.048 0.000
442.760 0.036 0.048 0.000
442.993 0.036 0.048 0.000
443.173 0.036 0.048 0.000
443.360 0.036 0.048 0.000
443.593 0.036 0.048 0.000
443.773 0.036 0.048 0.000
443.960 0.036 0.048 0.000
444.193 0.036 0.048 0.000
444.377 0.036 0.048 0.000
444.560 0.036 0.048 0.000
444.793 0.036 0.048 0.000
444.977 0.036 0.048 0.000
445.160 0.036 0.048 0.000
445.393 0.036 0.048 0.000
445.573 0.036 0.048 0.000
445.760 0.036 0.048 0.000
445.997 0.036 0.048 0.000
446.174 0.036 0.048 0.000
446.360 0.036 0.048 0.000
446.593 0.036 0.048 0.000
446.777 0.036 0.048 0.000
446.960 0.036 0.048 0.000
447.197 0.036 0.048 0.000
447.373 0.036 0.048 0.000
447.560 0.036 0.048 0.000
447.793 0.036 0.048 0.000
447.977 0.036 0.048 0.000
448.160 0.036 0.048 0.000
448.397 0.036 0.048 0.000
448.577 0.036 0.048 0.000
448.760 0.036 0.048 0.000
448.993 0.036 0.048 0.000
449.177 0.036 0.048 0.000
449.360 0.036 0.048 0.000
449.593 0.036 0.048 0.000
449.773 0.036 0.048 0.000
449.960 0.036 0.048 0.000
450.193 0.036 0.048 0.000
450.373 0.036 0.048 0.000
450.560 0.036 0.048 0.000
450.793 0.036 0.048 0.000
450.977 0.036 0.048 0.000
451.160 0.036 0.048 0.000
451.393 0.036 0.048 0.000
451.573 0.036 0.048 0.000
451.760 0.036 0.048 0.000
451.995 0.036 0.048 0.000
452.174 0.036 0.048 0.000
452.360 0.036 0.048 0.000
452.593 0.036 0.048 0.000
452.773 0.036 0.048 0.000
452.960 0.036 0.048 0.000
453.193 0.036 0.048 0.000
453.373 0.036 0.048 0.000
453.560 0.036 0.048 0.000
453.793 0.036 0.048 0.000
453.977 0.036 0.048 0.000
454.160 0.036 0.048 0.000
454.393 0.036 0.048 0.000
454.577 0.036 0.048 0.000
454.760 0.036 0.048 0.000
454.997 0.036 0.048 0.000
455.177 0.036 0.048 0.000
455.370 0.036 0.048 0.000
455.593 0.036 0.048 0.000
455.773 0.036 0.048 0.000
455.970 0.036 0.048 0.000
456.197 0.036 0.048 0.000
456.373 0.036 0.048 0.000
456.570 0.036 0.048 0.000
456.793 0.036 0.048 0.000
456.973 0.036 0.048 0.000
457.170 0.036 0.048 0.000
457.393 0.036 0.048 0.000
457.573 0.036 0.048 0.000
457.770 -0.068 -0.714 0.000
457.993 -0.068 -0.714 0.000
458.173 -0.068 -0.714 0.000
458.370 -0.068 -0.714 0.000
458.597 -0.068 -0.714 0.000
458.774 -0.068 -0.714 0.000
458.970 -0.068 -0.714 0.000
459.197 -0.068 -0.714 0.000
459.373 -0.068 -0.714 0.000
459.570 -0.068 -0.714 0.000
459.793 -0.068 -0.714 0.000
459.973 -0.068 -0.714 0.000
460.170 -0.068 -0.714 0.000
460.393 -0.068 -0.714 0.000
460.573 -0.068 -0.714 0.000
460.770 -0.068 -0.714 0.000
460.995 -0.068 -0.714 0.000
461.173 -0.068 -0.714 0.000
461.370 -0.068 -0.714 0.000
461.593 -0.068 -0.714 0.000
461.773 -0.068 -0.714 0.000
461.972 -0.068 -0.714 0.000
462.193 -0.068 -0.714 0.000
462.374 -0.068 -0.714 0.000
462.570 -0.068 -0.714 0.000
462.793 -0.068 -0.714 0.000
462.973 -0.068 -0.714 0.000
463.170 -0.068 -0.714 0.000
463.393 -0.068 -0.714 0.000
463.573 -0.068 -0.714 0.000
463.770 -0.068 -0.714 0.000
463.993 -0.068 -0.714 0.000
464.177 -0.068 -0.714 0.000
464.370 -0.068 -0.714 0.000
464.593 -0.068 -0.714 0.000
464.773 -0.068 -0.714 0.000
464.970 -0.000 -1.219 0.000
465.193 -0.000 -1.219 0.000
465.377 -0.000 -1.219 0.000
465.570 -0.000 -1.219 0.000
465.793 -0.000 -1.219 0.000
465.977 -0.000 -1.219 0.000
466.170 -0.000 -1.219 0.000
466.394 -0.000 -1.219 0.000
466.575 -0.000 -1.219 0.000
466.770 -0.000 -1.219 0.000
466.993 -0.000 -1.219 0.000
467.173 -0.000 -1.219 0.000
467.370 -0.000 -1.219 0.000
467.593 -0.000 -1.219 0.000
467.783 -0.000 -1.219 0.000
468.013 -0.000 -1.219 0.000
468.193 -0.000 -1.219 0.000
468.380 -0.000 -1.219 0.000
468.613 -0.000 -1.219 0.000
468.793 -0.000 -1.219 0.000
468.980 -0.000 -1.219 0.000
469.217 -0.000 -1.219 0.000
469.393 -0.000 -1.219 0.000
469.580 -0.000 -1.219 0.000
469.813 -0.000 -1.219 0.000
469.997 -0.000 -1.219 0.000
470.180 -0.000 -1.219 0.000
470.413 -0.000 -1.219 0.000
470.597 -0.000 -1.219 0.000
470.780 -0.000 -1.219 0.000
471.017 -0.000 -1.219 0.000
471.193 -0.000 -1.219 0.000
471.380 -0.000 -1.219 0.000
471.617 -0.000 -1.219 0.000
471.793 -0.000 -1.219 0.000
471.980 -0.000 -1.219 0.000
472.213 -0.000 -1.219 0.000
472.393 -0.000 -1.219 0.000
472.580 -0.000 -1.219 0.000
472.813 -0.000 -1.219 0.000
472.993 -0.000 -1.219 0.000
473.180 -0.000 -1.219 0.000
473.417 -0.000 -1.219 0.000
473.593 -0.000 -1.219 0.000
473.780 -0.000 -1.219 0.000
474.013 -0.000 -1.219 0.000
474.193 -0.000 -1.219 0.000
474.380 -0.000 -1.219 0.000
474.613 -0.000 -1.219 0.000
474.793 -0.000 -1.219 0.000
474.981 -0.000 -1.219 0.000
475.213 -0.000 -1.219 0.000
475.393 -0.000 -1.219 0.000
475.582 -0.000 -1.219 0.000
475.813 -0.000 -1.219 0.000
475.993 -0.000 -1.219 0.000
476.180 -0.000 -1.219 0.000
476.413 -0.000 -1.219 0.000
476.593 -0.000 -1.219 0.000
476.779 -0.000 -1.219 0.000
477.013 -0.000 -1.219 0.000
477.197 0.028 -0.123 0.000
477.380 0.028 -0.123 0.000
477.613 0.028 -0.123 0.000
477.793 0.028 -0.123 0.000
477.980 0.028 -0.123 0.000
478.213 0.028 -0.123 0.000
478.393 0.028 -0.123 0.000
478.580 0.028 -0.123 0.000
478.813 0.028 -0.123 0.000
478.993 0.028 -0.123 0.000
479.180 0.028 -0.123 0.000
479.417 0.028 -0.123 0.000
479.597 0.028 -0.123 0.000
479.780 0.028 -0.123 0.000
480.013 0.028 -0.123 0.000
480.193 0.028 -0.123 0.000
480.380 0.028 -0.123 0.000
480.615 0.028 -0.123 0.000
480.794 0.028 -0.123 0.000
481.033 0.028 -0.123 0.000
481.217 0.028 -0.123 0.000
481.400 0.028 -0.123 0.000
481.633 0.028 -0.123 0.000
481.818 0.028 -0.123 0.000
482.001 0.028 -0.123 0.000
482.233 0.028 -0.123 0.000
482.415 0.028 -0.123 0.000
482.600 0.028 -0.123 0.000
482.835 0.028 -0.123 0.000
483.013 0.028 -0.123 0.000
483.200 0.028 -0.123 0.000
483.433 0.028 -0.123 0.000
483.617 0.028 -0.123 0.000
483.800 0.028 -0.123 0.000
484.033 0.028 -0.123 0.000
484.213 0.028 -0.123 0.000
484.401 0.028 -0.123 0.000
484.633 0.028 -0.123 0.000
484.818 0.028 -0.123 0.000
485.000 0.028 -0.123 0.000
485.234 0.028 -0.123 0.000
485.413 0.028 -0.123 0.000
485.600 0.028 -0.123 0.000
485.833 0.028 -0.123 0.000
486.015 0.028 -0.123 0.000
486.200 0.028 -0.123 0.000
486.436 0.028 -0.123 0.000
486.617 0.028 -0.123 0.000
486.800 0.028 -0.123 0.000
487.037 0.028 -0.123 0.000
487.213 0.028 -0.123 0.000
487.400 0.028 -0.123 0.000
487.633 0.028 -0.123 0.000
487.814 0.028 -0.123 0.000
488.000 0.028 -0.123 0.000
488.237 0.028 -0.123 0.000
488.417 0.028 -0.123 0.000
488.600 0.028 -0.123 0.000
488.833 0.028 -0.123 0.000
489.013 0.028 -0.123 0.000
489.200 0.028 -0.123 0.000
489.434 0.028 -0.123 0.000
489.614 0.028 -0.123 0.000
489.799 0.028 -0.123 0.000
490.033 0.028 -0.123 0.000
490.216 0.028 -0.123 0.000
490.400 0.028 -0.123 0.000
490.633 0.028 -0.123 0.000
490.816 0.028 -0.123 0.000
491.000 0.028 -0.123 0.000
491.233 0.028 -0.123 0.000
491.415 0.028 -0.123 0.000
491.601 0.028 -0.123 0.000
491.834 0.028 -0.123 0.000
492.013 0.028 -0.123 0.000
492.200 0.028 -0.123 0.000
492.433 0.028 -0.123 0.000
492.613 0.028 -0.123 0.000
492.800 0.028 -0.123 0.000
493.033 0.028 -0.123 0.000
493.213 0.028 -0.123 0.000
493.400 0.028 -0.123 0.000
493.637 0.028 -0.123 0.000
493.814 0.028 -0.123 0.000
494.000 0.028 -0.123 0.000
494.233 0.028 -0.123 0.000
494.414 0.028 -0.123 0.000
494.600 0.028 -0.123 0.000
494.837 0.028 -0.123 0.000
495.017 0.028 -0.123 0.000
495.200 0.028 -0.123 0.000
495.437 0.028 -0.123 0.000
495.617 0.028 -0.123 0.000
495.800 0.028 -0.123 0.000
496.033 0.028 -0.123 0.000
496.217 0.028 -0.123 0.000
496.400 0.028 -0.123 0.000
496.637 0.028 -0.123 0.000
496.814 0.028 -0.123 0.000
497.000 0.028 -0.123 0.000
497.237 0.028 -0.123 0.000
497.414 0.028 -0.123 0.000
497.600 0.028 -0.123 0.000
497.833 0.028 -0.123 0.000
498.014 0.028 -0.123 0.000
498.200 0.028 -0.123 0.000
498.433 0.028 -0.123 0.000
498.613 0.028 -0.123 0.000
498.800 0.028 -0.123 0.000
499.033 0.028 -0.123 0.000
499.213 0.028 -0.123 0.000
499.400 0.028 -0.123 0.000
499.637 0.028 -0.123 0.000
499.813 0.028 -0.123 0.000
500.000 0.028 -0.123 0.000
500.233 0.028 -0.123 0.000
500.414 0.028 -0.123 0.000
500.600 0.028 -0.123 0.000
500.833 0.028 -0.123 0.000
501.014 0.028 -0.123 0.000
501.200 0.028 -0.123 0.000
501.433 0.028 -0.123 0.000
501.613 0.028 -0.123 0.000
501.800 0.028 -0.123 0.000
502.033 0.028 -0.123 0.000
502.217 0.028 -0.123 0.000
502.400 0.028 -0.123 0.000
502.633 0.028 -0.123 0.000
502.813 0.028 -0.123 0.000
503.000 0.028 -0.123 0.000
503.233 0.028 -0.123 0.000
503.413 0.028 -0.123 0.000
503.600 0.028 -0.123 0.000
503.833 0.028 -0.123 0.000
504.016 0.028 -0.123 0.000
504.200 0.028 -0.123 0.000
504.433 0.028 -0.123 0.000
504.613 0.028 -0.123 0.000
504.800 0.028 -0.123 0.000
505.033 0.028 -0.123 0.000
505.213 0.028 -0.123 0.000
505.400 0.028 -0.123 0.000
505.638 0.028 -0.123 0.000
505.814 0.028 -0.123 0.000
506.000 0.028 -0.123 0.000
506.233 0.028 -0.123 0.000
506.413 0.028 -0.123 0.000
506.600 0.028 -0.123 0.000
506.834 0.028 -0.123 0.000
507.017 0.028 -0.123 0.000
507.200 0.028 -0.123 0.000
507.437 0.028 -0.123 0.000
507.613 0.028 -0.123 0.000
507.800 0.028 -0.123 0.000
508.033 0.028 -0.123 0.000
508.213 0.028 -0.123 0.000
508.400 0.028 -0.123 0.000
508.633 0.028 -0.123 0.000
508.814 0.028 -0.123 0.000
509.000 0.028 -0.123 0.000
509.237 0.028 -0.123 0.000
509.414 0.028 -0.123 0.000
509.600 0.028 -0.123 0.000
509.836 0.028 -0.123 0.000
510.017 0.028 -0.123 0.000
510.200 0.028 -0.123 0.000
510.434 0.028 -0.123 0.000
510.613 0.028 -0.123 0.000
510.800 0.028 -0.123 0.000
511.033 0.028 -0.123 0.000
511.218 0.028 -0.123 0.000
511.400 0.028 -0.123 0.000
511.634 0.028 -0.123 0.000
511.813 0.028 -0.123 0.000
512.000 0.028 -0.123 0.000
512.237 0.028 -0.123 0.000
512.413 0.028 -0.123 0.000
512.600 0.028 -0.123 0.000
512.833 0.028 -0.123 0.000
513.014 0.028 -0.123 0.000
513.201 0.028 -0.123 0.000
513.433 0.028 -0.123 0.000
513.618 0.028 -0.123 0.000
513.800 0.028 -0.123 0.000
514.033 0.028 -0.123 0.000
514.213 0.028 -0.123 0.000
514.400 0.028 -0.123 0.000
514.634 0.028 -0.123 0.000
514.817 0.028 -0.123 0.000
515.000 0.028 -0.123 0.000
515.233 0.028 -0.123 0.000
515.413 0.028 -0.123 0.000
515.600 0.028 -0.123 0.000
515.837 0.028 -0.123 0.000
516.017 0.028 -0.123 0.000
516.200 0.028 -0.123 0.000
516.437 0.028 -0.123 0.000
516.613 0.028 -0.123 0.000
516.800 0.028 -0.123 0.000
517.033 0.028 -0.123 0.000
517.213 0.028 -0.123 0.000
517.400 0.028 -0.123 0.000
517.637 0.028 -0.123 0.000
517.817 0.028 -0.123 0.000
518.000 0.028 -0.123 0.000
518.233 0.028 -0.123 0.000
518.414 0.028 -0.123 0.000
518.600 0.028 -0.123 0.000
518.833 0.028 -0.123 0.000
519.017 0.028 -0.123 0.000
519.210 0.028 -0.123 0.000
519.448 0.028 -0.123 0.000
519.617 0.028 -0.123 0.000
519.810 0.028 -0.123 0.000
520.033 0.028 -0.123 0.000
520.214 0.028 -0.123 0.000
520.411 0.028 -0.123 0.000
520.633 0.028 -0.123 0.000
520.813 0.028 -0.123 0.000
521.010 0.028 -0.123 0.000
521.233 0.028 -0.123 0.000
521.413 0.028 -0.123 0.000
521.610 0.028 -0.123 0.000
521.833 0.028 -0.123 0.000
522.013 0.028 -0.123 0.000
522.210 0.028 -0.123 0.000
522.433 0.028 -0.123 0.000
522.615 0.028 -0.123 0.000
522.810 0.028 -0.123 0.000
523.037 0.028 -0.123 0.000
523.214 0.028 -0.123 0.000
523.420 0.028 -0.123 0.000
523.641 0.028 -0.123 0.000
523.825 0.028 -0.123 0.000
524.021 0.028 -0.123 0.000
524.245 0.028 -0.123 0.000
524.421 0.028 -0.123 0.000
524.621 0.028 -0.123 0.000
524.841 0.028 -0.123 0.000
525.021 0.028 -0.123 0.000
525.220 0.028 -0.123 0.000
525.445 0.028 -0.123 0.000
525.621 0.028 -0.123 0.000
525.861 0.028 -0.123 0.000
526.045 0.028 -0.123 0.000
526.230 0.028 -0.123 0.000
526.461 0.028 -0.123 0.000
526.641 0.028 -0.123 0.000
526.830 0.028 -0.123 0.000
527.061 0.028 -0.123 0.000
527.241 0.028 -0.123 0.000
527.430 0.028 -0.123 0.000
527.661 0.028 -0.123 0.000
527.841 0.028 -0.123 0.000
528.030 0.028 -0.123 0.000
528.265 0.028 -0.123 0.000
528.445 0.028 -0.123 0.000
528.630 0.028 -0.123 0.000
528.861 0.028 -0.123 0.000
529.041 0.028 -0.123 0.000
529.230 0.028 -0.123 0.000
529.466 0.028 -0.123 0.000
529.645 0.028 -0.123 0.000
529.830 0.028 -0.123 0.000
530.061 0.028 -0.123 0.000
530.241 0.028 -0.123 0.000
530.430 0.028 -0.123 0.000
530.662 0.028 -0.123 0.000
530.841 0.028 -0.123 0.000
531.031 0.028 -0.123 0.000
531.261 0.028 -0.123 0.000
531.441 0.028 -0.123 0.000
531.630 0.028 -0.123 0.000
531.861 0.028 -0.123 0.000
532.041 0.028 -0.123 0.000
532.230 0.028 -0.123 0.000
532.461 0.028 -0.123 0.000
532.641 0.028 -0.123 0.000
532.830 0.028 -0.123 0.000
533.065 0.028 -0.123 0.000
533.245 0.028 -0.123 0.000
533.430 0.028 -0.123 0.000
533.666 0.028 -0.123 0.000
533.841 0.028 -0.123 0.000
534.030 0.028 -0.123 0.000
534.261 0.028 -0.123 0.000
534.441 0.028 -0.123 0.000
534.631 0.028 -0.123 0.000
534.853 0.028 -0.123 0.000
535.034 0.028 -0.123 0.000
535.230 0.028 -0.123 0.000
535.453 0.028 -0.123 0.000
535.634 0.028 -0.123 0.000
535.830 0.028 -0.123 0.000
536.053 0.028 -0.123 0.000
536.233 0.028 -0.123 0.000
536.430 0.028 -0.123 0.000
536.653 0.028 -0.123 0.000
536.837 0.028 -0.123 0.000
537.030 0.028 -0.123 0.000
537.253 0.028 -0.123 0.000
537.437 0.028 -0.123 0.000
537.630 0.028 -0.123 0.000
537.857 0.028 -0.123 0.000
538.034 0.028 -0.123 0.000
538.237 0.028 -0.123 0.000
538.453 0.028 -0.123 0.000
538.637 0.028 -0.123 0.000
538.831 0.028 -0.123 0.000
539.053 0.028 -0.123 0.000
539.240 0.028 -0.123 0.000
539.440 0.028 -0.123 0.000
539.664 0.028 -0.123 0.000
539.845 0.028 -0.123 0.000
540.040 0.028 -0.123 0.000
540.261 0.028 -0.123 0.000
540.441 0.028 -0.123 0.000
540.640 0.028 -0.123 0.000
540.861 0.028 -0.123 0.000
541.040 0.028 -0.123 0.000
541.273 0.028 -0.123 0.000
541.453 0.028 -0.123 0.000
541.639 0.028 -0.123 0.000
541.873 0.028 -0.123 0.000
542.053 0.028 -0.123 0.000
542.241 0.028 -0.123 0.000
542.473 0.028 -0.123 0.000
542.653 0.028 -0.123 0.000
542.840 0.028 -0.123 0.000
543.073 0.028 -0.123 0.000
543.253 0.028 -0.123 0.000
543.441 0.028 -0.123 0.000
543.673 0.028 -0.123 0.000
543.858 0.028 -0.123 0.000
544.040 0.028 -0.123 0.000
544.273 0.028 -0.123 0.000
544.453 0.028 -0.123 0.000
544.639 0.028 -0.123 0.000
544.873 0.028 -0.123 0.000
545.053 0.028 -0.123 0.000
545.239 0.028 -0.123 0.000
545.473 0.028 -0.123 0.000
545.653 0.028 -0.123 0.000
545.840 0.028 -0.123 0.000
546.077 0.028 -0.123 0.000
546.253 0.028 -0.123 0.000
546.453 0.028 -0.123 0.000
546.674 0.028 -0.123 0.000
546.853 0.028 -0.123 0.000
547.050 0.028 -0.123 0.000
547.273 0.028 -0.123 0.000
547.453 0.028 -0.123 0.000
547.649 0.028 -0.123 0.000
547.873 0.028 -0.123 0.000
548.054 0.028 -0.123 0.000
548.250 0.028 -0.123 0.000
548.474 0.028 -0.123 0.000
548.653 0.028 -0.123 0.000
548.850 0.028 -0.123 0.000
549.073 0.028 -0.123 0.000
549.253 0.028 -0.123 0.000
549.450 0.028 -0.123 0.000
549.673 0.028 -0.123 0.000
549.857 0.028 -0.123 0.000
550.050 0.028 -0.123 0.000
550.273 0.028 -0.123 0.000
550.457 0.028 -0.123 0.000
550.650 0.028 -0.123 0.000
550.874 0.028 -0.123 0.000
551.053 0.028 -0.123 0.000
551.250 0.028 -0.123 0.000
551.477 0.028 -0.123 0.000
551.653 0.028 -0.123 0.000
551.850 0.028 -0.123 0.000
552.077 0.028 -0.123 0.000
552.257 0.028 -0.123 0.000
552.450 0.028 -0.123 0.000
552.677 0.028 -0.123 0.000
552.853 0.028 -0.123 0.000
553.052 0.028 -0.123 0.000
553.273 0.028 -0.123 0.000
553.453 0.028 -0.123 0.000
553.650 0.028 -0.123 0.000
553.873 0.028 -0.123 0.000
554.053 0.028 -0.123 0.000
554.250 0.028 -0.123 0.000
554.473 0.028 -0.123 0.000
554.657 0.028 -0.123 0.000
554.850 0.028 -0.123 0.000
555.081 0.028 -0.123 0.000
555.263 0.028 -0.123 0.000
555.460 0.028 -0.123 0.000
555.681 0.028 -0.123 0.000
555.862 0.028 -0.123 0.000
556.060 0.028 -0.123 0.000
556.281 0.028 -0.123 0.000
556.463 0.028 -0.123 0.000
556.660 0.028 -0.123 0.000
556.885 0.028 -0.123 0.000
557.072 0.028 -0.123 0.000
557.301 0.028 -0.123 0.000
557.481 0.028 -0.123 0.000
557.670 0.028 -0.123 0.000
557.905 0.028 -0.123 0.000
558.081 0.028 -0.123 0.000
558.270 0.028 -0.123 0.000
558.493 0.028 -0.123 0.000
558.673 0.028 -0.123 0.000
558.870 0.028 -0.123 0.000
559.094 0.028 -0.123 0.000
559.273 0.028 -0.123 0.000
559.470 0.028 -0.123 0.000
559.693 0.028 -0.123 0.000
559.877 0.028 -0.123 0.000
560.070 0.028 -0.123 0.000
560.297 0.028 -0.123 0.000
560.473 0.028 -0.123 0.000
560.670 0.028 -0.123 0.000
560.893 0.028 -0.123 0.000
561.074 0.028 -0.123 0.000
561.270 0.028 -0.123 0.000
561.494 0.028 -0.123 0.000
561.675 0.028 -0.123 0.000
561.870 0.028 -0.123 0.000
562.093 0.028 -0.123 0.000
562.273 0.028 -0.123 0.000
562.470 0.028 -0.123 0.000
562.693 0.028 -0.123 0.000
562.877 0.028 -0.123 0.000
563.070 0.028 -0.123 0.000
563.293 0.028 -0.123 0.000
563.474 0.028 -0.123 0.000
563.670 0.028 -0.123 0.000
563.894 0.028 -0.123 0.000
564.073 0.028 -0.123 0.000
564.270 0.028 -0.123 0.000
564.494 0.028 -0.123 0.000
564.673 0.028 -0.123 0.000
564.870 0.028 -0.123 0.000
565.093 0.028 -0.123 0.000
565.277 0.028 -0.123 0.000
565.470 0.028 -0.123 0.000
565.699 0.028 -0.123 0.000
565.873 0.028 -0.123 0.000
566.069 0.028 -0.123 0.000
566.293 0.028 -0.123 0.000
566.473 0.028 -0.123 0.000
566.670 0.028 -0.123 0.000
566.893 0.028 -0.123 0.000
567.077 0.028 -0.123 0.000
567.270 0.028 -0.123 0.000
567.497 0.028 -0.123 0.000
567.673 0.028 -0.123 0.000
567.870 0.028 -0.123 0.000
568.093 0.028 -0.123 0.000
568.273 0.028 -0.123 0.000
568.473 0.028 -0.123 0.000
568.700 0.028 -0.123 0.000
568.873 0.028 -0.123 0.000
569.069 0.028 -0.123 0.000
569.293 0.028 -0.123 0.000
569.477 0.028 -0.123 0.000
569.670 0.028 -0.123 0.000
569.893 0.028 -0.123 0.000
570.073 0.028 -0.123 0.000
570.313 0.028 -0.123 0.000
570.493 0.028 -0.123 0.000
570.680 0.028 -0.123 0.000
570.916 0.028 -0.123 0.000
571.093 0.028 -0.123 0.000
571.280 0.028 -0.123 0.000
571.513 0.028 -0.123 0.000
571.693 0.028 -0.123 0.000
571.880 0.028 -0.123 0.000
572.117 0.028 -0.123 0.000
572.293 0.028 -0.123 0.000
572.480 0.028 -0.123 0.000
572.713 0.028 -0.123 0.000
572.893 0.028 -0.123 0.000
573.080 0.028 -0.123 0.000
573.313 0.028 -0.123 0.000
573.493 0.028 -0.123 0.000
573.680 0.028 -0.123 0.000
573.913 0.028 -0.123 0.000
574.097 0.028 -0.123 0.000
574.280 0.028 -0.123 0.000
574.515 0.028 -0.123 0.000
574.693 0.028 -0.123 0.000
574.880 0.028 -0.123 0.000
575.117 0.028 -0.123 0.000
575.293 0.028 -0.123 0.000
575.480 0.028 -0.123 0.000
575.713 0.028 -0.123 0.000
575.893 0.028 -0.123 0.000
576.080 0.028 -0.123 0.000
576.314 0.028 -0.123 0.000
576.493 0.028 -0.123 0.000
576.680 0.028 -0.123 0.000
576.914 0.028 -0.123 0.000
577.093 0.028 -0.123 0.000
577.280 0.028 -0.123 0.000
577.513 0.028 -0.123 0.000
577.693 0.028 -0.123 0.000
577.880 0.028 -0.123 0.000
578.113 0.028 -0.123 0.000
578.298 0.028 -0.123 0.000
578.480 0.028 -0.123 0.000
578.713 0.028 -0.123 0.000
578.893 0.028 -0.123 0.000
579.080 0.028 -0.123 0.000
579.313 0.028 -0.123 0.000
579.497 0.028 -0.123 0.000
579.680 0.028 -0.123 0.000
579.917 0.028 -0.123 0.000
580.097 0.028 -0.123 0.000
580.280 0.028 -0.123 0.000
580.517 0.028 -0.123 0.000
580.693 0.028 -0.123 0.000
580.880 0.028 -0.123 0.000
581.117 0.028 -0.123 0.000
581.297 0.028 -0.123 0.000
581.479 0.028 -0.123 0.000
581.713 0.028 -0.123 0.000
581.893 0.028 -0.123 0.000
582.081 0.028 -0.123 0.000
582.313 0.028 -0.123 0.000
582.493 0.028 -0.123 0.000
582.680 0.028 -0.123 0.000
582.922 0.028 -0.123 0.000
583.093 0.028 -0.123 0.000
583.279 0.028 -0.123 0.000
583.513 0.028 -0.123 0.000
583.693 0.028 -0.123 0.000
583.879 0.028 -0.123 0.000
584.113 0.028 -0.123 0.000
584.293 0.028 -0.123 0.000
584.480 0.028 -0.123 0.000
584.720 0.028 -0.123 0.000
584.893 0.028 -0.123 0.000
585.080 0.028 -0.123 0.000
585.317 0.028 -0.123 0.000
585.493 0.028 -0.123 0.000
585.683 0.028 -0.123 0.000
585.914 0.028 -0.123 0.000
586.093 0.028 -0.123 0.000
586.281 0.028 -0.123 0.000
586.513 0.028 -0.123 0.000
586.697 0.028 -0.123 0.000
586.880 0.028 -0.123 0.000
587.117 0.028 -0.123 0.000
587.293 0.028 -0.123 0.000
587.480 0.028 -0.123 0.000
587.717 0.028 -0.123 0.000
587.893 0.028 -0.123 0.000
588.080 0.028 -0.123 0.000
588.313 0.028 -0.123 0.000
588.493 0.028 -0.123 0.000
588.689 0.028 -0.123 0.000
588.917 0.028 -0.123 0.000
589.093 0.028 -0.123 0.000
589.280 0.028 -0.123 0.000
589.517 0.028 -0.123 0.000
589.694 0.028 -0.123 0.000
589.880 0.028 -0.123 0.000
590.113 0.028 -0.123 0.000
590.280 0.028 -0.123 0.000
590.502 0.028 -0.123 0.000
590.683 0.028 -0.123 0.000
590.880 0.028 -0.123 0.000
591.105 0.028 -0.123 0.000
591.285 0.028 -0.123 0.000
591.480 0.028 -0.123 0.000
591.701 0.028 -0.123 0.000
591.887 0.028 -0.123 0.000
592.080 0.028 -0.123 0.000
592.301 0.028 -0.123 0.000
592.485 0.028 -0.123 0.000
592.680 0.028 -0.123 0.000
592.901 0.028 -0.123 0.000
593.081 0.028 -0.123 0.000
593.280 0.028 -0.123 0.000
593.501 0.028 -0.123 0.000
593.682 0.028 -0.123 0.000
593.890 0.028 -0.123 0.000
594.113 0.028 -0.123 0.000
594.293 0.028 -0.123 0.000
594.489 0.028 -0.123 0.000
594.713 0.028 -0.123 0.000
594.909 0.028 -0.123 0.000
595.133 0.028 -0.123 0.000
595.319 0.028 -0.123 0.000
595.553 0.028 -0.123 0.000
595.733 0.028 -0.123 0.000
595.919 0.028 -0.123 0.000
596.154 0.028 -0.123 0.000
596.333 0.028 -0.123 0.000
596.519 0.028 -0.123 0.000
596.753 0.028 -0.123 0.000
596.933 0.028 -0.123 0.000
597.120 0.028 -0.123 0.000
597.353 0.028 -0.123 0.000
597.533 0.028 -0.123 0.000
597.720 0.028 -0.123 0.000
597.953 0.028 -0.123 0.000
598.133 0.028 -0.123 0.000
598.320 0.028 -0.123 0.000
598.553 0.028 -0.123 0.000
598.733 0.028 -0.123 0.000
598.920 0.028 -0.123 0.000
599.157 0.028 -0.123 0.000
599.333 0.028 -0.123 0.000
599.520 0.028 -0.123 0.000
599.753 0.028 -0.123 0.000
599.933 0.028 -0.123 0.000
600.120 0.028 -0.123 0.000
600.353 0.028 -0.123 0.000
600.533 0.028 -0.123 0.000
600.720 0.028 -0.123 0.000
600.953 0.028 -0.123 0.000
601.133 0.028 -0.123 0.000
601.320 0.028 -0.123 0.000
601.557 0.028 -0.123 0.000
601.733 0.028 -0.123 0.000
601.924 0.028 -0.123 0.000
602.157 0.028 -0.123 0.000
602.337 0.028 -0.123 0.000
602.520 0.028 -0.123 0.000
602.753 0.028 -0.123 0.000
602.933 0.028 -0.123 0.000
603.120 0.028 -0.123 0.000
603.354 0.028 -0.123 0.000
603.534 0.028 -0.123 0.000
603.720 0.028 -0.123 0.000
603.955 0.028 -0.123 0.000
604.133 0.028 -0.123 0.000
604.320 0.028 -0.123 0.000
604.554 0.028 -0.123 0.000
604.737 0.028 -0.123 0.000
604.920 0.028 -0.123 0.000
605.153 0.028 -0.123 0.000
605.334 0.028 -0.123 0.000
605.549 0.028 -0.123 0.000
605.753 0.028 -0.123 0.000
605.933 0.028 -0.123 0.000
606.130 0.028 -0.123 0.000
606.358 0.028 -0.123 0.000
606.533 0.028 -0.123 0.000
606.730 0.028 -0.123 0.000
606.955 0.028 -0.123 0.000
607.137 0.028 -0.123 0.000
607.330 0.028 -0.123 0.000
607.554 0.028 -0.123 0.000
607.737 0.028 -0.123 0.000
607.930 0.028 -0.123 0.000
608.158 0.028 -0.123 0.000
608.335 0.028 -0.123 0.000
608.530 0.028 -0.123 0.000
608.753 0.028 -0.123 0.000
608.933 0.028 -0.123 0.000
609.130 0.028 -0.123 0.000
609.353 0.028 -0.123 0.000
609.537 0.028 -0.123 0.000
609.730 0.028 -0.123 0.000
609.954 0.028 -0.123 0.000
610.134 0.028 -0.123 0.000
610.330 0.028 -0.123 0.000
610.556 0.028 -0.123 0.000
610.734 0.028 -0.123 0.000
610.930 0.028 -0.123 0.000
611.153 0.028 -0.123 0.000
611.334 0.028 -0.123 0.000
611.530 0.028 -0.123 0.000
611.757 0.028 -0.123 0.000
611.937 0.028 -0.123 0.000
612.130 0.028 -0.123 0.000
612.354 0.028 -0.123 0.000
612.534 0.028 -0.123 0.000
612.730 0.028 -0.123 0.000
612.957 0.028 -0.123 0.000
613.133 0.028 -0.123 0.000
613.330 0.028 -0.123 0.000
613.554 0.028 -0.123 0.000
613.737 0.028 -0.123 0.000
613.930 0.028 -0.123 0.000
614.153 0.028 -0.123 0.000
614.335 0.028 -0.123 0.000
614.530 0.028 -0.123 0.000
614.755 0.028 -0.123 0.000
614.933 0.028 -0.123 0.000
615.130 0.028 -0.123 0.000
615.354 0.028 -0.123 0.000
615.533 0.028 -0.123 0.000
615.730 0.028 -0.123 0.000
615.954 0.028 -0.123 0.000
616.133 0.028 -0.123 0.000
616.330 0.028 -0.123 0.000
616.557 0.028 -0.123 0.000
616.733 0.028 -0.123 0.000
616.930 0.028 -0.123 0.000
617.153 0.028 -0.123 0.000
617.337 0.028 -0.123 0.000
617.530 0.028 -0.123 0.000
617.754 0.028 -0.123 0.000
617.933 0.028 -0.123 0.000
618.130 0.028 -0.123 0.000
618.354 0.028 -0.123 0.000
618.537 0.028 -0.123 0.000
618.730 0.028 -0.123 0.000
618.953 0.028 -0.123 0.000
619.133 0.028 -0.123 0.000
619.330 0.028 -0.123 0.000
619.553 0.028 -0.123 0.000
619.734 0.028 -0.123 0.000
619.930 0.028 -0.123 0.000
620.153 0.028 -0.123 0.000
620.337 0.028 -0.123 0.000
620.530 0.028 -0.123 0.000
620.757 0.028 -0.123 0.000
620.933 0.028 -0.123 0.000
621.130 0.028 -0.123 0.000
621.353 0.028 -0.123 0.000
621.533 0.028 -0.123 0.000
621.730 0.028 -0.123 0.000
621.957 0.028 -0.123 0.000
622.133 0.028 -0.123 0.000
622.330 0.028 -0.123 0.000
622.555 0.028 -0.123 0.000
622.733 0.028 -0.123 0.000
622.930 0.028 -0.123 0.000
623.156 0.028 -0.123 0.000
623.336 0.028 -0.123 0.000
623.530 0.028 -0.123 0.000
623.755 0.028 -0.123 0.000
623.934 0.028 -0.123 0.000
624.130 0.028 -0.123 0.000
624.353 0.028 -0.123 0.000
624.533 0.028 -0.123 0.000
624.730 0.028 -0.123 0.000
624.954 0.028 -0.123 0.000
625.133 0.028 -0.123 0.000
625.330 0.028 -0.123 0.000
625.553 0.028 -0.123 0.000
625.734 0.028 -0.123 0.000
625.930 0.028 -0.123 0.000
626.155 0.028 -0.123 0.000
626.337 0.028 -0.123 0.000
626.530 0.028 -0.123 0.000
626.753 0.028 -0.123 0.000
626.933 0.028 -0.123 0.000
627.131 0.028 -0.123 0.000
627.353 0.028 -0.123 0.000
627.537 0.028 -0.123 0.000
627.730 0.028 -0.123 0.000
627.953 0.028 -0.123 0.000
628.133 0.028 -0.123 0.000
628.330 0.028 -0.123 0.000
628.553 0.028 -0.123 0.000
628.733 0.028 -0.123 0.000
628.930 0.028 -0.123 0.000
629.157 0.028 -0.123 0.000
629.333 0.028 -0.123 0.000
629.530 0.028 -0.123 0.000
629.753 0.028 -0.123 0.000
629.938 0.028 -0.123 0.000
630.131 0.028 -0.123 0.000
630.353 0.028 -0.123 0.000
630.537 0.028 -0.123 0.000
630.730 0.028 -0.123 0.000
630.954 0.028 -0.123 0.000
631.137 0.028 -0.123 0.000
631.330 0.028 -0.123 0.000
631.557 0.028 -0.123 0.000
631.733 0.028 -0.123 0.000
631.930 0.028 -0.123 0.000
632.155 0.028 -0.123 0.000
632.340 0.028 -0.123 0.000
632.577 0.028 -0.123 0.000
632.753 0.028 -0.123 0.000
632.955 0.028 -0.123 0.000
633.173 0.028 -0.123 0.000
633.353 0.028 -0.123 0.000
633.550 0.028 -0.123 0.000
633.776 0.028 -0.123 0.000
633.954 0.028 -0.123 0.000
634.150 0.028 -0.123 0.000
634.373 0.028 -0.123 0.000
634.554 0.028 -0.123 0.000
634.750 0.028 -0.123 0.000
634.977 0.028 -0.123 0.000
635.153 0.028 -0.123 0.000
635.350 0.028 -0.123 0.000
635.574 0.028 -0.123 0.000
635.764 0.028 -0.123 0.000
635.950 0.028 -0.123 0.000
636.177 0.028 -0.123 0.000
636.354 0.028 -0.123 0.000
636.550 0.028 -0.123 0.000
636.773 0.028 -0.123 0.000
636.953 0.028 -0.123 0.000
637.150 0.028 -0.123 0.000
637.377 0.028 -0.123 0.000
637.558 0.028 -0.123 0.000
637.750 0.028 -0.123 0.000
637.973 0.028 -0.123 0.000
638.154 0.028 -0.123 0.000
638.351 0.028 -0.123 0.000
638.573 0.028 -0.123 0.000
638.753 0.028 -0.123 0.000
638.950 0.028 -0.123 0.000
639.173 0.028 -0.123 0.000
639.353 0.028 -0.123 0.000
639.550 0.028 -0.123 0.000
639.773 0.028 -0.123 0.000
639.957 0.028 -0.123 0.000
640.150 0.028 -0.123 0.000
640.377 0.028 -0.123 0.000
640.553 0.028 -0.123 0.000
640.750 0.028 -0.123 0.000
640.973 0.028 -0.123 0.000
641.153 0.028 -0.123 0.000
641.349 0.028 -0.123 0.000
641.573 0.028 -0.123 0.000
641.753 0.028 -0.123 0.000
641.950 0.028 -0.123 0.000
642.173 0.028 -0.123 0.000
642.354 0.028 -0.123 0.000
642.550 0.028 -0.123 0.000
642.773 0.028 -0.123 0.000
642.957 0.028 -0.123 0.000
643.151 0.028 -0.123 0.000
643.373 0.028 -0.123 0.000
643.555 0.028 -0.123 0.000
643.750 0.028 -0.123 0.000
643.973 0.028 -0.123 0.000
644.153 0.028 -0.123 0.000
644.350 0.028 -0.123 0.000
644.573 0.028 -0.123 0.000
644.753 0.028 -0.123 0.000
644.950 0.028 -0.123 0.000
645.173 0.028 -0.123 0.000
645.354 0.028 -0.123 0.000
645.550 0.028 -0.123 0.000
645.773 0.028 -0.123 0.000
645.954 0.028 -0.123 0.000
646.150 0.028 -0.123 0.000
646.374 0.028 -0.123 0.000
646.557 0.028 -0.123 0.000
646.750 0.028 -0.123 0.000
646.977 0.028 -0.123 0.000
647.154 0.028 -0.123 0.000
647.351 0.028 -0.123 0.000
647.573 0.028 -0.123 0.000
647.753 0.028 -0.123 0.000
647.950 0.028 -0.123 0.000
648.173 0.028 -0.123 0.000
648.353 0.028 -0.123 0.000
648.550 0.028 -0.123 0.000
648.773 0.028 -0.123 0.000
648.953 0.028 -0.123 0.000
649.150 0.028 -0.123 0.000
649.373 0.028 -0.123 0.000
649.553 0.028 -0.123 0.000
649.750 0.028 -0.123 0.000
649.977 0.028 -0.123 0.000
650.154 0.028 -0.123 0.000
650.350 0.028 -0.123 0.000
650.579 0.028 -0.123 0.000
650.757 0.028 -0.123 0.000
650.950 0.028 -0.123 0.000
651.173 0.028 -0.123 0.000
651.353 0.028 -0.123 0.000
651.550 0.028 -0.123 0.000
651.773 0.028 -0.123 0.000
651.954 0.028 -0.123 0.000
652.152 0.028 -0.123 0.000
652.373 0.028 -0.123 0.000
652.553 0.028 -0.123 0.000
652.751 0.028 -0.123 0.000
652.973 0.028 -0.123 0.000
653.157 0.028 -0.123 0.000
653.350 0.028 -0.123 0.000
653.573 0.028 -0.123 0.000
653.754 0.028 -0.123 0.000
653.950 0.028 -0.123 0.000
654.173 0.028 -0.123 0.000
654.357 0.028 -0.123 0.000
654.550 0.028 -0.123 0.000
654.776 0.028 -0.123 0.000
654.953 0.028 -0.123 0.000
655.150 0.028 -0.123 0.000
655.373 0.028 -0.123 0.000
655.555 0.028 -0.123 0.000
655.750 0.028 -0.123 0.000
655.973 0.028 -0.123 0.000
656.153 0.028 -0.123 0.000
656.350 0.028 -0.123 0.000
656.573 0.028 -0.123 0.000
656.753 0.028 -0.123 0.000
656.951 0.028 -0.123 0.000
657.177 0.028 -0.123 0.000
657.357 0.028 -0.123 0.000
657.550 0.028 -0.123 0.000
657.773 0.028 -0.123 0.000
657.957 0.028 -0.123 0.000
658.150 0.028 -0.123 0.000
658.373 0.028 -0.123 0.000
658.554 0.028 -0.123 0.000
658.750 0.028 -0.123 0.000
658.953 0.028 -0.123 0.000
659.151 0.028 -0.123 0.000
659.373 0.028 -0.123 0.000
659.553 0.028 -0.123 0.000
659.749 0.028 -0.123 0.000
659.977 0.028 -0.123 0.000
660.153 0.028 -0.123 0.000
660.349 0.028 -0.123 0.000
660.573 0.028 -0.123 0.000
660.755 0.028 -0.123 0.000
660.950 0.028 -0.123 0.000
661.173 0.028 -0.123 0.000
661.357 0.028 -0.123 0.000
661.550 0.028 -0.123 0.000
661.777 0.028 -0.123 0.000
661.953 0.028 -0.123 0.000
662.151 0.028 -0.123 0.000
662.373 0.028 -0.123 0.000
662.557 0.028 -0.123 0.000
662.750 0.028 -0.123 0.000
662.975 0.028 -0.123 0.000
663.153 0.028 -0.123 0.000
663.358 0.028 -0.123 0.000
663.573 0.028 -0.123 0.000
663.753 0.028 -0.123 0.000
663.952 0.028 -0.123 0.000
664.173 0.028 -0.123 0.000
664.353 0.028 -0.123 0.000
664.550 0.028 -0.123 0.000
664.777 0.028 -0.123 0.000
664.957 0.028 -0.123 0.000
665.150 0.028 -0.123 0.000
665.373 0.028 -0.123 0.000
665.553 0.028 -0.123 0.000
665.753 0.028 -0.123 0.000
665.974 0.028 -0.123 0.000
666.153 0.028 -0.123 0.000
666.350 0.028 -0.123 0.000
666.573 0.028 -0.123 0.000
666.753 0.028 -0.123 0.000
666.950 0.028 -0.123 0.000
667.173 0.028 -0.123 0.000
667.353 0.028 -0.123 0.000
667.550 0.028 -0.123 0.000
667.773 0.028 -0.123 0.000
667.954 0.028 -0.123 0.000
668.150 0.028 -0.123 0.000
668.375 0.028 -0.123 0.000
668.553 0.028 -0.123 0.000
668.759 0.028 -0.123 0.000
668.973 0.028 -0.123 0.000
669.153 0.028 -0.123 0.000
669.350 0.028 -0.123 0.000
669.573 0.028 -0.123 0.000
669.754 0.028 -0.123 0.000
669.950 0.028 -0.123 0.000
670.173 0.028 -0.123 0.000
670.354 0.028 -0.123 0.000
670.552 0.028 -0.123 0.000
670.773 0.028 -0.123 0.000
670.954 0.028 -0.123 0.000
671.149 0.028 -0.123 0.000
671.377 0.028 -0.123 0.000
671.553 0.028 -0.123 0.000
671.755 0.028 -0.123 0.000
671.973 0.028 -0.123 0.000
672.153 0.028 -0.123 0.000
672.350 0.028 -0.123 0.000
672.577 0.028 -0.123 0.000
672.758 0.028 -0.123 0.000
672.950 0.028 -0.123 0.000
673.173 0.028 -0.123 0.000
673.353 0.028 -0.123 0.000
673.550 0.028 -0.123 0.000
673.777 0.028 -0.123 0.000
673.953 0.028 -0.123 0.000
674.150 0.028 -0.123 0.000
674.374 0.028 -0.123 0.000
674.554 0.028 -0.123 0.000
674.750 0.028 -0.123 0.000
674.973 0.028 -0.123 0.000
675.154 0.028 -0.123 0.000
675.350 0.028 -0.123 0.000
675.574 0.028 -0.123 0.000
675.753 0.028 -0.123 0.000
675.954 0.028 -0.123 0.000
676.177 0.028 -0.123 0.000
676.357 0.028 -0.123 0.000
676.593 0.028 -0.123 0.000
676.773 0.028 -0.123 0.000
676.960 0.028 -0.123 0.000
677.199 0.028 -0.123 0.000
677.373 0.028 -0.123 0.000
677.560 0.028 -0.123 0.000
677.793 0.028 -0.123 0.000
677.973 0.028 -0.123 0.000
678.160 0.028 -0.123 0.000
678.397 0.028 -0.123 0.000
678.573 0.028 -0.123 0.000
678.761 0.028 -0.123 0.000
678.997 0.028 -0.123 0.000
679.173 0.028 -0.123 0.000
679.359 0.028 -0.123 0.000
679.594 0.028 -0.123 0.000
679.773 0.028 -0.123 0.000
679.960 0.028 -0.123 0.000
680.193 0.028 -0.123 0.000
680.373 0.028 -0.123 0.000
680.560 0.028 -0.123 0.000
680.793 0.028 -0.123 0.000
680.973 0.028 -0.123 0.000
681.160 0.028 -0.123 0.000
