0.000 0.000 0.000 0.000
0.200 0.000 0.000 0.000
0.399 0.000 0.000 0.000
0.599 0.000 0.000 0.000
0.800 0.000 0.000 0.000
1.000 0.000 0.000 0.000
1.200 0.000 0.000 0.000
1.400 0.000 0.000 0.000
1.600 0.000 0.000 0.000
1.801 0.000 0.000 0.000
2.000 0.000 0.000 0.000
2.200 0.000 0.000 0.000
2.401 0.000 0.000 0.000
2.600 0.000 0.000 0.000
2.800 0.000 0.000 0.000
3.001 0.000 0.000 0.000
3.200 0.000 0.000 0.000
3.401 0.000 0.000 0.000
3.600 0.000 0.000 0.000
3.801 0.000 0.000 0.000
4.000 0.000 0.000 0.000
4.200 0.000 0.000 0.000
4.400 0.000 0.000 0.000
4.600 0.000 0.000 0.000
4.800 0.000 0.000 0.000
5.001 0.000 0.000 0.000
5.200 0.000 0.000 0.000
5.400 0.000 0.000 0.000
5.600 0.000 0.000 0.000
5.800 0.000 0.000 0.000
6.000 0.000 0.000 0.000
6.200 0.000 0.000 0.000
6.401 0.000 0.000 0.000
6.600 0.000 0.000 0.000
6.800 0.000 0.000 0.000
7.000 0.000 0.000 0.000
7.200 0.000 0.000 0.000
7.401 0.000 0.000 0.000
7.600 0.000 0.000 0.000
7.800 0.000 0.000 0.000
8.000 0.000 0.000 0.000
8.200 0.000 0.000 0.000
8.400 0.000 0.000 0.000
8.600 0.000 0.000 0.000
8.800 0.000 0.000 0.000
9.000 0.000 0.000 0.000
9.200 0.000 0.000 0.000
9.400 0.000 0.000 0.000
9.600 0.000 0.000 0.000
9.800 0.000 0.000 0.000
10.000 0.000 0.000 0.000
10.200 0.000 0.000 0.000
10.401 0.000 0.000 0.000
10.600 0.000 0.000 0.000
10.800 0.000 0.000 0.000
11.000 0.000 0.000 0.000
11.200 0.000 0.000 0.000
11.401 0.000 0.000 0.000
11.600 0.000 0.000 0.000
11.800 0.000 0.000 0.000
12.000 0.000 0.000 0.000
12.201 0.000 0.000 0.000
12.400 0.000 0.000 0.000
12.600 0.000 0.000 0.000
12.800 0.000 0.000 0.000
13.000 0.000 0.000 0.000
13.200 0.000 0.000 0.000
13.400 0.000 0.000 0.000
13.600 0.000 0.000 0.000
13.801 0.000 0.000 0.000
14.000 0.000 0.000 0.000
14.200 0.000 0.000 0.000
14.402 0.000 0.000 0.000
14.600 0.000 0.000 0.000
14.800 0.000 0.000 0.000
15.000 0.000 0.000 0.000
15.200 0.000 0.000 0.000
15.400 0.000 0.000 0.000
15.600 0.000 0.000 0.000
15.801 0.000 0.000 0.000
16.001 0.000 0.000 0.000
16.200 0.000 0.000 0.000
16.400 0.000 0.000 0.000
16.600 0.000 0.000 0.000
16.800 0.000 0.000 0.000
17.001 0.000 0.000 0.000
17.200 0.000 0.000 0.000
17.400 0.000 0.000 0.000
17.600 0.000 0.000 0.000
17.800 0.000 0.000 0.000
18.000 0.000 0.000 0.000
18.201 0.000 0.000 0.000
18.400 0.000 0.000 0.000
18.601 0.000 0.000 0.000
18.800 0.000 0.000 0.000
19.001 0.000 0.000 0.000
19.200 0.000 0.000 0.000
19.400 0.000 0.000 0.000
19.600 0.000 0.000 0.000
19.801 0.000 0.000 0.000
20.000 0.000 0.000 0.000
20.201 0.000 0.000 0.000
20.400 0.000 0.000 0.000
20.600 0.000 0.000 0.000
20.800 0.000 0.000 0.000
21.002 0.000 0.000 0.000
21.200 0.000 0.000 0.000
21.400 0.000 0.000 0.000
21.600 0.000 0.000 0.000
21.800 0.000 0.000 0.000
22.000 0.000 0.000 0.000
22.200 0.000 0.000 0.000
22.400 0.000 0.000 0.000
22.601 0.000 0.000 0.000
22.800 0.000 0.000 0.000
23.000 0.000 0.000 0.000
23.201 0.000 0.000 0.000
23.400 0.000 0.000 0.000
23.600 0.000 0.000 0.000
23.801 0.000 0.000 0.000
24.001 0.000 0.000 0.000
24.201 0.000 0.000 0.000
24.400 0.000 0.000 0.000
24.600 0.000 0.000 0.000
24.800 0.000 0.000 0.000
25.000 0.000 0.000 0.000
25.200 0.000 0.000 0.000
25.401 0.000 0.000 0.000
25.600 0.000 0.000 0.000
25.800 0.000 0.000 0.000
26.000 0.000 0.000 0.000
26.200 0.000 0.000 0.000
26.400 0.000 0.000 0.000
26.601 0.000 0.000 0.000
26.800 0.000 0.000 0.000
27.000 0.000 0.000 0.000
27.200 0.000 0.000 0.000
27.401 0.000 0.000 0.000
27.600 0.000 0.000 0.000
27.800 0.000 0.000 0.000
28.000 0.000 0.000 0.000
28.201 0.000 0.000 0.000
28.400 0.000 0.000 0.000
28.601 0.000 0.000 0.000
28.801 0.000 0.000 0.000
29.001 0.000 0.000 0.000
29.200 0.000 0.000 0.000
29.402 0.000 0.000 0.000
29.600 0.000 0.000 0.000
29.801 0.000 0.000 0.000
30.000 0.000 0.000 0.000
30.200 0.000 0.000 0.000
30.400 0.000 0.000 0.000
30.601 0.000 0.000 0.000
30.800 0.000 0.000 0.000
31.000 0.000 0.000 0.000
31.200 0.000 0.000 0.000
31.400 0.000 0.000 0.000
31.600 0.000 0.000 0.000
31.801 0.000 0.000 0.000
32.000 0.000 0.000 0.000
32.201 0.000 0.000 0.000
32.400 0.000 0.000 0.000
32.600 0.000 0.000 0.000
32.800 0.000 0.000 0.000
33.000 0.000 0.000 0.000
33.200 0.000 0.000 0.000
33.401 0.000 0.000 0.000
33.600 0.000 0.000 0.000
33.800 0.000 0.000 0.000
34.000 0.000 0.000 0.000
34.200 0.000 0.000 0.000
34.400 0.000 0.000 0.000
34.600 0.000 0.000 0.000
34.800 0.000 0.000 0.000
35.000 0.000 0.000 0.000
35.200 0.000 0.000 0.000
35.401 0.000 0.000 0.000
35.601 0.000 0.000 0.000
35.800 0.000 0.000 0.000
36.000 0.000 0.000 0.000
36.200 0.000 0.000 0.000
36.400 0.000 0.000 0.000
36.600 0.000 0.000 0.000
36.800 0.000 0.000 0.000
37.001 0.000 0.000 0.000
37.200 0.000 0.000 0.000
37.401 0.000 0.000 0.000
37.600 0.000 0.000 0.000
37.801 0.000 0.000 0.000
38.000 0.000 0.000 0.000
38.201 0.000 0.000 0.000
38.400 0.000 0.000 0.000
38.601 0.000 0.000 0.000
38.800 0.000 0.000 0.000
39.000 0.000 0.000 0.000
39.200 0.000 0.000 0.000
39.401 0.000 0.000 0.000
39.600 0.000 0.000 0.000
39.801 0.000 0.000 0.000
40.000 0.000 0.000 0.000
40.201 0.000 0.000 0.000
40.400 0.000 0.000 0.000
40.601 0.000 0.000 0.000
40.800 0.000 0.000 0.000
41.000 0.000 0.000 0.000
41.200 0.000 0.000 0.000
41.400 0.000 0.000 0.000
41.600 0.000 0.000 0.000
41.800 0.000 0.000 0.000
42.000 0.000 0.000 0.000
42.201 0.000 0.000 0.000
42.400 0.000 0.000 0.000
42.601 0.000 0.000 0.000
42.800 0.000 0.000 0.000
43.000 0.000 0.000 0.000
43.200 0.000 0.000 0.000
43.400 0.000 0.000 0.000
43.600 0.000 0.000 0.000
43.800 0.000 0.000 0.000
44.001 0.000 0.000 0.000
44.204 0.000 0.000 0.000
44.400 0.000 0.000 0.000
44.600 0.000 0.000 0.000
44.801 0.000 0.000 0.000
45.001 0.000 0.000 0.000
45.200 0.000 0.000 0.000
45.401 0.000 0.000 0.000
45.600 0.000 0.000 0.000
45.800 0.000 0.000 0.000
46.000 0.000 0.000 0.000
46.200 0.000 0.000 0.000
46.400 0.000 0.000 0.000
46.600 0.000 0.000 0.000
46.801 0.000 0.000 0.000
47.000 0.000 0.000 0.000
47.200 0.000 0.000 0.000
47.400 0.000 0.000 0.000
47.600 0.000 0.000 0.000
47.800 0.000 0.000 0.000
48.000 0.000 0.000 0.000
48.200 0.000 0.000 0.000
48.400 0.000 0.000 0.000
48.600 0.000 0.000 0.000
48.800 0.000 0.000 0.000
49.001 0.000 0.000 0.000
49.200 0.000 0.000 0.000
49.400 0.000 0.000 0.000
49.600 0.000 0.000 0.000
49.800 0.000 0.000 0.000
50.000 0.000 0.000 0.000
50.201 0.000 0.000 0.000
50.400 0.000 0.000 0.000
50.600 0.000 0.000 0.000
50.800 0.000 0.000 0.000
51.000 0.000 0.000 0.000
51.200 0.000 0.000 0.000
51.400 0.000 0.000 0.000
51.600 0.000 0.000 0.000
51.800 0.000 0.000 0.000
52.001 0.000 0.000 0.000
52.201 0.000 0.000 0.000
52.400 0.000 0.000 0.000
52.600 0.000 0.000 0.000
52.801 0.000 0.000 0.000
53.000 0.000 0.000 0.000
53.201 0.000 0.000 0.000
53.400 0.000 0.000 0.000
53.600 0.000 0.000 0.000
53.801 0.000 0.000 0.000
54.000 0.000 0.000 0.000
54.200 0.000 0.000 0.000
54.400 0.000 0.000 0.000
54.600 0.000 0.000 0.000
54.800 0.000 0.000 0.000
55.000 0.000 0.000 0.000
55.201 0.000 0.000 0.000
55.400 0.000 0.000 0.000
55.600 0.000 0.000 0.000
55.800 0.000 0.000 0.000
56.000 0.000 0.000 0.000
56.200 0.000 0.000 0.000
56.400 0.000 0.000 0.000
56.600 0.000 0.000 0.000
56.801 0.000 0.000 0.000
57.000 0.000 0.000 0.000
57.200 0.000 0.000 0.000
57.400 0.000 0.000 0.000
57.600 0.000 0.000 0.000
57.800 0.000 0.000 0.000
58.000 0.000 0.000 0.000
58.200 0.000 0.000 0.000
58.400 0.000 0.000 0.000
58.601 0.000 0.000 0.000
58.800 0.000 0.000 0.000
59.001 0.000 0.000 0.000
59.200 0.000 0.000 0.000
59.400 0.000 0.000 0.000
59.600 0.000 0.000 0.000
59.800 0.000 0.000 0.000
60.000 0.000 0.000 0.000
60.200 0.000 0.000 0.000
60.401 0.000 0.000 0.000
60.602 0.000 0.000 0.000
60.800 0.000 0.000 0.000
61.000 0.000 0.000 0.000
61.201 0.000 0.000 0.000
61.401 0.000 0.000 0.000
61.601 0.000 0.000 0.000
61.800 0.000 0.000 0.000
62.001 0.000 0.000 0.000
62.200 0.000 0.000 0.000
62.400 0.000 0.000 0.000
62.603 0.000 0.000 0.000
62.800 0.000 0.000 0.000
63.000 0.000 0.000 0.000
63.200 0.000 0.000 0.000
63.400 0.000 0.000 0.000
63.600 0.000 0.000 0.000
63.800 0.000 0.000 0.000
64.000 0.000 0.000 0.000
64.200 0.000 0.000 0.000
64.400 0.000 0.000 0.000
64.601 0.000 0.000 0.000
64.801 0.000 0.000 0.000
65.000 0.000 0.000 0.000
65.200 0.000 0.000 0.000
65.401 0.000 0.000 0.000
65.600 0.000 0.000 0.000
65.800 0.000 0.000 0.000
66.001 0.000 0.000 0.000
66.200 0.000 0.000 0.000
66.400 0.000 0.000 0.000
66.600 0.000 0.000 0.000
66.800 0.000 0.000 0.000
67.000 0.000 0.000 0.000
67.200 0.000 0.000 0.000
67.400 0.000 0.000 0.000
67.600 0.000 0.000 0.000
67.800 0.000 0.000 0.000
68.000 0.000 0.000 0.000
68.200 0.000 0.000 0.000
68.401 0.000 0.000 0.000
68.601 0.000 0.000 0.000
68.800 0.000 0.000 0.000
69.000 0.000 0.000 0.000
69.200 0.000 0.000 0.000
69.400 0.000 0.000 0.000
69.600 0.000 0.000 0.000
69.802 0.000 0.000 0.000
70.000 0.000 0.000 0.000
70.200 0.000 0.000 0.000
70.401 0.000 0.000 0.000
70.600 0.000 0.000 0.000
70.800 0.000 0.000 0.000
71.001 0.000 0.000 0.000
71.200 0.000 0.000 0.000
71.401 0.000 0.000 0.000
71.601 0.000 0.000 0.000
71.800 0.000 0.000 0.000
72.001 0.000 0.000 0.000
72.201 0.000 0.000 0.000
72.401 0.000 0.000 0.000
72.603 0.000 0.000 0.000
72.800 0.000 0.000 0.000
73.000 0.000 0.000 0.000
73.200 0.000 0.000 0.000
73.400 0.000 0.000 0.000
73.600 0.000 0.000 0.000
73.800 0.000 0.000 0.000
74.000 0.000 0.000 0.000
74.200 0.000 0.000 0.000
74.400 0.000 0.000 0.000
74.600 0.000 0.000 0.000
74.800 0.000 0.000 0.000
75.002 0.000 0.000 0.000
75.200 0.000 0.000 0.000
75.400 0.000 0.000 0.000
75.600 0.000 0.000 0.000
75.800 0.000 0.000 0.000
76.001 0.000 0.000 0.000
76.200 0.000 0.000 0.000
76.400 0.000 0.000 0.000
76.600 0.000 0.000 0.000
76.800 0.000 0.000 0.000
77.000 0.000 0.000 0.000
77.200 0.000 0.000 0.000
77.400 0.000 0.000 0.000
77.600 0.000 0.000 0.000
77.800 0.000 0.000 0.000
78.000 0.000 0.000 0.000
78.201 0.000 0.000 0.000
78.400 0.000 0.000 0.000
78.600 0.000 0.000 0.000
78.800 0.000 0.000 0.000
79.000 0.000 0.000 0.000
79.200 0.000 0.000 0.000
79.400 0.000 0.000 0.000
79.600 0.000 0.000 0.000
79.801 0.000 0.000 0.000
80.000 0.000 0.000 0.000
80.200 0.000 0.000 0.000
80.400 0.000 0.000 0.000
80.600 0.000 0.000 0.000
80.800 0.000 0.000 0.000
81.001 0.000 0.000 0.000
81.200 0.000 0.000 0.000
81.401 0.000 0.000 0.000
81.600 0.000 0.000 0.000
81.800 0.000 0.000 0.000
82.001 0.000 0.000 0.000
82.200 0.000 0.000 0.000
82.400 0.000 0.000 0.000
82.600 0.000 0.000 0.000
82.800 0.000 0.000 0.000
83.000 0.000 0.000 0.000
83.201 0.000 0.000 0.000
83.400 0.000 0.000 0.000
83.600 0.000 0.000 0.000
83.800 0.000 0.000 0.000
84.000 0.000 0.000 0.000
84.200 0.000 0.000 0.000
84.400 0.000 0.000 0.000
84.601 0.000 0.000 0.000
84.801 0.000 0.000 0.000
85.000 0.000 0.000 0.000
85.200 0.000 0.000 0.000
85.400 0.000 0.000 0.000
85.600 0.000 0.000 0.000
85.800 0.000 0.000 0.000
86.000 0.000 0.000 0.000
86.201 0.000 0.000 0.000
86.400 0.000 0.000 0.000
86.600 0.000 0.000 0.000
86.800 0.000 0.000 0.000
87.000 0.000 0.000 0.000
87.200 0.000 0.000 0.000
87.400 0.000 0.000 0.000
87.600 0.000 0.000 0.000
87.800 0.000 0.000 0.000
88.000 0.000 0.000 0.000
88.200 0.000 0.000 0.000
88.400 0.000 0.000 0.000
88.600 0.000 0.000 0.000
88.801 0.000 0.000 0.000
89.000 0.000 0.000 0.000
89.201 0.000 0.000 0.000
89.400 0.000 0.000 0.000
89.600 0.000 0.000 0.000
89.800 0.000 0.000 0.000
90.000 0.000 0.000 0.000
90.200 0.000 0.000 0.000
90.401 0.000 0.000 0.000
90.600 0.000 0.000 0.000
90.800 0.000 0.000 0.000
91.000 0.000 0.000 0.000
91.200 0.000 0.000 0.000
91.400 0.000 0.000 0.000
91.600 0.000 0.000 0.000
91.801 0.000 0.000 0.000
92.000 0.000 0.000 0.000
92.200 0.000 0.000 0.000
92.400 0.000 0.000 0.000
92.600 0.000 0.000 0.000
92.800 0.000 0.000 0.000
93.001 0.000 0.000 0.000
93.200 0.000 0.000 0.000
93.400 0.000 0.000 0.000
93.600 0.000 0.000 0.000
93.800 0.000 0.000 0.000
94.000 0.000 0.000 0.000
94.200 0.000 0.000 0.000
94.400 0.000 0.000 0.000
94.600 0.000 0.000 0.000
94.800 0.000 0.000 0.000
95.000 0.000 0.000 0.000
95.200 0.000 0.000 0.000
95.401 0.000 0.000 0.000
95.600 0.000 0.000 0.000
95.800 0.000 0.000 0.000
96.000 0.000 0.000 0.000
96.200 0.000 0.000 0.000
96.400 0.000 0.000 0.000
96.600 0.000 0.000 0.000
96.801 0.000 0.000 0.000
97.001 0.000 0.000 0.000
97.200 0.000 0.000 0.000
97.400 0.000 0.000 0.000
97.600 0.000 0.000 0.000
97.800 0.000 0.000 0.000
98.001 0.000 0.000 0.000
98.201 0.000 0.000 0.000
98.400 0.000 0.000 0.000
98.600 0.000 0.000 0.000
98.800 0.000 0.000 0.000
99.000 0.000 0.000 0.000
99.200 0.000 0.000 0.000
99.400 0.000 0.000 0.000
99.600 0.000 0.000 0.000
99.800 0.000 0.000 0.000
100.000 0.000 0.000 0.000
100.200 0.000 0.000 0.000
100.400 0.000 0.000 0.000
100.600 0.000 0.000 0.000
100.800 0.000 0.000 0.000
101.000 0.000 0.000 0.000
101.200 0.000 0.000 0.000
101.400 0.000 0.000 0.000
101.600 0.000 0.000 0.000
101.800 0.000 0.000 0.000
102.000 0.000 0.000 0.000
102.200 0.000 0.000 0.000
102.401 0.000 0.000 0.000
102.600 0.000 0.000 0.000
102.800 0.000 0.000 0.000
103.000 0.000 0.000 0.000
103.200 0.000 0.000 0.000
103.401 0.000 0.000 0.000
103.600 0.000 0.000 0.000
103.801 0.000 0.000 0.000
104.000 0.000 0.000 0.000
104.201 0.000 0.000 0.000
104.401 0.000 0.000 0.000
104.601 0.000 0.000 0.000
104.801 0.000 0.000 0.000
105.000 0.000 0.000 0.000
105.200 0.000 0.000 0.000
105.400 0.000 0.000 0.000
105.601 0.000 0.000 0.000
105.800 0.000 0.000 0.000
106.000 0.000 0.000 0.000
106.201 0.000 0.000 0.000
106.400 0.000 0.000 0.000
106.600 0.000 0.000 0.000
106.801 0.000 0.000 0.000
107.000 0.000 0.000 0.000
107.201 0.000 0.000 0.000
107.400 0.000 0.000 0.000
107.601 0.000 0.000 0.000
107.800 0.000 0.000 0.000
108.000 0.000 0.000 0.000
108.200 0.000 0.000 0.000
108.400 0.000 0.000 0.000
108.600 0.000 0.000 0.000
108.800 0.000 0.000 0.000
109.001 0.000 0.000 0.000
109.200 0.000 0.000 0.000
109.400 0.000 0.000 0.000
109.600 0.000 0.000 0.000
109.800 0.000 0.000 0.000
110.000 0.000 0.000 0.000
110.201 0.000 0.000 0.000
110.401 0.000 0.000 0.000
110.600 0.000 0.000 0.000
110.800 0.000 0.000 0.000
111.000 0.000 0.000 0.000
111.200 0.000 0.000 0.000
111.400 0.000 0.000 0.000
111.601 0.000 0.000 0.000
111.800 0.000 0.000 0.000
112.001 0.000 0.000 0.000
112.200 0.000 0.000 0.000
112.400 0.000 0.000 0.000
112.601 0.000 0.000 0.000
112.800 0.000 0.000 0.000
113.000 0.000 0.000 0.000
113.201 0.000 0.000 0.000
113.400 0.000 0.000 0.000
113.600 0.000 0.000 0.000
113.800 0.000 0.000 0.000
114.000 0.000 0.000 0.000
114.200 0.000 0.000 0.000
114.400 0.000 0.000 0.000
114.601 0.000 0.000 0.000
114.800 0.000 0.000 0.000
115.000 0.000 0.000 0.000
115.200 0.000 0.000 0.000
115.400 0.000 0.000 0.000
115.600 0.000 0.000 0.000
115.801 0.000 0.000 0.000
116.000 0.000 0.000 0.000
116.200 0.000 0.000 0.000
116.400 0.000 0.000 0.000
116.600 0.000 0.000 0.000
116.801 0.000 0.000 0.000
117.001 0.000 0.000 0.000
117.200 0.000 0.000 0.000
117.400 0.000 0.000 0.000
117.601 0.000 0.000 0.000
117.801 0.000 0.000 0.000
118.000 0.000 0.000 0.000
118.201 0.000 0.000 0.000
118.402 0.000 0.000 0.000
118.600 0.000 0.000 0.000
118.800 0.000 0.000 0.000
119.000 0.000 0.000 0.000
119.200 0.000 0.000 0.000
119.400 0.000 0.000 0.000
119.600 0.000 0.000 0.000
119.801 0.000 0.000 0.000
120.000 0.000 0.000 0.000
120.201 0.000 0.000 0.000
120.400 0.000 0.000 0.000
120.601 0.000 0.000 0.000
120.800 0.000 0.000 0.000
121.000 0.000 0.000 0.000
121.200 0.000 0.000 0.000
121.400 0.000 0.000 0.000
121.600 0.000 0.000 0.000
121.800 0.000 0.000 0.000
122.000 0.000 0.000 0.000
122.200 0.000 0.000 0.000
122.400 0.000 0.000 0.000
122.600 0.000 0.000 0.000
122.800 0.000 0.000 0.000
123.001 0.000 0.000 0.000
123.201 0.000 0.000 0.000
123.400 0.000 0.000 0.000
123.600 0.000 0.000 0.000
123.800 0.000 0.000 0.000
124.000 0.000 0.000 0.000
124.200 0.000 0.000 0.000
124.400 0.000 0.000 0.000
124.600 0.000 0.000 0.000
124.800 0.000 0.000 0.000
125.000 0.000 0.000 0.000
125.200 0.000 0.000 0.000
125.400 0.000 0.000 0.000
125.600 0.000 0.000 0.000
125.800 0.000 0.000 0.000
126.000 0.000 0.000 0.000
126.200 0.000 0.000 0.000
126.401 0.000 0.000 0.000
126.600 0.000 0.000 0.000
126.800 0.000 0.000 0.000
127.001 0.000 0.000 0.000
127.200 0.000 0.000 0.000
127.400 0.000 0.000 0.000
127.600 0.000 0.000 0.000
127.801 0.000 0.000 0.000
128.000 0.000 0.000 0.000
128.200 0.000 0.000 0.000
128.400 0.000 0.000 0.000
128.601 0.000 0.000 0.000
128.800 0.000 0.000 0.000
129.000 0.000 0.000 0.000
129.200 0.000 0.000 0.000
129.400 0.000 0.000 0.000
129.600 0.000 0.000 0.000
129.800 0.000 0.000 0.000
130.000 0.000 0.000 0.000
130.200 0.000 0.000 0.000
130.400 0.000 0.000 0.000
130.600 0.000 0.000 0.000
130.800 0.000 0.000 0.000
131.000 0.000 0.000 0.000
131.200 0.000 0.000 0.000
131.400 0.000 0.000 0.000
131.600 0.000 0.000 0.000
131.801 0.000 0.000 0.000
132.000 0.000 0.000 0.000
132.201 0.000 0.000 0.000
132.401 0.000 0.000 0.000
132.600 0.000 0.000 0.000
132.801 0.000 0.000 0.000
133.001 0.000 0.000 0.000
133.200 0.000 0.000 0.000
133.400 0.000 0.000 0.000
133.600 0.000 0.000 0.000
133.800 0.000 0.000 0.000
134.000 0.000 0.000 0.000
134.200 0.000 0.000 0.000
134.400 0.000 0.000 0.000
134.600 0.000 0.000 0.000
134.800 0.000 0.000 0.000
135.000 0.000 0.000 0.000
135.200 0.000 0.000 0.000
135.400 0.000 0.000 0.000
135.600 0.000 0.000 0.000
135.801 0.000 0.000 0.000
136.000 0.000 0.000 0.000
136.200 0.000 0.000 0.000
136.400 0.000 0.000 0.000
136.601 0.000 0.000 0.000
136.801 0.000 0.000 0.000
137.000 0.000 0.000 0.000
137.201 0.000 0.000 0.000
137.401 0.000 0.000 0.000
137.600 0.000 0.000 0.000
137.800 0.000 0.000 0.000
138.000 0.000 0.000 0.000
138.200 0.000 0.000 0.000
138.400 0.000 0.000 0.000
138.600 0.000 0.000 0.000
138.800 0.000 0.000 0.000
139.000 0.000 0.000 0.000
139.200 0.000 0.000 0.000
139.400 0.000 0.000 0.000
139.601 0.000 0.000 0.000
139.800 0.000 0.000 0.000
140.000 0.000 0.000 0.000
140.200 0.000 0.000 0.000
140.400 0.000 0.000 0.000
140.601 0.000 0.000 0.000
140.800 0.000 0.000 0.000
141.000 0.000 0.000 0.000
141.200 0.000 0.000 0.000
141.401 0.000 0.000 0.000
141.600 0.000 0.000 0.000
141.802 0.000 0.000 0.000
142.000 0.000 0.000 0.000
142.200 0.000 0.000 0.000
142.400 0.000 0.000 0.000
142.600 0.000 0.000 0.000
142.801 0.000 0.000 0.000
143.001 0.000 0.000 0.000
143.200 0.000 0.000 0.000
143.400 0.000 0.000 0.000
143.600 0.000 0.000 0.000
143.801 0.000 0.000 0.000
144.000 0.000 0.000 0.000
144.200 0.000 0.000 0.000
144.400 0.000 0.000 0.000
144.600 0.000 0.000 0.000
144.800 0.000 0.000 0.000
145.001 0.000 0.000 0.000
145.201 0.000 0.000 0.000
145.400 0.000 0.000 0.000
145.601 0.000 0.000 0.000
145.800 0.000 0.000 0.000
146.000 0.000 0.000 0.000
146.201 0.000 0.000 0.000
146.400 0.000 0.000 0.000
146.601 0.000 0.000 0.000
146.800 0.000 0.000 0.000
147.001 0.000 0.000 0.000
147.201 0.000 0.000 0.000
147.400 0.000 0.000 0.000
147.601 0.000 0.000 0.000
147.801 0.000 0.000 0.000
148.001 0.000 0.000 0.000
148.200 0.000 0.000 0.000
148.401 0.000 0.000 0.000
148.600 0.000 0.000 0.000
148.800 0.000 0.000 0.000
149.000 0.000 0.000 0.000
149.201 0.000 0.000 0.000
149.400 0.000 0.000 0.000
149.600 0.000 0.000 0.000
149.800 0.000 0.000 0.000
150.000 0.000 0.000 0.000
150.201 0.000 0.000 0.000
150.401 0.000 0.000 0.000
150.600 0.000 0.000 0.000
150.801 0.000 0.000 0.000
151.001 0.000 0.000 0.000
151.200 0.000 0.000 0.000
151.400 0.000 0.000 0.000
151.600 0.000 0.000 0.000
151.800 0.000 0.000 0.000
152.000 0.000 0.000 0.000
152.200 0.000 0.000 0.000
152.400 0.000 0.000 0.000
152.600 0.000 0.000 0.000
152.800 0.000 0.000 0.000
153.000 0.000 0.000 0.000
153.200 0.000 0.000 0.000
153.400 0.000 0.000 0.000
153.600 0.000 0.000 0.000
153.801 0.000 0.000 0.000
154.000 0.000 0.000 0.000
154.201 0.000 0.000 0.000
154.400 0.000 0.000 0.000
154.601 0.000 0.000 0.000
154.800 0.000 0.000 0.000
155.000 0.000 0.000 0.000
155.200 0.000 0.000 0.000
155.400 0.000 0.000 0.000
155.600 0.000 0.000 0.000
155.801 0.000 0.000 0.000
156.000 0.000 0.000 0.000
156.200 0.000 0.000 0.000
156.401 0.000 0.000 0.000
156.601 0.000 0.000 0.000
156.800 0.000 0.000 0.000
157.000 0.000 0.000 0.000
157.200 0.000 0.000 0.000
157.401 0.000 0.000 0.000
157.600 0.000 0.000 0.000
157.800 0.000 0.000 0.000
158.000 0.000 0.000 0.000
158.200 0.000 0.000 0.000
158.400 0.000 0.000 0.000
158.600 0.000 0.000 0.000
158.800 0.000 0.000 0.000
159.000 0.000 0.000 0.000
159.200 0.000 0.000 0.000
159.401 0.000 0.000 0.000
159.600 0.000 0.000 0.000
159.800 0.000 0.000 0.000
160.000 0.000 0.000 0.000
160.201 0.000 0.000 0.000
160.400 0.000 0.000 0.000
160.601 0.000 0.000 0.000
160.800 0.000 0.000 0.000
161.001 0.000 0.000 0.000
161.201 0.000 0.000 0.000
161.400 0.000 0.000 0.000
161.600 0.000 0.000 0.000
161.800 0.000 0.000 0.000
162.000 0.000 0.000 0.000
162.201 0.000 0.000 0.000
162.401 0.000 0.000 0.000
162.601 0.000 0.000 0.000
162.801 0.000 0.000 0.000
163.001 0.000 0.000 0.000
163.200 0.000 0.000 0.000
163.401 0.000 0.000 0.000
163.600 0.000 0.000 0.000
163.801 0.000 0.000 0.000
164.000 0.000 0.000 0.000
164.201 0.000 0.000 0.000
164.400 0.000 0.000 0.000
164.601 0.000 0.000 0.000
164.800 0.000 0.000 0.000
165.001 0.000 0.000 0.000
165.200 0.000 0.000 0.000
165.400 0.000 0.000 0.000
165.601 0.000 0.000 0.000
165.801 0.000 0.000 0.000
166.000 0.000 0.000 0.000
166.200 0.000 0.000 0.000
166.401 0.000 0.000 0.000
166.601 0.000 0.000 0.000
166.800 0.000 0.000 0.000
167.001 0.000 0.000 0.000
167.200 0.000 0.000 0.000
167.400 0.000 0.000 0.000
167.600 0.000 0.000 0.000
167.800 0.000 0.000 0.000
168.000 0.000 0.000 0.000
168.201 0.000 0.000 0.000
168.400 0.000 0.000 0.000
168.600 0.000 0.000 0.000
168.800 0.000 0.000 0.000
169.001 0.000 0.000 0.000
169.201 0.000 0.000 0.000
169.401 0.000 0.000 0.000
169.600 0.000 0.000 0.000
169.801 0.000 0.000 0.000
170.000 0.000 0.000 0.000
170.201 0.000 0.000 0.000
170.400 0.000 0.000 0.000
170.600 0.000 0.000 0.000
170.800 0.000 0.000 0.000
171.000 0.000 0.000 0.000
171.201 0.000 0.000 0.000
171.401 0.000 0.000 0.000
171.600 0.000 0.000 0.000
171.800 0.000 0.000 0.000
172.000 0.000 0.000 0.000
172.200 0.000 0.000 0.000
172.400 0.000 0.000 0.000
172.600 0.000 0.000 0.000
172.800 0.000 0.000 0.000
173.001 0.000 0.000 0.000
173.201 0.000 0.000 0.000
173.400 0.000 0.000 0.000
173.600 0.000 0.000 0.000
173.800 0.000 0.000 0.000
174.000 0.000 0.000 0.000
174.200 0.000 0.000 0.000
174.400 0.000 0.000 0.000
174.600 0.000 0.000 0.000
174.800 0.000 0.000 0.000
175.000 0.000 0.000 0.000
175.200 0.000 0.000 0.000
175.400 0.000 0.000 0.000
175.601 0.000 0.000 0.000
175.801 0.000 0.000 0.000
176.000 0.000 0.000 0.000
176.201 0.000 0.000 0.000
176.400 0.000 0.000 0.000
176.601 0.000 0.000 0.000
176.801 0.000 0.000 0.000
177.000 0.000 0.000 0.000
177.201 0.000 0.000 0.000
177.400 0.000 0.000 0.000
177.601 0.000 0.000 0.000
177.800 0.000 0.000 0.000
178.000 0.000 0.000 0.000
178.201 0.000 0.000 0.000
178.402 0.000 0.000 0.000
178.600 0.000 0.000 0.000
178.801 0.000 0.000 0.000
179.001 0.000 0.000 0.000
179.201 0.000 0.000 0.000
179.401 0.000 0.000 0.000
179.600 0.000 0.000 0.000
179.801 0.000 0.000 0.000
180.000 0.000 0.000 0.000
180.200 0.000 0.000 0.000
180.401 0.000 0.000 0.000
180.601 0.000 0.000 0.000
180.801 0.000 0.000 0.000
181.000 0.000 0.000 0.000
181.200 0.000 0.000 0.000
181.400 0.000 0.000 0.000
181.600 0.000 0.000 0.000
181.801 0.000 0.000 0.000
182.000 0.000 0.000 0.000
182.200 0.000 0.000 0.000
182.401 0.000 0.000 0.000
182.601 0.000 0.000 0.000
182.801 0.000 0.000 0.000
183.001 0.000 0.000 0.000
183.200 0.000 0.000 0.000
183.400 0.000 0.000 0.000
183.601 0.000 0.000 0.000
183.801 0.000 0.000 0.000
184.000 0.000 0.000 0.000
184.201 0.000 0.000 0.000
184.400 0.000 0.000 0.000
184.601 0.000 0.000 0.000
184.800 0.000 0.000 0.000
185.001 0.000 0.000 0.000
185.200 0.000 0.000 0.000
185.400 0.000 0.000 0.000
185.600 0.000 0.000 0.000
185.801 0.000 0.000 0.000
186.000 0.000 0.000 0.000
186.201 0.000 0.000 0.000
186.400 0.000 0.000 0.000
186.601 0.000 0.000 0.000
186.800 0.000 0.000 0.000
187.000 0.000 0.000 0.000
187.201 0.000 0.000 0.000
187.400 0.000 0.000 0.000
187.601 0.000 0.000 0.000
187.801 0.000 0.000 0.000
188.000 0.000 0.000 0.000
188.201 0.000 0.000 0.000
188.400 0.000 0.000 0.000
188.601 0.000 0.000 0.000
188.801 0.000 0.000 0.000
189.001 0.000 0.000 0.000
189.201 0.000 0.000 0.000
189.401 0.000 0.000 0.000
189.601 0.000 0.000 0.000
189.800 0.000 0.000 0.000
190.001 0.000 0.000 0.000
190.201 0.000 0.000 0.000
190.400 0.000 0.000 0.000
190.600 0.000 0.000 0.000
190.801 0.000 0.000 0.000
191.000 0.000 0.000 0.000
191.200 0.000 0.000 0.000
191.401 0.000 0.000 0.000
191.600 0.000 0.000 0.000
191.801 0.000 0.000 0.000
192.000 0.000 0.000 0.000
192.201 0.000 0.000 0.000
192.400 0.000 0.000 0.000
192.601 0.000 0.000 0.000
192.800 0.000 0.000 0.000
193.001 0.000 0.000 0.000
193.201 0.000 0.000 0.000
193.401 0.000 0.000 0.000
193.600 0.000 0.000 0.000
193.801 0.000 0.000 0.000
194.001 0.000 0.000 0.000
194.201 0.000 0.000 0.000
194.400 0.000 0.000 0.000
194.600 0.000 0.000 0.000
194.800 0.000 0.000 0.000
195.002 0.000 0.000 0.000
195.201 0.000 0.000 0.000
195.401 0.000 0.000 0.000
195.600 0.000 0.000 0.000
195.801 0.000 0.000 0.000
196.000 0.000 0.000 0.000
196.200 0.000 0.000 0.000
196.400 0.000 0.000 0.000
196.601 0.000 0.000 0.000
196.801 0.000 0.000 0.000
197.000 0.000 0.000 0.000
197.200 0.000 0.000 0.000
197.400 0.000 0.000 0.000
197.600 0.000 0.000 0.000
197.800 0.000 0.000 0.000
198.000 0.000 0.000 0.000
198.201 0.000 0.000 0.000
198.400 0.000 0.000 0.000
198.601 0.000 0.000 0.000
198.801 0.000 0.000 0.000
199.001 0.000 0.000 0.000
199.200 0.000 0.000 0.000
199.400 0.000 0.000 0.000
199.601 0.000 0.000 0.000
199.801 0.000 0.000 0.000
200.000 0.000 0.000 0.000
200.201 0.000 0.000 0.000
200.400 0.000 0.000 0.000
200.601 0.000 0.000 0.000
200.800 0.000 0.000 0.000
201.000 0.000 0.000 0.000
201.201 0.000 0.000 0.000
201.400 0.000 0.000 0.000
201.600 0.000 0.000 0.000
201.800 0.000 0.000 0.000
202.000 0.000 0.000 0.000
202.201 0.000 0.000 0.000
202.400 0.000 0.000 0.000
202.600 0.000 0.000 0.000
202.800 0.000 0.000 0.000
203.000 0.000 0.000 0.000
203.200 0.000 0.000 0.000
203.400 0.000 0.000 0.000
203.600 0.000 0.000 0.000
203.801 0.000 0.000 0.000
204.000 0.000 0.000 0.000
204.201 0.000 0.000 0.000
204.401 0.000 0.000 0.000
204.601 0.000 0.000 0.000
204.800 0.000 0.000 0.000
205.001 0.000 0.000 0.000
205.200 0.000 0.000 0.000
205.401 0.000 0.000 0.000
205.601 0.000 0.000 0.000
205.801 0.000 0.000 0.000
206.000 0.000 0.000 0.000
206.201 0.000 0.000 0.000
206.401 0.000 0.000 0.000
206.601 0.000 0.000 0.000
206.801 0.000 0.000 0.000
207.001 0.000 0.000 0.000
207.200 0.000 0.000 0.000
207.401 0.000 0.000 0.000
207.600 0.000 0.000 0.000
207.800 0.000 0.000 0.000
208.000 0.000 0.000 0.000
208.200 0.000 0.000 0.000
208.400 0.000 0.000 0.000
208.600 0.000 0.000 0.000
208.800 0.000 0.000 0.000
209.001 0.000 0.000 0.000
209.201 0.000 0.000 0.000
209.400 0.000 0.000 0.000
209.601 0.000 0.000 0.000
209.800 0.000 0.000 0.000
210.001 0.000 0.000 0.000
210.201 0.000 0.000 0.000
210.400 0.000 0.000 0.000
210.601 0.000 0.000 0.000
210.800 0.000 0.000 0.000
211.001 0.000 0.000 0.000
211.200 0.000 0.000 0.000
211.400 0.000 0.000 0.000
211.600 0.000 0.000 0.000
211.801 0.000 0.000 0.000
212.001 0.000 0.000 0.000
212.201 0.000 0.000 0.000
212.401 0.000 0.000 0.000
212.601 0.000 0.000 0.000
212.801 0.000 0.000 0.000
213.000 0.000 0.000 0.000
213.201 0.000 0.000 0.000
213.401 0.000 0.000 0.000
213.600 0.000 0.000 0.000
213.801 0.000 0.000 0.000
214.000 0.000 0.000 0.000
214.200 0.000 0.000 0.000
214.401 0.000 0.000 0.000
214.601 0.000 0.000 0.000
214.800 0.000 0.000 0.000
215.001 0.000 0.000 0.000
215.200 0.000 0.000 0.000
215.400 0.000 0.000 0.000
215.601 0.000 0.000 0.000
215.801 0.000 0.000 0.000
216.000 0.000 0.000 0.000
216.200 0.000 0.000 0.000
216.400 0.000 0.000 0.000
216.600 0.000 0.000 0.000
216.800 0.000 0.000 0.000
217.001 0.000 0.000 0.000
217.201 0.000 0.000 0.000
217.401 0.000 0.000 0.000
217.600 0.000 0.000 0.000
217.801 0.000 0.000 0.000
218.001 0.000 0.000 0.000
218.201 0.000 0.000 0.000
218.400 0.000 0.000 0.000
218.600 0.000 0.000 0.000
218.801 0.000 0.000 0.000
219.001 0.000 0.000 0.000
219.201 0.000 0.000 0.000
219.401 0.000 0.000 0.000
219.600 0.000 0.000 0.000
219.801 0.000 0.000 0.000
220.001 0.000 0.000 0.000
220.201 0.000 0.000 0.000
220.401 0.000 0.000 0.000
220.601 0.000 0.000 0.000
220.800 0.000 0.000 0.000
221.001 0.000 0.000 0.000
221.200 0.000 0.000 0.000
221.401 0.000 0.000 0.000
221.600 0.000 0.000 0.000
221.801 0.000 0.000 0.000
222.001 0.000 0.000 0.000
222.200 0.000 0.000 0.000
222.400 0.000 0.000 0.000
222.601 0.000 0.000 0.000
222.801 0.000 0.000 0.000
223.000 0.000 0.000 0.000
223.200 0.000 0.000 0.000
223.400 0.000 0.000 0.000
223.600 0.000 0.000 0.000
223.801 0.000 0.000 0.000
224.000 0.000 0.000 0.000
224.201 0.000 0.000 0.000
224.400 0.000 0.000 0.000
224.600 0.000 0.000 0.000
224.800 0.000 0.000 0.000
225.001 0.000 0.000 0.000
225.200 0.000 0.000 0.000
225.400 0.000 0.000 0.000
225.600 0.000 0.000 0.000
225.800 0.000 0.000 0.000
226.000 0.000 0.000 0.000
226.201 0.000 0.000 0.000
226.401 0.000 0.000 0.000
226.600 0.000 0.000 0.000
226.800 0.000 0.000 0.000
227.001 0.000 0.000 0.000
227.201 0.000 0.000 0.000
227.400 0.000 0.000 0.000
227.600 0.000 0.000 0.000
227.801 0.000 0.000 0.000
228.001 0.000 0.000 0.000
228.200 0.000 0.000 0.000
228.400 0.000 0.000 0.000
228.601 0.000 0.000 0.000
228.800 0.000 0.000 0.000
229.000 0.000 0.000 0.000
229.200 0.000 0.000 0.000
229.400 0.000 0.000 0.000
229.600 0.000 0.000 0.000
229.800 0.000 0.000 0.000
230.000 0.000 0.000 0.000
230.201 0.000 0.000 0.000
230.400 0.000 0.000 0.000
230.600 0.000 0.000 0.000
230.800 0.000 0.000 0.000
231.000 0.000 0.000 0.000
231.201 0.000 0.000 0.000
231.400 0.000 0.000 0.000
231.601 0.000 0.000 0.000
231.801 0.000 0.000 0.000
232.000 0.000 0.000 0.000
232.200 0.000 0.000 0.000
232.400 0.000 0.000 0.000
232.601 0.000 0.000 0.000
232.800 0.000 0.000 0.000
233.001 0.000 0.000 0.000
233.201 0.000 0.000 0.000
233.401 0.000 0.000 0.000
233.601 0.000 0.000 0.000
233.801 0.000 0.000 0.000
234.001 0.000 0.000 0.000
234.201 0.000 0.000 0.000
234.400 0.000 0.000 0.000
234.601 0.000 0.000 0.000
234.800 0.000 0.000 0.000
235.000 0.000 0.000 0.000
235.200 0.000 0.000 0.000
235.400 0.000 0.000 0.000
235.601 0.000 0.000 0.000
235.801 0.000 0.000 0.000
236.000 0.000 0.000 0.000
236.201 0.000 0.000 0.000
236.400 0.000 0.000 0.000
236.600 0.000 0.000 0.000
236.800 0.000 0.000 0.000
237.000 0.000 0.000 0.000
237.201 0.000 0.000 0.000
237.401 0.000 0.000 0.000
