0.000 0.000 0.000 1.504
0.200 0.000 0.000 1.713
0.399 0.000 0.000 1.759
0.599 0.000 -0.000 1.767
0.800 0.000 -0.000 1.768
1.000 0.000 -0.000 1.766
1.200 0.000 -0.000 1.766
1.400 0.000 -0.000 1.765
1.600 0.000 -0.000 1.760
1.801 0.000 -0.000 1.760
2.000 0.000 -0.000 1.759
2.200 0.000 -0.000 1.758
2.401 0.000 -0.000 1.757
2.600 0.000 -0.000 1.756
2.800 0.000 -0.000 1.757
3.001 0.000 -0.000 1.754
3.200 0.000 -0.000 1.754
3.401 0.000 -0.000 1.753
3.600 0.000 -0.000 1.752
3.801 0.000 -0.000 1.753
4.000 0.000 -0.000 1.754
4.200 0.000 -0.000 1.753
4.400 0.000 -0.000 1.753
4.600 0.000 -0.000 1.754
4.800 0.000 -0.000 1.752
5.001 0.000 -0.000 1.755
5.200 0.000 -0.000 1.755
5.400 0.000 -0.000 1.754
5.600 0.000 -0.000 1.754
5.800 -0.000 -0.000 1.753
6.000 -0.000 -0.001 1.756
6.200 -0.000 -0.001 1.753
6.401 -0.000 -0.001 1.751
6.600 -0.000 -0.000 1.752
6.800 -0.000 -0.000 1.756
7.000 -0.001 -0.000 1.755
7.200 -0.001 -0.000 1.754
7.401 -0.001 0.000 1.753
7.600 -0.001 0.000 1.754
7.800 -0.001 0.000 1.755
8.000 -0.001 0.001 1.755
8.200 -0.001 0.000 1.755
8.400 -0.002 0.001 1.754
8.600 -0.005 0.001 1.756
8.800 0.001 -0.004 1.755
9.000 -0.006 0.002 1.756
9.200 0.011 -0.007 1.753
9.400 0.018 -0.017 1.754
9.600 -0.004 0.002 1.750
9.800 -0.054 0.022 1.742
10.000 -0.080 0.020 1.737
10.200 -0.038 0.043 1.739
10.401 -0.034 0.052 1.737
10.600 -0.019 0.132 1.741
10.800 -0.050 0.218 1.749
11.000 -0.085 0.249 1.754
11.200 0.031 0.321 1.749
11.401 0.395 0.467 1.729
11.600 0.879 0.430 1.697
11.800 1.441 0.117 1.653
12.000 1.786 -0.165 1.609
12.201 1.889 -0.228 1.573
12.400 1.672 -0.210 1.527
12.600 1.260 -0.242 1.462
12.800 1.165 -0.305 1.410
13.000 1.210 -0.314 1.366
13.200 1.274 -0.338 1.324
13.400 1.350 -0.379 1.280
13.600 1.575 -0.600 1.249
13.801 1.826 -0.664 1.220
14.000 1.899 -0.673 1.175
14.200 -0.141 0.502 0.951
14.402 -0.129 0.507 0.924
14.600 -0.116 0.513 0.892
14.800 -0.107 0.515 0.873
15.000 -0.095 0.517 0.860
15.200 -0.086 0.518 0.854
15.400 -0.077 0.520 0.852
15.600 -0.070 0.522 0.853
15.801 -0.064 0.525 0.857
16.001 -0.061 0.529 0.863
16.200 -0.059 0.534 0.870
16.400 -0.059 0.539 0.881
16.600 -0.059 0.544 0.891
16.800 -0.060 0.549 0.902
17.001 -0.060 0.554 0.914
17.200 -0.062 0.557 0.929
17.400 -0.063 0.561 0.951
17.600 -0.065 0.564 0.991
17.800 -0.068 0.567 1.020
18.000 -0.084 0.564 1.011
18.201 -0.139 0.539 0.950
18.400 -0.222 0.505 0.910
18.601 -0.290 0.487 0.874
18.800 -0.329 0.468 0.828
19.001 -0.342 0.418 0.773
19.200 -0.339 0.354 0.719
19.400 -0.331 0.300 0.666
19.600 -0.363 0.256 0.612
19.801 -0.425 0.214 0.559
20.000 -0.490 0.182 0.514
20.201 -0.540 0.158 0.465
20.400 -0.569 0.127 0.409
20.600 -0.592 0.091 0.349
20.800 -0.610 0.059 0.285
21.002 -0.627 0.039 0.219
21.200 -0.645 0.027 0.151
21.400 -0.664 0.018 0.079
21.600 -0.679 0.012 0.009
21.800 -0.691 0.008 -0.048
22.000 -0.699 0.004 -0.091
22.200 -0.701 0.000 -0.122
22.400 -0.698 -0.003 -0.146
22.601 -0.695 -0.005 -0.165
22.800 -0.692 -0.009 -0.179
23.000 -0.687 -0.012 -0.190
23.201 -0.684 -0.015 -0.198
23.400 -0.682 -0.017 -0.202
23.600 -0.680 -0.019 -0.206
23.801 -0.682 -0.021 -0.208
24.001 -0.683 -0.023 -0.210
24.201 -0.683 -0.025 -0.204
24.400 -0.685 -0.027 -0.211
24.600 -0.686 -0.029 -0.208
24.800 -0.686 -0.030 -0.206
25.000 -0.688 -0.029 -0.201
25.200 -0.688 -0.029 -0.196
25.401 -0.690 -0.029 -0.189
25.600 -0.692 -0.030 -0.180
25.800 -0.693 -0.028 -0.139
26.000 -0.692 -0.025 -0.012
26.200 -0.692 -0.022 0.027
26.400 -0.691 -0.021 0.050
26.601 -0.705 -0.024 -0.091
26.800 -0.712 -0.024 -0.083
27.000 -0.714 -0.029 -0.064
27.200 -0.717 -0.031 -0.046
27.401 -0.721 -0.033 -0.027
27.600 -0.724 -0.034 -0.005
27.800 -0.727 -0.035 0.019
28.000 -0.729 -0.036 0.039
28.201 -0.731 -0.037 0.063
28.400 -0.733 -0.038 0.086
28.601 -0.735 -0.038 0.108
28.801 -0.735 -0.039 0.130
29.001 -0.736 -0.040 0.149
29.200 -0.736 -0.042 0.170
29.402 -0.735 -0.042 0.192
29.600 -0.732 -0.043 0.217
29.801 -0.730 -0.045 0.242
30.000 -0.727 -0.047 0.268
30.200 -0.723 -0.049 0.293
30.400 -0.719 -0.050 0.320
30.601 -0.714 -0.052 0.346
30.800 -0.709 -0.053 0.375
31.000 -0.704 -0.054 0.403
31.200 -0.698 -0.055 0.432
31.400 -0.693 -0.056 0.461
31.600 -0.689 -0.056 0.489
31.801 -0.684 -0.057 0.512
32.000 -0.682 -0.057 0.508
32.201 -0.680 -0.057 0.511
32.400 -0.676 -0.057 0.518
32.600 -0.673 -0.055 0.523
32.800 -0.670 -0.055 0.523
33.000 -0.671 -0.054 0.503
33.200 -0.675 -0.052 0.483
33.401 -0.676 -0.052 0.475
33.600 -0.676 -0.052 0.473
33.800 -0.675 -0.052 0.474
34.000 -0.674 -0.052 0.474
34.200 -0.672 -0.052 0.479
34.400 -0.672 -0.053 0.467
34.600 -0.675 -0.054 0.443
34.800 -0.680 -0.055 0.418
35.000 -0.684 -0.056 0.407
35.200 -0.686 -0.057 0.401
35.401 -0.688 -0.058 0.398
35.601 -0.689 -0.059 0.397
35.800 -0.690 -0.060 0.399
36.000 -0.691 -0.061 0.404
36.200 -0.691 -0.061 0.410
36.400 -0.693 -0.061 0.421
36.600 -0.696 -0.060 0.416
36.800 -0.700 -0.058 0.385
37.001 -0.707 -0.056 0.348
37.200 -0.713 -0.054 0.289
37.401 -0.719 -0.051 0.232
37.600 -0.723 -0.047 0.170
37.801 -0.729 -0.044 0.106
38.000 -0.736 -0.037 0.038
38.201 -0.741 -0.031 -0.019
38.400 -0.744 -0.028 -0.062
38.601 -0.746 -0.026 -0.094
38.800 -0.750 -0.023 -0.121
39.000 -0.750 -0.021 -0.137
39.200 -0.750 -0.019 -0.146
39.401 -0.753 -0.017 -0.149
39.600 -0.757 -0.015 -0.147
39.801 -0.762 -0.013 -0.142
40.000 -0.768 -0.009 -0.133
40.201 -0.775 -0.006 -0.125
40.400 -0.782 -0.003 -0.115
40.601 -0.790 0.001 -0.106
40.800 -0.797 0.003 -0.098
41.000 -0.803 0.003 -0.091
41.200 -0.808 0.003 -0.084
41.400 -0.811 0.002 -0.072
41.600 -0.812 0.002 -0.063
41.800 -0.812 0.001 -0.051
42.000 -0.811 -0.001 -0.039
42.201 -0.809 -0.003 -0.026
42.400 -0.807 -0.002 -0.012
42.601 -0.803 -0.002 0.003
42.800 -0.800 -0.003 0.017
43.000 -0.795 -0.003 0.030
43.200 -0.790 -0.004 0.039
43.400 -0.785 -0.004 0.050
43.600 -0.782 -0.006 0.041
43.800 -0.779 -0.007 0.038
44.001 -0.777 -0.007 0.031
44.204 -0.775 -0.008 0.022
44.400 -0.773 -0.008 0.014
44.600 -0.773 -0.008 0.008
44.801 -0.771 -0.007 0.004
45.001 -0.770 -0.006 0.001
45.200 -0.770 -0.006 0.000
45.401 -0.770 -0.005 0.002
45.600 -0.770 -0.005 0.005
45.800 -0.771 -0.005 0.009
46.000 -0.771 -0.005 0.013
46.200 -0.772 -0.004 0.017
46.400 -0.772 -0.004 0.021
46.600 -0.771 -0.003 0.024
46.801 -0.771 -0.003 0.025
47.000 -0.770 -0.002 0.025
47.200 -0.769 -0.001 0.023
47.400 -0.769 0.000 0.020
47.600 -0.768 0.001 0.016
47.800 -0.768 0.002 0.012
48.000 -0.768 0.002 0.010
48.200 -0.768 0.003 0.008
48.400 -0.767 0.003 0.008
48.600 -0.767 0.003 0.006
48.800 -0.767 0.003 0.008
49.001 -0.766 0.003 0.010
49.200 -0.765 0.003 0.013
49.400 -0.765 0.004 0.015
49.600 -0.764 0.004 0.018
49.800 -0.763 0.005 0.029
50.000 -0.762 0.006 0.020
50.201 -0.762 0.006 0.019
50.400 -0.761 0.007 0.019
50.600 -0.760 0.008 0.017
50.800 -0.759 0.009 0.014
51.000 -0.758 0.008 0.012
51.200 -0.757 0.008 0.011
51.400 -0.756 0.008 0.009
51.600 -0.755 0.008 0.008
51.800 -0.754 0.009 0.009
52.001 -0.753 0.009 0.010
52.201 -0.752 0.009 0.011
52.400 -0.750 0.010 0.013
52.600 -0.749 0.010 0.012
52.801 -0.748 0.011 0.013
53.000 -0.747 0.012 0.014
53.201 -0.745 0.012 0.013
53.400 -0.744 0.013 0.014
53.600 -0.742 0.014 0.014
53.801 -0.741 0.014 0.013
54.000 -0.740 0.014 0.011
54.200 -0.738 0.015 0.012
54.400 -0.737 0.015 0.011
54.600 -0.736 0.016 0.010
54.800 -0.734 0.016 0.009
55.000 -0.733 0.016 0.011
55.201 -0.732 0.017 0.009
55.400 -0.731 0.017 0.008
55.600 -0.730 0.017 0.009
55.800 -0.729 0.017 0.009
56.000 -0.729 0.016 0.009
56.200 -0.729 0.016 0.012
56.400 -0.728 0.016 0.011
56.600 -0.727 0.016 0.012
56.801 -0.727 0.015 0.013
57.000 -0.727 0.014 0.013
57.200 -0.722 0.013 0.015
57.400 -0.706 0.009 0.018
57.600 -0.675 0.003 0.019
57.800 -0.632 -0.004 0.025
58.000 -0.576 -0.008 0.025
58.200 -0.517 -0.012 0.027
58.400 -0.456 -0.014 0.029
58.601 -0.393 -0.015 0.029
58.800 -0.330 -0.016 0.027
59.001 -0.264 -0.016 0.026
59.200 -0.202 -0.016 0.022
59.400 -0.145 -0.014 0.018
59.600 -0.100 -0.012 0.016
59.800 -0.065 -0.010 0.011
60.000 -0.037 -0.010 0.009
60.200 -0.011 -0.009 0.005
60.401 0.011 -0.009 0.003
60.602 0.029 -0.008 0.002
60.800 0.043 -0.007 0.001
61.000 0.052 -0.006 0.000
61.201 0.054 -0.004 -0.003
61.401 0.055 0.000 -0.002
61.601 0.051 0.003 -0.007
61.800 0.047 0.007 -0.007
62.001 0.042 0.009 -0.006
62.200 0.035 0.010 -0.004
62.400 0.029 0.011 -0.001
62.603 0.022 0.009 0.002
62.800 0.020 0.009 0.004
63.000 0.014 0.007 0.007
63.200 0.013 0.006 0.010
63.400 0.013 0.006 0.014
63.600 0.012 0.005 0.014
63.800 0.011 0.004 0.017
64.000 0.010 0.003 0.016
64.200 0.008 0.002 0.015
64.400 0.008 0.003 0.016
64.601 0.008 0.002 0.012
64.801 0.007 0.003 0.011
65.000 0.006 0.003 0.009
65.200 0.005 0.003 0.009
65.401 0.005 0.003 0.006
65.600 0.003 0.004 0.006
65.800 0.002 0.004 0.006
66.001 -0.000 0.004 0.008
66.200 -0.003 0.004 0.007
66.400 -0.006 0.004 0.009
66.600 -0.010 0.004 0.010
66.800 -0.013 0.003 0.014
67.000 -0.013 0.007 0.013
67.200 -0.029 0.010 -0.005
67.400 -0.063 0.022 -0.030
67.600 -0.111 0.028 -0.055
67.800 -0.167 0.029 -0.075
68.000 -0.227 0.027 -0.094
68.200 -0.291 0.024 -0.108
68.401 -0.353 0.022 -0.116
68.601 -0.419 0.020 -0.116
68.800 -0.485 0.016 -0.103
69.000 -0.554 0.013 -0.081
69.200 -0.628 0.009 -0.076
69.400 -0.690 0.006 -0.062
69.600 -0.735 0.004 -0.050
69.802 -0.772 0.002 -0.037
70.000 -0.796 0.000 -0.026
70.200 -0.821 -0.001 -0.011
70.401 -0.842 -0.001 0.004
70.600 -0.858 -0.003 0.020
70.800 -0.869 -0.004 0.032
71.001 -0.874 -0.004 0.038
71.200 -0.874 -0.005 0.042
71.401 -0.871 -0.005 0.040
71.601 -0.865 -0.005 0.040
71.800 -0.856 -0.006 0.036
72.001 -0.846 -0.008 0.032
72.201 -0.836 -0.009 0.025
72.401 -0.828 -0.009 0.025
72.603 -0.822 -0.010 0.021
72.800 -0.816 -0.010 0.019
73.000 -0.813 -0.009 0.018
73.200 -0.810 -0.008 0.017
73.400 -0.806 -0.006 0.017
73.600 -0.804 -0.004 0.018
73.800 -0.800 -0.002 0.020
74.000 -0.797 -0.001 0.021
74.200 -0.794 0.000 0.023
74.400 -0.790 0.000 0.022
74.600 -0.787 -0.000 0.022
74.800 -0.783 -0.001 0.024
75.002 -0.781 -0.002 0.020
75.200 -0.779 -0.003 0.018
75.400 -0.775 -0.004 0.024
75.600 -0.771 -0.005 0.017
75.800 -0.760 -0.005 0.018
76.001 -0.739 -0.005 0.019
76.200 -0.707 -0.005 0.020
76.400 -0.663 -0.005 0.024
76.600 -0.610 -0.006 0.028
76.800 -0.553 -0.007 0.030
77.000 -0.494 -0.010 0.030
77.200 -0.432 -0.012 0.031
77.400 -0.367 -0.013 0.030
77.600 -0.299 -0.011 0.028
77.800 -0.230 -0.008 0.026
78.000 -0.169 -0.006 0.023
78.201 -0.115 -0.002 0.019
78.400 -0.072 0.001 0.015
78.600 -0.038 0.003 0.013
78.800 -0.010 0.006 0.011
79.000 0.016 0.008 0.006
79.200 0.037 0.011 0.004
79.400 0.053 0.011 0.001
79.600 0.062 0.011 -0.000
79.801 0.066 0.011 -0.004
80.000 0.065 0.010 -0.008
80.200 0.062 0.010 -0.012
80.400 0.058 0.010 -0.014
80.600 0.053 0.009 -0.013
80.800 0.046 0.008 -0.013
81.001 0.039 0.007 -0.010
81.200 0.033 0.005 -0.005
81.401 0.027 0.003 0.000
81.600 0.022 0.002 0.005
81.800 -0.007 -0.009 0.003
82.001 -0.059 -0.033 -0.022
82.200 -0.120 -0.049 -0.040
82.400 -0.189 -0.062 -0.058
82.600 -0.266 -0.072 -0.073
82.800 -0.345 -0.076 -0.086
83.000 -0.425 -0.075 -0.092
83.201 -0.506 -0.070 -0.084
83.400 -0.583 -0.059 -0.073
83.600 -0.651 -0.044 -0.058
83.800 -0.704 -0.032 -0.043
84.000 -0.743 -0.022 -0.030
84.200 -0.773 -0.014 -0.014
84.400 -0.800 -0.008 -0.000
84.601 -0.822 -0.003 0.016
84.801 -0.840 0.003 0.027
85.000 -0.854 0.009 0.036
85.200 -0.863 0.014 0.039
85.400 -0.868 0.020 0.038
85.600 -0.867 0.021 0.034
85.800 -0.862 0.021 0.031
86.000 -0.858 0.017 0.028
86.201 -0.852 0.014 0.026
86.400 -0.844 0.010 0.024
86.600 -0.839 0.007 0.023
86.800 -0.830 0.003 0.022
87.000 -0.822 -0.001 0.023
87.200 -0.816 -0.006 0.024
87.400 -0.810 -0.010 0.025
87.600 -0.805 -0.014 0.026
87.800 -0.799 -0.018 0.026
88.000 -0.793 -0.023 0.027
88.200 -0.787 -0.028 0.027
88.400 -0.782 -0.033 0.026
88.600 -0.777 -0.037 0.024
88.801 -0.773 -0.041 0.022
89.000 -0.769 -0.044 0.021
89.201 -0.765 -0.048 0.019
89.400 -0.763 -0.051 0.016
89.600 -0.760 -0.054 0.015
89.800 -0.758 -0.056 0.015
90.000 -0.756 -0.058 0.014
90.200 -0.754 -0.060 0.015
90.401 -0.752 -0.061 0.014
90.600 -0.751 -0.062 0.016
90.800 -0.750 -0.062 0.020
91.000 -0.749 -0.061 0.016
91.200 -0.748 -0.059 0.016
91.400 -0.746 -0.056 0.016
91.600 -0.746 -0.053 0.015
91.801 -0.745 -0.051 0.015
92.000 -0.745 -0.048 0.014
92.200 -0.743 -0.046 0.013
92.400 -0.742 -0.044 0.013
92.600 -0.740 -0.042 0.013
92.800 -0.738 -0.041 0.014
93.001 -0.736 -0.040 0.012
93.200 -0.734 -0.040 0.012
93.400 -0.732 -0.040 0.011
93.600 -0.730 -0.039 0.029
93.800 -0.728 -0.036 0.158
94.000 -0.726 -0.034 0.192
94.200 -0.724 -0.032 0.182
94.400 -0.721 -0.031 0.145
94.600 -0.734 -0.039 -0.143
94.800 -0.735 -0.038 -0.181
95.000 -0.734 -0.035 -0.193
95.200 -0.733 -0.031 -0.191
95.401 -0.730 -0.027 -0.178
95.600 -0.730 -0.023 -0.160
95.800 -0.731 -0.021 -0.138
96.000 -0.732 -0.017 -0.115
96.200 -0.730 -0.014 -0.092
96.400 -0.733 -0.014 -0.076
96.600 -0.733 -0.011 -0.058
96.801 -0.734 -0.009 -0.040
97.001 -0.733 -0.007 -0.021
97.200 -0.732 -0.005 -0.001
97.400 -0.729 -0.004 0.017
97.600 -0.725 -0.001 0.032
97.800 -0.722 0.001 0.044
98.001 -0.717 0.002 0.047
98.201 -0.713 0.003 0.046
98.400 -0.709 0.004 0.038
98.600 -0.705 0.005 0.028
98.800 -0.701 0.006 0.017
99.000 -0.698 0.006 0.006
99.200 -0.695 0.007 -0.003
99.400 -0.692 0.007 -0.008
99.600 -0.689 0.007 -0.011
99.800 -0.687 0.007 -0.011
100.000 -0.686 0.008 -0.010
100.200 -0.686 0.008 -0.007
100.400 -0.688 0.008 -0.001
100.600 -0.690 0.009 0.003
100.800 -0.691 0.010 0.007
101.000 -0.690 0.010 0.010
101.200 -0.690 0.011 0.012
101.400 -0.689 0.012 0.012
101.600 -0.688 0.012 0.013
101.800 -0.687 0.012 0.011
102.000 -0.686 0.012 0.010
102.200 -0.686 0.011 0.011
102.401 -0.686 0.009 0.006
102.600 -0.686 0.007 0.004
102.800 -0.686 0.004 0.003
103.000 -0.686 0.002 0.002
103.200 -0.686 0.001 0.001
103.401 -0.686 0.000 0.001
103.600 -0.686 0.000 0.002
103.801 -0.685 0.000 0.005
104.000 -0.685 0.001 0.006
104.201 -0.685 0.001 0.006
104.401 -0.685 0.002 0.009
104.601 -0.686 0.003 0.009
104.801 -0.686 0.003 0.009
105.000 -0.686 0.004 0.009
105.200 -0.686 0.004 0.008
105.400 -0.686 0.004 0.008
105.601 -0.685 0.004 0.006
105.800 -0.685 0.004 0.004
106.000 -0.685 0.004 0.004
106.201 -0.685 0.005 0.003
106.400 -0.686 0.005 0.003
106.600 -0.686 0.005 0.003
106.801 -0.687 0.006 0.003
107.000 -0.687 0.006 0.007
107.201 -0.687 0.005 0.005
107.400 -0.687 0.006 0.014
107.601 -0.687 0.005 0.014
107.800 -0.687 0.005 0.004
108.000 -0.687 0.005 0.003
108.200 -0.687 0.005 0.006
108.400 -0.687 0.005 0.003
108.600 -0.687 0.005 0.001
108.800 -0.687 0.006 0.001
109.001 -0.688 0.006 0.001
109.200 -0.688 0.006 0.000
109.400 -0.688 0.005 0.002
109.600 -0.689 0.005 0.002
109.800 -0.689 0.004 0.004
110.000 -0.689 0.003 0.006
110.201 -0.689 0.003 0.008
110.401 -0.689 0.003 0.009
110.600 -0.689 0.004 0.009
110.800 -0.689 0.004 0.010
111.000 -0.689 0.005 0.008
111.200 -0.688 0.006 0.007
111.400 -0.687 0.007 0.005
111.601 -0.687 0.008 0.004
111.800 -0.686 0.008 0.004
112.001 -0.686 0.008 0.003
112.200 -0.686 0.008 0.003
112.400 -0.687 0.006 0.002
112.601 -0.688 0.005 0.002
112.800 -0.688 0.004 0.003
113.000 -0.689 0.004 0.005
113.201 -0.689 0.004 0.006
113.400 -0.689 0.004 0.006
113.600 -0.689 0.004 0.007
113.800 -0.689 0.004 0.013
114.000 -0.689 0.004 0.009
114.200 -0.688 0.004 0.007
114.400 -0.688 0.005 0.007
114.601 -0.687 0.005 0.006
114.800 -0.687 0.005 0.006
115.000 -0.687 0.005 0.005
115.200 -0.687 0.005 0.004
115.400 -0.687 0.005 0.004
115.600 -0.687 0.005 0.003
115.801 -0.687 0.005 0.004
116.000 -0.687 0.006 0.004
116.200 -0.687 0.006 0.006
116.400 -0.687 0.005 0.004
116.600 -0.687 0.005 0.004
116.801 -0.687 0.005 0.004
117.001 -0.687 0.004 0.007
117.200 -0.687 0.004 0.007
117.400 -0.688 0.004 0.008
117.601 -0.688 0.004 0.009
117.801 -0.688 0.004 0.007
118.000 -0.688 0.005 0.006
118.201 -0.687 0.005 0.006
118.402 -0.687 0.005 0.006
118.600 -0.687 0.005 0.006
118.800 -0.687 0.004 0.014
119.000 -0.686 0.004 0.008
119.200 -0.686 0.003 0.006
119.400 -0.686 0.003 0.004
119.600 -0.686 0.002 0.002
119.801 -0.687 0.002 0.002
120.000 -0.687 0.002 0.001
120.201 -0.688 0.002 0.007
120.400 -0.688 0.002 0.011
120.601 -0.688 0.002 0.010
120.800 -0.688 0.003 0.007
121.000 -0.687 0.004 0.011
121.200 -0.687 0.005 0.005
121.400 -0.688 0.005 0.005
121.600 -0.688 0.006 0.006
121.800 -0.688 0.006 0.006
122.000 -0.689 0.006 0.005
122.200 -0.689 0.005 0.006
122.400 -0.690 0.005 0.006
122.600 -0.690 0.005 0.007
122.800 -0.689 0.004 0.008
123.001 -0.689 0.004 0.007
123.201 -0.688 0.004 0.008
123.400 -0.688 0.005 0.009
123.600 -0.687 0.005 0.007
123.800 -0.687 0.005 0.006
124.000 -0.686 0.005 0.006
124.200 -0.686 0.004 0.005
124.400 -0.686 0.004 0.005
124.600 -0.687 0.004 0.003
124.800 -0.687 0.004 0.003
125.000 -0.687 0.004 0.003
125.200 -0.686 0.004 0.004
125.400 -0.686 0.004 0.004
125.600 -0.683 0.004 0.005
125.800 -0.680 0.005 0.008
126.000 -0.676 0.004 0.010
126.200 -0.672 0.002 0.015
126.401 -0.656 -0.003 0.020
126.600 -0.624 -0.006 0.024
126.800 -0.574 -0.007 0.026
127.001 -0.519 -0.008 0.030
127.200 -0.459 -0.006 0.033
127.400 -0.395 -0.003 0.032
127.600 -0.336 -0.002 0.057
127.801 -0.291 0.000 0.072
128.000 -0.196 0.002 0.014
128.200 -0.136 0.001 0.008
128.400 -0.101 0.004 -0.019
128.601 -0.082 0.006 -0.004
128.800 -0.060 0.009 -0.014
129.000 -0.029 0.012 -0.045
129.200 -0.011 0.013 -0.048
129.400 0.006 0.014 -0.049
129.600 0.022 0.014 -0.046
129.800 0.035 0.013 -0.039
130.000 0.046 0.011 -0.028
130.200 0.051 0.008 -0.019
130.400 0.052 0.006 -0.010
130.600 0.051 0.004 -0.003
130.800 0.047 0.001 0.003
131.000 0.023 -0.006 -0.008
131.200 -0.014 -0.016 -0.027
131.400 -0.062 -0.027 -0.045
131.600 -0.119 -0.038 -0.062
131.801 -0.182 -0.049 -0.074
132.000 -0.250 -0.058 -0.083
132.201 -0.321 -0.062 -0.093
132.401 -0.388 -0.063 -0.099
132.600 -0.459 -0.060 -0.099
132.801 -0.531 -0.051 -0.092
133.001 -0.603 -0.040 -0.080
133.200 -0.675 -0.026 -0.068
133.400 -0.728 -0.015 -0.055
133.600 -0.768 -0.007 -0.042
133.800 -0.801 0.000 -0.028
134.000 -0.826 0.006 -0.015
134.200 -0.847 0.010 -0.001
134.400 -0.859 0.013 0.015
134.600 -0.866 0.015 0.027
134.800 -0.869 0.015 0.033
135.000 -0.870 0.013 0.036
135.200 -0.870 0.011 0.032
135.400 -0.867 0.009 0.028
135.600 -0.861 0.008 0.025
135.801 -0.852 0.006 0.020
136.000 -0.842 0.004 0.018
136.200 -0.833 0.002 0.018
136.400 -0.823 0.002 0.019
136.601 -0.815 0.002 0.019
136.801 -0.809 0.003 0.020
137.000 -0.803 0.004 0.022
137.201 -0.790 0.004 0.022
137.401 -0.768 0.004 0.024
137.600 -0.737 0.004 0.025
137.800 -0.695 0.003 0.027
138.000 -0.642 0.002 0.031
138.200 -0.584 -0.001 0.035
138.400 -0.526 -0.002 0.038
138.600 -0.464 -0.003 0.040
138.800 -0.401 -0.003 0.042
139.000 -0.336 -0.002 0.038
139.200 -0.270 -0.001 0.035
139.400 -0.205 -0.001 0.040
139.601 -0.153 -0.002 0.029
139.800 -0.108 -0.005 0.023
140.000 -0.075 -0.007 0.018
140.200 -0.047 -0.009 0.014
140.400 -0.023 -0.012 0.012
140.601 -0.002 -0.015 0.008
140.800 0.016 -0.017 0.004
141.000 0.032 -0.019 0.003
141.200 0.043 -0.018 0.001
141.401 0.050 -0.016 -0.001
141.600 0.052 -0.012 -0.003
141.802 0.052 -0.008 -0.004
142.000 0.031 -0.008 -0.018
142.200 -0.006 -0.009 -0.046
142.400 -0.053 -0.010 -0.069
142.600 -0.099 -0.011 -0.080
142.801 -0.168 -0.010 -0.106
143.001 -0.233 -0.012 -0.119
143.200 -0.296 -0.011 -0.127
143.400 -0.359 -0.008 -0.127
143.600 -0.424 -0.004 -0.120
143.801 -0.493 -0.001 -0.107
144.000 -0.563 0.003 -0.091
144.200 -0.634 0.006 -0.075
144.400 -0.693 0.007 -0.058
144.600 -0.738 0.008 -0.041
144.800 -0.774 0.010 -0.025
145.001 -0.804 0.011 -0.010
145.201 -0.831 0.011 0.007
145.400 -0.854 0.010 0.021
145.601 -0.870 0.008 0.031
145.800 -0.881 0.006 0.044
146.000 -0.880 0.004 0.041
146.201 -0.879 0.001 0.038
146.400 -0.873 -0.001 0.035
146.601 -0.862 -0.004 0.031
146.800 -0.852 -0.005 0.029
147.001 -0.842 -0.007 0.025
147.201 -0.835 -0.007 0.024
147.400 -0.829 -0.008 0.018
147.601 -0.825 -0.008 0.019
147.801 -0.820 -0.008 0.017
148.001 -0.814 -0.008 0.015
148.200 -0.809 -0.007 0.016
148.401 -0.802 -0.006 0.017
148.600 -0.796 -0.006 0.020
148.800 -0.789 -0.006 0.022
149.000 -0.783 -0.007 0.025
149.201 -0.777 -0.006 0.024
149.400 -0.770 -0.006 0.024
149.600 -0.765 -0.006 0.024
149.800 -0.759 -0.005 0.021
150.000 -0.753 -0.004 0.018
150.201 -0.747 -0.004 0.016
150.401 -0.741 -0.003 0.014
150.600 -0.734 -0.004 0.012
150.801 -0.728 -0.004 0.011
151.001 -0.721 -0.004 0.011
151.200 -0.715 -0.004 0.009
151.400 -0.707 -0.003 0.011
151.600 -0.701 -0.002 0.009
151.800 -0.696 -0.002 0.009
152.000 -0.692 -0.002 0.009
152.200 -0.688 -0.001 0.015
152.400 -0.686 0.001 0.010
152.600 -0.684 0.002 0.010
152.800 -0.683 0.004 0.010
153.000 -0.683 0.005 0.009
153.200 -0.683 0.005 0.007
153.400 -0.683 0.005 0.005
153.600 -0.683 0.005 0.003
153.801 -0.683 0.005 0.003
154.000 -0.682 0.005 0.002
154.201 -0.683 0.005 0.003
154.400 -0.683 0.005 0.003
154.601 -0.683 0.005 0.005
154.800 -0.684 0.004 0.005
155.000 -0.685 0.004 0.006
155.200 -0.686 0.003 0.008
155.400 -0.687 0.003 0.009
155.600 -0.686 0.003 0.011
155.801 -0.684 0.002 0.013
156.000 -0.681 0.001 0.012
156.200 -0.677 0.001 0.014
156.401 -0.673 -0.002 0.018
156.601 -0.656 -0.006 0.021
156.800 -0.622 -0.007 0.024
157.000 -0.574 -0.007 0.028
157.200 -0.519 -0.006 0.031
157.401 -0.461 -0.005 0.035
157.600 -0.399 -0.004 0.035
157.800 -0.334 -0.002 0.035
158.000 -0.267 -0.001 0.032
158.200 -0.205 -0.002 0.030
158.400 -0.147 -0.002 0.026
158.600 -0.099 -0.003 0.030
158.800 -0.067 -0.004 0.017
159.000 -0.040 -0.005 0.013
159.200 -0.016 -0.007 0.009
159.401 0.004 -0.009 0.007
159.600 0.023 -0.009 0.003
159.800 0.038 -0.008 0.002
160.000 0.049 -0.008 0.000
160.201 0.053 -0.006 -0.001
160.400 0.055 -0.004 -0.007
160.601 0.055 -0.001 -0.009
160.800 0.052 0.002 -0.010
161.001 0.049 0.004 -0.010
161.201 0.044 0.006 -0.009
161.400 0.035 0.006 0.008
161.600 0.033 0.007 0.132
161.800 0.031 0.009 0.158
162.000 0.029 0.010 0.147
162.201 0.029 0.011 0.122
162.401 0.031 0.012 0.095
162.601 -0.239 0.018 -0.154
162.801 -0.364 0.025 -0.211
163.001 -0.430 0.024 -0.212
163.200 -0.493 0.022 -0.198
163.401 -0.558 0.017 -0.178
163.600 -0.624 0.013 -0.153
163.801 -0.687 0.006 -0.126
164.000 -0.728 0.002 -0.106
164.201 -0.760 0.000 -0.084
164.400 -0.785 -0.002 -0.064
164.601 -0.802 -0.001 -0.042
164.800 -0.820 -0.002 -0.021
165.001 -0.838 -0.003 0.003
165.200 -0.847 -0.005 0.022
165.400 -0.852 -0.005 0.038
165.601 -0.852 -0.002 0.047
165.801 -0.852 -0.001 0.052
166.000 -0.845 0.002 0.050
166.200 -0.842 0.001 0.045
166.401 -0.837 0.000 0.038
166.601 -0.831 -0.001 0.032
166.800 -0.826 -0.005 0.025
167.001 -0.820 -0.006 0.023
167.200 -0.817 -0.008 0.019
167.400 -0.814 -0.009 0.026
167.600 -0.812 -0.009 0.018
167.800 -0.809 -0.008 0.017
168.000 -0.806 -0.007 0.016
168.201 -0.803 -0.007 0.011
168.400 -0.799 -0.006 0.011
168.600 -0.796 -0.006 0.012
168.800 -0.792 -0.007 0.014
169.001 -0.787 -0.008 0.015
169.201 -0.782 -0.009 0.017
169.401 -0.777 -0.009 0.018
169.600 -0.771 -0.010 0.020
169.801 -0.768 -0.010 0.020
170.000 -0.763 -0.010 0.021
170.201 -0.756 -0.009 0.020
170.400 -0.750 -0.007 0.019
170.600 -0.742 -0.006 0.017
170.800 -0.725 -0.004 0.018
171.000 -0.699 -0.004 0.020
171.201 -0.657 -0.002 0.020
171.401 -0.610 -0.001 0.025
171.600 -0.550 -0.001 0.026
171.800 -0.490 -0.001 0.028
172.000 -0.427 -0.003 0.029
172.200 -0.362 -0.004 0.030
172.400 -0.294 -0.005 0.033
172.600 -0.226 -0.006 0.028
172.800 -0.167 -0.006 0.023
173.001 -0.116 -0.005 0.019
173.201 -0.076 -0.004 0.015
173.400 -0.047 -0.006 0.012
173.600 -0.020 -0.007 0.009
173.800 0.003 -0.008 0.006
174.000 0.025 -0.007 0.005
174.200 0.039 -0.008 -0.001
174.400 0.052 -0.007 -0.003
174.600 0.055 -0.005 -0.007
174.800 0.057 -0.002 -0.008
175.000 0.056 0.002 -0.012
175.200 0.053 0.006 -0.014
175.400 0.023 0.013 -0.034
175.601 -0.013 0.020 -0.054
175.801 -0.065 0.024 -0.073
176.000 -0.120 0.027 -0.090
176.201 -0.181 0.031 -0.108
176.400 -0.242 0.035 -0.121
176.601 -0.304 0.038 -0.128
176.801 -0.368 0.039 -0.124
177.000 -0.436 0.038 -0.117
177.201 -0.506 0.037 -0.095
177.400 -0.582 0.029 -0.090
177.601 -0.652 0.021 -0.075
177.800 -0.711 0.013 -0.056
178.000 -0.753 0.006 -0.046
178.201 -0.787 0.001 -0.033
178.402 -0.816 -0.002 -0.019
178.600 -0.844 -0.005 -0.005
178.801 -0.859 -0.009 0.010
179.001 -0.867 -0.010 0.024
179.201 -0.868 -0.007 0.035
179.401 -0.866 -0.005 0.041
179.600 -0.861 -0.006 0.043
179.801 -0.857 -0.006 0.041
180.000 -0.852 -0.006 0.038
180.200 -0.842 -0.008 0.033
180.401 -0.824 -0.009 0.032
180.601 -0.798 -0.010 0.029
180.801 -0.759 -0.008 0.030
181.000 -0.711 -0.006 0.032
181.200 -0.655 -0.002 0.032
181.400 -0.597 0.001 0.033
181.600 -0.538 0.006 0.033
181.801 -0.476 0.008 0.031
182.000 -0.412 0.008 0.029
182.200 -0.348 0.009 0.027
182.401 -0.279 0.009 0.025
182.601 -0.210 0.008 0.023
182.801 -0.148 0.006 0.020
183.001 -0.099 0.005 0.017
183.200 -0.060 0.003 0.014
183.400 -0.028 0.002 0.009
183.601 -0.002 0.000 0.005
183.801 0.024 0.001 0.000
184.000 0.044 0.001 -0.004
184.201 0.060 0.002 -0.005
184.400 0.070 0.004 -0.009
184.601 0.072 0.006 -0.013
184.800 0.071 0.007 -0.016
185.001 0.069 0.009 -0.016
185.200 0.063 0.010 -0.019
185.400 0.054 0.009 -0.016
185.600 0.045 0.009 -0.013
185.801 0.035 0.007 -0.009
186.000 0.026 0.006 -0.003
186.201 0.019 0.004 0.002
186.400 0.014 0.004 0.006
186.601 0.009 0.004 0.011
186.800 0.006 0.004 0.016
187.000 0.004 0.005 0.017
187.201 0.003 0.005 0.018
187.400 0.002 0.007 0.017
187.601 0.002 0.007 0.015
187.801 0.002 0.009 0.012
188.000 0.002 0.010 0.009
188.201 -0.000 0.011 0.006
188.400 -0.001 0.013 0.004
188.601 -0.003 0.015 0.004
188.801 -0.004 0.016 0.002
189.001 -0.005 0.017 0.001
189.201 -0.015 0.013 -0.011
189.401 -0.036 0.003 -0.024
189.601 -0.082 -0.009 -0.052
189.800 -0.136 -0.013 -0.069
190.001 -0.197 -0.011 -0.085
190.201 -0.258 -0.008 -0.100
190.400 -0.318 -0.003 -0.110
190.600 -0.381 0.001 -0.109
190.801 -0.447 0.006 -0.112
191.000 -0.513 0.008 -0.099
191.200 -0.588 0.011 -0.086
191.401 -0.656 0.014 -0.071
191.600 -0.710 0.016 -0.057
191.801 -0.750 0.017 -0.043
192.000 -0.783 0.018 -0.028
192.201 -0.808 0.019 -0.011
192.400 -0.829 0.018 0.005
192.601 -0.846 0.016 0.020
192.800 -0.857 0.014 0.033
193.001 -0.864 0.011 0.042
193.201 -0.866 0.009 0.045
193.401 -0.867 0.006 0.042
193.600 -0.863 0.004 0.038
193.801 -0.857 0.003 0.035
194.001 -0.849 0.000 0.028
194.201 -0.842 -0.002 0.024
194.400 -0.834 -0.003 0.021
194.600 -0.828 -0.003 0.018
194.800 -0.822 -0.003 0.017
195.002 -0.818 -0.002 0.016
195.201 -0.815 -0.001 0.015
195.401 -0.811 0.001 0.016
195.600 -0.805 0.002 0.018
195.801 -0.799 0.004 0.020
196.000 -0.794 0.005 0.021
196.200 -0.788 0.006 0.021
196.400 -0.782 0.007 0.022
196.601 -0.775 0.008 0.021
196.801 -0.767 0.009 0.021
197.000 -0.759 0.009 0.029
197.200 -0.753 0.010 0.018
197.400 -0.746 0.011 0.017
197.600 -0.734 0.010 0.018
197.800 -0.711 0.007 0.018
198.000 -0.676 0.003 0.020
198.201 -0.629 0.001 0.021
198.400 -0.574 0.001 0.024
198.601 -0.515 -0.002 0.027
198.801 -0.454 -0.003 0.030
199.001 -0.390 -0.005 0.032
199.200 -0.324 -0.005 0.032
199.400 -0.258 -0.005 0.030
199.601 -0.196 -0.006 0.026
199.801 -0.141 -0.005 0.022
200.000 -0.095 -0.004 0.019
200.201 -0.060 -0.003 0.015
200.400 -0.030 -0.002 0.010
200.601 -0.005 -0.001 0.008
200.800 0.017 -0.000 0.004
201.000 0.036 0.002 0.000
201.201 0.048 0.003 -0.002
201.400 0.055 0.004 -0.004
201.600 0.059 0.007 -0.006
201.800 0.060 0.007 -0.009
202.000 0.055 0.008 -0.011
202.201 0.051 0.008 -0.011
202.400 0.046 0.009 -0.012
202.600 0.040 0.008 -0.007
202.800 0.035 0.007 -0.006
203.000 0.029 0.005 -0.002
203.200 0.024 0.004 0.002
203.400 0.018 0.004 0.012
203.600 0.016 0.003 0.010
203.801 0.012 0.002 0.014
204.000 0.011 0.002 0.016
204.201 0.010 0.002 0.016
204.401 0.009 0.002 0.017
204.601 0.009 0.002 0.015
204.800 0.010 0.002 0.012
205.001 0.009 0.003 0.011
205.200 0.010 0.003 0.008
205.401 0.009 0.002 0.007
205.601 0.009 0.002 0.006
205.801 0.008 0.002 0.005
206.000 0.008 0.001 0.006
206.201 0.008 0.002 0.005
206.401 0.007 0.002 0.005
206.601 0.006 0.002 0.006
206.801 0.006 0.002 0.008
207.001 0.005 0.003 0.009
207.200 0.004 0.003 0.010
207.401 0.004 0.003 0.010
207.600 0.003 0.003 0.010
207.800 0.002 0.004 0.010
208.000 0.000 0.005 0.009
208.200 -0.001 0.005 0.008
208.400 -0.004 0.005 0.008
208.600 -0.003 0.007 0.009
208.800 -0.007 0.007 0.007
209.001 -0.010 0.006 0.008
209.201 -0.009 0.007 0.007
209.400 -0.008 0.009 0.009
209.601 -0.009 0.008 0.008
209.800 -0.009 0.007 0.018
210.001 -0.010 0.007 0.010
210.201 -0.008 0.007 0.008
210.400 -0.010 0.006 0.009
210.601 -0.009 0.006 0.009
210.800 -0.009 0.006 0.011
211.001 -0.010 0.005 0.013
211.200 -0.012 0.004 0.012
211.400 -0.013 0.004 0.010
211.600 -0.011 0.005 0.009
211.801 -0.011 0.005 0.009
212.001 -0.012 0.004 0.010
212.201 -0.015 0.003 0.009
212.401 -0.012 0.003 0.010
212.601 -0.012 0.004 0.008
212.801 -0.013 0.004 0.007
213.000 -0.014 0.004 0.009
213.201 -0.015 0.003 0.009
213.401 -0.016 0.003 0.009
213.600 -0.018 0.002 0.010
213.801 -0.016 0.002 0.010
214.000 -0.018 0.001 0.010
214.200 -0.017 0.002 0.011
214.401 -0.019 0.001 0.010
214.601 -0.018 0.002 0.010
214.800 -0.017 0.004 0.010
215.001 -0.016 0.004 0.010
215.200 -0.017 0.004 0.009
215.400 -0.015 0.005 0.009
215.601 -0.016 0.005 0.009
215.801 -0.018 0.005 0.008
216.000 -0.015 0.006 0.008
216.200 -0.014 0.007 0.014
216.400 -0.014 0.007 0.008
216.600 -0.013 0.007 0.007
216.800 -0.012 0.006 0.009
217.001 -0.014 0.006 0.008
217.201 -0.015 0.005 0.008
217.401 -0.010 0.007 0.008
217.600 -0.012 0.006 0.007
217.801 -0.013 0.006 0.008
218.001 -0.013 0.006 0.009
218.201 -0.012 0.006 0.007
218.400 -0.016 0.005 0.007
218.600 -0.016 0.005 0.011
218.801 -0.013 0.006 0.007
219.001 -0.013 0.006 0.007
219.201 -0.013 0.006 0.008
219.401 -0.012 0.006 0.009
219.600 -0.012 0.006 0.010
219.801 -0.012 0.005 0.009
220.001 -0.011 0.005 0.008
220.201 -0.010 0.005 0.010
220.401 -0.010 0.005 0.008
220.601 -0.010 0.004 0.009
220.800 -0.011 0.003 0.007
221.001 -0.011 0.003 0.009
221.200 -0.011 0.002 0.006
221.401 -0.011 0.002 0.006
221.600 -0.010 0.002 0.007
221.801 -0.010 0.003 0.006
222.001 -0.010 0.004 0.006
222.200 -0.010 0.004 0.007
222.400 -0.012 0.003 0.006
222.601 -0.011 0.005 0.014
222.801 -0.007 0.007 0.007
223.000 -0.009 0.007 0.009
223.200 -0.007 0.009 0.010
223.400 -0.007 0.009 0.008
223.600 -0.009 0.009 0.008
223.801 -0.009 0.009 0.008
224.000 -0.007 0.010 0.010
224.201 -0.008 0.009 0.006
224.400 -0.007 0.009 0.005
224.600 -0.011 0.007 0.006
224.800 -0.011 0.007 0.006
225.001 -0.007 0.010 0.008
225.200 -0.007 0.009 0.007
225.400 -0.006 0.011 0.006
225.600 -0.008 0.010 0.006
225.800 -0.005 0.011 0.009
226.000 -0.008 0.009 0.008
226.201 -0.004 0.012 0.008
226.401 -0.004 0.012 0.008
226.600 -0.005 0.012 0.011
226.800 -0.004 0.012 0.007
227.001 -0.002 0.013 0.008
227.201 -0.003 0.013 0.008
227.400 -0.006 0.012 0.006
227.600 -0.003 0.015 0.006
227.801 -0.003 0.015 0.006
228.001 -0.001 0.016 0.006
228.200 -0.002 0.016 0.008
228.400 -0.002 0.016 0.005
228.601 -0.002 0.016 0.006
228.800 0.001 0.017 0.007
229.000 0.001 0.017 0.016
229.200 0.002 0.017 0.013
229.400 0.003 0.017 0.142
229.600 0.004 0.018 0.186
229.800 0.006 0.018 0.176
230.000 0.008 0.018 0.145
230.201 -0.004 0.014 -0.159
230.400 -0.003 0.013 -0.196
230.600 -0.004 0.010 -0.211
230.800 -0.006 0.006 -0.210
231.000 -0.007 0.003 -0.197
231.201 -0.007 0.003 -0.174
231.400 -0.007 0.005 -0.149
231.601 -0.011 0.005 -0.125
231.801 -0.014 0.007 -0.101
232.000 -0.017 0.010 -0.081
232.200 -0.022 0.011 -0.064
232.400 -0.027 0.013 -0.045
232.601 -0.033 0.014 -0.028
232.800 -0.034 0.017 -0.009
233.001 -0.036 0.018 0.009
233.201 -0.038 0.019 0.025
233.401 -0.036 0.021 0.037
233.601 -0.038 0.023 0.045
233.801 -0.038 0.023 0.046
234.001 -0.039 0.024 0.041
234.201 -0.038 0.025 0.038
234.400 -0.038 0.026 0.023
234.601 -0.037 0.027 0.012
234.800 -0.036 0.027 0.003
235.000 -0.036 0.027 -0.001
235.200 -0.034 0.027 -0.007
235.400 -0.033 0.027 0.000
235.601 -0.028 0.028 -0.007
235.801 -0.029 0.026 -0.004
236.000 -0.028 0.026 0.001
236.201 -0.023 0.027 0.006
236.400 -0.024 0.026 0.010
236.600 -0.022 0.026 0.016
236.800 -0.020 0.026 0.016
237.000 -0.021 0.025 0.016
237.201 -0.021 0.025 0.016
237.401 -0.021 0.024 0.014
