0.000 -0.001 0.003 -0.021
0.200 -0.000 0.002 -0.033
0.399 0.001 0.001 -0.045
0.599 0.001 0.001 -0.057
0.800 0.001 0.001 -0.069
1.000 -0.000 0.001 -0.081
1.200 -0.001 0.004 -0.093
1.400 -0.003 0.006 -0.104
1.600 -0.003 0.005 -0.116
1.801 -0.002 0.000 -0.127
2.000 -0.000 -0.001 -0.139
2.200 0.001 0.002 -0.151
2.401 0.000 0.005 -0.162
2.600 -0.002 0.007 -0.174
2.800 -0.003 0.007 -0.185
3.001 -0.005 0.005 -0.196
3.200 -0.005 0.001 -0.207
3.401 -0.004 -0.001 -0.218
3.600 -0.002 0.002 -0.229
3.801 -0.000 0.008 -0.240
4.000 -0.002 0.011 -0.251
4.200 -0.004 0.008 -0.261
4.400 -0.006 0.004 -0.271
4.600 -0.005 0.002 -0.280
4.800 -0.003 0.002 -0.290
5.001 -0.001 0.005 -0.300
5.200 -0.003 0.008 -0.310
5.400 -0.005 0.009 -0.319
5.600 -0.007 0.008 -0.328
5.800 -0.007 0.006 -0.337
6.000 -0.005 0.005 -0.346
6.200 -0.003 0.005 -0.355
6.401 -0.002 0.006 -0.364
6.600 -0.003 0.008 -0.373
6.800 -0.006 0.007 -0.382
7.000 -0.009 0.006 -0.391
7.200 -0.009 0.006 -0.399
7.401 -0.007 0.008 -0.408
7.600 -0.004 0.010 -0.417
7.800 -0.002 0.009 -0.426
8.000 -0.005 0.006 -0.434
8.200 -0.008 0.004 -0.442
8.400 -0.010 0.010 -0.456
8.600 -0.001 0.054 -0.463
8.800 0.022 0.090 -0.435
9.000 0.004 0.089 -0.423
9.200 -0.026 0.034 -0.425
9.400 -0.034 -0.018 -0.449
9.600 -0.014 -0.037 -0.477
9.800 0.017 -0.035 -0.506
10.000 0.049 -0.030 -0.541
10.200 0.081 -0.024 -0.578
10.401 0.093 -0.001 -0.535
10.600 0.082 0.031 -0.501
10.800 0.049 0.047 -0.469
11.000 -0.025 0.072 -0.438
11.200 -0.038 0.097 -0.416
11.401 -0.011 0.135 -0.405
11.600 0.021 0.179 -0.402
11.800 0.050 0.206 -0.404
12.000 0.034 0.178 -0.403
12.201 0.042 0.090 -0.408
12.400 0.059 0.067 -0.414
12.600 0.073 0.082 -0.418
12.800 0.061 0.077 -0.418
13.000 0.042 0.010 -0.423
13.200 0.039 -0.005 -0.424
13.400 0.025 0.009 -0.424
13.600 0.065 -0.001 -0.427
13.801 0.074 0.020 -0.428
14.000 0.076 0.063 -0.429
14.200 0.077 0.130 -0.052
14.402 0.094 0.119 -0.054
14.600 0.100 0.104 -0.044
14.800 0.083 0.109 -0.061
15.000 0.054 0.096 -0.063
15.200 0.022 0.091 -0.068
15.400 -0.010 0.094 -0.077
15.600 -0.035 0.096 -0.082
15.801 -0.049 0.096 -0.089
16.001 -0.051 0.100 -0.093
16.200 -0.046 0.104 -0.100
16.400 -0.036 0.103 -0.103
16.600 -0.022 0.099 -0.106
16.800 -0.007 0.097 -0.107
17.001 0.004 0.095 -0.111
17.200 0.011 0.093 -0.120
17.400 0.019 0.090 -0.125
17.600 0.021 0.094 -0.132
17.800 0.024 0.096 -0.144
18.000 0.017 0.137 -0.157
18.201 0.017 0.111 -0.140
18.400 -0.061 0.323 -0.358
18.601 -0.094 0.356 -0.458
18.800 -0.104 0.344 -0.520
19.001 -0.119 0.260 -0.508
19.200 -0.142 0.132 -0.453
19.400 -0.163 0.030 -0.388
19.600 -0.172 0.035 -0.378
19.801 -0.197 0.144 -0.452
20.000 -0.217 0.255 -0.530
20.201 -0.212 0.346 -0.577
20.400 -0.192 0.361 -0.591
20.600 -0.178 0.321 -0.578
20.800 -0.160 0.258 -0.548
21.002 -0.140 0.207 -0.522
21.200 -0.117 0.187 -0.512
21.400 -0.091 0.199 -0.508
21.600 -0.064 0.217 -0.506
21.800 -0.044 0.232 -0.502
22.000 -0.025 0.233 -0.496
22.200 -0.005 0.214 -0.488
22.400 0.010 0.174 -0.476
22.601 0.026 0.129 -0.469
22.800 0.029 0.090 -0.466
23.000 0.032 0.062 -0.463
23.201 0.031 0.047 -0.462
23.400 0.026 0.051 -0.463
23.600 0.020 0.058 -0.461
23.801 0.009 0.081 -0.458
24.001 0.002 0.106 -0.452
24.201 -0.002 0.115 -0.416
24.400 -0.007 0.129 -0.388
24.600 -0.007 0.131 -0.358
24.800 -0.006 0.131 -0.335
25.000 -0.003 0.127 -0.317
25.200 0.002 0.120 -0.294
25.401 0.004 0.113 -0.276
25.600 0.005 0.108 -0.258
25.800 0.007 0.103 -0.242
26.000 0.010 0.100 -0.225
26.200 0.041 0.113 -0.207
26.400 0.078 0.132 -0.187
26.601 0.072 0.128 -0.167
26.800 0.060 0.141 -0.148
27.000 0.038 0.124 -0.137
27.200 0.019 0.116 -0.128
27.401 0.003 0.111 -0.119
27.600 -0.009 0.109 -0.113
27.800 -0.018 0.112 -0.107
28.000 -0.025 0.114 -0.102
28.201 -0.029 0.118 -0.098
28.400 -0.031 0.125 -0.095
28.601 -0.030 0.131 -0.093
28.801 -0.027 0.138 -0.092
29.001 -0.024 0.148 -0.092
29.200 -0.021 0.149 -0.088
29.402 -0.016 0.152 -0.089
29.600 -0.011 0.151 -0.092
29.801 -0.010 0.150 -0.095
30.000 -0.012 0.149 -0.097
30.200 -0.018 0.150 -0.100
30.400 -0.019 0.138 -0.093
30.601 -0.021 0.132 -0.097
30.800 -0.015 0.125 -0.101
31.000 -0.010 0.121 -0.105
31.200 -0.005 0.119 -0.107
31.400 -0.005 0.117 -0.111
31.600 -0.003 0.127 -0.115
31.801 -0.006 0.137 -0.119
32.000 -0.005 0.172 -0.124
32.201 0.001 0.201 -0.120
32.400 0.023 0.208 -0.117
32.600 0.059 0.203 -0.109
32.800 0.050 0.207 -0.108
33.000 0.048 0.223 -0.103
33.200 0.049 0.246 -0.096
33.401 0.041 0.249 -0.091
33.600 0.026 0.231 -0.086
33.800 0.010 0.197 -0.081
34.000 -0.005 0.158 -0.075
34.200 -0.020 0.125 -0.066
34.400 -0.032 0.116 -0.065
34.600 -0.031 0.141 -0.064
34.800 -0.021 0.172 -0.059
35.000 -0.016 0.194 -0.056
35.200 -0.014 0.198 -0.056
35.401 -0.012 0.189 -0.050
35.601 -0.011 0.172 -0.046
35.800 -0.010 0.150 -0.042
36.000 -0.010 0.126 -0.040
36.200 -0.009 0.105 -0.037
36.400 -0.008 0.093 -0.033
36.600 -0.012 0.097 -0.031
36.800 -0.006 0.129 -0.024
37.001 0.008 0.173 -0.022
37.200 0.031 0.213 -0.014
37.401 0.050 0.243 -0.013
37.600 0.059 0.249 -0.016
37.801 0.063 0.244 -0.028
38.000 0.074 0.236 -0.028
38.201 0.081 0.222 -0.031
38.400 0.076 0.194 -0.034
38.601 0.066 0.171 -0.037
38.800 0.047 0.157 -0.042
39.000 0.028 0.129 -0.047
39.200 0.010 0.102 -0.055
39.401 -0.004 0.092 -0.057
39.600 -0.013 0.084 -0.060
39.801 -0.014 0.081 -0.064
40.000 -0.007 0.083 -0.063
40.201 0.005 0.093 -0.065
40.400 0.021 0.102 -0.070
40.601 0.036 0.116 -0.060
40.800 0.045 0.130 -0.056
41.000 0.043 0.139 -0.051
41.200 0.038 0.143 -0.049
41.400 0.036 0.144 -0.040
41.600 0.027 0.147 -0.034
41.800 0.018 0.148 -0.030
42.000 0.005 0.145 -0.029
42.201 -0.007 0.141 -0.028
42.400 -0.013 0.140 -0.022
42.601 -0.020 0.138 -0.018
42.800 -0.028 0.142 -0.018
43.000 -0.032 0.144 -0.021
43.200 -0.034 0.148 -0.025
43.400 -0.036 0.156 -0.026
43.600 -0.033 0.165 -0.028
43.800 -0.026 0.171 -0.031
44.001 -0.017 0.168 -0.029
44.204 -0.009 0.160 -0.026
44.400 -0.002 0.146 -0.020
44.600 0.002 0.135 -0.011
44.801 0.005 0.123 -0.006
45.001 0.004 0.115 -0.004
45.200 -0.001 0.112 -0.000
45.401 -0.003 0.113 0.004
45.600 -0.006 0.116 0.008
45.800 -0.010 0.123 0.014
46.000 -0.013 0.130 0.020
46.200 -0.015 0.136 0.027
46.400 -0.013 0.138 0.033
46.600 -0.010 0.138 0.041
46.801 -0.006 0.135 0.049
47.000 -0.002 0.128 0.058
47.200 0.003 0.124 0.066
47.400 0.006 0.121 0.074
47.600 0.008 0.119 0.082
47.800 0.010 0.118 0.087
48.000 0.007 0.123 0.094
48.200 0.005 0.124 0.102
48.400 0.001 0.123 0.109
48.600 -0.004 0.122 0.117
48.800 -0.007 0.121 0.125
49.001 -0.012 0.121 0.130
49.200 -0.014 0.121 0.137
49.400 -0.014 0.123 0.144
49.600 -0.012 0.123 0.151
49.800 -0.009 0.124 0.158
50.000 -0.005 0.124 0.165
50.201 -0.001 0.123 0.176
50.400 0.004 0.122 0.178
50.600 0.005 0.122 0.185
50.800 0.006 0.121 0.191
51.000 0.003 0.119 0.195
51.200 -0.000 0.119 0.199
51.400 -0.003 0.122 0.208
51.600 -0.008 0.124 0.210
51.800 -0.011 0.123 0.216
52.001 -0.015 0.123 0.221
52.201 -0.016 0.121 0.227
52.400 -0.017 0.122 0.233
52.600 -0.016 0.125 0.236
52.801 -0.014 0.126 0.241
53.000 -0.011 0.126 0.248
53.201 -0.009 0.125 0.254
53.400 -0.007 0.124 0.259
53.600 -0.005 0.122 0.265
53.801 -0.005 0.121 0.268
54.000 -0.005 0.123 0.273
54.200 -0.006 0.124 0.277
54.400 -0.007 0.125 0.282
54.600 -0.009 0.126 0.285
54.800 -0.010 0.126 0.287
55.000 -0.012 0.124 0.288
55.201 -0.012 0.122 0.289
55.400 -0.012 0.121 0.290
55.600 -0.012 0.122 0.291
55.800 -0.011 0.124 0.289
56.000 -0.010 0.126 0.284
56.200 -0.009 0.128 0.281
56.400 -0.008 0.127 0.278
56.600 -0.007 0.126 0.273
56.801 -0.007 0.125 0.267
57.000 -0.007 0.123 0.261
57.200 -0.008 0.119 0.250
57.400 -0.008 0.109 0.227
57.600 -0.018 0.093 0.206
57.800 -0.029 0.065 0.189
58.000 -0.034 0.040 0.169
58.200 -0.040 0.027 0.139
58.400 -0.037 0.029 0.112
58.601 -0.030 0.043 0.090
58.800 -0.021 0.066 0.076
59.001 -0.010 0.079 0.062
59.200 -0.006 0.091 0.054
59.400 0.001 0.095 0.050
59.600 0.005 0.106 0.042
59.800 0.009 0.122 0.040
60.000 0.012 0.137 0.038
60.200 0.012 0.137 0.050
60.401 0.010 0.138 0.059
60.602 0.008 0.135 0.064
60.800 0.006 0.133 0.068
61.000 0.000 0.131 0.071
61.201 -0.000 0.137 0.071
61.401 0.004 0.139 0.080
61.601 0.015 0.140 0.093
61.800 0.025 0.147 0.106
62.001 0.031 0.151 0.114
62.200 0.029 0.163 0.110
62.400 0.029 0.160 0.105
62.603 0.022 0.160 0.099
62.800 0.020 0.145 0.097
63.000 0.011 0.148 0.079
63.200 0.004 0.137 0.071
63.400 -0.002 0.120 0.070
63.600 -0.006 0.117 0.066
63.800 -0.009 0.113 0.062
64.000 -0.011 0.120 0.062
64.200 -0.012 0.132 0.053
64.400 -0.010 0.129 0.057
64.601 -0.011 0.137 0.061
64.801 -0.004 0.135 0.067
65.000 0.000 0.135 0.074
65.200 0.004 0.129 0.073
65.401 0.007 0.126 0.081
65.600 0.005 0.126 0.086
65.800 0.006 0.117 0.097
66.001 0.005 0.119 0.099
66.200 0.002 0.121 0.105
66.400 -0.001 0.126 0.111
66.600 -0.008 0.134 0.123
66.800 -0.015 0.142 0.124
67.000 0.008 0.129 0.105
67.200 0.007 0.157 0.061
67.400 0.036 0.202 0.046
67.600 0.053 0.306 0.043
67.800 0.057 0.373 0.045
68.000 0.041 0.424 0.052
68.200 0.029 0.453 0.065
68.401 0.014 0.446 0.067
68.601 0.005 0.423 0.066
68.800 -0.007 0.386 0.061
69.000 -0.018 0.341 0.044
69.200 -0.021 0.308 0.034
69.400 -0.017 0.244 0.022
69.600 -0.014 0.174 0.018
69.802 -0.010 0.097 0.018
70.000 -0.005 0.034 0.013
70.200 -0.005 -0.012 0.017
70.401 -0.008 -0.028 0.020
70.600 -0.015 -0.020 0.021
70.800 -0.025 0.009 0.019
71.001 -0.029 0.042 0.016
71.200 -0.030 0.076 0.011
71.401 -0.032 0.103 0.010
71.601 -0.012 0.116 0.021
71.800 -0.010 0.122 0.024
72.001 -0.012 0.122 0.024
72.201 -0.013 0.115 0.032
72.401 -0.001 0.110 0.032
72.603 -0.016 0.111 0.032
72.800 -0.022 0.113 0.025
73.000 -0.027 0.118 0.029
73.200 -0.028 0.124 0.037
73.400 -0.025 0.126 0.043
73.600 -0.020 0.129 0.055
73.800 -0.012 0.126 0.063
74.000 -0.008 0.124 0.067
74.200 -0.005 0.121 0.075
74.400 -0.004 0.119 0.087
74.600 -0.004 0.120 0.101
74.800 -0.007 0.123 0.108
75.002 -0.009 0.128 0.114
75.200 -0.012 0.133 0.117
75.400 -0.014 0.135 0.120
75.600 -0.015 0.135 0.115
75.800 -0.017 0.127 0.106
76.001 -0.015 0.110 0.102
76.200 -0.011 0.093 0.096
76.400 -0.006 0.074 0.088
76.600 -0.008 0.058 0.073
76.800 -0.011 0.052 0.056
77.000 -0.015 0.058 0.027
77.200 -0.019 0.073 0.001
77.400 -0.022 0.090 -0.017
77.600 -0.018 0.101 -0.029
77.800 -0.009 0.097 -0.027
78.000 -0.006 0.109 -0.037
78.201 -0.002 0.114 -0.032
78.400 -0.001 0.125 -0.029
78.600 -0.002 0.132 -0.032
78.800 -0.006 0.139 -0.031
79.000 -0.013 0.146 -0.024
79.200 -0.020 0.144 -0.021
79.400 -0.029 0.147 -0.021
79.600 -0.037 0.151 -0.031
79.801 -0.043 0.160 -0.035
80.000 -0.047 0.170 -0.046
80.200 -0.042 0.171 -0.062
80.400 -0.035 0.166 -0.080
80.600 -0.031 0.159 -0.100
80.800 -0.026 0.149 -0.120
81.001 -0.025 0.137 -0.138
81.200 -0.024 0.124 -0.157
81.401 -0.025 0.117 -0.169
81.600 -0.026 0.112 -0.180
81.800 -0.031 0.151 -0.206
82.001 -0.053 0.230 -0.275
82.200 -0.070 0.313 -0.357
82.400 -0.085 0.384 -0.434
82.600 -0.104 0.435 -0.501
82.800 -0.112 0.461 -0.556
83.000 -0.119 0.475 -0.591
83.201 -0.119 0.464 -0.606
83.400 -0.106 0.440 -0.596
83.600 -0.078 0.391 -0.555
83.800 -0.051 0.322 -0.510
84.000 -0.031 0.226 -0.468
84.200 -0.014 0.120 -0.450
84.400 -0.010 0.037 -0.441
84.601 -0.016 -0.028 -0.426
84.801 -0.031 -0.046 -0.408
85.000 -0.043 -0.030 -0.390
85.200 -0.042 0.006 -0.376
85.400 -0.032 0.054 -0.361
85.600 -0.021 0.084 -0.349
85.800 -0.006 0.103 -0.338
86.000 -0.000 0.113 -0.311
86.201 0.006 0.120 -0.278
86.400 0.009 0.118 -0.240
86.600 0.007 0.140 -0.206
86.800 0.003 0.140 -0.169
87.000 -0.002 0.144 -0.137
87.200 -0.013 0.145 -0.110
87.400 -0.022 0.147 -0.089
87.600 -0.032 0.145 -0.070
87.800 -0.040 0.141 -0.061
88.000 -0.043 0.135 -0.057
88.200 -0.046 0.129 -0.056
88.400 -0.043 0.124 -0.059
88.600 -0.038 0.122 -0.066
88.801 -0.033 0.120 -0.074
89.000 -0.027 0.122 -0.087
89.201 -0.022 0.125 -0.100
89.400 -0.016 0.130 -0.109
89.600 -0.011 0.135 -0.116
89.800 -0.009 0.138 -0.121
90.000 -0.006 0.138 -0.122
90.200 -0.006 0.138 -0.119
90.401 -0.007 0.138 -0.114
90.600 -0.010 0.137 -0.110
90.800 -0.012 0.138 -0.105
91.000 -0.014 0.138 -0.098
91.200 -0.013 0.136 -0.092
91.400 -0.010 0.135 -0.087
91.600 -0.006 0.132 -0.077
91.801 -0.000 0.131 -0.068
92.000 0.005 0.130 -0.060
92.200 0.007 0.130 -0.053
92.400 0.009 0.129 -0.043
92.600 0.008 0.132 -0.033
92.800 0.007 0.129 -0.018
93.001 0.002 0.129 -0.007
93.200 -0.003 0.131 0.006
93.400 -0.009 0.135 0.015
93.600 -0.012 0.135 0.029
93.800 -0.014 0.135 0.041
94.000 -0.008 0.144 0.052
94.200 0.007 0.163 0.063
94.400 0.023 0.184 0.072
94.600 0.030 0.204 0.084
94.800 0.032 0.202 0.084
95.000 0.029 0.174 0.083
95.200 0.024 0.130 0.073
95.401 0.017 0.074 0.066
95.600 0.004 0.037 0.068
95.800 -0.011 0.019 0.067
96.000 -0.019 0.014 0.074
96.200 -0.019 0.012 0.080
96.400 -0.033 0.050 0.084
96.600 -0.030 0.084 0.088
96.801 -0.032 0.116 0.093
97.001 -0.028 0.143 0.096
97.200 -0.025 0.159 0.099
97.400 -0.018 0.161 0.104
97.600 -0.009 0.159 0.104
97.800 -0.005 0.155 0.100
98.001 -0.002 0.148 0.097
98.201 -0.003 0.143 0.101
98.400 -0.001 0.141 0.109
98.600 -0.000 0.141 0.117
98.800 0.001 0.141 0.123
99.000 -0.002 0.140 0.134
99.200 -0.006 0.137 0.144
99.400 -0.010 0.132 0.150
99.600 -0.015 0.125 0.152
99.800 -0.019 0.119 0.151
100.000 -0.022 0.116 0.146
100.200 -0.025 0.117 0.139
100.400 -0.028 0.123 0.132
100.600 -0.026 0.126 0.125
100.800 -0.021 0.128 0.117
101.000 -0.018 0.125 0.110
101.200 -0.010 0.123 0.105
101.400 -0.003 0.121 0.101
101.600 0.003 0.121 0.093
101.800 0.007 0.121 0.089
102.000 0.006 0.122 0.083
102.200 0.004 0.124 0.077
102.401 -0.001 0.127 0.068
102.600 -0.006 0.129 0.060
102.800 -0.013 0.129 0.055
103.000 -0.018 0.130 0.049
103.200 -0.022 0.129 0.040
103.401 -0.023 0.126 0.034
103.600 -0.023 0.124 0.028
103.801 -0.023 0.121 0.026
104.000 -0.021 0.119 0.023
104.201 -0.019 0.119 0.023
104.401 -0.015 0.122 0.025
104.601 -0.011 0.126 0.027
104.801 -0.008 0.128 0.029
105.000 -0.007 0.129 0.031
105.200 -0.008 0.129 0.032
105.400 -0.008 0.128 0.034
105.601 -0.010 0.126 0.037
105.800 -0.011 0.125 0.039
106.000 -0.013 0.125 0.041
106.201 -0.015 0.125 0.041
106.400 -0.016 0.125 0.039
106.600 -0.016 0.125 0.039
106.801 -0.017 0.126 0.036
107.000 -0.018 0.125 0.038
107.201 -0.019 0.125 0.039
107.400 -0.020 0.124 0.042
107.601 -0.020 0.124 0.044
107.800 -0.020 0.124 0.045
108.000 -0.018 0.124 0.046
108.200 -0.017 0.124 0.046
108.400 -0.013 0.124 0.046
108.600 -0.009 0.126 0.046
108.800 -0.006 0.126 0.046
109.001 -0.004 0.127 0.046
109.200 -0.003 0.127 0.045
109.400 -0.005 0.126 0.043
109.600 -0.009 0.124 0.041
109.800 -0.014 0.121 0.039
110.000 -0.019 0.119 0.037
110.201 -0.022 0.119 0.037
110.401 -0.025 0.122 0.037
110.600 -0.025 0.124 0.042
110.800 -0.023 0.127 0.044
111.000 -0.020 0.130 0.045
111.200 -0.015 0.129 0.048
111.400 -0.010 0.129 0.051
111.601 -0.007 0.128 0.053
111.800 -0.004 0.124 0.054
112.001 -0.003 0.120 0.054
112.200 -0.004 0.119 0.055
112.400 -0.007 0.120 0.055
112.601 -0.012 0.122 0.056
112.800 -0.016 0.124 0.054
113.000 -0.018 0.126 0.054
113.201 -0.020 0.124 0.051
113.400 -0.021 0.123 0.049
113.600 -0.022 0.123 0.046
113.800 -0.023 0.123 0.046
114.000 -0.022 0.123 0.046
114.200 -0.020 0.124 0.046
114.400 -0.018 0.124 0.044
114.601 -0.015 0.125 0.043
114.800 -0.013 0.127 0.043
115.000 -0.013 0.128 0.043
115.200 -0.012 0.128 0.042
115.400 -0.012 0.128 0.041
115.600 -0.012 0.126 0.038
115.801 -0.012 0.124 0.039
116.000 -0.012 0.121 0.040
116.200 -0.013 0.120 0.041
116.400 -0.015 0.120 0.041
116.600 -0.018 0.119 0.038
116.801 -0.021 0.116 0.035
117.001 -0.024 0.114 0.031
117.200 -0.023 0.114 0.026
117.400 -0.019 0.113 0.025
117.601 -0.015 0.114 0.020
117.801 -0.011 0.115 0.019
118.000 -0.009 0.117 0.018
118.201 -0.008 0.117 0.018
118.402 -0.008 0.117 0.019
118.600 -0.009 0.116 0.021
118.800 -0.012 0.115 0.021
119.000 -0.013 0.114 0.023
119.200 -0.016 0.114 0.024
119.400 -0.018 0.114 0.025
119.600 -0.019 0.114 0.024
119.801 -0.019 0.116 0.023
120.000 -0.018 0.115 0.025
120.201 -0.017 0.114 0.025
120.400 -0.017 0.114 0.021
120.601 -0.016 0.113 0.020
120.800 -0.016 0.112 0.021
121.000 -0.015 0.111 0.020
121.200 -0.015 0.110 0.023
121.400 -0.014 0.110 0.027
121.600 -0.013 0.113 0.026
121.800 -0.012 0.114 0.030
122.000 -0.011 0.117 0.029
122.200 -0.012 0.119 0.028
122.400 -0.014 0.121 0.026
122.600 -0.017 0.121 0.024
122.800 -0.019 0.119 0.021
123.001 -0.021 0.117 0.020
123.201 -0.021 0.116 0.020
123.400 -0.021 0.116 0.022
123.600 -0.020 0.116 0.024
123.800 -0.019 0.117 0.026
124.000 -0.019 0.117 0.028
124.200 -0.018 0.120 0.027
124.400 -0.016 0.121 0.026
124.600 -0.015 0.122 0.025
124.800 -0.014 0.122 0.023
125.000 -0.014 0.121 0.021
125.200 -0.015 0.119 0.021
125.400 -0.015 0.116 0.022
125.600 -0.016 0.113 0.023
125.800 -0.017 0.108 0.028
126.000 -0.019 0.105 0.033
126.200 -0.019 0.107 0.032
126.401 -0.022 0.101 0.029
126.600 -0.026 0.084 0.028
126.800 -0.023 0.068 0.030
127.001 -0.023 0.062 0.031
127.200 -0.021 0.063 0.028
127.400 -0.018 0.070 0.022
127.600 -0.022 0.077 0.015
127.801 -0.025 0.073 0.014
128.000 -0.030 0.075 0.017
128.200 -0.033 0.085 0.001
128.400 -0.034 0.102 -0.019
128.601 -0.032 0.111 -0.020
128.800 -0.027 0.124 -0.022
129.000 -0.016 0.144 -0.029
129.200 -0.008 0.153 -0.032
129.400 -0.004 0.156 -0.032
129.600 -0.002 0.155 -0.034
129.800 -0.004 0.149 -0.035
130.000 -0.005 0.136 -0.041
130.200 -0.012 0.132 -0.045
130.400 -0.019 0.130 -0.054
130.600 -0.029 0.123 -0.067
130.800 -0.038 0.115 -0.080
131.000 -0.032 0.129 -0.105
131.200 -0.028 0.168 -0.143
131.400 -0.030 0.220 -0.185
131.600 -0.027 0.268 -0.217
131.801 -0.028 0.316 -0.244
132.000 -0.024 0.346 -0.255
132.201 -0.025 0.350 -0.266
132.401 -0.021 0.331 -0.241
132.600 -0.015 0.311 -0.210
132.801 -0.004 0.301 -0.170
133.001 0.012 0.293 -0.127
133.200 0.022 0.281 -0.079
133.400 0.022 0.247 -0.040
133.600 0.013 0.193 -0.011
133.800 0.012 0.127 0.021
134.000 -0.007 0.064 0.037
134.200 -0.025 0.020 0.064
134.400 -0.034 -0.007 0.078
134.600 -0.039 -0.009 0.090
134.800 -0.042 0.014 0.092
135.000 -0.040 0.053 0.090
135.200 -0.033 0.092 0.097
135.400 -0.024 0.116 0.094
135.600 -0.019 0.124 0.086
135.801 -0.019 0.119 0.069
136.000 -0.020 0.108 0.050
136.200 -0.022 0.096 0.031
136.400 -0.020 0.088 0.005
136.601 -0.017 0.084 -0.014
136.801 -0.015 0.081 -0.027
137.000 -0.008 0.097 -0.037
137.201 -0.005 0.099 -0.039
137.401 -0.002 0.094 -0.035
137.600 -0.001 0.085 -0.027
137.800 -0.002 0.072 -0.024
138.000 -0.005 0.047 -0.024
138.200 -0.013 0.025 -0.031
138.400 -0.019 0.018 -0.037
138.600 -0.022 0.027 -0.046
138.800 -0.019 0.043 -0.055
139.000 -0.015 0.056 -0.053
139.200 -0.006 0.060 -0.054
139.400 -0.001 0.064 -0.060
139.601 -0.004 0.079 -0.071
139.800 -0.004 0.091 -0.081
140.000 -0.004 0.102 -0.086
140.200 -0.006 0.119 -0.086
140.400 -0.009 0.129 -0.088
140.601 -0.011 0.135 -0.090
140.800 -0.014 0.135 -0.089
141.000 -0.014 0.129 -0.091
141.200 -0.014 0.129 -0.083
141.401 -0.013 0.131 -0.072
141.600 -0.004 0.132 -0.057
141.802 0.007 0.135 -0.040
142.000 0.027 0.169 -0.025
142.200 0.049 0.230 -0.017
142.400 0.059 0.294 -0.019
142.600 0.056 0.350 -0.020
142.801 0.051 0.389 -0.009
143.001 0.034 0.413 -0.007
143.200 0.018 0.404 0.008
143.400 0.012 0.380 0.015
143.600 0.009 0.336 0.018
143.801 0.004 0.298 0.016
144.000 0.001 0.268 0.016
144.200 -0.003 0.234 0.022
144.400 -0.004 0.187 0.028
144.600 -0.006 0.126 0.032
144.800 -0.005 0.072 0.040
145.001 -0.014 0.027 0.052
145.201 -0.022 0.008 0.053
145.400 -0.024 0.015 0.052
145.601 -0.021 0.030 0.050
145.800 -0.020 0.048 0.048
146.000 -0.015 0.064 0.049
146.201 -0.013 0.073 0.064
146.400 -0.009 0.070 0.068
146.601 -0.014 0.058 0.064
146.800 -0.020 0.045 0.064
147.001 -0.024 0.036 0.061
147.201 -0.025 0.041 0.059
147.400 -0.030 0.058 0.046
147.601 -0.023 0.085 0.036
147.801 -0.023 0.108 0.020
148.001 -0.025 0.121 0.010
148.200 -0.023 0.130 0.005
148.401 -0.021 0.126 0.003
148.600 -0.021 0.123 0.003
148.800 -0.022 0.115 -0.001
149.000 -0.022 0.109 -0.003
149.201 -0.018 0.103 -0.002
149.400 -0.014 0.102 -0.002
149.600 -0.010 0.101 0.005
149.800 -0.006 0.103 0.008
150.000 -0.005 0.108 0.012
150.201 -0.006 0.113 0.016
150.401 -0.007 0.117 0.018
150.600 -0.012 0.117 0.025
150.801 -0.017 0.116 0.034
151.001 -0.021 0.113 0.041
151.200 -0.024 0.109 0.048
151.400 -0.022 0.103 0.050
151.600 -0.020 0.102 0.058
151.800 -0.015 0.100 0.063
152.000 -0.016 0.101 0.069
152.200 -0.014 0.103 0.070
152.400 -0.013 0.106 0.069
152.600 -0.008 0.108 0.064
152.800 -0.006 0.113 0.056
153.000 -0.005 0.116 0.055
153.200 -0.006 0.121 0.052
153.400 -0.007 0.121 0.049
153.600 -0.007 0.121 0.045
153.801 -0.008 0.118 0.044
154.000 -0.009 0.115 0.041
154.201 -0.010 0.112 0.040
154.400 -0.010 0.112 0.037
154.601 -0.009 0.111 0.032
154.800 -0.010 0.112 0.029
155.000 -0.011 0.113 0.026
155.200 -0.013 0.114 0.023
155.400 -0.014 0.115 0.022
155.600 -0.017 0.114 0.021
155.801 -0.020 0.112 0.022
156.000 -0.022 0.108 0.026
156.200 -0.022 0.108 0.029
156.401 -0.021 0.106 0.033
156.601 -0.019 0.097 0.037
156.800 -0.018 0.075 0.041
157.000 -0.017 0.058 0.045
157.200 -0.016 0.049 0.043
157.401 -0.016 0.051 0.036
157.600 -0.017 0.058 0.025
157.800 -0.018 0.068 0.012
158.000 -0.021 0.066 0.002
158.200 -0.026 0.079 -0.011
158.400 -0.026 0.080 -0.012
158.600 -0.023 0.091 -0.019
158.800 -0.022 0.106 -0.019
159.000 -0.025 0.129 -0.016
159.200 -0.024 0.143 -0.012
159.401 -0.024 0.158 -0.016
159.600 -0.023 0.156 -0.012
159.800 -0.020 0.148 -0.010
160.000 -0.021 0.144 -0.007
160.201 -0.016 0.136 -0.009
160.400 -0.013 0.133 -0.003
160.601 -0.007 0.135 0.001
160.800 0.002 0.136 0.009
161.001 0.007 0.134 0.017
161.201 0.007 0.133 0.022
161.400 0.003 0.137 0.022
161.600 0.012 0.183 0.023
161.800 0.028 0.254 0.033
162.000 0.033 0.331 0.041
162.201 0.037 0.395 0.047
162.401 0.045 0.446 0.051
162.601 0.039 0.421 0.041
162.801 0.058 0.502 0.043
163.001 0.044 0.509 0.039
163.200 0.021 0.497 0.025
163.401 -0.000 0.467 0.016
163.600 -0.017 0.417 0.003
163.801 -0.024 0.351 0.002
164.000 -0.028 0.250 0.001
164.201 -0.022 0.144 0.007
164.400 -0.019 0.076 0.002
164.601 -0.013 0.002 0.008
164.800 -0.012 -0.022 0.014
165.001 -0.015 -0.016 0.016
165.200 -0.033 0.006 0.018
165.400 -0.038 0.040 0.025
165.601 -0.029 0.074 0.030
165.801 -0.015 0.103 0.039
166.000 0.009 0.122 0.027
166.200 0.014 0.134 0.028
166.401 0.019 0.137 0.020
166.601 0.019 0.129 0.013
166.800 0.003 0.121 0.010
167.001 -0.006 0.112 -0.000
167.200 -0.022 0.106 0.003
167.400 -0.034 0.107 0.002
167.600 -0.040 0.110 0.000
167.800 -0.037 0.112 0.003
168.000 -0.032 0.114 0.004
168.201 -0.024 0.117 0.000
168.400 -0.019 0.120 0.004
168.600 -0.017 0.125 0.006
168.800 -0.018 0.125 0.007
169.001 -0.020 0.124 0.008
169.201 -0.025 0.121 0.015
169.401 -0.030 0.122 0.023
169.600 -0.033 0.123 0.028
169.801 -0.033 0.125 0.037
170.000 -0.031 0.125 0.049
170.201 -0.030 0.125 0.059
170.400 -0.026 0.123 0.069
170.600 -0.022 0.122 0.070
170.800 -0.015 0.112 0.068
171.000 -0.019 0.103 0.065
171.201 -0.020 0.092 0.058
171.401 -0.024 0.084 0.047
171.600 -0.033 0.072 0.031
171.800 -0.040 0.067 0.014
172.000 -0.040 0.071 -0.009
172.200 -0.037 0.077 -0.034
172.400 -0.035 0.075 -0.042
172.600 -0.033 0.077 -0.043
172.800 -0.025 0.088 -0.046
173.001 -0.016 0.097 -0.042
173.201 -0.007 0.107 -0.037
173.400 0.000 0.122 -0.038
173.600 0.001 0.140 -0.029
173.800 -0.003 0.144 -0.022
174.000 -0.010 0.140 -0.003
174.200 -0.022 0.149 0.000
174.400 -0.032 0.144 0.016
174.600 -0.034 0.150 0.019
174.800 -0.034 0.157 0.026
175.000 -0.023 0.156 0.033
175.200 -0.010 0.151 0.044
175.400 0.015 0.189 0.052
175.601 0.045 0.226 0.081
175.801 0.060 0.303 0.086
176.000 0.058 0.355 0.099
176.201 0.049 0.379 0.118
176.400 0.034 0.378 0.124
176.601 0.018 0.356 0.120
176.801 0.009 0.347 0.112
177.000 -0.006 0.325 0.081
177.201 -0.023 0.290 0.041
177.400 -0.039 0.268 0.001
177.601 -0.048 0.238 -0.022
177.800 -0.051 0.195 -0.043
178.000 -0.043 0.143 -0.058
178.201 -0.030 0.092 -0.074
178.402 -0.014 0.049 -0.088
178.600 -0.002 0.042 -0.101
178.801 0.001 0.024 -0.113
179.001 0.003 0.025 -0.114
179.201 0.014 0.030 -0.108
179.401 0.019 0.044 -0.108
179.600 0.017 0.064 -0.115
179.801 0.022 0.085 -0.105
180.000 0.026 0.098 -0.086
180.200 0.023 0.103 -0.067
180.401 0.017 0.093 -0.046
180.601 0.003 0.095 -0.015
180.801 -0.004 0.083 0.011
181.000 -0.012 0.070 0.032
181.200 -0.021 0.063 0.050
181.400 -0.030 0.060 0.052
181.600 -0.031 0.064 0.044
181.801 -0.032 0.072 0.031
182.000 -0.032 0.078 0.019
182.200 -0.027 0.084 0.011
182.401 -0.023 0.082 0.005
182.601 -0.028 0.069 0.010
182.801 -0.030 0.078 0.009
183.001 -0.027 0.090 0.003
183.200 -0.023 0.103 -0.002
183.400 -0.023 0.120 -0.004
183.601 -0.023 0.136 -0.011
183.801 -0.022 0.143 -0.002
184.000 -0.018 0.151 -0.010
184.201 -0.014 0.148 -0.007
184.400 -0.010 0.151 -0.012
184.601 -0.006 0.159 -0.019
184.800 -0.001 0.162 -0.031
185.001 0.005 0.158 -0.040
185.200 0.008 0.153 -0.054
185.400 0.004 0.145 -0.072
185.600 -0.004 0.140 -0.092
185.801 -0.011 0.139 -0.110
186.000 -0.015 0.134 -0.127
186.201 -0.021 0.136 -0.133
186.400 -0.022 0.129 -0.144
186.601 -0.024 0.125 -0.151
186.800 -0.023 0.118 -0.160
187.000 -0.023 0.116 -0.166
187.201 -0.021 0.117 -0.170
187.400 -0.019 0.122 -0.170
187.601 -0.015 0.124 -0.170
187.801 -0.013 0.129 -0.168
188.000 -0.010 0.130 -0.170
188.201 -0.010 0.131 -0.169
188.400 -0.012 0.131 -0.164
188.601 -0.015 0.132 -0.159
188.801 -0.018 0.131 -0.156
189.001 -0.021 0.128 -0.155
189.201 -0.027 0.130 -0.096
189.401 -0.035 0.155 -0.030
189.601 -0.053 0.249 -0.020
189.800 -0.036 0.312 -0.022
190.001 -0.012 0.368 -0.024
190.201 0.011 0.387 -0.009
190.400 0.030 0.370 0.004
190.600 0.033 0.346 0.010
190.801 0.032 0.313 0.004
191.000 0.027 0.299 -0.004
191.200 0.016 0.290 -0.018
191.401 0.018 0.270 -0.025
191.600 0.019 0.225 -0.025
191.801 0.017 0.162 -0.019
192.000 0.007 0.106 -0.014
192.201 -0.003 0.048 -0.005
192.400 -0.017 0.013 0.003
192.601 -0.023 0.009 0.011
192.800 -0.026 0.020 0.020
193.001 -0.027 0.040 0.024
193.201 -0.022 0.065 0.032
193.401 -0.017 0.087 0.052
193.600 -0.008 0.100 0.068
193.801 -0.002 0.103 0.081
194.001 -0.007 0.096 0.091
194.201 -0.020 0.087 0.096
194.400 -0.034 0.077 0.098
194.600 -0.043 0.069 0.096
194.800 -0.046 0.068 0.095
195.002 -0.043 0.076 0.093
195.201 -0.036 0.089 0.090
195.401 -0.027 0.100 0.087
195.600 -0.019 0.110 0.080
195.801 -0.013 0.116 0.077
196.000 -0.011 0.118 0.081
196.200 -0.014 0.116 0.084
196.400 -0.016 0.111 0.086
196.601 -0.019 0.103 0.093
196.801 -0.021 0.095 0.100
197.000 -0.021 0.093 0.106
197.200 -0.018 0.095 0.110
197.400 -0.018 0.100 0.109
197.600 -0.019 0.102 0.102
197.800 -0.024 0.095 0.089
198.000 -0.029 0.080 0.075
198.201 -0.027 0.064 0.067
198.400 -0.024 0.046 0.053
198.601 -0.025 0.037 0.028
198.801 -0.019 0.040 0.002
199.001 -0.011 0.052 -0.013
199.200 -0.007 0.064 -0.022
199.400 -0.011 0.078 -0.027
199.601 -0.018 0.095 -0.031
199.801 -0.022 0.106 -0.030
200.000 -0.022 0.115 -0.029
200.201 -0.028 0.129 -0.028
200.400 -0.030 0.134 -0.024
200.601 -0.029 0.135 -0.023
200.800 -0.030 0.139 -0.023
201.000 -0.030 0.134 -0.023
201.201 -0.028 0.135 -0.029
201.400 -0.026 0.143 -0.038
201.600 -0.024 0.142 -0.033
201.800 -0.027 0.146 -0.032
202.000 -0.027 0.157 -0.038
202.201 -0.027 0.156 -0.045
202.400 -0.026 0.153 -0.055
202.600 -0.026 0.147 -0.064
202.800 -0.028 0.137 -0.075
203.000 -0.031 0.133 -0.083
203.200 -0.032 0.126 -0.091
203.400 -0.033 0.125 -0.094
203.600 -0.030 0.123 -0.094
203.801 -0.030 0.125 -0.096
204.000 -0.028 0.127 -0.095
204.201 -0.027 0.129 -0.098
204.401 -0.024 0.130 -0.101
204.601 -0.021 0.129 -0.103
204.800 -0.022 0.132 -0.103
205.001 -0.021 0.129 -0.106
205.200 -0.024 0.133 -0.098
205.401 -0.023 0.130 -0.092
205.601 -0.025 0.132 -0.084
205.801 -0.026 0.129 -0.078
206.000 -0.028 0.131 -0.069
206.201 -0.025 0.127 -0.064
206.401 -0.025 0.129 -0.062
206.601 -0.022 0.128 -0.062
206.801 -0.020 0.129 -0.060
207.001 -0.020 0.126 -0.061
207.200 -0.018 0.127 -0.062
207.401 -0.018 0.124 -0.064
207.600 -0.020 0.126 -0.065
207.800 -0.021 0.126 -0.067
208.000 -0.022 0.126 -0.066
208.200 -0.023 0.128 -0.064
208.400 -0.024 0.134 -0.071
208.600 -0.023 0.126 -0.057
208.800 -0.025 0.134 -0.065
209.001 -0.025 0.146 -0.068
209.201 -0.022 0.140 -0.054
209.400 -0.021 0.131 -0.041
209.601 -0.026 0.141 -0.045
209.800 -0.027 0.136 -0.046
210.001 -0.028 0.132 -0.043
210.201 -0.022 0.120 -0.032
210.400 -0.024 0.125 -0.033
210.601 -0.022 0.120 -0.027
210.800 -0.024 0.123 -0.023
211.001 -0.024 0.129 -0.027
211.200 -0.025 0.140 -0.026
211.400 -0.027 0.146 -0.028
211.600 -0.023 0.133 -0.016
211.801 -0.023 0.130 -0.022
212.001 -0.024 0.132 -0.024
212.201 -0.027 0.136 -0.042
212.401 -0.025 0.123 -0.028
212.601 -0.025 0.119 -0.026
212.801 -0.024 0.120 -0.027
213.000 -0.022 0.119 -0.027
213.201 -0.023 0.124 -0.024
213.401 -0.025 0.130 -0.026
213.600 -0.026 0.137 -0.030
213.801 -0.024 0.130 -0.022
214.000 -0.026 0.130 -0.032
214.200 -0.023 0.125 -0.020
214.401 -0.027 0.133 -0.025
214.601 -0.023 0.122 -0.023
214.800 -0.021 0.119 -0.016
215.001 -0.021 0.124 -0.014
215.200 -0.022 0.131 -0.019
215.400 -0.021 0.127 -0.017
215.601 -0.022 0.131 -0.023
215.801 -0.026 0.133 -0.032
216.000 -0.023 0.125 -0.025
216.200 -0.024 0.124 -0.026
216.400 -0.024 0.123 -0.028
216.600 -0.025 0.120 -0.023
216.800 -0.025 0.123 -0.028
217.001 -0.027 0.134 -0.035
217.201 -0.028 0.141 -0.045
217.401 -0.025 0.125 -0.033
217.600 -0.025 0.127 -0.042
217.801 -0.025 0.128 -0.052
218.001 -0.026 0.130 -0.053
218.201 -0.024 0.122 -0.049
218.400 -0.028 0.135 -0.068
218.600 -0.026 0.126 -0.073
218.801 -0.026 0.121 -0.065
219.001 -0.029 0.124 -0.066
219.201 -0.027 0.123 -0.070
219.401 -0.028 0.128 -0.069
219.600 -0.027 0.124 -0.071
219.801 -0.026 0.123 -0.068
220.001 -0.026 0.122 -0.066
220.201 -0.028 0.121 -0.066
220.401 -0.027 0.122 -0.061
220.601 -0.026 0.120 -0.067
220.800 -0.026 0.123 -0.071
221.001 -0.025 0.123 -0.076
221.200 -0.027 0.127 -0.074
221.401 -0.028 0.126 -0.072
221.600 -0.029 0.123 -0.068
221.801 -0.028 0.122 -0.063
222.001 -0.028 0.123 -0.058
222.200 -0.027 0.127 -0.065
222.400 -0.031 0.139 -0.073
222.601 -0.027 0.131 -0.069
222.801 -0.024 0.124 -0.052
223.000 -0.024 0.129 -0.063
223.200 -0.025 0.129 -0.055
223.400 -0.022 0.121 -0.053
223.600 -0.023 0.129 -0.064
223.801 -0.026 0.133 -0.067
224.000 -0.023 0.123 -0.064
224.201 -0.028 0.130 -0.064
224.400 -0.027 0.123 -0.058
224.600 -0.031 0.135 -0.066
224.800 -0.030 0.136 -0.073
225.001 -0.026 0.118 -0.048
225.200 -0.026 0.121 -0.051
225.400 -0.024 0.117 -0.045
225.600 -0.023 0.124 -0.058
225.800 -0.022 0.122 -0.050
226.000 -0.025 0.140 -0.066
226.201 -0.023 0.124 -0.046
226.401 -0.026 0.130 -0.047
226.600 -0.026 0.124 -0.047
226.800 -0.033 0.131 -0.046
227.001 -0.025 0.118 -0.037
227.201 -0.027 0.127 -0.036
227.400 -0.026 0.131 -0.051
227.600 -0.023 0.124 -0.027
227.801 -0.020 0.123 -0.027
228.001 -0.021 0.122 -0.016
228.200 -0.024 0.130 -0.015
228.400 -0.024 0.129 -0.019
228.601 -0.027 0.133 -0.022
228.800 -0.024 0.115 -0.017
229.000 -0.024 0.117 -0.020
229.200 -0.023 0.117 -0.018
229.400 -0.024 0.118 -0.018
229.600 -0.021 0.127 -0.020
229.800 -0.015 0.145 -0.023
230.000 -0.006 0.166 -0.028
230.201 0.003 0.202 -0.040
230.400 0.004 0.213 -0.042
230.600 -0.002 0.195 -0.051
230.800 -0.020 0.164 -0.062
231.000 -0.039 0.128 -0.068
231.201 -0.055 0.090 -0.060
231.400 -0.062 0.058 -0.046
231.601 -0.064 0.053 -0.048
231.801 -0.056 0.048 -0.045
232.000 -0.045 0.069 -0.039
232.200 -0.040 0.093 -0.039
232.400 -0.031 0.121 -0.041
232.601 -0.026 0.148 -0.051
232.800 -0.022 0.154 -0.035
233.001 -0.021 0.153 -0.035
233.201 -0.019 0.145 -0.041
233.401 -0.019 0.121 -0.030
233.601 -0.016 0.110 -0.036
233.801 -0.014 0.107 -0.031
234.001 -0.012 0.106 -0.032
234.201 -0.009 0.113 -0.024
234.400 -0.003 0.119 -0.024
234.601 -0.001 0.129 -0.021
234.800 0.001 0.138 -0.014
235.000 -0.004 0.147 -0.014
235.200 -0.010 0.146 -0.013
235.400 -0.014 0.137 -0.011
235.601 -0.023 0.121 -0.001
235.801 -0.032 0.120 -0.007
236.000 -0.031 0.113 -0.002
236.201 -0.029 0.105 0.016
236.400 -0.022 0.110 0.012
236.600 -0.018 0.115 0.012
236.800 -0.010 0.111 0.021
237.000 -0.007 0.125 0.015
237.201 -0.006 0.134 0.012
237.401 -0.006 0.138 0.007
