0.000 0.130 0.130 1.590 -0.130 -0.130 1.417
0.200 0.167 0.167 1.801 -0.167 -0.167 1.626
0.399 0.200 0.200 1.848 -0.199 -0.200 1.671
0.599 0.231 0.231 1.856 -0.231 -0.231 1.679
0.800 0.264 0.263 1.857 -0.263 -0.264 1.679
1.000 0.297 0.297 1.856 -0.297 -0.297 1.676
1.200 0.333 0.333 1.857 -0.333 -0.333 1.676
1.400 0.371 0.371 1.855 -0.371 -0.371 1.674
1.600 0.412 0.412 1.851 -0.412 -0.412 1.669
1.801 0.457 0.457 1.851 -0.457 -0.457 1.669
2.000 0.506 0.506 1.851 -0.506 -0.506 1.668
2.200 0.559 0.559 1.849 -0.559 -0.559 1.666
2.401 0.617 0.617 1.849 -0.617 -0.617 1.665
2.600 0.680 0.680 1.848 -0.680 -0.680 1.664
2.800 0.749 0.749 1.849 -0.748 -0.749 1.665
3.001 0.823 0.822 1.846 -0.822 -0.822 1.662
3.200 0.902 0.902 1.846 -0.902 -0.902 1.661
3.401 0.988 0.987 1.845 -0.987 -0.988 1.660
3.600 1.080 1.079 1.844 -1.079 -1.080 1.660
3.801 1.178 1.178 1.846 -1.177 -1.178 1.661
4.000 1.283 1.282 1.847 -1.282 -1.282 1.662
4.200 1.394 1.394 1.846 -1.394 -1.394 1.661
4.400 1.513 1.513 1.846 -1.513 -1.513 1.660
4.600 1.638 1.638 1.847 -1.638 -1.638 1.661
4.800 1.771 1.771 1.844 -1.771 -1.771 1.659
5.001 1.912 1.911 1.847 -1.911 -1.912 1.662
5.200 2.060 2.059 1.848 -2.059 -2.060 1.663
5.400 2.215 2.215 1.847 -2.215 -2.215 1.662
5.600 2.379 2.379 1.847 -2.379 -2.379 1.661
5.800 2.550 2.550 1.845 -2.550 -2.551 1.660
6.000 2.730 2.730 1.849 -2.730 -2.731 1.663
6.200 2.918 2.918 1.846 -2.918 -2.919 1.660
6.401 3.114 3.114 1.844 -3.115 -3.115 1.659
6.600 3.319 3.319 1.845 -3.320 -3.320 1.660
6.800 3.533 3.533 1.849 -3.534 -3.534 1.664
7.000 3.755 3.756 1.848 -3.756 -3.756 1.662
7.200 3.987 3.987 1.847 -3.988 -3.987 1.661
7.401 4.227 4.228 1.845 -4.228 -4.228 1.660
7.600 4.476 4.477 1.847 -4.478 -4.477 1.662
7.800 4.735 4.737 1.848 -4.738 -4.736 1.662
8.000 5.003 5.005 1.848 -5.006 -5.004 1.663
8.200 5.281 5.283 1.848 -5.284 -5.282 1.663
8.400 5.568 5.570 1.847 -5.572 -5.569 1.661
8.600 5.860 5.868 1.849 -5.870 -5.865 1.664
8.800 6.148 6.160 1.849 -6.146 -6.167 1.662
9.000 6.404 6.449 1.850 -6.416 -6.446 1.663
9.200 6.707 6.756 1.846 -6.685 -6.770 1.660
9.400 7.041 7.063 1.847 -7.006 -7.098 1.660
9.600 7.315 7.379 1.843 -7.324 -7.376 1.656
9.800 7.518 7.730 1.836 -7.626 -7.685 1.649
10.000 7.740 8.079 1.831 -7.899 -8.040 1.644
10.200 8.039 8.419 1.833 -8.115 -8.333 1.645
10.401 8.330 8.676 1.831 -8.398 -8.572 1.643
10.600 8.697 8.981 1.835 -8.735 -8.718 1.648
10.800 9.032 9.350 1.842 -9.131 -8.913 1.656
11.000 9.295 9.754 1.848 -9.464 -9.257 1.661
11.200 9.512 10.165 1.844 -9.449 -9.523 1.654
11.401 9.890 10.666 1.824 -9.099 -9.733 1.634
11.600 10.360 11.033 1.793 -8.601 -10.172 1.602
11.800 10.923 11.014 1.750 -8.041 -10.780 1.557
12.000 11.396 10.946 1.705 -7.824 -11.276 1.514
12.201 11.818 11.267 1.667 -8.039 -11.723 1.479
12.400 11.864 11.725 1.622 -8.520 -12.145 1.433
12.600 11.635 12.143 1.556 -9.114 -12.626 1.368
12.800 11.787 12.526 1.503 -9.457 -13.135 1.316
13.000 12.090 12.977 1.460 -9.670 -13.604 1.272
13.200 12.288 13.318 1.419 -9.741 -13.994 1.229
13.400 12.535 13.603 1.374 -9.835 -14.362 1.186
13.600 13.040 13.763 1.343 -9.890 -14.962 1.156
13.801 13.558 14.191 1.313 -9.906 -15.519 1.127
14.000 13.978 14.667 1.268 -10.180 -16.012 1.082
14.200 -0.118 0.524 0.973 -0.163 0.479 0.928
14.402 -0.103 0.533 0.951 -0.155 0.481 0.897
14.600 -0.093 0.536 0.916 -0.139 0.490 0.869
14.800 -0.079 0.542 0.900 -0.134 0.487 0.845
15.000 -0.072 0.540 0.884 -0.119 0.493 0.836
15.200 -0.058 0.545 0.882 -0.113 0.491 0.826
15.400 -0.047 0.550 0.883 -0.108 0.489 0.820
15.600 -0.041 0.550 0.882 -0.099 0.493 0.824
15.801 -0.036 0.553 0.887 -0.093 0.496 0.828
16.001 -0.034 0.556 0.891 -0.088 0.502 0.835
16.200 -0.032 0.561 0.898 -0.086 0.507 0.843
16.400 -0.031 0.567 0.910 -0.087 0.511 0.852
16.600 -0.031 0.572 0.920 -0.088 0.516 0.862
16.800 -0.034 0.575 0.928 -0.085 0.524 0.876
17.001 -0.038 0.576 0.937 -0.083 0.531 0.891
17.200 -0.038 0.581 0.953 -0.086 0.533 0.904
17.400 -0.022 0.602 0.994 -0.105 0.519 0.908
17.600 -0.000 0.628 1.056 -0.129 0.499 0.925
17.800 0.005 0.640 1.092 -0.141 0.494 0.948
18.000 -0.019 0.629 1.077 -0.149 0.499 0.945
18.201 -0.110 0.567 0.979 -0.167 0.511 0.921
18.400 -0.194 0.533 0.939 -0.251 0.476 0.881
18.601 -0.265 0.511 0.900 -0.315 0.462 0.849
18.800 -0.302 0.494 0.855 -0.355 0.441 0.801
19.001 -0.313 0.447 0.803 -0.371 0.389 0.742
19.200 -0.306 0.387 0.753 -0.372 0.321 0.685
19.400 -0.308 0.323 0.689 -0.354 0.277 0.642
19.600 -0.338 0.281 0.638 -0.389 0.231 0.585
19.801 -0.400 0.239 0.585 -0.450 0.189 0.533
20.000 -0.463 0.209 0.542 -0.516 0.156 0.486
20.201 -0.515 0.183 0.491 -0.564 0.133 0.440
20.400 -0.550 0.146 0.428 -0.588 0.108 0.390
20.600 -0.568 0.115 0.373 -0.616 0.067 0.324
20.800 -0.584 0.085 0.312 -0.636 0.033 0.258
21.002 -0.603 0.063 0.243 -0.650 0.016 0.195
21.200 -0.622 0.049 0.174 -0.667 0.005 0.128
21.400 -0.640 0.042 0.103 -0.687 -0.005 0.055
21.600 -0.654 0.038 0.036 -0.705 -0.013 -0.017
21.800 -0.664 0.035 -0.019 -0.719 -0.019 -0.076
22.000 -0.671 0.032 -0.062 -0.727 -0.024 -0.120
22.200 -0.673 0.028 -0.094 -0.728 -0.027 -0.151
22.400 -0.672 0.024 -0.119 -0.725 -0.030 -0.174
22.601 -0.669 0.021 -0.138 -0.721 -0.031 -0.192
22.800 -0.664 0.018 -0.150 -0.719 -0.037 -0.207
23.000 -0.660 0.015 -0.162 -0.714 -0.038 -0.217
23.201 -0.657 0.012 -0.171 -0.711 -0.041 -0.225
23.400 -0.652 0.013 -0.171 -0.712 -0.047 -0.233
23.600 -0.652 0.009 -0.177 -0.708 -0.046 -0.234
23.801 -0.653 0.008 -0.178 -0.711 -0.050 -0.238
24.001 -0.654 0.007 -0.179 -0.713 -0.053 -0.241
24.201 -0.640 0.018 -0.159 -0.726 -0.068 -0.250
24.400 -0.660 -0.002 -0.185 -0.710 -0.052 -0.237
24.600 -0.659 -0.003 -0.181 -0.712 -0.055 -0.235
24.800 -0.661 -0.005 -0.181 -0.711 -0.055 -0.232
25.000 -0.659 -0.000 -0.171 -0.717 -0.058 -0.231
25.200 -0.659 -0.000 -0.166 -0.718 -0.059 -0.227
25.401 -0.659 0.001 -0.158 -0.720 -0.060 -0.221
25.600 -0.662 0.000 -0.150 -0.722 -0.059 -0.211
25.800 -0.626 0.039 -0.071 -0.760 -0.095 -0.207
26.000 -0.553 0.115 0.079 -0.832 -0.165 -0.104
26.200 -0.488 0.182 0.120 -0.896 -0.226 -0.066
26.400 -0.420 0.249 0.143 -0.961 -0.291 -0.042
26.601 -0.678 0.003 -0.064 -0.732 -0.051 -0.117
26.800 -0.684 0.004 -0.054 -0.740 -0.052 -0.112
27.000 -0.684 0.001 -0.033 -0.744 -0.058 -0.095
27.200 -0.688 -0.001 -0.015 -0.747 -0.060 -0.076
27.401 -0.694 -0.006 0.000 -0.747 -0.059 -0.054
27.600 -0.692 -0.002 0.029 -0.756 -0.066 -0.038
27.800 -0.692 -0.001 0.055 -0.761 -0.069 -0.017
28.000 -0.703 -0.010 0.067 -0.756 -0.063 0.012
28.201 -0.704 -0.009 0.091 -0.759 -0.064 0.034
28.400 -0.705 -0.009 0.115 -0.762 -0.066 0.056
28.601 -0.708 -0.011 0.136 -0.762 -0.065 0.080
28.801 -0.708 -0.012 0.158 -0.763 -0.066 0.102
29.001 -0.707 -0.011 0.179 -0.765 -0.069 0.120
29.200 -0.709 -0.015 0.197 -0.762 -0.068 0.143
29.402 -0.709 -0.017 0.217 -0.760 -0.068 0.166
29.600 -0.705 -0.016 0.246 -0.760 -0.071 0.189
29.801 -0.704 -0.019 0.268 -0.755 -0.071 0.215
30.000 -0.698 -0.019 0.297 -0.755 -0.075 0.239
30.200 -0.697 -0.022 0.320 -0.749 -0.075 0.266
30.400 -0.693 -0.025 0.346 -0.744 -0.075 0.294
30.601 -0.687 -0.025 0.374 -0.741 -0.079 0.318
30.800 -0.683 -0.027 0.403 -0.735 -0.080 0.348
31.000 -0.680 -0.030 0.428 -0.728 -0.078 0.379
31.200 -0.674 -0.030 0.457 -0.723 -0.079 0.406
31.400 -0.668 -0.031 0.486 -0.717 -0.080 0.436
31.600 -0.666 -0.033 0.513 -0.712 -0.079 0.466
31.801 -0.660 -0.032 0.537 -0.709 -0.082 0.487
32.000 -0.657 -0.031 0.535 -0.708 -0.083 0.482
32.201 -0.650 -0.028 0.542 -0.709 -0.087 0.480
32.400 -0.650 -0.031 0.545 -0.702 -0.082 0.491
32.600 -0.647 -0.029 0.550 -0.699 -0.080 0.496
32.800 -0.646 -0.030 0.549 -0.695 -0.080 0.497
33.000 -0.644 -0.026 0.531 -0.699 -0.081 0.474
33.200 -0.648 -0.025 0.511 -0.702 -0.079 0.456
33.401 -0.648 -0.024 0.504 -0.704 -0.080 0.446
33.600 -0.650 -0.025 0.500 -0.703 -0.079 0.445
33.800 -0.645 -0.022 0.505 -0.706 -0.082 0.442
34.000 -0.650 -0.029 0.498 -0.697 -0.076 0.449
34.200 -0.649 -0.029 0.503 -0.695 -0.076 0.455
34.400 -0.648 -0.029 0.492 -0.696 -0.078 0.442
34.600 -0.638 -0.017 0.483 -0.713 -0.092 0.403
34.800 -0.657 -0.031 0.443 -0.704 -0.079 0.393
35.000 -0.660 -0.032 0.432 -0.709 -0.080 0.382
35.200 -0.659 -0.030 0.429 -0.713 -0.084 0.373
35.401 -0.663 -0.033 0.423 -0.713 -0.083 0.373
35.601 -0.663 -0.033 0.423 -0.714 -0.084 0.371
35.800 -0.664 -0.034 0.425 -0.715 -0.085 0.372
36.000 -0.662 -0.032 0.433 -0.719 -0.089 0.374
36.200 -0.662 -0.032 0.440 -0.721 -0.091 0.380
36.400 -0.661 -0.029 0.454 -0.725 -0.093 0.387
36.600 -0.664 -0.029 0.448 -0.727 -0.092 0.383
36.800 -0.674 -0.032 0.412 -0.726 -0.083 0.359
37.001 -0.678 -0.027 0.377 -0.736 -0.085 0.318
37.200 -0.689 -0.030 0.313 -0.736 -0.077 0.265
37.401 -0.694 -0.026 0.258 -0.744 -0.076 0.206
37.600 -0.695 -0.019 0.200 -0.752 -0.076 0.140
37.801 -0.702 -0.016 0.135 -0.757 -0.071 0.077
38.000 -0.710 -0.011 0.064 -0.761 -0.062 0.013
38.201 -0.715 -0.005 0.008 -0.768 -0.057 -0.046
38.400 -0.716 -0.000 -0.033 -0.773 -0.057 -0.091
38.601 -0.719 0.002 -0.066 -0.774 -0.054 -0.123
38.800 -0.723 0.004 -0.093 -0.777 -0.050 -0.149
39.000 -0.720 0.009 -0.106 -0.780 -0.051 -0.168
39.200 -0.722 0.010 -0.117 -0.779 -0.048 -0.176
39.401 -0.725 0.011 -0.120 -0.781 -0.045 -0.178
39.600 -0.728 0.014 -0.116 -0.786 -0.045 -0.177
39.801 -0.735 0.014 -0.114 -0.788 -0.039 -0.169
40.000 -0.740 0.019 -0.105 -0.796 -0.037 -0.162
40.201 -0.749 0.021 -0.098 -0.802 -0.032 -0.152
40.400 -0.753 0.026 -0.086 -0.810 -0.031 -0.144
40.601 -0.762 0.029 -0.077 -0.818 -0.027 -0.135
40.800 -0.770 0.030 -0.070 -0.824 -0.024 -0.126
41.000 -0.779 0.027 -0.067 -0.828 -0.021 -0.116
41.200 -0.784 0.027 -0.059 -0.832 -0.021 -0.108
41.400 -0.784 0.029 -0.045 -0.837 -0.024 -0.099
41.600 -0.786 0.027 -0.037 -0.837 -0.024 -0.089
41.800 -0.786 0.026 -0.025 -0.837 -0.025 -0.078
42.000 -0.786 0.024 -0.013 -0.836 -0.026 -0.065
42.201 -0.782 0.025 0.003 -0.837 -0.030 -0.054
42.400 -0.780 0.024 0.016 -0.834 -0.029 -0.039
42.601 -0.776 0.025 0.032 -0.831 -0.030 -0.025
42.800 -0.775 0.022 0.043 -0.825 -0.028 -0.009
43.000 -0.767 0.025 0.059 -0.823 -0.031 0.001
43.200 -0.761 0.024 0.068 -0.818 -0.032 0.009
43.400 -0.743 0.038 0.094 -0.828 -0.047 0.005
43.600 -0.757 0.020 0.067 -0.808 -0.031 0.015
43.800 -0.752 0.020 0.066 -0.806 -0.033 0.010
44.001 -0.749 0.021 0.060 -0.805 -0.035 0.002
44.204 -0.750 0.018 0.048 -0.801 -0.033 -0.004
44.400 -0.749 0.016 0.039 -0.797 -0.032 -0.010
44.600 -0.746 0.019 0.035 -0.799 -0.035 -0.020
44.801 -0.742 0.022 0.035 -0.801 -0.036 -0.026
45.001 -0.741 0.023 0.031 -0.800 -0.035 -0.029
45.200 -0.740 0.024 0.031 -0.800 -0.036 -0.030
45.401 -0.742 0.023 0.031 -0.798 -0.034 -0.027
45.600 -0.741 0.024 0.036 -0.799 -0.034 -0.025
45.800 -0.742 0.025 0.040 -0.800 -0.034 -0.021
46.000 -0.746 0.021 0.040 -0.797 -0.030 -0.013
46.200 -0.747 0.020 0.042 -0.796 -0.029 -0.008
46.400 -0.746 0.021 0.047 -0.797 -0.029 -0.005
46.600 -0.746 0.022 0.050 -0.797 -0.028 -0.002
46.801 -0.746 0.022 0.051 -0.796 -0.027 -0.001
47.000 -0.745 0.023 0.051 -0.795 -0.027 -0.001
47.200 -0.742 0.026 0.051 -0.797 -0.028 -0.005
47.400 -0.741 0.028 0.049 -0.797 -0.028 -0.009
47.600 -0.741 0.028 0.044 -0.796 -0.026 -0.012
47.800 -0.741 0.028 0.040 -0.794 -0.025 -0.015
48.000 -0.739 0.031 0.039 -0.796 -0.027 -0.020
48.200 -0.740 0.030 0.036 -0.796 -0.025 -0.021
48.400 -0.737 0.033 0.039 -0.797 -0.027 -0.023
48.600 -0.740 0.030 0.035 -0.795 -0.025 -0.022
48.800 -0.739 0.031 0.036 -0.794 -0.024 -0.021
49.001 -0.739 0.030 0.037 -0.793 -0.024 -0.018
49.200 -0.739 0.030 0.040 -0.792 -0.023 -0.014
49.400 -0.738 0.030 0.043 -0.791 -0.023 -0.012
49.600 -0.738 0.030 0.044 -0.790 -0.021 -0.009
49.800 -0.717 0.052 0.078 -0.810 -0.042 -0.020
50.000 -0.737 0.031 0.046 -0.788 -0.020 -0.006
50.201 -0.738 0.031 0.044 -0.787 -0.018 -0.006
50.400 -0.733 0.035 0.047 -0.788 -0.020 -0.010
50.600 -0.734 0.034 0.044 -0.786 -0.018 -0.010
50.800 -0.733 0.035 0.041 -0.785 -0.018 -0.013
51.000 -0.732 0.034 0.039 -0.784 -0.018 -0.014
51.200 -0.731 0.034 0.038 -0.783 -0.018 -0.016
51.400 -0.733 0.032 0.032 -0.780 -0.015 -0.015
51.600 -0.731 0.033 0.033 -0.780 -0.016 -0.017
51.800 -0.725 0.037 0.039 -0.782 -0.020 -0.020
52.001 -0.726 0.036 0.038 -0.780 -0.018 -0.018
52.201 -0.725 0.036 0.038 -0.778 -0.017 -0.017
52.400 -0.724 0.036 0.040 -0.777 -0.017 -0.015
52.600 -0.726 0.033 0.037 -0.773 -0.014 -0.012
52.801 -0.724 0.035 0.038 -0.773 -0.014 -0.012
53.000 -0.722 0.036 0.039 -0.771 -0.013 -0.012
53.201 -0.719 0.038 0.040 -0.771 -0.014 -0.014
53.400 -0.717 0.039 0.040 -0.770 -0.013 -0.013
53.600 -0.716 0.040 0.040 -0.768 -0.012 -0.013
53.801 -0.714 0.041 0.041 -0.768 -0.013 -0.014
54.000 -0.714 0.040 0.037 -0.765 -0.011 -0.015
54.200 -0.711 0.042 0.040 -0.766 -0.012 -0.016
54.400 -0.709 0.044 0.040 -0.765 -0.013 -0.018
54.600 -0.707 0.044 0.040 -0.764 -0.013 -0.019
54.800 -0.709 0.041 0.035 -0.760 -0.009 -0.017
55.000 -0.699 0.051 0.048 -0.768 -0.018 -0.025
55.201 -0.705 0.044 0.037 -0.759 -0.010 -0.019
55.400 -0.705 0.043 0.035 -0.756 -0.009 -0.018
55.600 -0.705 0.042 0.034 -0.755 -0.008 -0.017
55.800 -0.705 0.041 0.035 -0.754 -0.008 -0.016
56.000 -0.704 0.041 0.035 -0.754 -0.009 -0.016
56.200 -0.698 0.046 0.043 -0.759 -0.014 -0.019
56.400 -0.703 0.041 0.037 -0.753 -0.010 -0.015
56.600 -0.699 0.044 0.042 -0.756 -0.013 -0.017
56.801 -0.700 0.042 0.041 -0.755 -0.013 -0.016
57.000 -0.700 0.041 0.041 -0.753 -0.012 -0.014
57.200 -0.695 0.040 0.043 -0.749 -0.014 -0.012
57.400 -0.678 0.036 0.046 -0.733 -0.019 -0.010
57.600 -0.647 0.031 0.048 -0.703 -0.026 -0.010
57.800 -0.593 0.035 0.066 -0.670 -0.043 -0.015
58.000 -0.545 0.022 0.057 -0.606 -0.039 -0.006
58.200 -0.491 0.014 0.054 -0.543 -0.038 0.001
58.400 -0.430 0.011 0.055 -0.481 -0.039 0.003
58.601 -0.364 0.013 0.058 -0.421 -0.044 0.000
58.800 -0.304 0.011 0.054 -0.357 -0.042 0.000
59.001 -0.234 0.014 0.057 -0.294 -0.047 -0.006
59.200 -0.172 0.013 0.053 -0.231 -0.045 -0.008
59.400 -0.118 0.013 0.047 -0.172 -0.041 -0.010
59.600 -0.073 0.015 0.044 -0.127 -0.039 -0.012
59.800 -0.041 0.014 0.036 -0.089 -0.034 -0.014
60.000 -0.010 0.017 0.036 -0.063 -0.036 -0.019
60.200 0.011 0.014 0.029 -0.034 -0.031 -0.018
60.401 0.033 0.014 0.026 -0.012 -0.031 -0.020
60.602 0.055 0.018 0.029 0.003 -0.034 -0.025
60.800 0.068 0.018 0.027 0.018 -0.032 -0.025
61.000 0.077 0.020 0.026 0.026 -0.031 -0.026
61.201 0.078 0.020 0.021 0.030 -0.027 -0.027
61.401 0.088 0.033 0.031 0.023 -0.032 -0.036
61.601 0.076 0.028 0.018 0.027 -0.021 -0.032
61.800 0.074 0.034 0.020 0.021 -0.020 -0.034
62.001 0.070 0.037 0.022 0.015 -0.018 -0.034
62.200 0.065 0.040 0.028 0.004 -0.021 -0.035
62.400 0.060 0.041 0.031 -0.002 -0.020 -0.032
62.603 0.054 0.040 0.034 -0.009 -0.022 -0.030
62.800 0.048 0.038 0.034 -0.009 -0.020 -0.025
63.000 0.046 0.039 0.041 -0.018 -0.025 -0.026
63.200 0.042 0.035 0.041 -0.017 -0.023 -0.020
63.400 0.041 0.034 0.043 -0.015 -0.022 -0.015
63.600 0.034 0.027 0.037 -0.010 -0.017 -0.009
63.800 0.040 0.033 0.047 -0.018 -0.025 -0.013
64.000 0.033 0.026 0.039 -0.012 -0.019 -0.007
64.200 0.032 0.025 0.039 -0.015 -0.021 -0.009
64.400 0.036 0.031 0.045 -0.020 -0.026 -0.014
64.601 0.033 0.027 0.037 -0.016 -0.022 -0.013
64.801 0.031 0.026 0.035 -0.017 -0.021 -0.014
65.000 0.032 0.029 0.036 -0.020 -0.024 -0.019
65.200 0.034 0.032 0.039 -0.024 -0.026 -0.021
65.401 0.030 0.029 0.033 -0.021 -0.022 -0.020
65.600 0.028 0.029 0.032 -0.023 -0.022 -0.020
65.800 0.026 0.029 0.031 -0.022 -0.020 -0.019
66.001 0.032 0.036 0.042 -0.033 -0.028 -0.026
66.200 0.019 0.025 0.029 -0.024 -0.018 -0.015
66.400 0.021 0.031 0.036 -0.032 -0.022 -0.019
66.600 0.021 0.035 0.043 -0.041 -0.028 -0.023
66.800 0.020 0.036 0.048 -0.046 -0.030 -0.020
67.000 0.017 0.037 0.044 -0.043 -0.023 -0.018
67.200 -0.002 0.037 0.023 -0.056 -0.017 -0.034
67.400 -0.033 0.052 0.000 -0.092 -0.008 -0.060
67.600 -0.084 0.055 -0.028 -0.139 0.001 -0.083
67.800 -0.139 0.057 -0.047 -0.194 0.002 -0.104
68.000 -0.202 0.052 -0.068 -0.252 0.001 -0.120
68.200 -0.262 0.052 -0.079 -0.320 -0.005 -0.138
68.401 -0.324 0.051 -0.086 -0.382 -0.007 -0.146
68.601 -0.385 0.054 -0.080 -0.453 -0.015 -0.152
68.800 -0.440 0.061 -0.056 -0.530 -0.029 -0.150
69.000 -0.497 0.069 -0.023 -0.610 -0.043 -0.140
69.200 -0.583 0.054 -0.028 -0.674 -0.036 -0.123
69.400 -0.648 0.048 -0.018 -0.732 -0.036 -0.106
69.600 -0.695 0.044 -0.007 -0.776 -0.037 -0.092
69.802 -0.735 0.038 0.001 -0.808 -0.035 -0.075
70.000 -0.770 0.027 0.001 -0.823 -0.026 -0.054
70.200 -0.793 0.027 0.017 -0.848 -0.028 -0.040
70.401 -0.816 0.025 0.032 -0.869 -0.028 -0.023
70.600 -0.830 0.025 0.049 -0.886 -0.031 -0.009
70.800 -0.842 0.023 0.060 -0.897 -0.032 0.003
71.001 -0.846 0.024 0.067 -0.902 -0.032 0.009
71.200 -0.844 0.026 0.073 -0.904 -0.035 0.010
71.401 -0.840 0.025 0.072 -0.901 -0.036 0.009
71.601 -0.837 0.023 0.069 -0.893 -0.033 0.012
71.800 -0.828 0.022 0.064 -0.883 -0.033 0.007
72.001 -0.815 0.023 0.064 -0.876 -0.039 -0.000
72.201 -0.811 0.016 0.050 -0.861 -0.034 -0.000
72.401 -0.801 0.019 0.053 -0.856 -0.036 -0.003
72.603 -0.794 0.017 0.049 -0.850 -0.038 -0.008
72.800 -0.789 0.017 0.047 -0.843 -0.037 -0.010
73.000 -0.786 0.018 0.045 -0.840 -0.036 -0.010
73.200 -0.787 0.016 0.041 -0.834 -0.032 -0.008
73.400 -0.783 0.018 0.042 -0.830 -0.030 -0.007
73.600 -0.778 0.022 0.046 -0.830 -0.030 -0.009
73.800 -0.775 0.023 0.045 -0.825 -0.027 -0.006
74.000 -0.770 0.026 0.048 -0.823 -0.028 -0.007
74.200 -0.766 0.028 0.051 -0.822 -0.028 -0.006
74.400 -0.763 0.028 0.051 -0.818 -0.028 -0.006
74.600 -0.759 0.028 0.052 -0.816 -0.029 -0.007
74.800 -0.747 0.035 0.062 -0.820 -0.037 -0.014
75.002 -0.754 0.025 0.048 -0.808 -0.029 -0.008
75.200 -0.753 0.023 0.045 -0.805 -0.029 -0.008
75.400 -0.732 0.039 0.069 -0.819 -0.047 -0.022
75.600 -0.744 0.022 0.045 -0.798 -0.032 -0.010
75.800 -0.732 0.022 0.046 -0.787 -0.033 -0.011
76.001 -0.710 0.023 0.049 -0.767 -0.034 -0.010
76.200 -0.680 0.021 0.048 -0.734 -0.032 -0.007
76.400 -0.633 0.025 0.056 -0.693 -0.036 -0.007
76.600 -0.580 0.024 0.059 -0.640 -0.036 -0.003
76.800 -0.523 0.023 0.062 -0.583 -0.037 -0.001
77.000 -0.471 0.014 0.054 -0.517 -0.033 0.006
77.200 -0.404 0.016 0.059 -0.459 -0.039 0.002
77.400 -0.338 0.016 0.059 -0.395 -0.041 0.000
77.600 -0.270 0.018 0.058 -0.329 -0.040 -0.002
77.800 -0.202 0.020 0.055 -0.258 -0.036 -0.003
78.000 -0.143 0.020 0.049 -0.195 -0.032 -0.004
78.201 -0.090 0.023 0.044 -0.139 -0.027 -0.007
78.400 -0.047 0.026 0.041 -0.097 -0.023 -0.011
78.600 -0.009 0.032 0.043 -0.067 -0.026 -0.016
78.800 0.020 0.036 0.042 -0.040 -0.024 -0.020
79.000 0.042 0.035 0.033 -0.011 -0.018 -0.021
79.200 0.064 0.038 0.032 0.010 -0.017 -0.024
79.400 0.079 0.037 0.028 0.027 -0.014 -0.025
79.600 0.090 0.039 0.029 0.034 -0.017 -0.029
79.801 0.093 0.038 0.025 0.038 -0.016 -0.032
80.000 0.090 0.035 0.018 0.040 -0.015 -0.034
80.200 0.085 0.033 0.012 0.039 -0.013 -0.035
80.400 0.082 0.033 0.011 0.034 -0.014 -0.038
80.600 0.081 0.038 0.016 0.024 -0.019 -0.043
80.800 0.071 0.033 0.013 0.021 -0.017 -0.038
81.001 0.064 0.031 0.016 0.015 -0.018 -0.035
81.200 0.057 0.029 0.019 0.009 -0.019 -0.030
81.401 0.051 0.027 0.024 0.004 -0.020 -0.024
81.600 0.046 0.026 0.030 -0.002 -0.022 -0.020
81.800 0.034 0.031 0.045 -0.047 -0.050 -0.040
82.001 -0.036 -0.010 0.001 -0.081 -0.055 -0.045
82.200 -0.097 -0.027 -0.016 -0.143 -0.072 -0.063
82.400 -0.167 -0.041 -0.036 -0.211 -0.084 -0.081
82.600 -0.240 -0.046 -0.047 -0.292 -0.098 -0.100
82.800 -0.320 -0.051 -0.059 -0.371 -0.102 -0.112
83.000 -0.398 -0.048 -0.064 -0.452 -0.102 -0.119
83.201 -0.470 -0.034 -0.046 -0.542 -0.106 -0.122
83.400 -0.554 -0.029 -0.043 -0.613 -0.089 -0.104
83.600 -0.623 -0.017 -0.029 -0.678 -0.072 -0.086
83.800 -0.676 -0.004 -0.014 -0.732 -0.060 -0.072
84.000 -0.720 0.000 -0.007 -0.765 -0.045 -0.053
84.200 -0.749 0.010 0.011 -0.797 -0.039 -0.039
84.400 -0.776 0.015 0.024 -0.823 -0.032 -0.024
84.601 -0.795 0.023 0.043 -0.848 -0.029 -0.012
84.801 -0.816 0.028 0.052 -0.865 -0.022 0.002
85.000 -0.828 0.035 0.063 -0.881 -0.018 0.009
85.200 -0.836 0.041 0.067 -0.890 -0.013 0.011
85.400 -0.841 0.046 0.066 -0.895 -0.007 0.010
85.600 -0.842 0.046 0.060 -0.892 -0.004 0.008
85.800 -0.838 0.045 0.056 -0.887 -0.004 0.006
86.000 -0.833 0.042 0.053 -0.883 -0.007 0.002
86.201 -0.825 0.041 0.053 -0.879 -0.013 -0.002
86.400 -0.817 0.036 0.051 -0.870 -0.017 -0.004
86.600 -0.808 0.037 0.055 -0.869 -0.024 -0.009
86.800 -0.803 0.029 0.050 -0.856 -0.024 -0.005
87.000 -0.796 0.025 0.050 -0.849 -0.028 -0.005
87.200 -0.789 0.021 0.052 -0.843 -0.033 -0.004
87.400 -0.784 0.016 0.051 -0.836 -0.036 -0.002
87.600 -0.778 0.012 0.053 -0.831 -0.040 -0.001
87.800 -0.773 0.008 0.053 -0.825 -0.045 -0.001
88.000 -0.766 0.003 0.054 -0.819 -0.050 -0.001
88.200 -0.759 -0.000 0.056 -0.815 -0.056 -0.001
88.400 -0.752 -0.003 0.057 -0.811 -0.062 -0.004
88.600 -0.751 -0.011 0.050 -0.803 -0.063 -0.003
88.801 -0.747 -0.015 0.048 -0.798 -0.066 -0.005
89.000 -0.743 -0.019 0.047 -0.795 -0.070 -0.006
89.201 -0.738 -0.021 0.047 -0.792 -0.075 -0.009
89.400 -0.737 -0.026 0.042 -0.788 -0.076 -0.010
89.600 -0.736 -0.029 0.040 -0.785 -0.078 -0.010
89.800 -0.733 -0.031 0.041 -0.784 -0.082 -0.012
90.000 -0.731 -0.033 0.040 -0.781 -0.084 -0.011
90.200 -0.729 -0.034 0.041 -0.780 -0.086 -0.012
90.401 -0.728 -0.037 0.040 -0.777 -0.086 -0.011
90.600 -0.722 -0.033 0.046 -0.780 -0.091 -0.014
90.800 -0.712 -0.024 0.060 -0.788 -0.100 -0.020
91.000 -0.725 -0.036 0.041 -0.774 -0.086 -0.010
91.200 -0.723 -0.034 0.041 -0.772 -0.083 -0.009
91.400 -0.719 -0.029 0.044 -0.774 -0.083 -0.012
91.600 -0.720 -0.028 0.041 -0.771 -0.079 -0.012
91.801 -0.720 -0.025 0.041 -0.771 -0.077 -0.012
92.000 -0.718 -0.021 0.042 -0.772 -0.075 -0.014
92.200 -0.717 -0.020 0.041 -0.770 -0.073 -0.015
92.400 -0.715 -0.017 0.040 -0.768 -0.071 -0.015
92.600 -0.713 -0.015 0.041 -0.767 -0.069 -0.015
92.800 -0.707 -0.010 0.046 -0.769 -0.072 -0.017
93.001 -0.710 -0.015 0.038 -0.761 -0.066 -0.014
93.200 -0.709 -0.015 0.037 -0.759 -0.065 -0.014
93.400 -0.707 -0.015 0.037 -0.758 -0.065 -0.015
93.600 -0.676 0.016 0.086 -0.785 -0.093 -0.029
93.800 -0.597 0.095 0.249 -0.859 -0.168 0.067
94.000 -0.530 0.162 0.284 -0.922 -0.230 0.099
94.200 -0.462 0.229 0.275 -0.985 -0.293 0.090
94.400 -0.390 0.299 0.238 -1.052 -0.362 0.053
94.600 -0.690 0.005 -0.097 -0.777 -0.082 -0.189
94.800 -0.709 -0.013 -0.155 -0.760 -0.063 -0.207
95.000 -0.710 -0.011 -0.168 -0.759 -0.059 -0.218
95.200 -0.706 -0.005 -0.163 -0.760 -0.058 -0.219
95.401 -0.704 -0.000 -0.151 -0.757 -0.054 -0.205
95.600 -0.705 0.003 -0.133 -0.756 -0.049 -0.186
95.800 -0.704 0.006 -0.111 -0.758 -0.048 -0.166
96.000 -0.703 0.011 -0.086 -0.760 -0.046 -0.144
96.200 -0.699 0.017 -0.060 -0.761 -0.045 -0.125
96.400 -0.708 0.011 -0.050 -0.758 -0.039 -0.102
96.600 -0.706 0.016 -0.030 -0.761 -0.038 -0.086
96.801 -0.709 0.016 -0.014 -0.759 -0.034 -0.066
97.001 -0.708 0.018 0.005 -0.759 -0.033 -0.048
97.200 -0.707 0.020 0.025 -0.757 -0.030 -0.027
97.400 -0.704 0.021 0.043 -0.754 -0.028 -0.008
97.600 -0.701 0.023 0.057 -0.750 -0.026 0.007
97.800 -0.696 0.026 0.070 -0.747 -0.025 0.017
98.001 -0.694 0.025 0.071 -0.741 -0.021 0.023
98.201 -0.687 0.029 0.073 -0.739 -0.023 0.019
98.400 -0.685 0.028 0.063 -0.733 -0.020 0.014
98.600 -0.681 0.028 0.052 -0.728 -0.019 0.003
98.800 -0.676 0.031 0.043 -0.727 -0.020 -0.009
99.000 -0.674 0.031 0.031 -0.723 -0.018 -0.020
99.200 -0.670 0.032 0.023 -0.721 -0.019 -0.029
99.400 -0.665 0.034 0.020 -0.719 -0.020 -0.036
99.600 -0.661 0.035 0.018 -0.717 -0.021 -0.039
99.800 -0.659 0.036 0.018 -0.715 -0.021 -0.040
100.000 -0.659 0.035 0.018 -0.714 -0.020 -0.038
100.200 -0.659 0.035 0.021 -0.713 -0.019 -0.035
100.400 -0.658 0.037 0.029 -0.717 -0.021 -0.032
100.600 -0.662 0.037 0.032 -0.717 -0.019 -0.026
100.800 -0.663 0.037 0.036 -0.718 -0.018 -0.021
101.000 -0.663 0.038 0.038 -0.718 -0.018 -0.018
101.200 -0.663 0.038 0.040 -0.717 -0.016 -0.016
101.400 -0.665 0.036 0.037 -0.713 -0.013 -0.013
101.600 -0.663 0.037 0.038 -0.713 -0.013 -0.013
101.800 -0.662 0.037 0.037 -0.712 -0.012 -0.014
102.000 -0.659 0.039 0.039 -0.714 -0.016 -0.018
102.200 -0.653 0.044 0.046 -0.720 -0.023 -0.025
102.401 -0.659 0.035 0.033 -0.713 -0.018 -0.021
102.600 -0.660 0.032 0.030 -0.712 -0.019 -0.022
102.800 -0.660 0.031 0.030 -0.712 -0.022 -0.025
103.000 -0.662 0.027 0.027 -0.711 -0.022 -0.024
103.200 -0.663 0.024 0.025 -0.710 -0.022 -0.023
103.401 -0.662 0.024 0.026 -0.710 -0.024 -0.023
103.600 -0.662 0.024 0.026 -0.710 -0.024 -0.023
103.801 -0.658 0.027 0.033 -0.712 -0.027 -0.023
104.000 -0.660 0.026 0.032 -0.711 -0.025 -0.021
104.201 -0.661 0.025 0.030 -0.709 -0.023 -0.018
104.401 -0.656 0.031 0.039 -0.715 -0.027 -0.021
104.601 -0.660 0.028 0.034 -0.711 -0.022 -0.017
104.801 -0.659 0.030 0.037 -0.713 -0.024 -0.019
105.000 -0.662 0.028 0.034 -0.710 -0.021 -0.017
105.200 -0.661 0.028 0.033 -0.710 -0.021 -0.017
105.400 -0.660 0.029 0.033 -0.711 -0.021 -0.018
105.601 -0.662 0.027 0.030 -0.709 -0.019 -0.018
105.800 -0.661 0.028 0.029 -0.709 -0.019 -0.020
106.000 -0.661 0.028 0.028 -0.709 -0.019 -0.021
106.201 -0.661 0.029 0.028 -0.710 -0.020 -0.022
106.400 -0.661 0.029 0.028 -0.711 -0.020 -0.022
106.600 -0.662 0.030 0.027 -0.711 -0.019 -0.022
106.801 -0.663 0.029 0.028 -0.711 -0.018 -0.022
107.000 -0.655 0.038 0.041 -0.720 -0.027 -0.027
107.201 -0.664 0.029 0.029 -0.711 -0.018 -0.020
107.400 -0.642 0.051 0.062 -0.732 -0.040 -0.034
107.601 -0.641 0.051 0.062 -0.733 -0.041 -0.034
107.800 -0.663 0.029 0.029 -0.711 -0.019 -0.021
108.000 -0.663 0.029 0.027 -0.710 -0.019 -0.021
108.200 -0.649 0.042 0.046 -0.725 -0.033 -0.033
108.400 -0.661 0.031 0.030 -0.713 -0.021 -0.024
108.600 -0.663 0.030 0.025 -0.711 -0.019 -0.024
108.800 -0.662 0.031 0.027 -0.713 -0.020 -0.025
109.001 -0.663 0.031 0.027 -0.713 -0.019 -0.025
109.200 -0.664 0.030 0.025 -0.713 -0.018 -0.025
109.400 -0.662 0.032 0.029 -0.715 -0.021 -0.025
109.600 -0.666 0.028 0.026 -0.712 -0.019 -0.022
109.800 -0.666 0.027 0.028 -0.712 -0.019 -0.019
110.000 -0.665 0.027 0.031 -0.713 -0.021 -0.018
110.201 -0.665 0.028 0.033 -0.713 -0.021 -0.017
110.401 -0.664 0.028 0.034 -0.714 -0.021 -0.017
110.600 -0.665 0.028 0.034 -0.713 -0.021 -0.016
110.800 -0.664 0.029 0.035 -0.714 -0.021 -0.016
111.000 -0.665 0.029 0.033 -0.712 -0.019 -0.016
111.200 -0.663 0.030 0.032 -0.712 -0.019 -0.018
111.400 -0.663 0.031 0.030 -0.711 -0.017 -0.020
111.601 -0.662 0.033 0.030 -0.712 -0.017 -0.021
111.800 -0.660 0.035 0.032 -0.713 -0.019 -0.023
112.001 -0.661 0.033 0.028 -0.711 -0.016 -0.023
112.200 -0.661 0.033 0.030 -0.712 -0.018 -0.024
112.400 -0.662 0.031 0.027 -0.711 -0.018 -0.023
112.601 -0.662 0.030 0.028 -0.713 -0.020 -0.024
112.800 -0.664 0.028 0.027 -0.712 -0.020 -0.022
113.000 -0.659 0.034 0.037 -0.719 -0.026 -0.026
113.201 -0.663 0.029 0.032 -0.715 -0.022 -0.021
113.400 -0.664 0.029 0.032 -0.714 -0.021 -0.019
113.600 -0.665 0.028 0.031 -0.713 -0.020 -0.017
113.800 -0.648 0.045 0.057 -0.730 -0.037 -0.030
114.000 -0.661 0.032 0.037 -0.717 -0.024 -0.020
114.200 -0.664 0.029 0.032 -0.713 -0.020 -0.018
114.400 -0.662 0.030 0.034 -0.714 -0.021 -0.019
114.601 -0.665 0.028 0.030 -0.710 -0.018 -0.017
114.800 -0.663 0.029 0.032 -0.712 -0.020 -0.019
115.000 -0.664 0.028 0.029 -0.711 -0.019 -0.019
115.200 -0.663 0.029 0.029 -0.711 -0.019 -0.020
115.400 -0.663 0.028 0.028 -0.711 -0.019 -0.021
115.600 -0.664 0.028 0.027 -0.710 -0.018 -0.021
115.801 -0.661 0.031 0.031 -0.713 -0.021 -0.023
116.000 -0.661 0.032 0.031 -0.713 -0.020 -0.023
116.200 -0.653 0.040 0.042 -0.721 -0.028 -0.030
116.400 -0.664 0.029 0.028 -0.711 -0.018 -0.020
116.600 -0.664 0.028 0.028 -0.711 -0.018 -0.020
116.801 -0.662 0.029 0.029 -0.712 -0.020 -0.021
117.001 -0.660 0.032 0.035 -0.715 -0.023 -0.021
117.200 -0.661 0.031 0.034 -0.714 -0.022 -0.020
117.400 -0.661 0.031 0.035 -0.714 -0.022 -0.020
117.601 -0.655 0.037 0.043 -0.720 -0.028 -0.025
117.801 -0.662 0.030 0.033 -0.713 -0.021 -0.019
118.000 -0.664 0.028 0.030 -0.711 -0.019 -0.018
118.201 -0.662 0.030 0.033 -0.713 -0.021 -0.021
118.402 -0.660 0.032 0.035 -0.714 -0.022 -0.022
118.600 -0.659 0.033 0.035 -0.714 -0.023 -0.022
118.800 -0.641 0.050 0.062 -0.732 -0.041 -0.034
119.000 -0.657 0.034 0.039 -0.716 -0.026 -0.023
119.200 -0.659 0.030 0.033 -0.713 -0.024 -0.022
119.400 -0.660 0.029 0.030 -0.712 -0.023 -0.023
119.600 -0.662 0.027 0.026 -0.711 -0.022 -0.023
119.801 -0.658 0.031 0.032 -0.715 -0.027 -0.027
120.000 -0.661 0.029 0.029 -0.714 -0.025 -0.026
120.201 -0.647 0.043 0.050 -0.729 -0.039 -0.037
120.400 -0.642 0.048 0.059 -0.734 -0.044 -0.037
120.601 -0.644 0.046 0.056 -0.732 -0.041 -0.036
120.800 -0.651 0.040 0.046 -0.725 -0.034 -0.032
121.000 -0.644 0.048 0.057 -0.731 -0.040 -0.035
121.200 -0.658 0.034 0.035 -0.716 -0.024 -0.025
121.400 -0.658 0.035 0.036 -0.717 -0.024 -0.026
121.600 -0.656 0.037 0.039 -0.719 -0.026 -0.027
121.800 -0.659 0.035 0.036 -0.718 -0.023 -0.025
122.000 -0.665 0.030 0.029 -0.713 -0.018 -0.020
122.200 -0.663 0.031 0.033 -0.715 -0.021 -0.021
122.400 -0.666 0.029 0.031 -0.714 -0.019 -0.019
122.600 -0.664 0.030 0.033 -0.715 -0.021 -0.020
122.800 -0.662 0.031 0.035 -0.716 -0.022 -0.019
123.001 -0.664 0.029 0.033 -0.714 -0.021 -0.018
123.201 -0.661 0.031 0.036 -0.715 -0.023 -0.020
123.400 -0.659 0.034 0.039 -0.717 -0.025 -0.022
123.600 -0.662 0.030 0.032 -0.712 -0.020 -0.019
123.800 -0.662 0.029 0.031 -0.711 -0.020 -0.019
124.000 -0.661 0.030 0.032 -0.711 -0.020 -0.020
124.200 -0.662 0.029 0.030 -0.711 -0.020 -0.020
124.400 -0.660 0.031 0.032 -0.713 -0.022 -0.023
124.600 -0.662 0.029 0.029 -0.711 -0.021 -0.022
124.800 -0.663 0.028 0.028 -0.710 -0.020 -0.021
125.000 -0.663 0.028 0.028 -0.710 -0.020 -0.021
125.200 -0.663 0.028 0.028 -0.710 -0.019 -0.021
125.400 -0.661 0.029 0.029 -0.710 -0.020 -0.021
125.600 -0.658 0.030 0.032 -0.709 -0.021 -0.021
125.800 -0.652 0.032 0.037 -0.708 -0.023 -0.020
126.000 -0.652 0.029 0.036 -0.701 -0.020 -0.015
126.200 -0.646 0.027 0.041 -0.697 -0.023 -0.011
126.401 -0.630 0.023 0.047 -0.682 -0.030 -0.007
126.600 -0.594 0.024 0.055 -0.655 -0.037 -0.007
126.800 -0.546 0.020 0.055 -0.602 -0.035 -0.002
127.001 -0.493 0.017 0.057 -0.545 -0.034 0.004
127.200 -0.432 0.022 0.061 -0.486 -0.033 0.004
127.400 -0.366 0.026 0.062 -0.424 -0.032 0.003
127.600 -0.275 0.059 0.119 -0.397 -0.063 -0.005
127.801 -0.228 0.063 0.134 -0.354 -0.063 0.011
128.000 -0.168 0.029 0.042 -0.224 -0.026 -0.014
128.200 -0.080 0.058 0.066 -0.192 -0.055 -0.049
128.400 -0.053 0.053 0.031 -0.150 -0.044 -0.070
128.601 -0.028 0.059 0.048 -0.135 -0.048 -0.057
128.800 -0.012 0.057 0.034 -0.108 -0.039 -0.062
129.000 0.009 0.051 -0.005 -0.068 -0.026 -0.086
129.200 0.026 0.051 -0.009 -0.049 -0.024 -0.087
129.400 0.038 0.046 -0.016 -0.026 -0.017 -0.083
129.600 0.047 0.039 -0.021 -0.003 -0.011 -0.072
129.800 0.062 0.040 -0.011 0.008 -0.014 -0.066
130.000 0.077 0.042 0.004 0.015 -0.020 -0.060
130.200 0.081 0.037 0.012 0.022 -0.021 -0.049
130.400 0.081 0.036 0.021 0.022 -0.024 -0.041
130.600 0.074 0.027 0.022 0.027 -0.020 -0.027
130.800 0.071 0.025 0.028 0.023 -0.022 -0.021
131.000 0.047 0.018 0.016 -0.000 -0.029 -0.033
131.200 0.009 0.007 -0.004 -0.037 -0.039 -0.051
131.400 -0.036 -0.001 -0.017 -0.089 -0.054 -0.072
131.600 -0.096 -0.015 -0.038 -0.143 -0.062 -0.086
131.801 -0.157 -0.024 -0.049 -0.206 -0.073 -0.099
132.000 -0.219 -0.027 -0.052 -0.280 -0.088 -0.115
132.201 -0.292 -0.034 -0.064 -0.349 -0.091 -0.123
132.401 -0.361 -0.036 -0.072 -0.415 -0.090 -0.127
132.600 -0.432 -0.033 -0.071 -0.486 -0.087 -0.127
132.801 -0.507 -0.027 -0.067 -0.556 -0.076 -0.117
133.001 -0.572 -0.010 -0.049 -0.633 -0.070 -0.111
133.200 -0.651 -0.001 -0.043 -0.699 -0.050 -0.093
133.400 -0.704 0.009 -0.031 -0.751 -0.039 -0.080
133.600 -0.742 0.018 -0.015 -0.794 -0.033 -0.069
133.800 -0.773 0.028 0.001 -0.828 -0.027 -0.056
134.000 -0.797 0.035 0.015 -0.855 -0.023 -0.045
134.200 -0.820 0.037 0.027 -0.873 -0.017 -0.029
134.400 -0.832 0.041 0.043 -0.886 -0.014 -0.013
134.600 -0.838 0.044 0.056 -0.895 -0.013 -0.002
134.800 -0.842 0.043 0.062 -0.897 -0.012 0.005
135.000 -0.841 0.042 0.066 -0.900 -0.016 0.005
135.200 -0.846 0.036 0.058 -0.895 -0.014 0.006
135.400 -0.842 0.034 0.053 -0.891 -0.015 0.002
135.600 -0.832 0.038 0.056 -0.891 -0.022 -0.006
135.801 -0.828 0.030 0.045 -0.876 -0.019 -0.005
136.000 -0.817 0.029 0.044 -0.868 -0.022 -0.008
136.200 -0.806 0.029 0.045 -0.860 -0.025 -0.010
136.400 -0.794 0.030 0.049 -0.852 -0.027 -0.011
136.601 -0.789 0.029 0.046 -0.842 -0.024 -0.009
136.801 -0.780 0.031 0.049 -0.837 -0.026 -0.009
137.000 -0.772 0.035 0.054 -0.834 -0.027 -0.010
137.201 -0.763 0.031 0.049 -0.817 -0.023 -0.006
137.401 -0.740 0.032 0.053 -0.797 -0.025 -0.006
137.600 -0.710 0.031 0.053 -0.765 -0.023 -0.003
137.800 -0.671 0.028 0.052 -0.719 -0.021 0.001
138.000 -0.616 0.028 0.059 -0.669 -0.025 0.003
138.200 -0.560 0.024 0.061 -0.609 -0.025 0.010
138.400 -0.498 0.026 0.066 -0.553 -0.029 0.010
138.600 -0.435 0.026 0.070 -0.492 -0.031 0.011
138.800 -0.365 0.033 0.080 -0.437 -0.039 0.005
139.000 -0.310 0.025 0.066 -0.363 -0.029 0.011
139.200 -0.245 0.025 0.062 -0.296 -0.026 0.009
139.400 -0.162 0.042 0.084 -0.247 -0.043 -0.005
139.601 -0.122 0.029 0.061 -0.184 -0.033 -0.003
139.800 -0.081 0.022 0.050 -0.135 -0.032 -0.005
140.000 -0.050 0.017 0.043 -0.099 -0.032 -0.007
140.200 -0.021 0.016 0.040 -0.072 -0.035 -0.013
140.400 0.005 0.016 0.041 -0.051 -0.040 -0.017
140.601 0.024 0.012 0.035 -0.029 -0.042 -0.020
140.800 0.039 0.006 0.028 -0.007 -0.040 -0.020
141.000 0.060 0.010 0.032 0.003 -0.047 -0.026
141.200 0.069 0.008 0.028 0.016 -0.045 -0.027
141.401 0.077 0.011 0.028 0.022 -0.043 -0.029
141.600 0.078 0.013 0.023 0.027 -0.038 -0.029
141.802 0.081 0.021 0.026 0.023 -0.038 -0.034
142.000 0.062 0.022 0.013 0.000 -0.039 -0.050
142.200 0.020 0.018 -0.019 -0.033 -0.035 -0.073
142.400 -0.029 0.014 -0.044 -0.077 -0.035 -0.094
142.600 -0.064 0.024 -0.044 -0.134 -0.046 -0.115
142.801 -0.140 0.017 -0.077 -0.195 -0.038 -0.134
143.001 -0.205 0.016 -0.090 -0.261 -0.041 -0.148
143.200 -0.269 0.015 -0.100 -0.323 -0.038 -0.155
143.400 -0.332 0.019 -0.100 -0.386 -0.035 -0.155
143.600 -0.400 0.020 -0.096 -0.448 -0.028 -0.145
143.801 -0.462 0.030 -0.076 -0.524 -0.032 -0.139
144.000 -0.535 0.031 -0.062 -0.591 -0.025 -0.120
144.200 -0.609 0.031 -0.048 -0.660 -0.020 -0.101
144.400 -0.668 0.032 -0.033 -0.717 -0.017 -0.083
144.600 -0.714 0.032 -0.017 -0.762 -0.016 -0.066
144.800 -0.747 0.037 0.003 -0.802 -0.018 -0.053
145.001 -0.780 0.035 0.015 -0.829 -0.014 -0.035
145.201 -0.805 0.037 0.033 -0.857 -0.015 -0.020
145.400 -0.827 0.036 0.048 -0.880 -0.016 -0.006
145.601 -0.842 0.035 0.059 -0.897 -0.020 0.003
145.800 -0.839 0.048 0.088 -0.923 -0.036 -0.000
146.000 -0.852 0.031 0.069 -0.908 -0.024 0.012
146.201 -0.855 0.025 0.062 -0.903 -0.023 0.013
146.400 -0.847 0.025 0.063 -0.899 -0.027 0.008
146.601 -0.837 0.022 0.058 -0.888 -0.029 0.005
146.800 -0.826 0.021 0.055 -0.878 -0.031 0.002
147.001 -0.815 0.020 0.052 -0.868 -0.033 -0.002
147.201 -0.805 0.023 0.056 -0.866 -0.038 -0.008
147.400 -0.805 0.016 0.043 -0.853 -0.032 -0.006
147.601 -0.798 0.020 0.047 -0.853 -0.035 -0.009
147.801 -0.793 0.018 0.044 -0.846 -0.035 -0.010
148.001 -0.788 0.018 0.042 -0.839 -0.033 -0.011
148.200 -0.783 0.018 0.042 -0.834 -0.033 -0.011
148.401 -0.777 0.018 0.043 -0.827 -0.031 -0.008
148.600 -0.768 0.022 0.050 -0.824 -0.035 -0.009
148.800 -0.762 0.020 0.050 -0.816 -0.033 -0.006
149.000 -0.754 0.023 0.055 -0.812 -0.036 -0.005
149.201 -0.750 0.020 0.051 -0.803 -0.033 -0.003
149.400 -0.745 0.020 0.051 -0.796 -0.032 -0.002
149.600 -0.734 0.025 0.056 -0.795 -0.036 -0.007
149.800 -0.734 0.020 0.046 -0.783 -0.029 -0.004
150.000 -0.727 0.021 0.045 -0.778 -0.029 -0.008
150.201 -0.723 0.021 0.041 -0.772 -0.028 -0.009
150.401 -0.715 0.022 0.040 -0.766 -0.028 -0.012
150.600 -0.711 0.020 0.036 -0.758 -0.027 -0.012
150.801 -0.703 0.022 0.037 -0.753 -0.029 -0.016
151.001 -0.693 0.024 0.040 -0.749 -0.032 -0.018
151.200 -0.690 0.020 0.034 -0.739 -0.028 -0.016
151.400 -0.673 0.031 0.047 -0.741 -0.037 -0.025
151.600 -0.673 0.025 0.038 -0.729 -0.030 -0.019
151.800 -0.670 0.025 0.037 -0.723 -0.028 -0.018
152.000 -0.667 0.024 0.035 -0.718 -0.027 -0.017
152.200 -0.647 0.041 0.059 -0.730 -0.043 -0.029
152.400 -0.660 0.027 0.037 -0.712 -0.026 -0.018
152.600 -0.658 0.028 0.037 -0.710 -0.024 -0.017
152.800 -0.655 0.032 0.039 -0.711 -0.024 -0.018
153.000 -0.655 0.033 0.038 -0.711 -0.023 -0.020
153.200 -0.657 0.031 0.034 -0.709 -0.021 -0.020
153.400 -0.657 0.032 0.033 -0.709 -0.021 -0.022
153.600 -0.659 0.030 0.028 -0.707 -0.019 -0.021
153.801 -0.658 0.030 0.028 -0.707 -0.019 -0.023
154.000 -0.657 0.030 0.028 -0.707 -0.020 -0.024
154.201 -0.657 0.030 0.029 -0.708 -0.021 -0.023
154.400 -0.658 0.030 0.029 -0.708 -0.020 -0.023
154.601 -0.656 0.032 0.033 -0.711 -0.022 -0.024
154.800 -0.660 0.029 0.030 -0.709 -0.020 -0.020
155.000 -0.660 0.029 0.032 -0.710 -0.021 -0.019
155.200 -0.661 0.029 0.034 -0.712 -0.022 -0.018
155.400 -0.661 0.029 0.035 -0.713 -0.023 -0.018
155.600 -0.660 0.029 0.038 -0.712 -0.023 -0.016
155.801 -0.655 0.031 0.043 -0.713 -0.027 -0.018
156.000 -0.656 0.026 0.037 -0.705 -0.023 -0.013
156.200 -0.651 0.027 0.041 -0.703 -0.025 -0.013
156.401 -0.641 0.029 0.051 -0.704 -0.034 -0.015
156.601 -0.630 0.020 0.047 -0.681 -0.032 -0.006
156.800 -0.595 0.019 0.051 -0.648 -0.033 -0.003
157.000 -0.547 0.020 0.056 -0.602 -0.034 -0.000
157.200 -0.496 0.017 0.056 -0.543 -0.030 0.007
157.401 -0.435 0.021 0.062 -0.488 -0.031 0.008
157.600 -0.373 0.022 0.062 -0.425 -0.029 0.009
157.800 -0.308 0.024 0.061 -0.361 -0.028 0.008
158.000 -0.243 0.023 0.057 -0.291 -0.025 0.007
158.200 -0.177 0.026 0.060 -0.233 -0.030 0.001
158.400 -0.123 0.022 0.050 -0.170 -0.026 0.002
158.600 -0.055 0.041 0.077 -0.144 -0.047 -0.017
158.800 -0.043 0.020 0.042 -0.091 -0.028 -0.007
159.000 -0.013 0.022 0.042 -0.068 -0.033 -0.015
159.200 0.009 0.018 0.034 -0.040 -0.031 -0.016
159.401 0.033 0.021 0.037 -0.025 -0.038 -0.023
159.600 0.050 0.019 0.031 -0.004 -0.036 -0.025
159.800 0.066 0.020 0.030 0.010 -0.036 -0.027
160.000 0.080 0.024 0.033 0.017 -0.039 -0.033
160.201 0.087 0.028 0.034 0.020 -0.040 -0.036
160.400 0.080 0.022 0.019 0.030 -0.029 -0.033
160.601 0.081 0.025 0.018 0.028 -0.028 -0.036
160.800 0.082 0.031 0.020 0.023 -0.027 -0.041
161.001 0.075 0.030 0.017 0.023 -0.022 -0.037
161.201 0.069 0.031 0.017 0.018 -0.020 -0.035
161.400 0.090 0.061 0.065 -0.020 -0.050 -0.049
161.600 0.165 0.139 0.223 -0.099 -0.124 0.041
161.800 0.227 0.205 0.251 -0.166 -0.187 0.065
162.000 0.291 0.271 0.240 -0.232 -0.251 0.055
162.201 0.360 0.342 0.215 -0.302 -0.320 0.030
162.401 0.436 0.417 0.187 -0.375 -0.393 0.002
162.601 -0.209 0.048 -0.123 -0.268 -0.012 -0.184
162.801 -0.336 0.053 -0.182 -0.392 -0.004 -0.240
163.001 -0.399 0.055 -0.180 -0.460 -0.006 -0.244
163.200 -0.465 0.050 -0.169 -0.521 -0.006 -0.228
163.401 -0.528 0.047 -0.147 -0.588 -0.012 -0.208
163.600 -0.596 0.041 -0.123 -0.653 -0.016 -0.182
163.801 -0.647 0.046 -0.084 -0.727 -0.034 -0.169
164.000 -0.702 0.028 -0.079 -0.754 -0.024 -0.132
164.201 -0.734 0.026 -0.058 -0.785 -0.025 -0.110
164.400 -0.758 0.025 -0.037 -0.812 -0.028 -0.092
164.601 -0.773 0.028 -0.012 -0.832 -0.031 -0.072
164.800 -0.788 0.030 0.013 -0.852 -0.034 -0.054
165.001 -0.798 0.037 0.045 -0.878 -0.044 -0.039
165.200 -0.819 0.022 0.050 -0.874 -0.032 -0.006
165.400 -0.824 0.023 0.066 -0.880 -0.032 0.009
165.601 -0.825 0.024 0.075 -0.879 -0.029 0.019
165.801 -0.823 0.028 0.082 -0.881 -0.030 0.022
166.000 -0.822 0.025 0.073 -0.868 -0.021 0.026
166.200 -0.817 0.026 0.071 -0.867 -0.024 0.019
166.401 -0.813 0.025 0.063 -0.862 -0.024 0.013
166.601 -0.806 0.024 0.058 -0.856 -0.026 0.006
166.800 -0.801 0.020 0.051 -0.851 -0.029 -0.000
167.001 -0.793 0.021 0.050 -0.847 -0.033 -0.005
167.200 -0.792 0.018 0.045 -0.843 -0.033 -0.007
167.400 -0.767 0.038 0.075 -0.860 -0.055 -0.023
167.600 -0.774 0.028 0.058 -0.849 -0.047 -0.021
167.800 -0.770 0.031 0.058 -0.848 -0.047 -0.024
168.000 -0.768 0.031 0.056 -0.844 -0.045 -0.024
168.201 -0.776 0.020 0.039 -0.829 -0.033 -0.016
168.400 -0.771 0.022 0.040 -0.827 -0.034 -0.018
168.600 -0.770 0.020 0.039 -0.822 -0.032 -0.015
168.800 -0.766 0.020 0.042 -0.819 -0.034 -0.014
169.001 -0.763 0.017 0.040 -0.812 -0.032 -0.010
169.201 -0.755 0.018 0.044 -0.808 -0.035 -0.010
169.401 -0.753 0.014 0.043 -0.801 -0.033 -0.006
169.600 -0.744 0.018 0.049 -0.799 -0.037 -0.008
169.801 -0.742 0.016 0.047 -0.793 -0.036 -0.006
170.000 -0.734 0.020 0.051 -0.792 -0.039 -0.009
170.201 -0.727 0.021 0.050 -0.786 -0.038 -0.011
170.400 -0.721 0.021 0.048 -0.778 -0.036 -0.011
170.600 -0.717 0.019 0.043 -0.766 -0.031 -0.008
170.800 -0.699 0.022 0.045 -0.751 -0.030 -0.008
171.000 -0.667 0.028 0.053 -0.730 -0.036 -0.013
171.201 -0.630 0.025 0.048 -0.685 -0.029 -0.008
171.401 -0.578 0.031 0.058 -0.642 -0.033 -0.008
171.600 -0.524 0.025 0.052 -0.576 -0.027 -0.001
171.800 -0.461 0.027 0.058 -0.518 -0.030 -0.002
172.000 -0.401 0.024 0.056 -0.454 -0.029 0.002
172.200 -0.335 0.023 0.058 -0.390 -0.032 0.002
172.400 -0.259 0.030 0.069 -0.329 -0.040 -0.004
172.600 -0.199 0.021 0.056 -0.253 -0.034 -0.000
172.800 -0.143 0.018 0.048 -0.190 -0.030 -0.001
173.001 -0.092 0.019 0.044 -0.140 -0.029 -0.005
173.201 -0.053 0.018 0.039 -0.099 -0.027 -0.008
173.400 -0.022 0.019 0.038 -0.072 -0.031 -0.014
173.600 0.007 0.021 0.038 -0.048 -0.034 -0.020
173.800 0.031 0.021 0.035 -0.026 -0.036 -0.023
174.000 0.057 0.025 0.039 -0.008 -0.040 -0.029
174.200 0.064 0.017 0.025 0.013 -0.034 -0.028
174.400 0.079 0.020 0.025 0.024 -0.035 -0.031
174.600 0.081 0.020 0.019 0.030 -0.030 -0.033
174.800 0.086 0.028 0.022 0.028 -0.031 -0.039
175.000 0.082 0.029 0.015 0.030 -0.024 -0.039
175.200 0.081 0.035 0.016 0.024 -0.023 -0.043
175.400 0.048 0.038 -0.008 -0.001 -0.012 -0.059
175.601 0.014 0.048 -0.026 -0.040 -0.007 -0.082
175.801 -0.036 0.054 -0.042 -0.095 -0.005 -0.103
176.000 -0.091 0.056 -0.060 -0.150 -0.002 -0.120
176.201 -0.154 0.058 -0.080 -0.209 0.004 -0.136
176.400 -0.214 0.062 -0.093 -0.269 0.007 -0.149
176.601 -0.276 0.065 -0.100 -0.331 0.010 -0.156
176.801 -0.333 0.074 -0.088 -0.403 0.004 -0.160
177.000 -0.403 0.071 -0.082 -0.469 0.005 -0.151
177.201 -0.455 0.088 -0.041 -0.557 -0.014 -0.148
177.400 -0.552 0.058 -0.059 -0.612 -0.001 -0.121
177.601 -0.626 0.046 -0.049 -0.677 -0.004 -0.101
177.800 -0.671 0.053 -0.015 -0.750 -0.026 -0.098
178.000 -0.729 0.029 -0.022 -0.777 -0.018 -0.071
178.201 -0.761 0.026 -0.007 -0.813 -0.025 -0.059
178.402 -0.790 0.024 0.008 -0.843 -0.028 -0.046
178.600 -0.820 0.019 0.019 -0.868 -0.028 -0.029
178.801 -0.834 0.016 0.036 -0.884 -0.033 -0.015
179.001 -0.845 0.012 0.047 -0.889 -0.032 0.001
179.201 -0.848 0.013 0.056 -0.888 -0.027 0.014
179.401 -0.845 0.015 0.063 -0.887 -0.026 0.020
179.600 -0.836 0.020 0.070 -0.887 -0.032 0.017
179.801 -0.832 0.019 0.067 -0.882 -0.031 0.015
180.000 -0.824 0.022 0.067 -0.880 -0.035 0.009
180.200 -0.814 0.020 0.061 -0.869 -0.035 0.004
180.401 -0.793 0.022 0.064 -0.855 -0.040 0.001
180.601 -0.770 0.019 0.058 -0.827 -0.038 -0.001
180.801 -0.730 0.021 0.060 -0.788 -0.038 -0.001
181.000 -0.680 0.025 0.064 -0.742 -0.036 0.000
181.200 -0.628 0.025 0.060 -0.682 -0.029 0.004
181.400 -0.572 0.026 0.058 -0.622 -0.024 0.007
181.600 -0.510 0.033 0.062 -0.566 -0.022 0.004
181.801 -0.448 0.035 0.060 -0.504 -0.020 0.003
182.000 -0.383 0.037 0.059 -0.441 -0.021 -0.001
182.200 -0.320 0.037 0.056 -0.376 -0.019 -0.002
182.401 -0.251 0.037 0.054 -0.308 -0.019 -0.004
182.601 -0.184 0.033 0.049 -0.235 -0.018 -0.003
182.801 -0.123 0.032 0.047 -0.174 -0.020 -0.006
183.001 -0.074 0.031 0.043 -0.124 -0.020 -0.009
183.200 -0.030 0.033 0.046 -0.090 -0.026 -0.017
183.400 -0.003 0.028 0.035 -0.054 -0.024 -0.018
183.601 0.026 0.028 0.033 -0.029 -0.027 -0.023
183.801 0.049 0.026 0.026 -0.001 -0.024 -0.026
184.000 0.068 0.025 0.021 0.020 -0.023 -0.028
184.201 0.088 0.030 0.023 0.032 -0.026 -0.033
184.400 0.097 0.031 0.020 0.042 -0.024 -0.037
184.601 0.096 0.030 0.012 0.047 -0.019 -0.038
184.800 0.096 0.032 0.010 0.045 -0.019 -0.042
185.001 0.102 0.042 0.019 0.036 -0.024 -0.050
185.200 0.084 0.031 0.003 0.042 -0.011 -0.040
185.400 0.080 0.036 0.011 0.028 -0.017 -0.043
185.600 0.072 0.036 0.015 0.019 -0.018 -0.041
185.801 0.060 0.031 0.016 0.011 -0.017 -0.034
186.000 0.055 0.034 0.026 -0.002 -0.022 -0.032
186.201 0.048 0.034 0.032 -0.010 -0.025 -0.029
186.400 0.035 0.025 0.028 -0.008 -0.018 -0.016
186.601 0.030 0.024 0.031 -0.011 -0.017 -0.010
186.800 0.031 0.029 0.042 -0.019 -0.021 -0.010
187.000 0.032 0.033 0.046 -0.024 -0.023 -0.011
187.201 0.026 0.029 0.042 -0.021 -0.019 -0.006
187.400 0.026 0.031 0.042 -0.022 -0.018 -0.009
187.601 0.025 0.031 0.039 -0.022 -0.016 -0.009
187.801 0.025 0.032 0.036 -0.021 -0.014 -0.012
188.000 0.022 0.030 0.029 -0.018 -0.010 -0.012
188.201 0.021 0.033 0.029 -0.022 -0.011 -0.016
188.400 0.021 0.034 0.026 -0.023 -0.009 -0.018
188.601 0.024 0.042 0.031 -0.029 -0.012 -0.024
188.801 0.018 0.038 0.025 -0.026 -0.006 -0.021
189.001 0.016 0.038 0.023 -0.026 -0.004 -0.020
189.201 0.009 0.037 0.014 -0.040 -0.012 -0.037
189.401 0.004 0.043 0.018 -0.075 -0.037 -0.066
189.601 -0.054 0.019 -0.023 -0.110 -0.037 -0.081
189.800 -0.110 0.014 -0.042 -0.162 -0.039 -0.096
190.001 -0.170 0.016 -0.057 -0.224 -0.038 -0.113
190.201 -0.232 0.018 -0.073 -0.284 -0.034 -0.127
190.400 -0.292 0.023 -0.083 -0.344 -0.030 -0.137
190.600 -0.339 0.043 -0.065 -0.423 -0.041 -0.153
190.801 -0.420 0.032 -0.084 -0.473 -0.021 -0.139
191.000 -0.479 0.041 -0.065 -0.546 -0.025 -0.134
191.200 -0.563 0.036 -0.061 -0.612 -0.013 -0.111
191.401 -0.633 0.037 -0.048 -0.679 -0.009 -0.095
191.600 -0.686 0.040 -0.033 -0.733 -0.008 -0.081
191.801 -0.727 0.040 -0.019 -0.773 -0.006 -0.067
192.000 -0.759 0.042 -0.003 -0.808 -0.007 -0.053
192.201 -0.779 0.048 0.018 -0.837 -0.010 -0.041
192.400 -0.802 0.045 0.033 -0.856 -0.009 -0.023
192.601 -0.819 0.043 0.048 -0.874 -0.011 -0.008
192.800 -0.830 0.041 0.060 -0.884 -0.013 0.005
193.001 -0.834 0.041 0.072 -0.893 -0.018 0.011
193.201 -0.838 0.036 0.073 -0.894 -0.019 0.016
193.401 -0.841 0.032 0.069 -0.892 -0.019 0.016
193.600 -0.838 0.029 0.063 -0.888 -0.021 0.012
193.801 -0.827 0.033 0.067 -0.888 -0.028 0.003
194.001 -0.823 0.027 0.055 -0.875 -0.026 0.001
194.201 -0.815 0.025 0.051 -0.868 -0.029 -0.004
194.400 -0.809 0.022 0.047 -0.860 -0.028 -0.005
194.600 -0.804 0.020 0.042 -0.851 -0.027 -0.006
194.800 -0.797 0.022 0.042 -0.847 -0.028 -0.009
195.002 -0.795 0.021 0.040 -0.841 -0.026 -0.008
195.201 -0.791 0.022 0.039 -0.838 -0.024 -0.008
195.401 -0.787 0.025 0.041 -0.834 -0.023 -0.008
195.600 -0.778 0.029 0.046 -0.832 -0.025 -0.010
195.801 -0.773 0.030 0.047 -0.826 -0.023 -0.008
196.000 -0.766 0.033 0.051 -0.823 -0.024 -0.008
196.200 -0.762 0.032 0.049 -0.815 -0.021 -0.006
196.400 -0.756 0.033 0.049 -0.808 -0.019 -0.004
196.601 -0.748 0.034 0.048 -0.801 -0.019 -0.006
196.801 -0.739 0.036 0.050 -0.794 -0.019 -0.007
197.000 -0.712 0.056 0.078 -0.806 -0.037 -0.021
197.200 -0.727 0.037 0.045 -0.780 -0.016 -0.010
197.400 -0.720 0.037 0.044 -0.772 -0.015 -0.010
197.600 -0.704 0.041 0.050 -0.765 -0.021 -0.014
197.800 -0.683 0.035 0.047 -0.740 -0.021 -0.011
198.000 -0.647 0.032 0.050 -0.705 -0.026 -0.010
198.201 -0.599 0.031 0.052 -0.659 -0.029 -0.010
198.400 -0.545 0.029 0.053 -0.602 -0.028 -0.006
198.601 -0.490 0.023 0.052 -0.539 -0.026 0.001
198.801 -0.428 0.022 0.057 -0.480 -0.029 0.003
199.001 -0.364 0.021 0.059 -0.416 -0.031 0.005
199.200 -0.299 0.020 0.057 -0.349 -0.030 0.006
199.400 -0.233 0.019 0.055 -0.282 -0.030 0.004
199.601 -0.174 0.016 0.048 -0.218 -0.028 0.003
199.801 -0.115 0.020 0.049 -0.167 -0.031 -0.004
200.000 -0.069 0.022 0.045 -0.121 -0.030 -0.008
200.201 -0.032 0.026 0.045 -0.089 -0.031 -0.014
200.400 -0.006 0.023 0.035 -0.055 -0.026 -0.015
200.601 0.023 0.027 0.036 -0.032 -0.029 -0.021
200.800 0.043 0.026 0.031 -0.010 -0.027 -0.023
201.000 0.061 0.027 0.026 0.011 -0.023 -0.025
201.201 0.075 0.030 0.026 0.022 -0.024 -0.029
201.400 0.083 0.032 0.025 0.028 -0.024 -0.033
201.600 0.090 0.037 0.026 0.029 -0.023 -0.038
201.800 0.089 0.037 0.022 0.030 -0.023 -0.039
202.000 0.082 0.035 0.017 0.028 -0.019 -0.039
202.201 0.079 0.036 0.018 0.024 -0.019 -0.039
202.400 0.071 0.034 0.014 0.021 -0.017 -0.038
202.600 0.074 0.042 0.028 0.007 -0.026 -0.043
202.800 0.060 0.033 0.021 0.009 -0.019 -0.032
203.000 0.051 0.027 0.020 0.007 -0.016 -0.024
203.200 0.047 0.028 0.026 0.000 -0.019 -0.022
203.400 0.059 0.044 0.055 -0.023 -0.037 -0.031
203.600 0.038 0.025 0.033 -0.006 -0.019 -0.013
203.801 0.038 0.028 0.041 -0.014 -0.023 -0.013
204.000 0.034 0.026 0.040 -0.013 -0.022 -0.009
204.201 0.031 0.023 0.038 -0.011 -0.019 -0.006
204.401 0.034 0.026 0.042 -0.015 -0.023 -0.009
204.601 0.034 0.027 0.041 -0.016 -0.023 -0.010
204.800 0.031 0.023 0.034 -0.012 -0.019 -0.010
205.001 0.035 0.028 0.037 -0.016 -0.023 -0.015
205.200 0.033 0.026 0.032 -0.013 -0.020 -0.015
205.401 0.034 0.027 0.032 -0.015 -0.023 -0.018
205.601 0.035 0.028 0.034 -0.018 -0.025 -0.021
205.801 0.035 0.029 0.034 -0.020 -0.026 -0.023
206.000 0.035 0.029 0.034 -0.019 -0.026 -0.022
206.201 0.034 0.029 0.032 -0.019 -0.025 -0.023
206.401 0.032 0.027 0.030 -0.018 -0.023 -0.021
206.601 0.031 0.027 0.031 -0.019 -0.023 -0.020
206.801 0.032 0.028 0.034 -0.020 -0.024 -0.019
207.001 0.031 0.029 0.035 -0.020 -0.023 -0.018
207.200 0.031 0.029 0.037 -0.022 -0.024 -0.017
207.401 0.031 0.030 0.039 -0.024 -0.025 -0.018
207.600 0.027 0.027 0.035 -0.021 -0.021 -0.015
207.800 0.026 0.028 0.035 -0.023 -0.021 -0.015
208.000 0.023 0.028 0.032 -0.023 -0.018 -0.015
208.200 0.023 0.029 0.033 -0.025 -0.019 -0.016
208.400 0.024 0.033 0.036 -0.031 -0.022 -0.021
208.600 0.027 0.037 0.040 -0.032 -0.022 -0.022
208.800 0.020 0.034 0.034 -0.033 -0.019 -0.020
209.001 0.022 0.038 0.041 -0.041 -0.025 -0.024
209.201 0.018 0.035 0.035 -0.036 -0.020 -0.021
209.400 0.021 0.038 0.039 -0.037 -0.020 -0.021
209.601 0.016 0.033 0.034 -0.035 -0.018 -0.018
209.800 0.038 0.054 0.068 -0.056 -0.040 -0.031
210.001 0.021 0.037 0.042 -0.040 -0.024 -0.021
210.201 0.017 0.033 0.035 -0.034 -0.019 -0.018
210.400 0.016 0.032 0.035 -0.036 -0.020 -0.018
210.601 0.018 0.033 0.037 -0.035 -0.021 -0.018
210.800 0.024 0.038 0.045 -0.042 -0.027 -0.023
211.001 0.027 0.042 0.053 -0.048 -0.033 -0.026
211.200 0.023 0.040 0.049 -0.048 -0.031 -0.025
211.400 0.017 0.034 0.041 -0.044 -0.027 -0.021
211.600 0.017 0.033 0.037 -0.038 -0.022 -0.019
211.801 0.017 0.033 0.038 -0.039 -0.023 -0.020
212.001 0.017 0.033 0.039 -0.041 -0.024 -0.020
212.201 0.015 0.033 0.040 -0.045 -0.027 -0.022
212.401 0.019 0.034 0.042 -0.043 -0.028 -0.022
212.601 0.016 0.032 0.037 -0.040 -0.024 -0.021
212.801 0.014 0.031 0.035 -0.040 -0.023 -0.021
213.000 0.016 0.034 0.040 -0.044 -0.026 -0.022
213.201 0.013 0.032 0.038 -0.044 -0.025 -0.021
213.401 0.012 0.032 0.039 -0.045 -0.026 -0.021
213.600 0.011 0.031 0.040 -0.046 -0.027 -0.020
213.801 0.010 0.028 0.036 -0.042 -0.024 -0.017
214.000 0.010 0.029 0.039 -0.046 -0.026 -0.018
214.200 0.011 0.030 0.040 -0.045 -0.026 -0.018
214.401 0.009 0.029 0.039 -0.046 -0.026 -0.018
214.601 0.010 0.030 0.039 -0.046 -0.026 -0.019
214.800 0.012 0.032 0.039 -0.045 -0.025 -0.019
215.001 0.010 0.030 0.036 -0.042 -0.022 -0.017
215.200 0.011 0.032 0.038 -0.045 -0.024 -0.020
215.400 0.011 0.032 0.036 -0.042 -0.022 -0.019
215.601 0.012 0.033 0.038 -0.045 -0.024 -0.021
215.801 0.010 0.032 0.036 -0.045 -0.023 -0.021
216.000 0.013 0.034 0.037 -0.043 -0.022 -0.021
216.200 0.028 0.049 0.058 -0.056 -0.036 -0.030
216.400 0.013 0.034 0.035 -0.041 -0.020 -0.020
216.600 0.012 0.032 0.033 -0.038 -0.018 -0.018
216.800 0.015 0.034 0.037 -0.040 -0.021 -0.019
217.001 0.012 0.032 0.035 -0.039 -0.020 -0.018
217.201 0.012 0.032 0.036 -0.042 -0.022 -0.020
217.401 0.015 0.032 0.034 -0.035 -0.018 -0.017
217.600 0.012 0.030 0.032 -0.035 -0.017 -0.017
217.801 0.014 0.034 0.036 -0.040 -0.021 -0.020
218.001 0.017 0.036 0.040 -0.044 -0.025 -0.022
218.201 0.014 0.032 0.033 -0.037 -0.019 -0.019
218.400 0.013 0.034 0.037 -0.045 -0.024 -0.023
218.600 0.020 0.041 0.049 -0.052 -0.031 -0.027
218.801 0.013 0.032 0.034 -0.039 -0.020 -0.020
219.001 0.011 0.030 0.032 -0.037 -0.018 -0.018
219.201 0.014 0.033 0.035 -0.040 -0.021 -0.020
219.401 0.018 0.036 0.040 -0.042 -0.025 -0.023
219.600 0.021 0.039 0.045 -0.045 -0.028 -0.024
219.801 0.016 0.033 0.037 -0.039 -0.023 -0.020
220.001 0.014 0.030 0.034 -0.036 -0.020 -0.017
220.201 0.023 0.038 0.045 -0.043 -0.028 -0.024
220.401 0.014 0.028 0.032 -0.033 -0.019 -0.016
220.601 0.018 0.032 0.037 -0.038 -0.024 -0.020
220.800 0.014 0.028 0.032 -0.035 -0.021 -0.018
221.001 0.019 0.033 0.040 -0.041 -0.027 -0.022
221.200 0.012 0.025 0.030 -0.034 -0.021 -0.018
221.401 0.015 0.028 0.033 -0.036 -0.024 -0.020
221.600 0.018 0.030 0.035 -0.038 -0.025 -0.022
221.801 0.017 0.029 0.033 -0.036 -0.023 -0.021
222.001 0.015 0.029 0.031 -0.034 -0.021 -0.020
222.200 0.018 0.032 0.035 -0.038 -0.024 -0.022
222.400 0.015 0.030 0.034 -0.040 -0.024 -0.022
222.601 0.033 0.048 0.061 -0.055 -0.039 -0.032
222.801 0.013 0.028 0.028 -0.028 -0.013 -0.014
223.000 0.021 0.037 0.041 -0.040 -0.023 -0.022
223.200 0.021 0.037 0.039 -0.036 -0.020 -0.020
223.400 0.018 0.034 0.033 -0.032 -0.015 -0.017
223.600 0.017 0.035 0.035 -0.035 -0.017 -0.018
223.801 0.016 0.034 0.033 -0.034 -0.016 -0.018
224.000 0.026 0.043 0.044 -0.040 -0.023 -0.025
224.201 0.018 0.036 0.034 -0.034 -0.017 -0.021
224.400 0.016 0.033 0.029 -0.030 -0.014 -0.018
224.600 0.018 0.036 0.035 -0.039 -0.021 -0.024
224.800 0.018 0.037 0.036 -0.040 -0.022 -0.025
225.001 0.025 0.042 0.041 -0.039 -0.022 -0.026
225.200 0.022 0.039 0.038 -0.037 -0.020 -0.023
225.400 0.021 0.037 0.033 -0.032 -0.016 -0.021
225.600 0.018 0.035 0.032 -0.033 -0.015 -0.019
225.800 0.026 0.041 0.040 -0.035 -0.019 -0.023
226.000 0.021 0.038 0.037 -0.037 -0.019 -0.022
226.201 0.021 0.037 0.034 -0.030 -0.013 -0.018
226.401 0.022 0.039 0.036 -0.031 -0.015 -0.019
226.600 0.031 0.048 0.048 -0.040 -0.023 -0.026
226.800 0.023 0.039 0.035 -0.031 -0.015 -0.021
227.001 0.026 0.041 0.036 -0.030 -0.014 -0.021
227.201 0.025 0.041 0.037 -0.032 -0.015 -0.022
227.400 0.020 0.039 0.033 -0.033 -0.014 -0.022
227.600 0.024 0.042 0.034 -0.030 -0.012 -0.022
227.801 0.025 0.043 0.035 -0.031 -0.013 -0.023
228.001 0.027 0.044 0.036 -0.029 -0.012 -0.023
228.200 0.030 0.048 0.041 -0.034 -0.016 -0.026
228.400 0.024 0.042 0.033 -0.028 -0.010 -0.022
228.601 0.025 0.043 0.034 -0.029 -0.012 -0.022
228.800 0.030 0.045 0.037 -0.027 -0.012 -0.022
229.000 0.047 0.063 0.065 -0.045 -0.030 -0.032
229.200 0.043 0.058 0.056 -0.040 -0.024 -0.031
229.400 0.126 0.141 0.232 -0.121 -0.106 0.052
229.600 0.193 0.206 0.279 -0.184 -0.170 0.093
229.800 0.260 0.271 0.268 -0.248 -0.236 0.083
230.000 0.331 0.340 0.238 -0.314 -0.305 0.053
230.201 0.024 0.042 -0.131 -0.031 -0.013 -0.188
230.400 0.025 0.042 -0.167 -0.032 -0.015 -0.225
230.600 0.025 0.039 -0.182 -0.032 -0.018 -0.241
230.800 0.024 0.036 -0.179 -0.036 -0.024 -0.241
231.000 0.027 0.037 -0.161 -0.042 -0.032 -0.232
231.201 0.022 0.031 -0.145 -0.036 -0.026 -0.203
231.400 0.021 0.033 -0.120 -0.035 -0.023 -0.178
231.601 0.020 0.036 -0.094 -0.042 -0.026 -0.157
231.801 0.020 0.041 -0.067 -0.047 -0.026 -0.136
232.000 0.013 0.040 -0.051 -0.047 -0.020 -0.112
232.200 0.010 0.043 -0.031 -0.053 -0.020 -0.097
232.400 0.005 0.045 -0.013 -0.058 -0.018 -0.078
232.601 -0.004 0.043 0.002 -0.062 -0.014 -0.057
232.800 -0.007 0.044 0.019 -0.061 -0.009 -0.036
233.001 -0.012 0.042 0.034 -0.061 -0.006 -0.017
233.201 -0.012 0.045 0.051 -0.064 -0.007 -0.002
233.401 -0.011 0.046 0.062 -0.060 -0.003 0.012
233.601 -0.011 0.051 0.073 -0.066 -0.005 0.016
233.801 -0.012 0.050 0.073 -0.064 -0.003 0.019
234.001 -0.012 0.050 0.068 -0.065 -0.002 0.014
234.201 -0.003 0.060 0.075 -0.073 -0.010 0.002
234.400 -0.011 0.053 0.051 -0.065 -0.001 -0.004
234.601 -0.011 0.053 0.039 -0.063 0.001 -0.015
234.800 -0.012 0.052 0.028 -0.061 0.003 -0.022
235.000 -0.004 0.060 0.033 -0.068 -0.005 -0.035
235.200 -0.008 0.053 0.020 -0.061 0.001 -0.033
235.400 0.012 0.072 0.048 -0.078 -0.018 -0.047
235.601 -0.005 0.051 0.016 -0.051 0.005 -0.031
235.801 -0.005 0.050 0.020 -0.053 0.002 -0.029
236.000 -0.000 0.053 0.029 -0.056 -0.002 -0.028
236.201 0.004 0.054 0.034 -0.050 0.000 -0.022
236.400 0.004 0.054 0.038 -0.051 -0.002 -0.019
236.600 0.014 0.062 0.054 -0.058 -0.010 -0.021
236.800 0.007 0.053 0.044 -0.047 -0.001 -0.012
237.000 0.005 0.051 0.042 -0.046 -0.000 -0.010
237.201 0.008 0.053 0.045 -0.049 -0.004 -0.013
237.401 0.006 0.051 0.041 -0.048 -0.003 -0.014
