0.000 0.000 0.000 0.000
0.200 0.000 0.000 0.000
0.399 0.000 0.000 0.000
0.599 0.000 0.000 0.000
0.800 0.000 0.000 0.000
1.000 0.000 0.000 0.000
1.200 0.000 0.000 0.000
1.400 0.000 0.000 0.000
1.600 0.000 0.000 0.000
1.801 0.000 0.000 0.000
2.000 0.000 0.000 0.000
2.200 0.000 0.000 0.000
2.401 0.000 0.000 0.000
2.600 0.000 0.000 0.000
2.800 0.000 0.000 0.000
3.001 0.000 0.000 0.000
3.200 0.000 0.000 0.000
3.401 0.000 0.000 0.000
3.600 0.000 0.000 0.000
3.801 0.000 0.000 0.000
4.000 0.000 0.000 0.000
4.200 0.000 0.000 0.000
4.400 0.000 0.000 0.000
4.600 0.000 0.000 0.000
4.800 0.000 0.000 0.000
5.001 0.000 0.000 0.000
5.200 0.000 0.000 0.000
5.400 0.000 0.000 0.000
5.600 0.000 0.000 0.000
5.800 0.000 0.000 0.000
6.000 0.000 0.000 0.000
6.200 0.000 0.000 0.000
6.401 0.000 0.000 0.000
6.600 0.000 0.000 0.000
6.800 0.000 0.000 0.000
7.000 0.000 0.000 0.000
7.200 0.000 0.000 0.000
7.401 0.000 0.000 0.000
7.600 0.000 0.000 0.000
7.800 0.000 0.000 0.000
8.000 0.000 0.000 0.000
8.200 0.000 0.000 0.000
8.400 0.000 0.000 0.000
8.600 0.000 0.000 0.000
8.800 0.000 0.000 0.000
9.000 0.000 0.000 0.000
9.200 0.000 0.000 0.000
9.400 0.000 0.000 0.000
9.600 0.000 0.000 0.000
9.800 0.000 0.000 0.000
10.000 0.000 0.000 0.000
10.200 0.000 0.000 0.000
10.401 0.000 0.000 0.000
10.600 0.000 0.000 0.000
10.800 0.000 0.000 0.000
11.000 0.000 0.000 0.000
11.200 0.000 0.000 0.000
11.401 0.000 0.000 0.000
11.600 0.000 0.000 0.000
11.800 0.000 0.000 0.000
12.000 0.000 0.000 0.000
12.201 0.000 0.000 0.000
12.400 0.000 0.000 0.000
12.600 0.000 0.000 0.000
12.800 0.000 0.000 0.000
13.000 0.000 0.000 0.000
13.200 0.000 0.000 0.000
13.400 0.000 0.000 0.000
13.600 0.000 0.000 0.000
13.801 0.000 0.000 0.000
14.000 0.000 0.000 0.000
14.200 0.000 0.000 0.000
14.402 0.000 0.000 0.000
14.600 0.000 0.000 0.000
14.800 0.000 0.000 0.000
15.000 0.000 0.000 0.000
15.200 0.000 0.000 0.000
15.400 0.000 0.000 0.000
15.600 0.000 0.000 0.000
15.801 0.000 0.000 0.000
16.001 0.000 0.000 0.000
16.200 0.000 0.000 0.000
16.400 0.000 0.000 0.000
16.600 0.000 0.000 0.000
16.800 -0.950 0.000 0.250
17.001 -0.950 0.000 0.250
17.200 -0.950 0.000 0.250
17.400 -0.950 0.000 0.250
17.600 -0.950 0.000 0.250
17.800 -0.950 0.000 0.250
18.000 -0.950 0.000 0.250
18.201 -0.950 0.000 0.250
18.400 -0.950 0.000 0.250
18.601 -0.950 0.000 0.250
18.800 -0.950 0.000 0.250
19.001 -0.950 0.000 0.250
19.200 -0.950 0.000 0.250
19.400 -0.950 0.000 0.250
19.600 -0.950 0.000 0.250
19.801 -0.950 0.000 0.250
20.000 -0.950 0.000 0.250
20.201 -0.950 0.000 0.250
20.400 -0.950 0.000 0.250
20.600 -0.950 0.000 0.250
20.800 -0.950 0.000 0.250
21.002 -0.950 0.000 0.250
21.200 -0.950 0.000 0.250
21.400 -0.950 0.000 0.250
21.600 -0.950 0.000 0.250
21.800 -0.950 0.000 0.250
22.000 -0.950 0.000 0.250
22.200 -0.950 0.000 0.250
22.400 -0.950 0.000 0.250
22.601 -0.950 0.000 0.250
22.800 -0.950 0.000 0.250
23.000 -0.950 0.000 0.250
23.201 -0.950 0.000 0.250
23.400 -0.950 0.000 0.250
23.600 -0.950 0.000 0.250
23.801 -0.950 0.000 0.250
24.001 -0.950 0.000 0.250
24.201 -0.950 0.000 0.250
24.400 -0.950 0.000 0.250
24.600 -0.950 0.000 0.250
24.800 -0.950 0.000 0.250
25.000 -0.950 0.000 0.250
25.200 -0.950 0.000 0.250
25.401 -0.950 0.000 0.250
25.600 -0.950 0.000 0.250
25.800 -0.950 0.000 0.250
26.000 -0.950 0.000 0.250
26.200 -0.950 0.000 0.250
26.400 -0.950 0.000 0.250
26.601 -0.950 0.000 0.250
26.800 -0.950 0.000 0.250
27.000 -0.950 0.000 0.250
27.200 -0.950 0.000 0.250
27.401 -0.950 0.000 0.250
27.600 -0.950 0.000 0.250
27.800 -0.950 0.000 0.250
28.000 -0.950 0.000 0.250
28.201 -0.950 0.000 0.250
28.400 -0.950 0.000 0.250
28.601 -0.950 0.000 0.250
28.801 -0.950 0.000 0.250
29.001 -0.950 0.000 0.250
29.200 -0.950 0.000 0.250
29.402 -0.950 0.000 0.250
29.600 -0.950 0.000 0.250
29.801 -0.950 0.000 0.250
30.000 -0.950 0.000 0.250
30.200 -0.950 0.000 0.250
30.400 -0.950 0.000 0.250
30.601 -0.950 0.000 0.250
30.800 -0.950 0.000 0.250
31.000 -0.950 0.000 0.250
31.200 -0.950 0.000 0.250
31.400 -0.950 0.000 0.250
31.600 -0.950 0.000 0.250
31.801 -0.950 0.000 0.250
32.000 -0.950 0.000 0.250
32.201 -0.950 0.000 0.250
32.400 -0.950 0.000 0.250
32.600 -0.950 0.000 0.250
32.800 -0.950 0.000 0.250
33.000 -0.950 0.000 0.250
33.200 -0.950 0.000 0.250
33.401 -0.950 0.000 0.250
33.600 -0.950 0.000 0.250
33.800 -0.950 0.000 0.250
34.000 -0.950 0.000 0.250
34.200 -0.950 0.000 0.250
34.400 -0.950 0.000 0.250
34.600 -0.950 0.000 0.250
34.800 -0.950 0.000 0.250
35.000 -0.950 0.000 0.250
35.200 -0.950 0.000 0.250
35.401 -0.950 0.000 0.250
35.601 -0.950 0.000 0.250
35.800 -0.950 0.000 0.250
36.000 -0.950 0.000 0.250
36.200 -0.950 0.000 0.250
36.400 -0.950 0.000 0.250
36.600 -0.950 0.000 0.250
36.800 -0.950 0.000 0.250
37.001 -0.950 0.000 0.250
37.200 -0.950 0.000 0.250
37.401 -0.950 0.000 0.250
37.600 -0.950 0.000 0.250
37.801 -0.950 0.000 0.250
38.000 -0.950 0.000 0.250
38.201 -0.950 0.000 0.250
38.400 -0.950 0.000 0.250
38.601 -0.950 0.000 0.250
38.800 -0.950 0.000 0.250
39.000 -0.950 0.000 0.250
39.200 -0.950 0.000 0.250
39.401 -0.950 0.000 0.250
39.600 -0.950 0.000 0.250
39.801 -0.950 0.000 0.250
40.000 -0.950 0.000 0.250
40.201 -0.950 0.000 0.250
40.400 -0.950 0.000 0.250
40.601 -0.950 0.000 0.250
40.800 -0.950 0.000 0.250
41.000 -0.950 0.000 0.250
41.200 -0.950 0.000 0.250
41.400 -0.950 0.000 0.250
41.600 -0.950 0.000 0.250
41.800 -0.950 0.000 0.250
42.000 -0.950 0.000 0.250
42.201 -0.950 0.000 0.250
42.400 -0.950 0.000 0.250
42.601 -0.950 0.000 0.250
42.800 -0.950 0.000 0.250
43.000 -0.950 0.000 0.250
43.200 -0.950 0.000 0.250
43.400 -0.950 0.000 0.250
43.600 -0.950 0.000 0.250
43.800 -0.950 0.000 0.250
44.001 -0.950 0.000 0.250
44.204 -0.950 0.000 0.250
44.400 -0.950 0.000 0.250
44.600 -0.950 0.000 0.250
44.801 -0.950 0.000 0.250
45.001 -0.950 0.000 0.250
45.200 -0.950 0.000 0.250
45.401 -0.950 0.000 0.250
45.600 -0.950 0.000 0.250
45.800 -0.950 0.000 0.250
46.000 -0.950 0.000 0.250
46.200 -0.950 0.000 0.250
46.400 -0.950 0.000 0.250
46.600 -0.950 0.000 0.250
46.801 -0.950 0.000 0.250
47.000 -0.950 0.000 0.250
47.200 -0.950 0.000 0.250
47.400 -0.950 0.000 0.250
47.600 -0.950 0.000 0.250
47.800 -0.950 0.000 0.250
48.000 -0.950 0.000 0.250
48.200 -0.950 0.000 0.250
48.400 -0.950 0.000 0.250
48.600 -0.950 0.000 0.250
48.800 -0.950 0.000 0.250
49.001 -0.950 0.000 0.250
49.200 -0.950 0.000 0.250
49.400 -0.950 0.000 0.250
49.600 -0.950 0.000 0.250
49.800 -0.950 0.000 0.250
50.000 -0.950 0.000 0.250
50.201 -0.950 0.000 0.250
50.400 -0.950 0.000 0.250
50.600 -0.950 0.000 0.250
50.800 -0.950 0.000 0.250
51.000 -0.950 0.000 0.250
51.200 -0.950 0.000 0.250
51.400 -0.950 0.000 0.250
51.600 -0.950 0.000 0.250
51.800 -0.950 0.000 0.250
52.001 -0.950 0.000 0.250
52.201 -0.950 0.000 0.250
52.400 -0.950 0.000 0.250
52.600 -0.950 0.000 0.250
52.801 -0.950 0.000 0.250
53.000 -0.950 0.000 0.250
53.201 -0.950 0.000 0.250
53.400 -0.950 0.000 0.250
53.600 -0.950 0.000 0.250
53.801 -0.950 0.000 0.250
54.000 -0.950 0.000 0.250
54.200 -0.950 0.000 0.250
54.400 -0.950 0.000 0.250
54.600 -0.950 0.000 0.250
54.800 -0.950 0.000 0.250
55.000 -0.950 0.000 0.250
55.201 -0.950 0.000 0.250
55.400 -0.950 0.000 0.250
55.600 -0.950 0.000 0.250
55.800 -0.950 0.000 0.250
56.000 -0.950 0.000 0.250
56.200 -0.950 0.000 0.250
56.400 -0.938 0.000 0.250
56.600 -0.904 0.000 0.250
56.801 -0.852 0.000 0.250
57.000 -0.785 0.000 0.250
57.200 -0.705 0.000 0.250
57.400 -0.616 0.000 0.250
57.600 -0.522 0.000 0.250
57.800 -0.426 0.000 0.250
58.000 -0.330 0.000 0.250
58.200 -0.238 0.000 0.250
58.400 -0.154 0.000 0.250
58.601 -0.080 0.000 0.250
58.800 -0.020 0.000 0.250
59.001 0.024 0.000 0.250
59.200 0.050 0.000 0.250
59.400 0.050 0.000 0.250
59.600 0.050 0.000 0.250
59.800 0.050 0.000 0.250
60.000 0.050 0.000 0.250
60.200 0.050 0.000 0.250
60.401 0.050 0.000 0.250
60.602 0.050 0.000 0.250
60.800 0.050 0.000 0.250
61.000 0.050 0.000 0.250
61.201 0.050 0.000 0.250
61.401 0.050 0.000 0.250
61.601 0.050 0.000 0.250
61.800 0.050 0.000 0.250
62.001 0.050 0.000 0.250
62.200 0.050 0.000 0.250
62.400 0.050 0.000 0.250
62.603 0.050 0.000 0.250
62.800 0.050 0.000 0.250
63.000 0.050 0.000 0.250
63.200 0.050 0.000 0.250
63.400 0.050 0.000 0.250
63.600 0.050 0.000 0.250
63.800 0.050 0.000 0.250
64.000 0.050 0.000 0.250
64.200 0.050 0.000 0.250
64.400 0.050 0.000 0.250
64.601 0.050 0.000 0.250
64.801 0.050 0.000 0.250
65.000 0.050 0.000 0.250
65.200 0.050 0.000 0.250
65.401 0.050 0.000 0.250
65.600 0.050 0.000 0.250
65.800 0.050 0.000 0.250
66.001 0.050 0.000 0.250
66.200 0.050 0.000 0.250
66.400 0.050 0.000 0.250
66.600 0.050 0.000 0.250
66.800 0.050 0.000 0.250
67.000 -0.950 0.000 0.250
67.200 -0.950 0.000 0.250
67.400 -0.950 0.000 0.250
67.600 -0.950 0.000 0.250
67.800 -0.950 0.000 0.250
68.000 -0.950 0.000 0.250
68.200 -0.950 0.000 0.250
68.401 -0.950 0.000 0.250
68.601 -0.950 0.000 0.250
68.800 -0.950 0.000 0.250
69.000 -0.950 0.000 0.250
69.200 -0.950 0.000 0.250
69.400 -0.950 0.000 0.250
69.600 -0.950 0.000 0.250
69.802 -0.950 0.000 0.250
70.000 -0.950 0.000 0.250
70.200 -0.950 0.000 0.250
70.401 -0.950 0.000 0.250
70.600 -0.950 0.000 0.250
70.800 -0.950 0.000 0.250
71.001 -0.950 0.000 0.250
71.200 -0.950 0.000 0.250
71.401 -0.950 0.000 0.250
71.601 -0.950 0.000 0.250
71.800 -0.950 0.000 0.250
72.001 -0.950 0.000 0.250
72.201 -0.950 0.000 0.250
72.401 -0.950 0.000 0.250
72.603 -0.950 0.000 0.250
72.800 -0.950 0.000 0.250
73.000 -0.950 0.000 0.250
73.200 -0.950 0.000 0.250
73.400 -0.950 0.000 0.250
73.600 -0.950 0.000 0.250
73.800 -0.950 0.000 0.250
74.000 -0.950 0.000 0.250
74.200 -0.950 0.000 0.250
74.400 -0.950 0.000 0.250
74.600 -0.950 0.000 0.250
74.800 -0.950 0.000 0.250
75.002 -0.947 0.000 0.250
75.200 -0.924 0.000 0.250
75.400 -0.880 0.000 0.250
75.600 -0.820 0.000 0.250
75.800 -0.746 0.000 0.250
76.001 -0.662 0.000 0.250
76.200 -0.570 0.000 0.250
76.400 -0.474 0.000 0.250
76.600 -0.378 0.000 0.250
76.800 -0.284 0.000 0.250
77.000 -0.195 0.000 0.250
77.200 -0.115 0.000 0.250
77.400 -0.048 0.000 0.250
77.600 0.004 0.000 0.250
77.800 0.038 0.000 0.250
78.000 0.050 0.000 0.250
78.201 0.050 0.000 0.250
78.400 0.050 0.000 0.250
78.600 0.050 0.000 0.250
78.800 0.050 0.000 0.250
79.000 0.050 0.000 0.250
79.200 0.050 0.000 0.250
79.400 0.050 0.000 0.250
79.600 0.050 0.000 0.250
79.801 0.050 0.000 0.250
80.000 0.050 0.000 0.250
80.200 0.050 0.000 0.250
80.400 0.050 0.000 0.250
80.600 0.050 0.000 0.250
80.800 0.050 0.000 0.250
81.001 0.050 0.000 0.250
81.200 0.050 0.000 0.250
81.401 0.050 0.000 0.250
81.600 -0.950 0.000 0.250
81.800 -0.950 0.000 0.250
82.001 -0.950 0.000 0.250
82.200 -0.950 0.000 0.250
82.400 -0.950 0.000 0.250
82.600 -0.950 0.000 0.250
82.800 -0.950 0.000 0.250
83.000 -0.950 0.000 0.250
83.201 -0.950 0.000 0.250
83.400 -0.950 0.000 0.250
83.600 -0.950 0.000 0.250
83.800 -0.950 0.000 0.250
84.000 -0.950 0.000 0.250
84.200 -0.950 0.000 0.250
84.400 -0.950 0.000 0.250
84.601 -0.950 0.000 0.250
84.801 -0.950 0.000 0.250
85.000 -0.950 0.000 0.250
85.200 -0.950 0.000 0.250
85.400 -0.950 0.000 0.250
85.600 -0.950 0.000 0.250
85.800 -0.950 0.000 0.250
86.000 -0.950 0.000 0.250
86.201 -0.950 0.000 0.250
86.400 -0.950 0.000 0.250
86.600 -0.950 0.000 0.250
86.800 -0.950 0.000 0.250
87.000 -0.950 0.000 0.250
87.200 -0.950 0.000 0.250
87.400 -0.950 0.000 0.250
87.600 -0.950 0.000 0.250
87.800 -0.950 0.000 0.250
88.000 -0.950 0.000 0.250
88.200 -0.950 0.000 0.250
88.400 -0.950 0.000 0.250
88.600 -0.950 0.000 0.250
88.801 -0.950 0.000 0.250
89.000 -0.950 0.000 0.250
89.201 -0.950 0.000 0.250
89.400 -0.950 0.000 0.250
89.600 -0.950 0.000 0.250
89.800 -0.950 0.000 0.250
90.000 -0.950 0.000 0.250
90.200 -0.950 0.000 0.250
90.401 -0.950 0.000 0.250
90.600 -0.950 0.000 0.250
90.800 -0.950 0.000 0.250
91.000 -0.950 0.000 0.250
91.200 -0.950 0.000 0.250
91.400 -0.950 0.000 0.250
91.600 -0.950 0.000 0.250
91.801 -0.950 0.000 0.250
92.000 -0.950 0.000 0.250
92.200 -0.950 0.000 0.250
92.400 -0.950 0.000 0.250
92.600 -0.950 0.000 0.250
92.800 -0.950 0.000 0.250
93.001 -0.950 0.000 0.250
93.200 -0.950 0.000 0.250
93.400 -0.950 0.000 0.250
93.600 -0.950 0.000 0.250
93.800 -0.950 0.000 0.250
94.000 -0.950 0.000 0.250
94.200 -0.950 0.000 0.250
94.400 -0.950 0.000 0.250
94.600 -0.950 0.000 0.250
94.800 -0.950 0.000 0.250
95.000 -0.950 0.000 0.250
95.200 -0.950 0.000 0.250
95.401 -0.950 0.000 0.250
95.600 -0.950 0.000 0.250
95.800 -0.950 0.000 0.250
96.000 -0.950 0.000 0.250
96.200 -0.950 0.000 0.250
96.400 -0.950 0.000 0.250
96.600 -0.950 0.000 0.250
96.801 -0.950 0.000 0.250
97.001 -0.950 0.000 0.250
97.200 -0.950 0.000 0.250
97.400 -0.950 0.000 0.250
97.600 -0.950 0.000 0.250
97.800 -0.950 0.000 0.250
98.001 -0.950 0.000 0.250
98.201 -0.950 0.000 0.250
98.400 -0.950 0.000 0.250
98.600 -0.950 0.000 0.250
98.800 -0.950 0.000 0.250
99.000 -0.950 0.000 0.250
99.200 -0.950 0.000 0.250
99.400 -0.950 0.000 0.250
99.600 -0.950 0.000 0.250
99.800 -0.950 0.000 0.250
100.000 -0.950 0.000 0.250
100.200 -0.950 0.000 0.250
100.400 -0.950 0.000 0.250
100.600 -0.950 0.000 0.250
100.800 -0.950 0.000 0.250
101.000 -0.950 0.000 0.250
101.200 -0.950 0.000 0.250
101.400 -0.950 0.000 0.250
101.600 -0.950 0.000 0.250
101.800 -0.950 0.000 0.250
102.000 -0.950 0.000 0.250
102.200 -0.950 0.000 0.250
102.401 -0.950 0.000 0.250
102.600 -0.950 0.000 0.250
102.800 -0.950 0.000 0.250
103.000 -0.950 0.000 0.250
103.200 -0.950 0.000 0.250
103.401 -0.950 0.000 0.250
103.600 -0.950 0.000 0.250
103.801 -0.950 0.000 0.250
104.000 -0.950 0.000 0.250
104.201 -0.950 0.000 0.250
104.401 -0.950 0.000 0.250
104.601 -0.950 0.000 0.250
104.801 -0.950 0.000 0.250
105.000 -0.950 0.000 0.250
105.200 -0.950 0.000 0.250
105.400 -0.950 0.000 0.250
105.601 -0.950 0.000 0.250
105.800 -0.950 0.000 0.250
106.000 -0.950 0.000 0.250
106.201 -0.950 0.000 0.250
106.400 -0.950 0.000 0.250
106.600 -0.950 0.000 0.250
106.801 -0.950 0.000 0.250
107.000 -0.950 0.000 0.250
107.201 -0.950 0.000 0.250
107.400 -0.950 0.000 0.250
107.601 -0.950 0.000 0.250
107.800 -0.950 0.000 0.250
108.000 -0.950 0.000 0.250
108.200 -0.950 0.000 0.250
108.400 -0.950 0.000 0.250
108.600 -0.950 0.000 0.250
108.800 -0.950 0.000 0.250
109.001 -0.950 0.000 0.250
109.200 -0.950 0.000 0.250
109.400 -0.950 0.000 0.250
109.600 -0.950 0.000 0.250
109.800 -0.950 0.000 0.250
110.000 -0.950 0.000 0.250
110.201 -0.950 0.000 0.250
110.401 -0.950 0.000 0.250
110.600 -0.950 0.000 0.250
110.800 -0.950 0.000 0.250
111.000 -0.950 0.000 0.250
111.200 -0.950 0.000 0.250
111.400 -0.950 0.000 0.250
111.601 -0.950 0.000 0.250
111.800 -0.950 0.000 0.250
112.001 -0.950 0.000 0.250
112.200 -0.950 0.000 0.250
112.400 -0.950 0.000 0.250
112.601 -0.950 0.000 0.250
112.800 -0.950 0.000 0.250
113.000 -0.950 0.000 0.250
113.201 -0.950 0.000 0.250
113.400 -0.950 0.000 0.250
113.600 -0.950 0.000 0.250
113.800 -0.950 0.000 0.250
114.000 -0.950 0.000 0.250
114.200 -0.950 0.000 0.250
114.400 -0.950 0.000 0.250
114.601 -0.950 0.000 0.250
114.800 -0.950 0.000 0.250
115.000 -0.950 0.000 0.250
115.200 -0.950 0.000 0.250
115.400 -0.950 0.000 0.250
115.600 -0.950 0.000 0.250
115.801 -0.950 0.000 0.250
116.000 -0.950 0.000 0.250
116.200 -0.950 0.000 0.250
116.400 -0.950 0.000 0.250
116.600 -0.950 0.000 0.250
116.801 -0.950 0.000 0.250
117.001 -0.950 0.000 0.250
117.200 -0.950 0.000 0.250
117.400 -0.950 0.000 0.250
117.601 -0.950 0.000 0.250
117.801 -0.950 0.000 0.250
118.000 -0.950 0.000 0.250
118.201 -0.950 0.000 0.250
118.402 -0.950 0.000 0.250
118.600 -0.950 0.000 0.250
118.800 -0.950 0.000 0.250
119.000 -0.950 0.000 0.250
119.200 -0.950 0.000 0.250
119.400 -0.950 0.000 0.250
119.600 -0.950 0.000 0.250
119.801 -0.950 0.000 0.250
120.000 -0.950 0.000 0.250
120.201 -0.950 0.000 0.250
120.400 -0.950 0.000 0.250
120.601 -0.950 0.000 0.250
120.800 -0.950 0.000 0.250
121.000 -0.950 0.000 0.250
121.200 -0.950 0.000 0.250
121.400 -0.950 0.000 0.250
121.600 -0.950 0.000 0.250
121.800 -0.950 0.000 0.250
122.000 -0.950 0.000 0.250
122.200 -0.950 0.000 0.250
122.400 -0.950 0.000 0.250
122.600 -0.950 0.000 0.250
122.800 -0.950 0.000 0.250
123.001 -0.950 0.000 0.250
123.201 -0.950 0.000 0.250
123.400 -0.950 0.000 0.250
123.600 -0.950 0.000 0.250
123.800 -0.950 0.000 0.250
124.000 -0.950 0.000 0.250
124.200 -0.950 0.000 0.250
124.400 -0.950 0.000 0.250
124.600 -0.950 0.000 0.250
124.800 -0.950 0.000 0.250
125.000 -0.950 0.000 0.250
125.200 -0.938 0.000 0.250
125.400 -0.904 0.000 0.250
125.600 -0.852 0.000 0.250
125.800 -0.785 0.000 0.250
126.000 -0.705 0.000 0.250
126.200 -0.616 0.000 0.250
126.401 -0.522 0.000 0.250
126.600 -0.426 0.000 0.250
126.800 -0.330 0.000 0.250
127.001 -0.238 0.000 0.250
127.200 -0.154 0.000 0.250
127.400 -0.080 0.000 0.250
127.600 -0.020 0.000 0.250
127.801 0.024 0.000 0.250
128.000 0.050 0.000 0.250
128.200 0.050 0.000 0.250
128.400 0.050 0.000 0.250
128.601 0.050 0.000 0.250
128.800 0.050 0.000 0.250
129.000 0.050 0.000 0.250
129.200 0.050 0.000 0.250
129.400 0.050 0.000 0.250
129.600 0.050 0.000 0.250
129.800 0.050 0.000 0.250
130.000 0.050 0.000 0.250
130.200 0.050 0.000 0.250
130.400 0.050 0.000 0.250
130.600 0.050 0.000 0.250
130.800 -0.950 0.000 0.250
131.000 -0.950 0.000 0.250
131.200 -0.950 0.000 0.250
131.400 -0.950 0.000 0.250
131.600 -0.950 0.000 0.250
131.801 -0.950 0.000 0.250
132.000 -0.950 0.000 0.250
132.201 -0.950 0.000 0.250
132.401 -0.950 0.000 0.250
132.600 -0.950 0.000 0.250
132.801 -0.950 0.000 0.250
133.001 -0.950 0.000 0.250
133.200 -0.950 0.000 0.250
133.400 -0.950 0.000 0.250
133.600 -0.950 0.000 0.250
133.800 -0.950 0.000 0.250
134.000 -0.950 0.000 0.250
134.200 -0.950 0.000 0.250
134.400 -0.950 0.000 0.250
134.600 -0.950 0.000 0.250
134.800 -0.950 0.000 0.250
135.000 -0.950 0.000 0.250
135.200 -0.950 0.000 0.250
135.400 -0.950 0.000 0.250
135.600 -0.950 0.000 0.250
135.801 -0.950 0.000 0.250
136.000 -0.950 0.000 0.250
136.200 -0.950 0.000 0.250
136.400 -0.950 0.000 0.250
136.601 -0.938 0.000 0.250
136.801 -0.904 0.000 0.250
137.000 -0.852 0.000 0.250
137.201 -0.785 0.000 0.250
137.401 -0.705 0.000 0.250
137.600 -0.616 0.000 0.250
137.800 -0.522 0.000 0.250
138.000 -0.426 0.000 0.250
138.200 -0.330 0.000 0.250
138.400 -0.238 0.000 0.250
138.600 -0.154 0.000 0.250
138.800 -0.080 0.000 0.250
139.000 -0.020 0.000 0.250
139.200 0.024 0.000 0.250
139.400 0.050 0.000 0.250
139.601 0.050 0.000 0.250
139.800 0.050 0.000 0.250
140.000 0.050 0.000 0.250
140.200 0.050 0.000 0.250
140.400 0.050 0.000 0.250
140.601 0.050 0.000 0.250
140.800 0.050 0.000 0.250
141.000 0.050 0.000 0.250
141.200 0.050 0.000 0.250
141.401 0.050 0.000 0.250
141.600 0.050 0.000 0.250
141.802 -0.950 0.000 0.250
142.000 -0.950 0.000 0.250
142.200 -0.950 0.000 0.250
142.400 -0.950 0.000 0.250
142.600 -0.950 0.000 0.250
142.801 -0.950 0.000 0.250
143.001 -0.950 0.000 0.250
143.200 -0.950 0.000 0.250
143.400 -0.950 0.000 0.250
143.600 -0.950 0.000 0.250
143.801 -0.950 0.000 0.250
144.000 -0.950 0.000 0.250
144.200 -0.950 0.000 0.250
144.400 -0.950 0.000 0.250
144.600 -0.950 0.000 0.250
144.800 -0.950 0.000 0.250
145.001 -0.950 0.000 0.250
145.201 -0.950 0.000 0.250
145.400 -0.950 0.000 0.250
145.601 -0.950 0.000 0.250
145.800 -0.950 0.000 0.250
146.000 -0.950 0.000 0.250
146.201 -0.950 0.000 0.250
146.400 -0.950 0.000 0.250
146.601 -0.950 0.000 0.250
146.800 -0.950 0.000 0.250
147.001 -0.950 0.000 0.250
147.201 -0.950 0.000 0.250
147.400 -0.950 0.000 0.250
147.601 -0.950 0.000 0.250
147.801 -0.950 0.000 0.250
148.001 -0.950 0.000 0.250
148.200 -0.950 0.000 0.250
148.401 -0.950 0.000 0.250
148.600 -0.950 0.000 0.250
148.800 -0.950 0.000 0.250
149.000 -0.950 0.000 0.250
149.201 -0.950 0.000 0.250
149.400 -0.950 0.000 0.250
149.600 -0.950 0.000 0.250
149.800 -0.950 0.000 0.250
150.000 -0.950 0.000 0.250
150.201 -0.950 0.000 0.250
150.401 -0.950 0.000 0.250
150.600 -0.950 0.000 0.250
150.801 -0.950 0.000 0.250
151.001 -0.950 0.000 0.250
151.200 -0.950 0.000 0.250
151.400 -0.950 0.000 0.250
151.600 -0.950 0.000 0.250
151.800 -0.950 0.000 0.250
152.000 -0.950 0.000 0.250
152.200 -0.950 0.000 0.250
152.400 -0.950 0.000 0.250
152.600 -0.950 0.000 0.250
152.800 -0.950 0.000 0.250
153.000 -0.950 0.000 0.250
153.200 -0.950 0.000 0.250
153.400 -0.950 0.000 0.250
153.600 -0.950 0.000 0.250
153.801 -0.950 0.000 0.250
154.000 -0.950 0.000 0.250
154.201 -0.950 0.000 0.250
154.400 -0.950 0.000 0.250
154.601 -0.950 0.000 0.250
154.800 -0.950 0.000 0.250
155.000 -0.950 0.000 0.250
155.200 -0.950 0.000 0.250
155.400 -0.938 0.000 0.250
155.600 -0.904 0.000 0.250
155.801 -0.852 0.000 0.250
156.000 -0.785 0.000 0.250
156.200 -0.705 0.000 0.250
156.401 -0.616 0.000 0.250
156.601 -0.522 0.000 0.250
156.800 -0.426 0.000 0.250
157.000 -0.330 0.000 0.250
157.200 -0.238 0.000 0.250
157.401 -0.154 0.000 0.250
157.600 -0.080 0.000 0.250
157.800 -0.020 0.000 0.250
158.000 0.024 0.000 0.250
158.200 0.050 0.000 0.250
158.400 0.050 0.000 0.250
158.600 0.050 0.000 0.250
158.800 0.050 0.000 0.250
159.000 0.050 0.000 0.250
159.200 0.050 0.000 0.250
159.401 0.050 0.000 0.250
159.600 0.050 0.000 0.250
159.800 0.050 0.000 0.250
160.000 0.050 0.000 0.250
160.201 0.050 0.000 0.250
160.400 0.050 0.000 0.250
160.601 0.050 0.000 0.250
160.800 0.050 0.000 0.250
161.001 0.050 0.000 0.250
161.201 -0.950 0.000 0.250
161.400 -0.950 0.000 0.250
161.600 -0.950 0.000 0.250
161.800 -0.950 0.000 0.250
162.000 -0.950 0.000 0.250
162.201 -0.950 0.000 0.250
162.401 -0.950 0.000 0.250
162.601 -0.950 0.000 0.250
162.801 -0.950 0.000 0.250
163.001 -0.950 0.000 0.250
163.200 -0.950 0.000 0.250
163.401 -0.950 0.000 0.250
163.600 -0.950 0.000 0.250
163.801 -0.950 0.000 0.250
164.000 -0.950 0.000 0.250
164.201 -0.950 0.000 0.250
164.400 -0.950 0.000 0.250
164.601 -0.950 0.000 0.250
164.800 -0.950 0.000 0.250
165.001 -0.950 0.000 0.250
165.200 -0.950 0.000 0.250
165.400 -0.950 0.000 0.250
165.601 -0.950 0.000 0.250
165.801 -0.950 0.000 0.250
166.000 -0.950 0.000 0.250
166.200 -0.950 0.000 0.250
166.401 -0.950 0.000 0.250
166.601 -0.950 0.000 0.250
166.800 -0.950 0.000 0.250
167.001 -0.950 0.000 0.250
167.200 -0.950 0.000 0.250
167.400 -0.950 0.000 0.250
167.600 -0.950 0.000 0.250
167.800 -0.950 0.000 0.250
168.000 -0.950 0.000 0.250
168.201 -0.950 0.000 0.250
168.400 -0.950 0.000 0.250
168.600 -0.950 0.000 0.250
168.800 -0.950 0.000 0.250
169.001 -0.950 0.000 0.250
169.201 -0.950 0.000 0.250
169.401 -0.950 0.000 0.250
169.600 -0.950 0.000 0.250
169.801 -0.947 0.000 0.250
170.000 -0.924 0.000 0.250
170.201 -0.880 0.000 0.250
170.400 -0.820 0.000 0.250
170.600 -0.746 0.000 0.250
170.800 -0.662 0.000 0.250
171.000 -0.570 0.000 0.250
171.201 -0.474 0.000 0.250
171.401 -0.378 0.000 0.250
171.600 -0.284 0.000 0.250
171.800 -0.195 0.000 0.250
172.000 -0.115 0.000 0.250
172.200 -0.048 0.000 0.250
172.400 0.004 0.000 0.250
172.600 0.038 0.000 0.250
172.800 0.050 0.000 0.250
173.001 0.050 0.000 0.250
173.201 0.050 0.000 0.250
173.400 0.050 0.000 0.250
173.600 0.050 0.000 0.250
173.800 0.050 0.000 0.250
174.000 0.050 0.000 0.250
174.200 0.050 0.000 0.250
174.400 0.050 0.000 0.250
174.600 0.050 0.000 0.250
174.800 0.050 0.000 0.250
175.000 0.050 0.000 0.250
175.200 -0.950 0.000 0.250
175.400 -0.950 0.000 0.250
175.601 -0.950 0.000 0.250
175.801 -0.950 0.000 0.250
176.000 -0.950 0.000 0.250
176.201 -0.950 0.000 0.250
176.400 -0.950 0.000 0.250
176.601 -0.950 0.000 0.250
176.801 -0.950 0.000 0.250
177.000 -0.950 0.000 0.250
177.201 -0.950 0.000 0.250
177.400 -0.950 0.000 0.250
177.601 -0.950 0.000 0.250
177.800 -0.950 0.000 0.250
178.000 -0.950 0.000 0.250
178.201 -0.950 0.000 0.250
178.402 -0.950 0.000 0.250
178.600 -0.950 0.000 0.250
178.801 -0.950 0.000 0.250
179.001 -0.950 0.000 0.250
179.201 -0.950 0.000 0.250
179.401 -0.950 0.000 0.250
179.600 -0.950 0.000 0.250
179.801 -0.938 0.000 0.250
180.000 -0.904 0.000 0.250
180.200 -0.852 0.000 0.250
180.401 -0.785 0.000 0.250
180.601 -0.705 0.000 0.250
180.801 -0.616 0.000 0.250
181.000 -0.522 0.000 0.250
181.200 -0.426 0.000 0.250
181.400 -0.330 0.000 0.250
181.600 -0.238 0.000 0.250
181.801 -0.154 0.000 0.250
182.000 -0.080 0.000 0.250
182.200 -0.020 0.000 0.250
182.401 0.024 0.000 0.250
182.601 0.050 0.000 0.250
182.801 0.050 0.000 0.250
183.001 0.050 0.000 0.250
183.200 0.050 0.000 0.250
183.400 0.050 0.000 0.250
183.601 0.050 0.000 0.250
183.801 0.050 0.000 0.250
184.000 0.050 0.000 0.250
184.201 0.050 0.000 0.250
184.400 0.050 0.000 0.250
184.601 0.050 0.000 0.250
184.800 0.050 0.000 0.250
185.001 0.050 0.000 0.250
185.200 0.050 0.000 0.250
185.400 0.050 0.000 0.250
185.600 0.050 0.000 0.250
185.801 0.050 0.000 0.250
186.000 0.050 0.000 0.250
186.201 0.050 0.000 0.250
186.400 0.050 0.000 0.250
186.601 0.050 0.000 0.250
186.800 0.050 0.000 0.250
187.000 0.050 0.000 0.250
187.201 0.050 0.000 0.250
187.400 0.050 0.000 0.250
187.601 0.050 0.000 0.250
187.801 0.050 0.000 0.250
188.000 0.050 0.000 0.250
188.201 0.050 0.000 0.250
188.400 0.050 0.000 0.250
188.601 0.050 0.000 0.250
188.801 0.050 0.000 0.250
189.001 -0.950 0.000 0.250
189.201 -0.950 0.000 0.250
189.401 -0.950 0.000 0.250
189.601 -0.950 0.000 0.250
189.800 -0.950 0.000 0.250
190.001 -0.950 0.000 0.250
190.201 -0.950 0.000 0.250
190.400 -0.950 0.000 0.250
190.600 -0.950 0.000 0.250
190.801 -0.950 0.000 0.250
191.000 -0.950 0.000 0.250
191.200 -0.950 0.000 0.250
191.401 -0.950 0.000 0.250
191.600 -0.950 0.000 0.250
191.801 -0.950 0.000 0.250
192.000 -0.950 0.000 0.250
192.201 -0.950 0.000 0.250
192.400 -0.950 0.000 0.250
192.601 -0.950 0.000 0.250
192.800 -0.950 0.000 0.250
193.001 -0.950 0.000 0.250
193.201 -0.950 0.000 0.250
193.401 -0.950 0.000 0.250
193.600 -0.950 0.000 0.250
193.801 -0.950 0.000 0.250
194.001 -0.950 0.000 0.250
194.201 -0.950 0.000 0.250
194.400 -0.950 0.000 0.250
194.600 -0.950 0.000 0.250
194.800 -0.950 0.000 0.250
195.002 -0.950 0.000 0.250
195.201 -0.950 0.000 0.250
195.401 -0.950 0.000 0.250
195.600 -0.950 0.000 0.250
195.801 -0.950 0.000 0.250
196.000 -0.950 0.000 0.250
196.200 -0.950 0.000 0.250
196.400 -0.950 0.000 0.250
196.601 -0.950 0.000 0.250
196.801 -0.938 0.000 0.250
197.000 -0.904 0.000 0.250
197.200 -0.852 0.000 0.250
197.400 -0.785 0.000 0.250
197.600 -0.705 0.000 0.250
197.800 -0.616 0.000 0.250
198.000 -0.522 0.000 0.250
198.201 -0.426 0.000 0.250
198.400 -0.330 0.000 0.250
198.601 -0.238 0.000 0.250
198.801 -0.154 0.000 0.250
199.001 -0.080 0.000 0.250
199.200 -0.020 0.000 0.250
199.400 0.024 0.000 0.250
199.601 0.050 0.000 0.250
199.801 0.050 0.000 0.250
200.000 0.050 0.000 0.250
200.201 0.050 0.000 0.250
200.400 0.050 0.000 0.250
200.601 0.050 0.000 0.250
200.800 0.050 0.000 0.250
201.000 0.050 0.000 0.250
201.201 0.050 0.000 0.250
201.400 0.050 0.000 0.250
201.600 0.050 0.000 0.250
201.800 0.050 0.000 0.250
202.000 0.050 0.000 0.250
202.201 0.050 0.000 0.250
202.400 0.050 0.000 0.250
202.600 0.050 0.000 0.250
202.800 0.050 0.000 0.250
203.000 0.050 0.000 0.250
203.200 0.050 0.000 0.250
203.400 0.050 0.000 0.250
203.600 0.050 0.000 0.250
203.801 0.050 0.000 0.250
204.000 0.050 0.000 0.250
204.201 0.050 0.000 0.250
204.401 0.050 0.000 0.250
204.601 0.050 0.000 0.250
204.800 0.050 0.000 0.250
205.001 0.050 0.000 0.250
205.200 0.050 0.000 0.250
205.401 0.050 0.000 0.250
205.601 0.050 0.000 0.250
205.801 0.050 0.000 0.250
206.000 0.050 0.000 0.250
206.201 0.050 0.000 0.250
206.401 0.050 0.000 0.250
206.601 0.050 0.000 0.250
206.801 0.050 0.000 0.250
207.001 0.050 0.000 0.250
207.200 0.050 0.000 0.250
207.401 0.050 0.000 0.250
207.600 0.050 0.000 0.250
207.800 0.050 0.000 0.250
208.000 0.050 0.000 0.250
208.200 0.050 0.000 0.250
208.400 0.050 0.000 0.250
208.600 0.050 0.000 0.250
208.800 0.050 0.000 0.250
209.001 0.050 0.000 0.250
209.201 0.050 0.000 0.250
209.400 0.050 0.000 0.250
209.601 0.050 0.000 0.250
209.800 0.050 0.000 0.250
210.001 0.050 0.000 0.250
210.201 0.050 0.000 0.250
210.400 0.050 0.000 0.250
210.601 0.050 0.000 0.250
210.800 0.050 0.000 0.250
211.001 0.050 0.000 0.250
211.200 0.050 0.000 0.250
211.400 0.050 0.000 0.250
211.600 0.050 0.000 0.250
211.801 0.050 0.000 0.250
212.001 0.050 0.000 0.250
212.201 0.050 0.000 0.250
212.401 0.050 0.000 0.250
212.601 0.050 0.000 0.250
212.801 0.050 0.000 0.250
213.000 0.050 0.000 0.250
213.201 0.050 0.000 0.250
213.401 0.050 0.000 0.250
213.600 0.050 0.000 0.250
213.801 0.050 0.000 0.250
214.000 0.050 0.000 0.250
214.200 0.050 0.000 0.250
214.401 0.050 0.000 0.250
214.601 0.050 0.000 0.250
214.800 0.050 0.000 0.250
215.001 0.050 0.000 0.250
215.200 0.050 0.000 0.250
215.400 0.050 0.000 0.250
215.601 0.050 0.000 0.250
215.801 0.050 0.000 0.250
216.000 0.050 0.000 0.250
216.200 0.050 0.000 0.250
216.400 0.050 0.000 0.250
216.600 0.050 0.000 0.250
216.800 0.050 0.000 0.250
217.001 0.050 0.000 0.250
217.201 0.050 0.000 0.250
217.401 0.050 0.000 0.250
217.600 0.050 0.000 0.250
217.801 0.050 0.000 0.250
218.001 0.050 0.000 0.250
218.201 0.050 0.000 0.250
218.400 0.050 0.000 0.250
218.600 0.050 0.000 0.250
218.801 0.050 0.000 0.250
219.001 0.050 0.000 0.250
219.201 0.050 0.000 0.250
219.401 0.050 0.000 0.250
219.600 0.050 0.000 0.250
219.801 0.050 0.000 0.250
220.001 0.050 0.000 0.250
220.201 0.050 0.000 0.250
220.401 0.050 0.000 0.250
220.601 0.050 0.000 0.250
220.800 0.050 0.000 0.250
221.001 0.050 0.000 0.250
221.200 0.050 0.000 0.250
221.401 0.050 0.000 0.250
221.600 0.050 0.000 0.250
221.801 0.050 0.000 0.250
222.001 0.050 0.000 0.250
222.200 0.050 0.000 0.250
222.400 0.050 0.000 0.250
222.601 0.050 0.000 0.250
222.801 0.050 0.000 0.250
223.000 0.050 0.000 0.250
223.200 0.050 0.000 0.250
223.400 0.050 0.000 0.250
223.600 0.050 0.000 0.250
223.801 0.050 0.000 0.250
224.000 0.050 0.000 0.250
224.201 0.050 0.000 0.250
224.400 0.050 0.000 0.250
224.600 0.050 0.000 0.250
224.800 0.050 0.000 0.250
225.001 0.050 0.000 0.250
225.200 0.050 0.000 0.250
225.400 0.050 0.000 0.250
225.600 0.050 0.000 0.250
225.800 0.050 0.000 0.250
226.000 0.050 0.000 0.250
226.201 0.050 0.000 0.250
226.401 0.050 0.000 0.250
226.600 0.050 0.000 0.250
226.800 0.050 0.000 0.250
227.001 0.050 0.000 0.250
227.201 0.050 0.000 0.250
227.400 0.050 0.000 0.250
227.600 0.050 0.000 0.250
227.801 0.050 0.000 0.250
228.001 0.050 0.000 0.250
228.200 0.050 0.000 0.250
228.400 0.050 0.000 0.250
228.601 0.050 0.000 0.250
228.800 0.050 0.000 0.250
229.000 0.050 0.000 0.250
229.200 0.050 0.000 0.250
229.400 0.050 0.000 0.250
229.600 0.050 0.000 0.250
229.800 0.050 0.000 0.250
230.000 0.050 0.000 0.250
230.201 0.050 0.000 0.250
230.400 0.050 0.000 0.250
230.600 0.050 0.000 0.250
230.800 0.050 0.000 0.250
231.000 0.050 0.000 0.250
231.201 0.050 0.000 0.250
231.400 0.050 0.000 0.250
231.601 0.050 0.000 0.250
231.801 0.050 0.000 0.250
232.000 0.050 0.000 0.250
232.200 0.050 0.000 0.250
232.400 0.050 0.000 0.250
232.601 0.050 0.000 0.250
232.800 0.050 0.000 0.250
233.001 0.050 0.000 0.250
233.201 0.050 0.000 0.250
233.401 0.050 0.000 0.250
233.601 0.050 0.000 0.250
233.801 0.050 0.000 0.250
234.001 0.050 0.000 0.250
234.201 0.050 0.000 0.250
234.400 0.050 0.000 0.250
234.601 0.050 0.000 0.250
234.800 0.050 0.000 0.250
235.000 0.050 0.000 0.250
235.200 0.050 0.000 0.250
235.400 0.050 0.000 0.250
235.601 0.050 0.000 0.250
235.801 0.050 0.000 0.250
236.000 0.050 0.000 0.250
236.201 0.050 0.000 0.250
236.400 0.050 0.000 0.250
236.600 0.050 0.000 0.250
236.800 0.050 0.000 0.250
237.000 0.050 0.000 0.250
237.201 0.050 0.000 0.250
237.401 0.050 0.000 0.250
