0.000 0.098 0.103 0.120 -0.101 -0.096 -0.161
0.200 0.126 0.128 0.146 -0.127 -0.124 -0.211
0.399 0.148 0.149 0.165 -0.147 -0.147 -0.254
0.599 0.168 0.168 0.179 -0.166 -0.166 -0.293
0.800 0.185 0.185 0.192 -0.184 -0.183 -0.329
1.000 0.200 0.201 0.202 -0.200 -0.199 -0.363
1.200 0.213 0.218 0.210 -0.216 -0.211 -0.396
1.400 0.225 0.234 0.218 -0.230 -0.222 -0.426
1.600 0.238 0.245 0.224 -0.243 -0.236 -0.456
1.801 0.251 0.253 0.230 -0.254 -0.253 -0.485
2.000 0.264 0.263 0.235 -0.265 -0.266 -0.513
2.200 0.276 0.277 0.239 -0.275 -0.274 -0.541
2.401 0.287 0.291 0.242 -0.286 -0.281 -0.567
2.600 0.295 0.304 0.246 -0.298 -0.289 -0.593
2.800 0.303 0.314 0.249 -0.310 -0.299 -0.618
3.001 0.311 0.321 0.251 -0.321 -0.311 -0.643
3.200 0.320 0.326 0.253 -0.331 -0.325 -0.667
3.401 0.330 0.334 0.255 -0.339 -0.335 -0.691
3.600 0.342 0.346 0.257 -0.345 -0.341 -0.715
3.801 0.352 0.360 0.258 -0.352 -0.344 -0.738
4.000 0.359 0.371 0.259 -0.362 -0.350 -0.761
4.200 0.364 0.376 0.260 -0.373 -0.361 -0.783
4.400 0.371 0.381 0.262 -0.382 -0.373 -0.804
4.600 0.380 0.386 0.263 -0.389 -0.383 -0.824
4.800 0.390 0.394 0.265 -0.395 -0.390 -0.845
5.001 0.399 0.405 0.265 -0.401 -0.395 -0.866
5.200 0.405 0.415 0.266 -0.410 -0.399 -0.886
5.400 0.409 0.424 0.268 -0.420 -0.406 -0.905
5.600 0.415 0.429 0.268 -0.429 -0.414 -0.925
5.800 0.422 0.435 0.269 -0.436 -0.423 -0.944
6.000 0.431 0.440 0.270 -0.441 -0.431 -0.963
6.200 0.439 0.447 0.271 -0.446 -0.438 -0.981
6.401 0.447 0.456 0.271 -0.452 -0.443 -1.000
6.600 0.453 0.464 0.272 -0.459 -0.448 -1.018
6.800 0.456 0.470 0.272 -0.469 -0.456 -1.036
7.000 0.460 0.475 0.273 -0.478 -0.463 -1.054
7.200 0.466 0.481 0.273 -0.484 -0.469 -1.072
7.401 0.475 0.490 0.273 -0.488 -0.473 -1.089
7.600 0.484 0.498 0.273 -0.491 -0.478 -1.107
7.800 0.491 0.503 0.273 -0.496 -0.485 -1.124
8.000 0.495 0.506 0.273 -0.505 -0.494 -1.141
8.200 0.498 0.510 0.273 -0.514 -0.502 -1.157
8.400 0.502 0.522 0.268 -0.522 -0.502 -1.180
8.600 0.517 0.571 0.269 -0.519 -0.464 -1.196
8.800 0.548 0.613 0.306 -0.503 -0.433 -1.177
9.000 0.535 0.618 0.326 -0.528 -0.440 -1.173
9.200 0.509 0.568 0.331 -0.561 -0.501 -1.181
9.400 0.506 0.522 0.315 -0.575 -0.559 -1.213
9.600 0.533 0.509 0.296 -0.560 -0.583 -1.249
9.800 0.569 0.516 0.274 -0.535 -0.587 -1.286
10.000 0.606 0.527 0.247 -0.509 -0.587 -1.329
10.200 0.644 0.538 0.218 -0.481 -0.586 -1.373
10.401 0.661 0.566 0.267 -0.475 -0.569 -1.338
10.600 0.655 0.604 0.309 -0.491 -0.542 -1.311
10.800 0.628 0.625 0.348 -0.530 -0.531 -1.287
11.000 0.559 0.655 0.387 -0.610 -0.511 -1.263
11.200 0.553 0.685 0.417 -0.629 -0.491 -1.249
11.401 0.586 0.728 0.437 -0.609 -0.459 -1.247
11.600 0.626 0.776 0.449 -0.584 -0.419 -1.254
11.800 0.661 0.804 0.455 -0.560 -0.392 -1.264
12.000 0.645 0.770 0.461 -0.577 -0.415 -1.268
12.201 0.650 0.674 0.459 -0.565 -0.494 -1.276
12.400 0.669 0.643 0.461 -0.552 -0.508 -1.288
12.600 0.688 0.657 0.464 -0.542 -0.494 -1.299
12.800 0.680 0.657 0.470 -0.559 -0.504 -1.306
13.000 0.663 0.596 0.474 -0.580 -0.576 -1.319
13.200 0.664 0.586 0.480 -0.587 -0.595 -1.328
13.400 0.655 0.605 0.486 -0.605 -0.587 -1.334
13.600 0.700 0.600 0.489 -0.570 -0.602 -1.344
13.801 0.713 0.625 0.495 -0.566 -0.585 -1.350
14.000 0.721 0.672 0.499 -0.569 -0.547 -1.357
14.200 0.097 0.150 -0.030 0.057 0.110 -0.075
14.402 0.117 0.141 -0.027 0.072 0.096 -0.080
14.600 0.121 0.125 -0.021 0.080 0.083 -0.067
14.800 0.107 0.133 -0.034 0.058 0.085 -0.089
15.000 0.076 0.118 -0.038 0.033 0.075 -0.087
15.200 0.046 0.114 -0.039 -0.002 0.067 -0.096
15.400 0.016 0.121 -0.046 -0.037 0.068 -0.109
15.600 -0.009 0.122 -0.052 -0.060 0.071 -0.111
15.801 -0.024 0.121 -0.060 -0.074 0.071 -0.119
16.001 -0.027 0.124 -0.065 -0.076 0.076 -0.122
16.200 -0.022 0.128 -0.072 -0.071 0.080 -0.127
16.400 -0.011 0.128 -0.074 -0.061 0.078 -0.132
16.600 0.003 0.124 -0.077 -0.047 0.074 -0.135
16.800 0.015 0.119 -0.080 -0.030 0.074 -0.133
17.001 0.025 0.116 -0.088 -0.016 0.075 -0.135
17.200 0.032 0.114 -0.095 -0.011 0.072 -0.145
17.400 0.054 0.125 -0.083 -0.016 0.055 -0.168
17.600 0.071 0.143 -0.065 -0.028 0.044 -0.199
17.800 0.079 0.151 -0.069 -0.031 0.041 -0.218
18.000 0.068 0.187 -0.090 -0.033 0.087 -0.224
18.201 0.042 0.137 -0.111 -0.008 0.086 -0.169
18.400 -0.035 0.349 -0.328 -0.087 0.297 -0.387
18.601 -0.072 0.378 -0.432 -0.117 0.334 -0.483
18.800 -0.080 0.368 -0.493 -0.127 0.321 -0.547
19.001 -0.094 0.285 -0.478 -0.143 0.235 -0.538
19.200 -0.115 0.159 -0.419 -0.170 0.104 -0.487
19.400 -0.142 0.051 -0.364 -0.184 0.010 -0.411
19.600 -0.150 0.057 -0.352 -0.194 0.012 -0.404
19.801 -0.175 0.166 -0.426 -0.220 0.121 -0.478
20.000 -0.194 0.278 -0.502 -0.241 0.231 -0.557
20.201 -0.191 0.367 -0.551 -0.234 0.324 -0.603
20.400 -0.175 0.379 -0.572 -0.210 0.344 -0.611
20.600 -0.156 0.343 -0.554 -0.199 0.299 -0.603
20.800 -0.137 0.280 -0.521 -0.182 0.235 -0.575
21.002 -0.119 0.229 -0.498 -0.161 0.186 -0.547
21.200 -0.097 0.208 -0.489 -0.138 0.167 -0.535
21.400 -0.070 0.221 -0.484 -0.113 0.178 -0.532
21.600 -0.041 0.239 -0.480 -0.087 0.194 -0.533
21.800 -0.019 0.256 -0.474 -0.068 0.207 -0.531
22.000 -0.001 0.258 -0.467 -0.049 0.209 -0.525
22.200 0.020 0.238 -0.459 -0.030 0.189 -0.516
22.400 0.034 0.198 -0.449 -0.014 0.150 -0.504
22.601 0.049 0.152 -0.442 0.003 0.106 -0.496
22.800 0.054 0.114 -0.438 0.004 0.065 -0.494
23.000 0.056 0.086 -0.435 0.008 0.038 -0.490
23.201 0.055 0.071 -0.435 0.007 0.023 -0.489
23.400 0.053 0.077 -0.432 -0.000 0.024 -0.494
23.600 0.045 0.083 -0.433 -0.005 0.033 -0.489
23.801 0.035 0.107 -0.429 -0.017 0.055 -0.488
24.001 0.029 0.132 -0.421 -0.024 0.080 -0.483
24.201 0.033 0.150 -0.371 -0.037 0.080 -0.462
24.400 0.015 0.151 -0.362 -0.030 0.106 -0.414
24.600 0.016 0.155 -0.332 -0.031 0.108 -0.385
24.800 0.016 0.154 -0.309 -0.028 0.109 -0.361
25.000 0.023 0.153 -0.287 -0.029 0.102 -0.347
25.200 0.028 0.146 -0.264 -0.024 0.094 -0.324
25.401 0.031 0.140 -0.244 -0.023 0.086 -0.308
25.600 0.031 0.134 -0.228 -0.022 0.081 -0.289
25.800 0.058 0.154 -0.172 -0.044 0.052 -0.311
26.000 0.103 0.193 -0.096 -0.082 0.007 -0.355
26.200 0.162 0.234 -0.037 -0.080 -0.008 -0.376
26.400 0.222 0.276 0.015 -0.066 -0.011 -0.389
26.601 0.098 0.155 -0.140 0.046 0.102 -0.194
26.800 0.085 0.166 -0.119 0.035 0.116 -0.177
27.000 0.064 0.150 -0.106 0.011 0.097 -0.168
27.200 0.045 0.142 -0.097 -0.007 0.090 -0.158
27.401 0.027 0.135 -0.092 -0.021 0.087 -0.146
27.600 0.018 0.137 -0.080 -0.037 0.082 -0.146
27.800 0.011 0.141 -0.071 -0.047 0.083 -0.143
28.000 -0.001 0.138 -0.075 -0.049 0.091 -0.129
28.201 -0.005 0.143 -0.069 -0.053 0.094 -0.126
28.400 -0.005 0.150 -0.065 -0.056 0.099 -0.125
28.601 -0.006 0.155 -0.065 -0.054 0.107 -0.120
28.801 -0.003 0.162 -0.064 -0.052 0.113 -0.120
29.001 0.002 0.174 -0.062 -0.050 0.122 -0.121
29.200 0.003 0.173 -0.061 -0.045 0.126 -0.115
29.402 0.007 0.175 -0.063 -0.039 0.130 -0.115
29.600 0.014 0.176 -0.064 -0.035 0.127 -0.121
29.801 0.014 0.173 -0.068 -0.033 0.127 -0.121
30.000 0.012 0.174 -0.068 -0.037 0.124 -0.126
30.200 0.006 0.173 -0.073 -0.041 0.126 -0.126
30.400 0.003 0.161 -0.067 -0.041 0.116 -0.119
30.601 0.004 0.157 -0.069 -0.046 0.107 -0.125
30.800 0.009 0.149 -0.074 -0.038 0.102 -0.128
31.000 0.012 0.143 -0.080 -0.031 0.100 -0.130
31.200 0.017 0.141 -0.081 -0.028 0.096 -0.132
31.400 0.018 0.139 -0.085 -0.027 0.095 -0.136
31.600 0.018 0.148 -0.092 -0.024 0.106 -0.139
31.801 0.016 0.159 -0.093 -0.028 0.114 -0.144
32.000 0.018 0.196 -0.098 -0.028 0.149 -0.151
32.201 0.026 0.227 -0.090 -0.024 0.176 -0.151
32.400 0.045 0.231 -0.091 -0.000 0.186 -0.144
32.600 0.082 0.226 -0.082 0.036 0.180 -0.136
32.800 0.072 0.229 -0.083 0.028 0.186 -0.134
33.000 0.072 0.246 -0.075 0.024 0.199 -0.132
33.200 0.073 0.270 -0.068 0.025 0.222 -0.124
33.401 0.066 0.273 -0.062 0.017 0.224 -0.120
33.600 0.050 0.255 -0.059 0.002 0.207 -0.113
33.800 0.036 0.224 -0.050 -0.017 0.171 -0.113
34.000 0.017 0.180 -0.051 -0.026 0.137 -0.099
34.200 0.001 0.146 -0.043 -0.041 0.104 -0.090
34.400 -0.010 0.138 -0.040 -0.054 0.094 -0.090
34.600 0.000 0.172 -0.024 -0.062 0.110 -0.104
34.800 0.000 0.193 -0.035 -0.042 0.151 -0.084
35.000 0.006 0.216 -0.032 -0.037 0.172 -0.081
35.200 0.010 0.221 -0.028 -0.038 0.174 -0.084
35.401 0.010 0.212 -0.024 -0.034 0.167 -0.075
35.601 0.012 0.196 -0.020 -0.034 0.149 -0.072
35.800 0.012 0.172 -0.016 -0.033 0.127 -0.068
36.000 0.015 0.151 -0.011 -0.036 0.100 -0.069
36.200 0.017 0.131 -0.006 -0.035 0.079 -0.067
36.400 0.020 0.121 0.000 -0.036 0.065 -0.066
36.600 0.015 0.125 0.002 -0.040 0.070 -0.063
36.800 0.017 0.152 0.002 -0.030 0.106 -0.051
37.001 0.035 0.199 0.008 -0.018 0.146 -0.051
37.200 0.052 0.234 0.010 0.009 0.192 -0.038
37.401 0.072 0.265 0.013 0.028 0.221 -0.039
37.600 0.084 0.274 0.014 0.034 0.224 -0.045
37.801 0.087 0.268 0.001 0.039 0.220 -0.057
38.000 0.097 0.259 -0.002 0.051 0.213 -0.054
38.201 0.105 0.246 -0.004 0.057 0.198 -0.057
38.400 0.101 0.220 -0.005 0.050 0.169 -0.063
38.601 0.090 0.195 -0.009 0.041 0.146 -0.065
38.800 0.071 0.180 -0.014 0.024 0.133 -0.070
39.000 0.054 0.155 -0.016 0.002 0.103 -0.078
39.200 0.035 0.127 -0.025 -0.015 0.077 -0.084
39.401 0.021 0.116 -0.027 -0.029 0.067 -0.086
39.600 0.013 0.110 -0.031 -0.039 0.058 -0.090
39.801 0.011 0.105 -0.037 -0.038 0.057 -0.091
40.000 0.018 0.108 -0.034 -0.031 0.059 -0.092
40.201 0.029 0.116 -0.038 -0.018 0.069 -0.092
40.400 0.047 0.128 -0.041 -0.004 0.077 -0.099
40.601 0.061 0.140 -0.031 0.011 0.091 -0.088
40.800 0.069 0.154 -0.028 0.021 0.106 -0.084
41.000 0.065 0.161 -0.027 0.021 0.117 -0.076
41.200 0.060 0.164 -0.024 0.017 0.121 -0.073
41.400 0.060 0.168 -0.013 0.012 0.120 -0.067
41.600 0.050 0.170 -0.008 0.004 0.124 -0.060
41.800 0.041 0.170 -0.004 -0.005 0.125 -0.057
42.000 0.027 0.168 -0.003 -0.018 0.123 -0.055
42.201 0.018 0.166 0.000 -0.032 0.116 -0.057
42.400 0.011 0.164 0.005 -0.036 0.117 -0.050
42.601 0.004 0.162 0.010 -0.043 0.114 -0.046
42.800 -0.005 0.165 0.008 -0.051 0.119 -0.045
43.000 -0.007 0.169 0.008 -0.057 0.119 -0.050
43.200 -0.009 0.173 0.004 -0.059 0.123 -0.055
43.400 -0.001 0.191 0.019 -0.070 0.122 -0.070
43.600 -0.010 0.188 -0.002 -0.056 0.142 -0.054
43.800 -0.002 0.194 -0.003 -0.050 0.147 -0.059
44.001 0.007 0.192 0.000 -0.042 0.143 -0.058
44.204 0.014 0.183 0.000 -0.032 0.137 -0.052
44.400 0.020 0.168 0.004 -0.024 0.124 -0.045
44.600 0.026 0.159 0.016 -0.022 0.111 -0.039
44.801 0.031 0.149 0.024 -0.021 0.097 -0.037
45.001 0.029 0.141 0.026 -0.022 0.090 -0.034
45.200 0.025 0.138 0.030 -0.027 0.086 -0.031
45.401 0.022 0.138 0.033 -0.028 0.088 -0.026
45.600 0.019 0.142 0.039 -0.032 0.091 -0.022
45.800 0.015 0.149 0.044 -0.035 0.098 -0.017
46.000 0.010 0.153 0.046 -0.036 0.108 -0.006
46.200 0.007 0.158 0.052 -0.037 0.114 0.002
46.400 0.009 0.161 0.059 -0.036 0.115 0.007
46.600 0.013 0.160 0.067 -0.032 0.115 0.015
46.801 0.017 0.157 0.075 -0.028 0.113 0.023
47.000 0.021 0.151 0.084 -0.024 0.105 0.032
47.200 0.027 0.148 0.094 -0.021 0.100 0.038
47.400 0.030 0.146 0.102 -0.019 0.097 0.045
47.600 0.032 0.143 0.110 -0.016 0.095 0.054
47.800 0.033 0.142 0.114 -0.014 0.094 0.059
48.000 0.032 0.148 0.123 -0.019 0.098 0.065
48.200 0.030 0.149 0.130 -0.020 0.099 0.074
48.400 0.028 0.149 0.140 -0.025 0.096 0.078
48.600 0.021 0.147 0.145 -0.028 0.097 0.088
48.800 0.018 0.146 0.153 -0.032 0.096 0.097
49.001 0.012 0.145 0.158 -0.036 0.096 0.103
49.200 0.010 0.144 0.164 -0.037 0.097 0.110
49.400 0.010 0.147 0.171 -0.037 0.100 0.117
49.600 0.011 0.146 0.177 -0.036 0.100 0.125
49.800 0.028 0.161 0.206 -0.046 0.086 0.109
50.000 0.018 0.147 0.191 -0.028 0.101 0.139
50.201 0.021 0.145 0.201 -0.023 0.101 0.151
50.400 0.028 0.146 0.207 -0.021 0.098 0.150
50.600 0.029 0.146 0.212 -0.019 0.098 0.158
50.800 0.029 0.144 0.217 -0.018 0.097 0.164
51.000 0.026 0.142 0.221 -0.020 0.096 0.168
51.200 0.023 0.142 0.226 -0.023 0.096 0.173
51.400 0.018 0.143 0.232 -0.025 0.101 0.184
51.600 0.014 0.146 0.235 -0.030 0.102 0.185
51.800 0.014 0.148 0.246 -0.036 0.099 0.187
52.001 0.009 0.146 0.249 -0.038 0.099 0.194
52.201 0.008 0.145 0.255 -0.039 0.098 0.200
52.400 0.007 0.145 0.261 -0.040 0.098 0.206
52.600 0.005 0.146 0.260 -0.038 0.103 0.212
52.801 0.008 0.149 0.266 -0.036 0.104 0.216
53.000 0.011 0.149 0.274 -0.034 0.104 0.223
53.201 0.014 0.149 0.281 -0.033 0.102 0.227
53.400 0.017 0.147 0.286 -0.031 0.100 0.232
53.600 0.018 0.145 0.291 -0.028 0.099 0.238
53.801 0.019 0.145 0.296 -0.029 0.097 0.241
54.000 0.018 0.146 0.299 -0.028 0.099 0.246
54.200 0.018 0.148 0.305 -0.030 0.100 0.249
54.400 0.018 0.149 0.311 -0.032 0.100 0.253
54.600 0.016 0.151 0.315 -0.034 0.101 0.256
54.800 0.013 0.149 0.313 -0.033 0.103 0.261
55.000 0.018 0.153 0.324 -0.041 0.095 0.252
55.201 0.012 0.146 0.317 -0.036 0.098 0.261
55.400 0.011 0.144 0.316 -0.035 0.098 0.264
55.600 0.011 0.145 0.317 -0.035 0.099 0.266
55.800 0.011 0.146 0.314 -0.034 0.101 0.264
56.000 0.013 0.148 0.310 -0.032 0.103 0.259
56.200 0.018 0.155 0.312 -0.036 0.100 0.250
56.400 0.014 0.150 0.304 -0.031 0.105 0.252
56.600 0.017 0.151 0.303 -0.032 0.102 0.244
56.801 0.017 0.149 0.295 -0.031 0.101 0.239
57.000 0.017 0.147 0.289 -0.031 0.099 0.234
57.200 0.016 0.143 0.278 -0.032 0.094 0.222
57.400 0.017 0.134 0.255 -0.033 0.085 0.199
57.600 0.007 0.118 0.235 -0.043 0.068 0.177
57.800 0.003 0.098 0.230 -0.061 0.033 0.149
58.000 -0.008 0.067 0.200 -0.061 0.013 0.138
58.200 -0.017 0.050 0.166 -0.064 0.004 0.113
58.400 -0.014 0.052 0.138 -0.060 0.007 0.087
58.601 -0.005 0.068 0.119 -0.055 0.018 0.061
58.800 0.003 0.090 0.103 -0.045 0.042 0.049
59.001 0.016 0.106 0.093 -0.037 0.052 0.031
59.200 0.020 0.117 0.084 -0.033 0.065 0.024
59.400 0.025 0.119 0.078 -0.023 0.071 0.021
59.600 0.029 0.130 0.070 -0.019 0.082 0.014
59.800 0.030 0.143 0.065 -0.012 0.100 0.016
60.000 0.035 0.160 0.066 -0.012 0.113 0.011
60.200 0.033 0.158 0.073 -0.008 0.117 0.027
60.401 0.031 0.159 0.082 -0.010 0.118 0.036
60.602 0.031 0.158 0.090 -0.015 0.112 0.037
60.800 0.029 0.155 0.094 -0.017 0.110 0.043
61.000 0.023 0.153 0.097 -0.023 0.108 0.045
61.201 0.021 0.159 0.096 -0.022 0.116 0.047
61.401 0.033 0.168 0.114 -0.025 0.110 0.047
61.601 0.037 0.162 0.118 -0.007 0.118 0.067
61.800 0.048 0.171 0.133 0.001 0.123 0.079
62.001 0.056 0.176 0.142 0.006 0.127 0.086
62.200 0.056 0.190 0.142 0.002 0.136 0.078
62.400 0.057 0.188 0.136 0.002 0.133 0.073
62.603 0.050 0.188 0.131 -0.006 0.132 0.067
62.800 0.045 0.170 0.126 -0.006 0.119 0.067
63.000 0.038 0.176 0.113 -0.017 0.120 0.046
63.200 0.029 0.163 0.101 -0.022 0.111 0.041
63.400 0.023 0.145 0.099 -0.027 0.095 0.040
63.600 0.014 0.137 0.089 -0.026 0.096 0.043
63.800 0.017 0.139 0.092 -0.034 0.088 0.032
64.000 0.009 0.141 0.086 -0.032 0.099 0.039
64.200 0.009 0.153 0.077 -0.033 0.111 0.029
64.400 0.015 0.154 0.087 -0.035 0.104 0.028
64.601 0.011 0.159 0.086 -0.033 0.115 0.036
64.801 0.018 0.156 0.091 -0.025 0.113 0.042
65.000 0.023 0.158 0.101 -0.023 0.112 0.046
65.200 0.030 0.155 0.103 -0.022 0.103 0.043
65.401 0.030 0.149 0.107 -0.015 0.104 0.054
65.600 0.027 0.149 0.112 -0.018 0.103 0.060
65.800 0.028 0.139 0.121 -0.016 0.096 0.072
66.001 0.032 0.146 0.133 -0.022 0.091 0.065
66.200 0.022 0.141 0.127 -0.018 0.101 0.083
66.400 0.022 0.150 0.139 -0.025 0.103 0.084
66.600 0.018 0.160 0.156 -0.034 0.108 0.090
66.800 0.014 0.172 0.158 -0.045 0.113 0.091
67.000 0.034 0.156 0.136 -0.019 0.103 0.073
67.200 0.031 0.181 0.089 -0.017 0.133 0.033
67.400 0.063 0.228 0.076 0.010 0.176 0.015
67.600 0.078 0.330 0.071 0.029 0.281 0.015
67.800 0.081 0.398 0.073 0.032 0.349 0.017
68.000 0.064 0.447 0.078 0.018 0.401 0.026
68.200 0.054 0.478 0.094 0.003 0.427 0.035
68.401 0.040 0.472 0.097 -0.012 0.420 0.037
68.601 0.034 0.451 0.102 -0.023 0.394 0.031
68.800 0.029 0.422 0.108 -0.044 0.349 0.013
69.000 0.026 0.385 0.103 -0.062 0.297 -0.015
69.200 0.015 0.344 0.082 -0.058 0.271 -0.013
69.400 0.017 0.278 0.066 -0.052 0.210 -0.022
69.600 0.019 0.206 0.060 -0.047 0.141 -0.025
69.802 0.021 0.128 0.056 -0.040 0.067 -0.020
70.000 0.018 0.058 0.040 -0.029 0.010 -0.014
70.200 0.020 0.013 0.045 -0.029 -0.036 -0.012
70.401 0.016 -0.004 0.047 -0.032 -0.052 -0.007
70.600 0.009 0.004 0.050 -0.040 -0.045 -0.008
70.800 -0.000 0.034 0.047 -0.049 -0.015 -0.010
71.001 -0.004 0.067 0.045 -0.054 0.017 -0.013
71.200 -0.004 0.102 0.042 -0.057 0.049 -0.020
71.401 -0.005 0.129 0.041 -0.058 0.076 -0.022
71.601 0.014 0.142 0.049 -0.037 0.091 -0.008
71.800 0.015 0.146 0.052 -0.034 0.097 -0.005
72.001 0.015 0.150 0.056 -0.039 0.095 -0.008
72.201 0.010 0.138 0.057 -0.035 0.093 0.006
72.401 0.024 0.134 0.060 -0.025 0.085 0.004
72.603 0.009 0.136 0.061 -0.041 0.086 0.003
72.800 0.002 0.137 0.054 -0.046 0.089 -0.003
73.000 -0.003 0.142 0.057 -0.051 0.094 0.002
73.200 -0.006 0.146 0.061 -0.049 0.103 0.012
73.400 -0.004 0.148 0.067 -0.047 0.105 0.019
73.600 0.003 0.152 0.082 -0.042 0.106 0.028
73.800 0.011 0.148 0.088 -0.034 0.103 0.037
74.000 0.016 0.148 0.094 -0.032 0.099 0.039
74.200 0.020 0.146 0.104 -0.030 0.096 0.047
74.400 0.021 0.144 0.116 -0.029 0.094 0.059
74.600 0.021 0.145 0.131 -0.029 0.095 0.072
74.800 0.024 0.153 0.146 -0.037 0.092 0.070
75.002 0.016 0.152 0.142 -0.033 0.104 0.086
75.200 0.011 0.156 0.144 -0.035 0.110 0.091
75.400 0.021 0.170 0.165 -0.049 0.100 0.075
75.600 0.010 0.159 0.142 -0.039 0.110 0.087
75.800 0.007 0.152 0.134 -0.042 0.103 0.078
76.001 0.010 0.135 0.131 -0.040 0.085 0.072
76.200 0.013 0.117 0.124 -0.035 0.069 0.069
76.400 0.021 0.101 0.119 -0.032 0.047 0.057
76.600 0.019 0.085 0.104 -0.034 0.032 0.042
76.800 0.016 0.078 0.087 -0.037 0.026 0.025
77.000 0.006 0.079 0.051 -0.037 0.036 0.003
77.200 0.005 0.098 0.029 -0.044 0.048 -0.027
77.400 0.003 0.115 0.012 -0.047 0.065 -0.047
77.600 0.008 0.127 0.001 -0.044 0.075 -0.059
77.800 0.016 0.122 0.001 -0.034 0.071 -0.056
78.000 0.017 0.133 -0.010 -0.030 0.085 -0.063
78.201 0.020 0.137 -0.006 -0.024 0.092 -0.057
78.400 0.021 0.147 -0.003 -0.023 0.103 -0.055
78.600 0.025 0.159 -0.002 -0.028 0.106 -0.061
78.800 0.021 0.166 -0.001 -0.032 0.113 -0.062
79.000 0.010 0.170 0.003 -0.037 0.122 -0.051
79.200 0.004 0.168 0.007 -0.044 0.120 -0.049
79.400 -0.006 0.170 0.005 -0.052 0.124 -0.047
79.600 -0.012 0.176 -0.002 -0.062 0.126 -0.060
79.801 -0.019 0.185 -0.007 -0.067 0.136 -0.063
80.000 -0.024 0.192 -0.020 -0.069 0.148 -0.071
80.200 -0.021 0.192 -0.038 -0.063 0.150 -0.085
80.400 -0.014 0.188 -0.056 -0.057 0.145 -0.105
80.600 -0.006 0.184 -0.070 -0.056 0.135 -0.129
80.800 -0.003 0.171 -0.094 -0.049 0.126 -0.145
81.001 -0.003 0.159 -0.113 -0.046 0.116 -0.164
81.200 -0.002 0.146 -0.132 -0.045 0.102 -0.181
81.401 -0.004 0.138 -0.145 -0.046 0.096 -0.193
81.600 -0.005 0.133 -0.155 -0.047 0.091 -0.205
81.800 0.001 0.184 -0.163 -0.064 0.119 -0.248
82.001 -0.033 0.251 -0.252 -0.074 0.210 -0.298
82.200 -0.049 0.333 -0.333 -0.091 0.292 -0.380
82.400 -0.065 0.404 -0.411 -0.105 0.364 -0.456
82.600 -0.080 0.459 -0.475 -0.127 0.412 -0.528
82.800 -0.089 0.484 -0.530 -0.135 0.438 -0.583
83.000 -0.095 0.499 -0.563 -0.143 0.451 -0.619
83.201 -0.089 0.494 -0.568 -0.149 0.434 -0.644
83.400 -0.079 0.467 -0.565 -0.132 0.414 -0.627
83.600 -0.053 0.416 -0.527 -0.102 0.367 -0.583
83.800 -0.027 0.346 -0.481 -0.076 0.297 -0.539
84.000 -0.011 0.246 -0.445 -0.052 0.205 -0.491
84.200 0.008 0.142 -0.425 -0.036 0.098 -0.475
84.400 0.012 0.058 -0.417 -0.031 0.015 -0.465
84.601 0.007 -0.005 -0.399 -0.039 -0.051 -0.453
84.801 -0.008 -0.024 -0.383 -0.053 -0.068 -0.434
85.000 -0.019 -0.007 -0.363 -0.066 -0.053 -0.418
85.200 -0.018 0.030 -0.348 -0.066 -0.018 -0.404
85.400 -0.008 0.078 -0.333 -0.056 0.030 -0.389
85.600 0.002 0.107 -0.323 -0.043 0.062 -0.375
85.800 0.015 0.124 -0.313 -0.028 0.081 -0.363
86.000 0.022 0.135 -0.285 -0.022 0.091 -0.337
86.201 0.030 0.144 -0.250 -0.018 0.096 -0.305
86.400 0.033 0.142 -0.213 -0.014 0.094 -0.267
86.600 0.034 0.166 -0.175 -0.019 0.113 -0.238
86.800 0.027 0.164 -0.141 -0.020 0.116 -0.196
87.000 0.021 0.168 -0.110 -0.026 0.120 -0.164
87.200 0.012 0.169 -0.082 -0.037 0.121 -0.138
87.400 0.001 0.171 -0.062 -0.046 0.124 -0.115
87.600 -0.009 0.169 -0.043 -0.055 0.122 -0.097
87.800 -0.016 0.165 -0.034 -0.063 0.118 -0.087
88.000 -0.020 0.159 -0.029 -0.067 0.112 -0.084
88.200 -0.020 0.155 -0.028 -0.071 0.104 -0.084
88.400 -0.017 0.150 -0.028 -0.068 0.099 -0.089
88.600 -0.015 0.145 -0.040 -0.061 0.099 -0.093
88.801 -0.010 0.143 -0.048 -0.056 0.097 -0.100
89.000 -0.004 0.145 -0.060 -0.051 0.098 -0.113
89.201 0.002 0.149 -0.072 -0.046 0.101 -0.128
89.400 0.007 0.153 -0.084 -0.039 0.107 -0.135
89.600 0.011 0.157 -0.091 -0.034 0.112 -0.141
89.800 0.014 0.161 -0.095 -0.032 0.115 -0.147
90.000 0.016 0.161 -0.096 -0.029 0.116 -0.148
90.200 0.017 0.161 -0.092 -0.029 0.115 -0.145
90.401 0.015 0.160 -0.089 -0.029 0.116 -0.139
90.600 0.015 0.163 -0.080 -0.035 0.112 -0.140
90.800 0.020 0.169 -0.064 -0.044 0.106 -0.145
91.000 0.009 0.160 -0.073 -0.036 0.116 -0.124
91.200 0.010 0.158 -0.067 -0.035 0.114 -0.117
91.400 0.015 0.159 -0.059 -0.034 0.110 -0.114
91.600 0.017 0.156 -0.051 -0.029 0.109 -0.103
91.801 0.023 0.154 -0.042 -0.023 0.108 -0.095
92.000 0.029 0.154 -0.033 -0.019 0.106 -0.088
92.200 0.031 0.153 -0.025 -0.016 0.106 -0.080
92.400 0.032 0.153 -0.016 -0.015 0.106 -0.071
92.600 0.032 0.156 -0.005 -0.016 0.107 -0.061
92.800 0.034 0.156 0.013 -0.020 0.102 -0.050
93.001 0.025 0.152 0.019 -0.021 0.106 -0.033
93.200 0.020 0.153 0.031 -0.025 0.108 -0.020
93.400 0.014 0.158 0.041 -0.032 0.112 -0.011
93.600 0.030 0.178 0.086 -0.055 0.092 -0.029
93.800 0.074 0.224 0.165 -0.103 0.047 -0.083
94.000 0.110 0.262 0.218 -0.126 0.027 -0.113
94.200 0.148 0.304 0.261 -0.135 0.022 -0.136
94.400 0.184 0.345 0.298 -0.139 0.023 -0.155
94.600 0.066 0.239 0.130 -0.006 0.168 0.038
94.800 0.054 0.224 0.110 0.009 0.179 0.058
95.000 0.051 0.196 0.108 0.008 0.152 0.058
95.200 0.048 0.154 0.101 -0.000 0.106 0.046
95.401 0.041 0.098 0.093 -0.007 0.050 0.039
95.600 0.028 0.060 0.094 -0.019 0.014 0.041
95.800 0.013 0.043 0.095 -0.035 -0.005 0.039
96.000 0.007 0.039 0.103 -0.044 -0.012 0.045
96.200 0.008 0.039 0.113 -0.045 -0.014 0.048
96.400 -0.011 0.073 0.110 -0.056 0.027 0.058
96.600 -0.006 0.109 0.116 -0.055 0.060 0.060
96.801 -0.009 0.139 0.119 -0.055 0.093 0.067
97.001 -0.006 0.165 0.122 -0.051 0.120 0.069
97.200 -0.003 0.181 0.124 -0.047 0.137 0.073
97.400 0.005 0.183 0.130 -0.040 0.138 0.079
97.600 0.013 0.181 0.129 -0.031 0.137 0.079
97.800 0.018 0.177 0.126 -0.027 0.132 0.073
98.001 0.019 0.170 0.121 -0.023 0.127 0.073
98.201 0.020 0.166 0.128 -0.026 0.120 0.075
98.400 0.021 0.163 0.134 -0.022 0.120 0.085
98.600 0.021 0.162 0.141 -0.022 0.119 0.093
98.800 0.024 0.164 0.150 -0.022 0.118 0.097
99.000 0.021 0.162 0.160 -0.024 0.118 0.109
99.200 0.018 0.160 0.171 -0.029 0.114 0.118
99.400 0.015 0.156 0.178 -0.034 0.107 0.122
99.600 0.010 0.150 0.181 -0.039 0.101 0.124
99.800 0.006 0.144 0.180 -0.045 0.094 0.122
100.000 0.003 0.140 0.174 -0.047 0.091 0.118
100.200 -0.001 0.142 0.166 -0.050 0.093 0.111
100.400 -0.003 0.148 0.162 -0.054 0.097 0.102
100.600 -0.001 0.151 0.154 -0.051 0.101 0.097
100.800 0.003 0.152 0.146 -0.045 0.104 0.089
101.000 0.008 0.150 0.138 -0.043 0.100 0.082
101.200 0.014 0.146 0.133 -0.033 0.099 0.077
101.400 0.019 0.143 0.126 -0.025 0.099 0.076
101.600 0.025 0.143 0.118 -0.020 0.098 0.067
101.800 0.029 0.143 0.114 -0.016 0.098 0.064
102.000 0.030 0.147 0.111 -0.018 0.098 0.054
102.200 0.032 0.153 0.112 -0.025 0.096 0.042
102.401 0.023 0.151 0.096 -0.025 0.103 0.041
102.600 0.017 0.152 0.087 -0.029 0.106 0.034
102.800 0.010 0.153 0.082 -0.036 0.106 0.028
103.000 0.005 0.153 0.075 -0.040 0.108 0.024
103.200 -0.001 0.150 0.064 -0.043 0.108 0.017
103.401 -0.001 0.148 0.059 -0.045 0.104 0.009
103.600 -0.001 0.146 0.053 -0.045 0.102 0.004
103.801 0.001 0.145 0.054 -0.047 0.097 -0.002
104.000 0.001 0.142 0.050 -0.044 0.096 -0.003
104.201 0.003 0.141 0.047 -0.040 0.098 -0.001
104.401 0.011 0.148 0.056 -0.041 0.096 -0.005
104.601 0.012 0.149 0.053 -0.034 0.103 0.001
104.801 0.016 0.151 0.057 -0.032 0.104 0.001
105.000 0.015 0.151 0.055 -0.029 0.107 0.006
105.200 0.014 0.151 0.057 -0.030 0.107 0.006
105.400 0.015 0.151 0.060 -0.031 0.105 0.008
105.601 0.011 0.148 0.061 -0.031 0.105 0.013
105.800 0.010 0.147 0.063 -0.032 0.104 0.015
106.000 0.009 0.147 0.065 -0.034 0.104 0.017
106.201 0.007 0.147 0.066 -0.037 0.103 0.016
106.400 0.006 0.147 0.064 -0.038 0.103 0.014
106.600 0.006 0.147 0.063 -0.038 0.103 0.014
106.801 0.005 0.148 0.061 -0.038 0.105 0.012
107.000 0.010 0.153 0.072 -0.046 0.097 0.004
107.201 0.003 0.146 0.063 -0.041 0.103 0.014
107.400 0.016 0.161 0.089 -0.057 0.088 -0.006
107.601 0.016 0.160 0.092 -0.057 0.087 -0.005
107.800 0.002 0.146 0.069 -0.042 0.102 0.020
108.000 0.003 0.145 0.070 -0.039 0.103 0.022
108.200 0.014 0.155 0.086 -0.048 0.093 0.007
108.400 0.011 0.148 0.073 -0.037 0.100 0.019
108.600 0.012 0.148 0.071 -0.031 0.104 0.021
108.800 0.016 0.149 0.072 -0.029 0.103 0.020
109.001 0.019 0.150 0.072 -0.027 0.104 0.020
109.200 0.019 0.149 0.070 -0.026 0.105 0.020
109.400 0.018 0.149 0.070 -0.028 0.102 0.016
109.600 0.012 0.145 0.065 -0.030 0.103 0.017
109.800 0.007 0.141 0.062 -0.035 0.100 0.016
110.000 0.003 0.141 0.061 -0.041 0.097 0.012
110.201 -0.001 0.141 0.062 -0.044 0.097 0.012
110.401 -0.003 0.144 0.062 -0.048 0.099 0.012
110.600 -0.003 0.146 0.066 -0.047 0.103 0.017
110.800 -0.001 0.149 0.070 -0.045 0.104 0.019
111.000 0.002 0.152 0.069 -0.041 0.109 0.021
111.200 0.007 0.151 0.074 -0.038 0.107 0.023
111.400 0.012 0.151 0.076 -0.032 0.107 0.026
111.601 0.016 0.151 0.079 -0.030 0.105 0.028
111.800 0.020 0.148 0.082 -0.028 0.100 0.026
112.001 0.020 0.143 0.080 -0.025 0.097 0.028
112.200 0.019 0.141 0.082 -0.027 0.096 0.028
112.400 0.015 0.142 0.080 -0.030 0.098 0.030
112.601 0.011 0.144 0.082 -0.035 0.099 0.030
112.800 0.006 0.146 0.079 -0.037 0.103 0.030
113.000 0.008 0.151 0.085 -0.044 0.100 0.022
113.201 0.003 0.147 0.078 -0.043 0.101 0.025
113.400 0.001 0.145 0.075 -0.044 0.100 0.023
113.600 -0.000 0.144 0.071 -0.043 0.101 0.022
113.800 0.011 0.156 0.089 -0.056 0.090 0.002
114.000 0.003 0.148 0.075 -0.046 0.099 0.017
114.200 0.002 0.146 0.071 -0.042 0.102 0.021
114.400 0.005 0.147 0.071 -0.041 0.101 0.018
114.601 0.005 0.146 0.066 -0.036 0.105 0.019
114.800 0.009 0.149 0.068 -0.036 0.104 0.018
115.000 0.008 0.149 0.067 -0.034 0.107 0.019
115.200 0.010 0.149 0.067 -0.033 0.106 0.018
115.400 0.009 0.149 0.065 -0.034 0.106 0.016
115.600 0.009 0.147 0.062 -0.034 0.105 0.014
115.801 0.011 0.147 0.066 -0.035 0.101 0.012
116.000 0.011 0.144 0.067 -0.035 0.099 0.013
116.200 0.016 0.149 0.077 -0.042 0.091 0.005
116.400 0.007 0.142 0.065 -0.037 0.099 0.017
116.600 0.003 0.140 0.062 -0.039 0.098 0.014
116.801 0.001 0.139 0.060 -0.043 0.094 0.010
117.001 0.001 0.139 0.059 -0.049 0.090 0.003
117.200 0.001 0.138 0.053 -0.047 0.090 -0.002
117.400 0.005 0.137 0.052 -0.042 0.089 -0.003
117.601 0.013 0.142 0.054 -0.042 0.087 -0.014
117.801 0.012 0.138 0.045 -0.034 0.092 -0.007
118.000 0.012 0.139 0.042 -0.031 0.095 -0.006
118.201 0.014 0.140 0.044 -0.031 0.095 -0.009
118.402 0.016 0.141 0.047 -0.032 0.093 -0.009
118.600 0.015 0.141 0.049 -0.034 0.092 -0.008
118.800 0.024 0.152 0.069 -0.048 0.079 -0.027
119.000 0.013 0.141 0.054 -0.040 0.088 -0.008
119.200 0.009 0.139 0.052 -0.041 0.089 -0.004
119.400 0.006 0.137 0.051 -0.042 0.090 -0.002
119.600 0.004 0.137 0.049 -0.041 0.092 -0.001
119.801 0.008 0.142 0.052 -0.045 0.090 -0.006
120.000 0.006 0.138 0.053 -0.041 0.091 -0.002
120.201 0.016 0.147 0.068 -0.050 0.081 -0.018
120.400 0.020 0.151 0.070 -0.053 0.078 -0.027
120.601 0.020 0.148 0.065 -0.051 0.078 -0.026
120.800 0.015 0.142 0.060 -0.047 0.081 -0.018
121.000 0.020 0.146 0.066 -0.050 0.075 -0.026
121.200 0.011 0.135 0.053 -0.040 0.084 -0.007
121.400 0.012 0.136 0.058 -0.039 0.084 -0.004
121.600 0.013 0.140 0.059 -0.040 0.086 -0.007
121.800 0.013 0.139 0.061 -0.037 0.088 0.000
122.000 0.010 0.139 0.054 -0.033 0.095 0.005
122.200 0.011 0.142 0.055 -0.035 0.096 0.001
122.400 0.007 0.143 0.051 -0.036 0.099 0.002
122.600 0.006 0.144 0.051 -0.040 0.098 -0.002
122.800 0.005 0.143 0.048 -0.043 0.095 -0.006
123.001 0.002 0.140 0.046 -0.043 0.095 -0.006
123.201 0.002 0.140 0.048 -0.045 0.093 -0.008
123.400 0.005 0.141 0.053 -0.046 0.090 -0.008
123.600 0.002 0.138 0.049 -0.043 0.093 -0.002
123.800 0.003 0.139 0.051 -0.041 0.095 0.001
124.000 0.004 0.140 0.054 -0.041 0.095 0.002
124.200 0.004 0.143 0.052 -0.040 0.098 0.002
124.400 0.007 0.144 0.053 -0.040 0.097 -0.002
124.600 0.007 0.145 0.050 -0.037 0.100 -0.001
124.800 0.007 0.143 0.047 -0.036 0.100 -0.002
125.000 0.007 0.143 0.046 -0.036 0.099 -0.003
125.200 0.007 0.140 0.045 -0.036 0.097 -0.003
125.400 0.007 0.139 0.047 -0.038 0.094 -0.003
125.600 0.007 0.136 0.050 -0.039 0.089 -0.003
125.800 0.007 0.132 0.056 -0.041 0.084 -0.001
126.000 0.004 0.128 0.059 -0.041 0.083 0.008
126.200 0.004 0.130 0.058 -0.042 0.084 0.006
126.401 0.002 0.124 0.056 -0.045 0.078 0.003
126.600 0.002 0.111 0.059 -0.053 0.056 -0.003
126.800 0.001 0.093 0.058 -0.048 0.043 0.001
127.001 0.000 0.085 0.057 -0.046 0.039 0.005
127.200 0.003 0.087 0.056 -0.046 0.038 -0.000
127.400 0.008 0.096 0.052 -0.044 0.044 -0.008
127.600 0.026 0.124 0.078 -0.069 0.030 -0.049
127.801 0.027 0.125 0.078 -0.077 0.021 -0.049
128.000 -0.004 0.101 0.045 -0.055 0.049 -0.011
128.200 0.012 0.130 0.059 -0.077 0.041 -0.058
128.400 0.005 0.141 0.032 -0.074 0.063 -0.069
128.601 0.014 0.157 0.034 -0.078 0.065 -0.074
128.800 0.016 0.166 0.027 -0.069 0.081 -0.071
129.000 0.016 0.176 0.011 -0.048 0.112 -0.069
129.200 0.023 0.185 0.007 -0.040 0.121 -0.071
129.400 0.024 0.183 0.001 -0.031 0.128 -0.065
129.600 0.021 0.178 -0.008 -0.025 0.133 -0.060
129.800 0.020 0.173 -0.008 -0.028 0.124 -0.063
130.000 0.023 0.164 -0.009 -0.033 0.108 -0.073
130.200 0.014 0.158 -0.015 -0.038 0.106 -0.075
130.400 0.007 0.156 -0.023 -0.045 0.104 -0.085
130.600 -0.007 0.144 -0.042 -0.050 0.101 -0.091
130.800 -0.016 0.137 -0.056 -0.060 0.094 -0.105
131.000 -0.010 0.151 -0.080 -0.054 0.108 -0.129
131.200 -0.007 0.189 -0.119 -0.049 0.147 -0.166
131.400 -0.007 0.243 -0.158 -0.053 0.196 -0.212
131.600 -0.005 0.289 -0.193 -0.048 0.247 -0.241
131.801 -0.005 0.338 -0.219 -0.050 0.293 -0.269
132.000 0.003 0.373 -0.224 -0.051 0.319 -0.286
132.201 0.001 0.376 -0.237 -0.050 0.325 -0.295
132.401 0.004 0.355 -0.213 -0.045 0.306 -0.268
132.600 0.009 0.335 -0.182 -0.039 0.287 -0.237
132.801 0.018 0.322 -0.145 -0.026 0.279 -0.195
133.001 0.039 0.320 -0.096 -0.015 0.266 -0.158
133.200 0.044 0.303 -0.055 0.000 0.259 -0.104
133.400 0.044 0.268 -0.016 0.001 0.225 -0.065
133.600 0.036 0.216 0.015 -0.010 0.169 -0.038
133.800 0.036 0.152 0.049 -0.013 0.102 -0.007
134.000 0.019 0.090 0.067 -0.033 0.038 0.007
134.200 -0.001 0.044 0.092 -0.049 -0.004 0.036
134.400 -0.009 0.018 0.106 -0.058 -0.031 0.050
134.600 -0.014 0.016 0.119 -0.064 -0.035 0.061
134.800 -0.017 0.039 0.121 -0.066 -0.010 0.064
135.000 -0.015 0.078 0.120 -0.066 0.027 0.060
135.200 -0.011 0.114 0.122 -0.056 0.070 0.071
135.400 -0.002 0.138 0.119 -0.046 0.094 0.068
135.600 0.007 0.150 0.116 -0.045 0.099 0.055
135.801 0.004 0.141 0.094 -0.041 0.097 0.044
136.000 0.003 0.131 0.076 -0.043 0.085 0.024
136.200 0.002 0.120 0.059 -0.046 0.072 0.004
136.400 0.005 0.113 0.035 -0.045 0.062 -0.025
136.601 0.007 0.108 0.013 -0.041 0.060 -0.041
136.801 0.011 0.107 0.002 -0.040 0.056 -0.056
137.000 0.020 0.125 -0.005 -0.035 0.070 -0.069
137.201 0.019 0.123 -0.012 -0.030 0.074 -0.067
137.401 0.024 0.119 -0.006 -0.027 0.069 -0.065
137.600 0.023 0.109 0.002 -0.025 0.060 -0.055
137.800 0.020 0.094 0.001 -0.024 0.049 -0.049
138.000 0.018 0.070 0.003 -0.029 0.023 -0.052
138.200 0.010 0.047 -0.006 -0.035 0.002 -0.057
138.400 0.006 0.043 -0.009 -0.044 -0.007 -0.065
138.600 0.003 0.052 -0.017 -0.047 0.002 -0.075
138.800 0.011 0.074 -0.017 -0.050 0.013 -0.093
139.000 0.009 0.080 -0.026 -0.039 0.032 -0.081
139.200 0.017 0.083 -0.028 -0.029 0.038 -0.080
139.400 0.034 0.098 -0.015 -0.036 0.029 -0.105
139.601 0.023 0.106 -0.039 -0.030 0.052 -0.104
139.800 0.021 0.115 -0.054 -0.028 0.066 -0.108
140.000 0.018 0.124 -0.061 -0.026 0.080 -0.111
140.200 0.017 0.142 -0.060 -0.029 0.096 -0.113
140.400 0.017 0.155 -0.060 -0.034 0.104 -0.117
140.601 0.013 0.159 -0.063 -0.035 0.110 -0.118
140.800 0.008 0.156 -0.066 -0.035 0.114 -0.113
141.000 0.011 0.155 -0.062 -0.039 0.104 -0.120
141.200 0.009 0.152 -0.055 -0.037 0.105 -0.110
141.401 0.011 0.155 -0.044 -0.037 0.107 -0.100
141.600 0.019 0.155 -0.032 -0.027 0.109 -0.083
141.802 0.033 0.160 -0.010 -0.019 0.109 -0.070
142.000 0.055 0.197 0.006 -0.001 0.141 -0.056
142.200 0.073 0.254 0.010 0.026 0.207 -0.044
142.400 0.081 0.316 0.006 0.037 0.272 -0.044
142.600 0.087 0.381 0.016 0.024 0.319 -0.055
142.801 0.076 0.414 0.020 0.026 0.364 -0.037
143.001 0.059 0.439 0.021 0.009 0.388 -0.036
143.200 0.043 0.428 0.036 -0.006 0.380 -0.019
143.400 0.036 0.404 0.042 -0.013 0.356 -0.013
143.600 0.031 0.357 0.043 -0.013 0.314 -0.006
143.801 0.031 0.325 0.048 -0.024 0.270 -0.015
144.000 0.026 0.293 0.045 -0.025 0.242 -0.012
144.200 0.020 0.257 0.048 -0.026 0.211 -0.005
144.400 0.019 0.209 0.053 -0.026 0.165 0.003
144.600 0.016 0.147 0.056 -0.027 0.104 0.008
144.800 0.020 0.096 0.068 -0.030 0.047 0.012
145.001 0.008 0.049 0.077 -0.036 0.004 0.026
145.201 0.001 0.031 0.080 -0.045 -0.016 0.027
145.400 0.000 0.039 0.079 -0.048 -0.009 0.025
145.601 0.003 0.055 0.079 -0.046 0.006 0.022
145.800 0.015 0.083 0.092 -0.054 0.014 0.004
146.000 0.011 0.090 0.078 -0.040 0.039 0.021
146.201 0.008 0.094 0.088 -0.035 0.051 0.039
146.400 0.014 0.092 0.095 -0.032 0.047 0.041
146.601 0.009 0.081 0.090 -0.038 0.034 0.038
146.800 0.004 0.069 0.091 -0.043 0.022 0.037
147.001 -0.001 0.060 0.088 -0.048 0.013 0.034
147.201 0.001 0.067 0.091 -0.051 0.015 0.027
147.400 -0.008 0.080 0.071 -0.051 0.036 0.021
147.601 0.002 0.110 0.064 -0.047 0.060 0.008
147.801 0.001 0.132 0.047 -0.047 0.084 -0.007
148.001 -0.002 0.144 0.036 -0.048 0.097 -0.016
148.200 0.000 0.153 0.032 -0.045 0.107 -0.021
148.401 0.002 0.149 0.028 -0.043 0.104 -0.023
148.600 0.004 0.148 0.033 -0.046 0.098 -0.026
148.800 0.002 0.139 0.027 -0.046 0.092 -0.028
149.000 0.004 0.135 0.027 -0.048 0.083 -0.033
149.201 0.006 0.127 0.025 -0.042 0.079 -0.030
149.400 0.010 0.126 0.024 -0.037 0.079 -0.029
149.600 0.016 0.127 0.036 -0.036 0.075 -0.027
149.800 0.016 0.125 0.033 -0.028 0.081 -0.016
150.000 0.017 0.131 0.038 -0.028 0.086 -0.014
150.201 0.016 0.135 0.041 -0.028 0.091 -0.009
150.401 0.016 0.140 0.044 -0.030 0.094 -0.008
150.600 0.010 0.138 0.050 -0.033 0.096 0.001
150.801 0.006 0.139 0.060 -0.040 0.093 0.008
151.001 0.004 0.138 0.070 -0.046 0.088 0.012
151.200 -0.002 0.131 0.073 -0.046 0.087 0.023
151.400 0.006 0.131 0.086 -0.051 0.074 0.014
151.600 0.004 0.126 0.086 -0.045 0.077 0.029
151.800 0.008 0.124 0.091 -0.039 0.076 0.036
152.000 0.007 0.124 0.095 -0.039 0.078 0.043
152.200 0.020 0.137 0.114 -0.048 0.069 0.026
152.400 0.011 0.129 0.095 -0.036 0.082 0.042
152.600 0.016 0.131 0.091 -0.031 0.084 0.038
152.800 0.019 0.137 0.085 -0.030 0.088 0.028
153.000 0.019 0.141 0.084 -0.029 0.092 0.026
153.200 0.017 0.144 0.079 -0.029 0.098 0.025
153.400 0.016 0.145 0.076 -0.030 0.098 0.021
153.600 0.015 0.143 0.070 -0.029 0.099 0.021
153.801 0.014 0.140 0.069 -0.030 0.095 0.019
154.000 0.013 0.137 0.067 -0.032 0.093 0.015
154.201 0.013 0.135 0.066 -0.033 0.089 0.014
154.400 0.012 0.135 0.062 -0.033 0.090 0.011
154.601 0.015 0.135 0.060 -0.033 0.088 0.004
154.800 0.012 0.134 0.054 -0.032 0.090 0.004
155.000 0.011 0.135 0.051 -0.034 0.091 0.000
155.200 0.011 0.137 0.049 -0.036 0.091 -0.003
155.400 0.009 0.138 0.048 -0.038 0.092 -0.005
155.600 0.006 0.137 0.048 -0.040 0.091 -0.006
155.801 0.006 0.137 0.053 -0.046 0.086 -0.008
156.000 0.001 0.130 0.051 -0.044 0.086 0.001
156.200 0.002 0.131 0.056 -0.046 0.084 0.002
156.401 0.006 0.133 0.066 -0.048 0.079 -0.000
156.601 0.004 0.120 0.063 -0.043 0.073 0.010
156.800 0.005 0.099 0.068 -0.042 0.051 0.014
157.000 0.007 0.083 0.073 -0.042 0.034 0.017
157.200 0.006 0.070 0.067 -0.037 0.028 0.019
157.401 0.007 0.075 0.063 -0.040 0.028 0.009
157.600 0.007 0.082 0.052 -0.040 0.035 -0.001
157.800 0.006 0.092 0.039 -0.041 0.045 -0.015
158.000 0.001 0.087 0.027 -0.043 0.044 -0.022
158.200 -0.001 0.104 0.018 -0.052 0.053 -0.040
158.400 -0.005 0.101 0.012 -0.048 0.058 -0.036
158.600 0.012 0.127 0.028 -0.059 0.056 -0.066
158.800 -0.001 0.127 0.005 -0.044 0.084 -0.044
159.000 -0.001 0.153 0.012 -0.049 0.105 -0.045
159.200 -0.002 0.165 0.013 -0.046 0.121 -0.037
159.401 0.002 0.184 0.014 -0.049 0.133 -0.046
159.600 0.002 0.181 0.016 -0.047 0.132 -0.040
159.800 0.005 0.173 0.018 -0.045 0.123 -0.038
160.000 0.006 0.171 0.026 -0.048 0.117 -0.040
160.201 0.013 0.165 0.027 -0.045 0.107 -0.044
160.400 0.010 0.156 0.023 -0.036 0.111 -0.029
160.601 0.017 0.159 0.028 -0.031 0.111 -0.026
160.800 0.028 0.161 0.039 -0.023 0.110 -0.022
161.001 0.031 0.157 0.044 -0.017 0.110 -0.010
161.201 0.031 0.156 0.048 -0.016 0.110 -0.004
161.400 0.047 0.180 0.079 -0.040 0.093 -0.036
161.600 0.101 0.272 0.147 -0.077 0.094 -0.101
161.800 0.147 0.372 0.198 -0.092 0.137 -0.133
162.000 0.178 0.472 0.240 -0.112 0.190 -0.158
162.201 0.205 0.556 0.275 -0.131 0.234 -0.182
162.401 0.234 0.624 0.305 -0.145 0.267 -0.204
162.601 0.067 0.448 0.071 0.012 0.393 0.010
162.801 0.083 0.527 0.072 0.032 0.477 0.014
163.001 0.071 0.537 0.070 0.017 0.482 0.007
163.200 0.045 0.522 0.054 -0.004 0.472 -0.004
163.401 0.026 0.493 0.047 -0.027 0.440 -0.014
163.600 0.009 0.442 0.033 -0.042 0.391 -0.026
163.801 0.008 0.384 0.044 -0.057 0.318 -0.040
164.000 -0.005 0.274 0.027 -0.052 0.227 -0.025
164.201 0.000 0.167 0.033 -0.045 0.121 -0.019
164.400 0.006 0.100 0.029 -0.043 0.051 -0.026
164.601 0.013 0.028 0.038 -0.039 -0.024 -0.022
164.800 0.016 0.006 0.047 -0.039 -0.050 -0.019
165.001 0.017 0.017 0.058 -0.048 -0.048 -0.026
165.200 -0.008 0.030 0.046 -0.057 -0.019 -0.009
165.400 -0.013 0.064 0.053 -0.062 0.015 -0.004
165.601 -0.005 0.098 0.057 -0.054 0.050 0.002
165.801 0.010 0.129 0.069 -0.041 0.077 0.009
166.000 0.030 0.142 0.050 -0.012 0.101 0.004
166.200 0.036 0.156 0.054 -0.009 0.111 0.002
166.401 0.041 0.159 0.045 -0.004 0.115 -0.005
166.601 0.042 0.152 0.038 -0.003 0.106 -0.013
166.800 0.025 0.144 0.035 -0.019 0.099 -0.016
167.001 0.018 0.137 0.027 -0.030 0.088 -0.028
167.200 0.001 0.129 0.029 -0.045 0.083 -0.024
167.400 0.003 0.145 0.050 -0.072 0.070 -0.047
167.600 -0.009 0.142 0.039 -0.072 0.079 -0.039
167.800 -0.005 0.144 0.043 -0.069 0.080 -0.038
168.000 -0.001 0.146 0.044 -0.063 0.083 -0.036
168.201 0.000 0.141 0.027 -0.048 0.093 -0.027
168.400 0.006 0.145 0.032 -0.044 0.095 -0.025
168.600 0.006 0.148 0.033 -0.041 0.101 -0.021
168.800 0.006 0.148 0.034 -0.042 0.101 -0.021
169.001 0.002 0.146 0.033 -0.042 0.101 -0.017
169.201 -0.001 0.145 0.042 -0.048 0.098 -0.011
169.401 -0.009 0.143 0.047 -0.052 0.100 -0.001
169.600 -0.008 0.147 0.056 -0.057 0.098 -0.001
169.801 -0.010 0.148 0.063 -0.056 0.102 0.010
170.000 -0.006 0.151 0.080 -0.057 0.100 0.019
170.201 -0.004 0.150 0.090 -0.055 0.099 0.029
170.400 -0.001 0.148 0.098 -0.051 0.098 0.039
170.600 0.000 0.144 0.095 -0.045 0.099 0.044
170.800 0.008 0.135 0.094 -0.038 0.089 0.041
171.000 0.008 0.131 0.099 -0.046 0.076 0.032
171.201 0.004 0.116 0.086 -0.044 0.068 0.030
171.401 0.005 0.112 0.080 -0.053 0.055 0.014
171.600 -0.009 0.095 0.057 -0.056 0.048 0.004
171.800 -0.014 0.092 0.043 -0.065 0.041 -0.016
172.000 -0.016 0.095 0.018 -0.064 0.047 -0.037
172.200 -0.012 0.101 -0.006 -0.061 0.052 -0.062
172.400 -0.005 0.104 -0.005 -0.064 0.045 -0.078
172.600 -0.008 0.101 -0.015 -0.057 0.053 -0.071
172.800 -0.004 0.110 -0.022 -0.047 0.066 -0.070
173.001 0.005 0.119 -0.017 -0.038 0.075 -0.067
173.201 0.014 0.127 -0.014 -0.028 0.086 -0.061
173.400 0.023 0.145 -0.013 -0.023 0.099 -0.064
173.600 0.025 0.165 -0.000 -0.024 0.116 -0.057
173.800 0.022 0.169 0.007 -0.028 0.118 -0.051
174.000 0.018 0.168 0.031 -0.038 0.112 -0.037
174.200 0.001 0.172 0.026 -0.044 0.126 -0.026
174.400 -0.008 0.168 0.044 -0.057 0.119 -0.012
174.600 -0.012 0.172 0.044 -0.057 0.127 -0.007
174.800 -0.008 0.182 0.056 -0.060 0.131 -0.004
175.000 0.001 0.180 0.060 -0.047 0.132 0.006
175.200 0.016 0.177 0.073 -0.035 0.125 0.014
175.400 0.037 0.211 0.077 -0.008 0.166 0.026
175.601 0.069 0.251 0.109 0.020 0.202 0.053
175.801 0.087 0.330 0.116 0.033 0.276 0.055
176.000 0.083 0.381 0.129 0.032 0.329 0.069
176.201 0.074 0.403 0.146 0.025 0.354 0.090
176.400 0.058 0.402 0.152 0.009 0.353 0.096
176.601 0.043 0.381 0.148 -0.007 0.331 0.092
176.801 0.039 0.378 0.149 -0.021 0.317 0.076
177.000 0.023 0.354 0.115 -0.035 0.297 0.046
177.201 0.017 0.330 0.094 -0.064 0.249 -0.013
177.400 -0.013 0.295 0.031 -0.066 0.241 -0.030
177.601 -0.025 0.260 0.004 -0.071 0.215 -0.048
177.800 -0.019 0.227 -0.001 -0.083 0.163 -0.084
178.000 -0.021 0.164 -0.034 -0.064 0.121 -0.083
178.201 -0.007 0.115 -0.048 -0.053 0.069 -0.100
178.402 0.010 0.072 -0.061 -0.037 0.025 -0.115
178.600 0.020 0.063 -0.076 -0.023 0.021 -0.125
178.801 0.024 0.046 -0.087 -0.021 0.002 -0.138
179.001 0.023 0.045 -0.091 -0.016 0.006 -0.136
179.201 0.032 0.048 -0.088 -0.003 0.012 -0.129
179.401 0.037 0.062 -0.087 0.001 0.026 -0.130
179.600 0.040 0.088 -0.089 -0.006 0.041 -0.141
179.801 0.044 0.108 -0.079 -0.001 0.063 -0.131
180.000 0.052 0.124 -0.057 0.001 0.073 -0.115
180.200 0.048 0.128 -0.038 -0.001 0.078 -0.095
180.401 0.044 0.121 -0.015 -0.011 0.065 -0.078
180.601 0.029 0.120 0.014 -0.023 0.069 -0.044
180.801 0.022 0.108 0.041 -0.029 0.057 -0.020
181.000 0.015 0.097 0.064 -0.039 0.043 -0.000
181.200 0.003 0.087 0.077 -0.045 0.039 0.022
181.400 -0.007 0.082 0.077 -0.052 0.037 0.027
181.600 -0.006 0.089 0.073 -0.056 0.039 0.016
181.801 -0.008 0.097 0.060 -0.057 0.047 0.003
182.000 -0.006 0.104 0.049 -0.057 0.052 -0.011
182.200 -0.002 0.109 0.040 -0.052 0.059 -0.018
182.401 0.002 0.107 0.034 -0.048 0.057 -0.024
182.601 -0.005 0.092 0.036 -0.051 0.046 -0.016
182.801 -0.007 0.101 0.036 -0.053 0.055 -0.017
183.001 -0.004 0.113 0.029 -0.050 0.067 -0.023
183.200 0.003 0.129 0.029 -0.049 0.077 -0.033
183.400 0.000 0.143 0.023 -0.046 0.097 -0.030
183.601 0.001 0.160 0.017 -0.047 0.111 -0.039
183.801 0.001 0.165 0.023 -0.045 0.120 -0.028
184.000 0.004 0.172 0.014 -0.040 0.129 -0.035
184.201 0.011 0.174 0.021 -0.040 0.123 -0.035
184.400 0.014 0.176 0.016 -0.035 0.127 -0.040
184.601 0.016 0.181 0.006 -0.028 0.137 -0.044
184.800 0.022 0.185 -0.005 -0.024 0.139 -0.057
185.001 0.033 0.186 -0.006 -0.023 0.130 -0.074
185.200 0.027 0.172 -0.032 -0.012 0.134 -0.075
185.400 0.028 0.168 -0.045 -0.019 0.121 -0.099
185.600 0.020 0.164 -0.064 -0.028 0.116 -0.119
185.801 0.010 0.161 -0.085 -0.033 0.117 -0.135
186.000 0.010 0.159 -0.098 -0.040 0.109 -0.156
186.201 0.004 0.161 -0.102 -0.046 0.111 -0.164
186.400 -0.002 0.149 -0.122 -0.041 0.110 -0.167
186.601 -0.005 0.144 -0.130 -0.043 0.106 -0.172
186.800 0.000 0.141 -0.134 -0.047 0.094 -0.185
187.000 0.002 0.141 -0.138 -0.048 0.092 -0.195
187.201 0.001 0.139 -0.145 -0.042 0.095 -0.194
187.400 0.003 0.144 -0.145 -0.041 0.100 -0.195
187.601 0.007 0.146 -0.146 -0.036 0.103 -0.194
187.801 0.008 0.150 -0.144 -0.034 0.109 -0.192
188.000 0.008 0.148 -0.150 -0.028 0.111 -0.190
188.201 0.010 0.151 -0.147 -0.030 0.111 -0.192
188.400 0.008 0.150 -0.142 -0.032 0.111 -0.186
188.601 0.008 0.155 -0.131 -0.039 0.108 -0.186
188.801 0.002 0.151 -0.134 -0.038 0.110 -0.179
189.001 -0.002 0.148 -0.134 -0.040 0.109 -0.176
189.201 -0.006 0.151 -0.071 -0.049 0.108 -0.121
189.401 -0.003 0.187 0.012 -0.067 0.122 -0.072
189.601 -0.027 0.275 0.009 -0.078 0.224 -0.049
189.800 -0.012 0.336 0.005 -0.060 0.289 -0.049
190.001 0.013 0.392 0.004 -0.036 0.344 -0.051
190.201 0.034 0.410 0.018 -0.013 0.363 -0.036
190.400 0.053 0.394 0.031 0.006 0.347 -0.023
190.600 0.068 0.380 0.054 -0.001 0.311 -0.034
190.801 0.057 0.337 0.031 0.008 0.289 -0.024
191.000 0.056 0.328 0.030 -0.002 0.270 -0.039
191.200 0.038 0.312 0.007 -0.006 0.268 -0.043
191.401 0.039 0.291 -0.002 -0.003 0.249 -0.049
191.600 0.040 0.246 -0.001 -0.003 0.204 -0.049
191.801 0.038 0.183 0.005 -0.004 0.140 -0.043
192.000 0.029 0.128 0.011 -0.015 0.084 -0.039
192.201 0.023 0.073 0.024 -0.028 0.022 -0.035
192.400 0.007 0.037 0.030 -0.041 -0.011 -0.025
192.601 0.001 0.033 0.039 -0.048 -0.015 -0.017
192.800 -0.002 0.044 0.047 -0.050 -0.004 -0.008
193.001 -0.000 0.067 0.055 -0.053 0.014 -0.007
193.201 0.004 0.090 0.061 -0.047 0.040 0.004
193.401 0.006 0.110 0.079 -0.040 0.064 0.026
193.600 0.015 0.123 0.093 -0.030 0.078 0.042
193.801 0.024 0.129 0.113 -0.029 0.076 0.049
194.001 0.017 0.120 0.117 -0.030 0.073 0.064
194.201 0.004 0.111 0.123 -0.044 0.063 0.068
194.400 -0.012 0.099 0.123 -0.057 0.054 0.072
194.600 -0.022 0.090 0.120 -0.064 0.048 0.072
194.800 -0.024 0.090 0.121 -0.068 0.046 0.070
195.002 -0.022 0.097 0.117 -0.065 0.055 0.069
195.201 -0.014 0.110 0.113 -0.057 0.068 0.066
195.401 -0.005 0.121 0.112 -0.048 0.078 0.063
195.600 0.006 0.134 0.108 -0.043 0.086 0.052
195.801 0.012 0.140 0.104 -0.037 0.092 0.049
196.000 0.014 0.143 0.111 -0.037 0.092 0.052
196.200 0.010 0.140 0.111 -0.038 0.092 0.056
196.400 0.007 0.135 0.113 -0.040 0.088 0.059
196.601 0.005 0.127 0.120 -0.042 0.079 0.066
196.801 0.003 0.120 0.128 -0.046 0.071 0.071
197.000 0.017 0.130 0.155 -0.058 0.055 0.057
197.200 0.006 0.119 0.138 -0.042 0.071 0.083
197.400 0.006 0.124 0.136 -0.042 0.077 0.082
197.600 0.008 0.129 0.133 -0.046 0.075 0.070
197.800 0.001 0.120 0.118 -0.050 0.069 0.060
198.000 -0.003 0.106 0.105 -0.055 0.054 0.046
198.201 -0.001 0.090 0.098 -0.054 0.037 0.037
198.400 0.002 0.071 0.082 -0.049 0.020 0.024
198.601 -0.003 0.059 0.053 -0.047 0.015 0.002
198.801 0.004 0.063 0.029 -0.043 0.017 -0.024
199.001 0.012 0.076 0.013 -0.035 0.029 -0.040
199.200 0.015 0.086 0.003 -0.030 0.041 -0.048
199.400 0.012 0.100 -0.001 -0.033 0.056 -0.052
199.601 0.003 0.116 -0.009 -0.038 0.075 -0.054
199.801 0.001 0.130 -0.004 -0.045 0.083 -0.057
200.000 0.001 0.139 -0.002 -0.045 0.092 -0.055
200.201 -0.003 0.154 0.002 -0.053 0.104 -0.057
200.400 -0.008 0.156 0.001 -0.052 0.112 -0.049
200.601 -0.004 0.160 0.005 -0.053 0.110 -0.052
200.800 -0.006 0.163 0.004 -0.054 0.115 -0.050
201.000 -0.007 0.156 0.003 -0.053 0.111 -0.048
201.201 -0.003 0.159 -0.002 -0.052 0.111 -0.056
201.400 -0.002 0.168 -0.010 -0.051 0.118 -0.067
201.600 0.002 0.168 -0.002 -0.050 0.116 -0.065
201.800 -0.000 0.172 -0.001 -0.053 0.119 -0.062
202.000 -0.004 0.181 -0.010 -0.051 0.133 -0.066
202.201 -0.001 0.181 -0.016 -0.052 0.131 -0.073
202.400 -0.003 0.176 -0.029 -0.049 0.130 -0.081
202.600 0.002 0.175 -0.029 -0.055 0.118 -0.099
202.800 -0.004 0.160 -0.048 -0.051 0.114 -0.101
203.000 -0.011 0.153 -0.061 -0.051 0.113 -0.105
203.200 -0.011 0.147 -0.067 -0.054 0.105 -0.115
203.400 -0.000 0.158 -0.051 -0.066 0.092 -0.137
203.600 -0.010 0.143 -0.072 -0.050 0.103 -0.117
203.801 -0.007 0.147 -0.070 -0.052 0.102 -0.123
204.000 -0.006 0.148 -0.071 -0.049 0.105 -0.120
204.201 -0.007 0.149 -0.076 -0.046 0.110 -0.120
204.401 -0.002 0.152 -0.076 -0.046 0.108 -0.126
204.601 0.001 0.151 -0.077 -0.044 0.106 -0.128
204.800 -0.002 0.151 -0.081 -0.041 0.112 -0.125
205.001 0.001 0.152 -0.080 -0.044 0.107 -0.132
205.200 -0.004 0.154 -0.075 -0.045 0.113 -0.122
205.401 -0.001 0.152 -0.067 -0.046 0.107 -0.118
205.601 -0.002 0.155 -0.057 -0.049 0.108 -0.112
205.801 -0.001 0.153 -0.050 -0.051 0.104 -0.107
206.000 -0.004 0.155 -0.041 -0.053 0.106 -0.097
206.201 -0.001 0.151 -0.036 -0.049 0.102 -0.091
206.401 -0.003 0.152 -0.036 -0.047 0.107 -0.087
206.601 0.000 0.151 -0.037 -0.045 0.106 -0.088
206.801 0.003 0.152 -0.034 -0.043 0.105 -0.087
207.001 0.003 0.149 -0.034 -0.043 0.103 -0.087
207.200 0.005 0.151 -0.035 -0.042 0.104 -0.089
207.401 0.006 0.149 -0.035 -0.042 0.100 -0.092
207.600 0.002 0.148 -0.040 -0.042 0.104 -0.090
207.800 0.001 0.148 -0.042 -0.043 0.104 -0.092
208.000 -0.001 0.147 -0.042 -0.043 0.105 -0.090
208.200 -0.001 0.150 -0.039 -0.045 0.106 -0.088
208.400 -0.000 0.158 -0.042 -0.049 0.109 -0.099
208.600 0.003 0.152 -0.026 -0.049 0.100 -0.087
208.800 -0.001 0.158 -0.038 -0.049 0.110 -0.093
209.001 0.003 0.174 -0.035 -0.053 0.118 -0.100
209.201 0.003 0.164 -0.026 -0.046 0.116 -0.081
209.400 0.005 0.157 -0.011 -0.047 0.105 -0.071
209.601 -0.003 0.164 -0.019 -0.050 0.117 -0.070
209.800 0.011 0.173 0.003 -0.065 0.098 -0.095
210.001 -0.001 0.158 -0.011 -0.055 0.105 -0.074
210.201 0.001 0.143 -0.005 -0.046 0.096 -0.058
210.400 -0.000 0.148 -0.007 -0.047 0.102 -0.060
210.601 0.002 0.144 0.000 -0.047 0.096 -0.055
210.800 0.004 0.151 0.011 -0.052 0.095 -0.057
211.001 0.008 0.161 0.012 -0.056 0.097 -0.067
211.200 0.005 0.170 0.011 -0.055 0.110 -0.063
211.400 -0.000 0.173 0.004 -0.054 0.119 -0.059
211.600 0.002 0.158 0.012 -0.048 0.108 -0.045
211.801 0.003 0.156 0.007 -0.048 0.105 -0.051
212.001 0.001 0.158 0.005 -0.050 0.106 -0.053
212.201 -0.001 0.162 -0.010 -0.054 0.109 -0.073
212.401 0.002 0.150 0.003 -0.052 0.096 -0.060
212.601 0.000 0.144 0.003 -0.050 0.094 -0.055
212.801 0.000 0.144 0.001 -0.048 0.096 -0.054
213.000 0.004 0.145 0.003 -0.048 0.092 -0.058
213.201 0.003 0.150 0.005 -0.048 0.099 -0.054
213.401 0.001 0.155 0.004 -0.050 0.104 -0.056
213.600 -0.001 0.162 -0.000 -0.051 0.112 -0.060
213.801 -0.001 0.154 0.004 -0.048 0.107 -0.049
214.000 -0.001 0.155 -0.003 -0.051 0.105 -0.060
214.200 0.002 0.149 0.008 -0.048 0.100 -0.049
214.401 -0.002 0.158 0.003 -0.052 0.108 -0.054
214.601 0.002 0.147 0.006 -0.048 0.097 -0.051
214.800 0.004 0.144 0.013 -0.046 0.094 -0.045
215.001 0.003 0.147 0.013 -0.044 0.100 -0.040
215.200 0.003 0.156 0.009 -0.047 0.106 -0.048
215.400 0.003 0.151 0.010 -0.045 0.103 -0.044
215.601 0.003 0.156 0.006 -0.048 0.106 -0.052
215.801 -0.001 0.157 -0.004 -0.050 0.109 -0.061
216.000 0.002 0.150 0.004 -0.049 0.099 -0.054
216.200 0.010 0.158 0.018 -0.059 0.090 -0.070
216.400 0.000 0.147 -0.000 -0.048 0.098 -0.055
216.600 -0.003 0.143 0.002 -0.048 0.098 -0.049
216.800 -0.001 0.147 0.000 -0.050 0.098 -0.056
217.001 -0.003 0.157 -0.008 -0.050 0.110 -0.061
217.201 -0.003 0.165 -0.017 -0.052 0.117 -0.073
217.401 -0.002 0.147 -0.007 -0.047 0.102 -0.059
217.600 -0.003 0.149 -0.018 -0.047 0.105 -0.067
217.801 -0.001 0.152 -0.024 -0.050 0.103 -0.081
218.001 0.000 0.157 -0.021 -0.053 0.103 -0.084
218.201 -0.001 0.145 -0.023 -0.047 0.099 -0.075
218.400 -0.002 0.161 -0.038 -0.054 0.110 -0.098
218.600 0.005 0.157 -0.035 -0.057 0.096 -0.110
218.801 -0.003 0.144 -0.039 -0.050 0.097 -0.092
219.001 -0.007 0.146 -0.041 -0.051 0.102 -0.090
219.201 -0.003 0.148 -0.042 -0.052 0.099 -0.097
219.401 -0.003 0.153 -0.038 -0.054 0.102 -0.101
219.600 0.002 0.153 -0.037 -0.056 0.096 -0.106
219.801 -0.001 0.148 -0.040 -0.051 0.098 -0.097
220.001 -0.004 0.144 -0.041 -0.049 0.099 -0.092
220.201 0.000 0.149 -0.031 -0.055 0.093 -0.100
220.401 -0.006 0.143 -0.038 -0.048 0.101 -0.085
220.601 -0.001 0.145 -0.038 -0.051 0.096 -0.095
220.800 -0.004 0.145 -0.046 -0.048 0.101 -0.096
221.001 0.002 0.150 -0.045 -0.051 0.097 -0.106
221.200 -0.006 0.148 -0.051 -0.048 0.106 -0.098
221.401 -0.005 0.149 -0.046 -0.050 0.103 -0.098
221.600 -0.005 0.148 -0.040 -0.054 0.099 -0.097
221.801 -0.005 0.145 -0.036 -0.052 0.099 -0.090
222.001 -0.006 0.145 -0.033 -0.050 0.101 -0.083
222.200 -0.002 0.152 -0.036 -0.052 0.102 -0.094
222.400 -0.006 0.164 -0.045 -0.055 0.115 -0.101
222.601 0.009 0.167 -0.023 -0.062 0.096 -0.115
222.801 -0.005 0.143 -0.031 -0.044 0.104 -0.073
223.000 0.002 0.155 -0.032 -0.051 0.102 -0.094
223.200 0.001 0.154 -0.026 -0.051 0.103 -0.085
223.400 0.000 0.143 -0.028 -0.044 0.099 -0.078
223.600 0.001 0.153 -0.037 -0.047 0.105 -0.091
223.801 -0.003 0.156 -0.042 -0.050 0.110 -0.093
224.000 0.005 0.150 -0.029 -0.051 0.095 -0.098
224.201 -0.004 0.153 -0.037 -0.051 0.106 -0.092
224.400 -0.006 0.144 -0.034 -0.048 0.102 -0.082
224.600 -0.006 0.161 -0.037 -0.057 0.110 -0.096
224.800 -0.004 0.163 -0.043 -0.056 0.110 -0.104
225.001 0.001 0.145 -0.015 -0.054 0.090 -0.082
225.200 -0.000 0.147 -0.021 -0.053 0.094 -0.081
225.400 -0.001 0.141 -0.018 -0.047 0.094 -0.072
225.600 0.000 0.147 -0.033 -0.045 0.102 -0.084
225.800 0.004 0.148 -0.019 -0.049 0.095 -0.081
226.000 0.001 0.165 -0.036 -0.051 0.114 -0.095
226.201 0.000 0.147 -0.020 -0.046 0.101 -0.072
226.401 -0.002 0.154 -0.020 -0.050 0.106 -0.075
226.600 0.005 0.154 -0.010 -0.056 0.094 -0.084
226.800 -0.009 0.155 -0.018 -0.056 0.107 -0.074
227.001 -0.000 0.143 -0.008 -0.050 0.093 -0.065
227.201 -0.002 0.152 -0.007 -0.052 0.102 -0.065
227.400 -0.002 0.155 -0.023 -0.051 0.107 -0.078
227.600 0.001 0.148 0.000 -0.047 0.100 -0.055
227.801 0.005 0.149 0.001 -0.046 0.098 -0.056
228.001 0.004 0.147 0.014 -0.046 0.097 -0.045
228.200 0.004 0.157 0.018 -0.051 0.102 -0.049
228.400 -0.001 0.153 0.008 -0.048 0.106 -0.046
228.601 -0.002 0.158 0.006 -0.051 0.108 -0.050
228.800 0.001 0.141 0.013 -0.049 0.090 -0.046
229.000 0.014 0.154 0.028 -0.061 0.080 -0.068
229.200 0.010 0.151 0.026 -0.057 0.083 -0.061
229.400 0.061 0.203 0.099 -0.108 0.034 -0.136
229.600 0.094 0.242 0.141 -0.135 0.012 -0.181
229.800 0.124 0.283 0.172 -0.154 0.007 -0.218
230.000 0.153 0.325 0.196 -0.166 0.008 -0.251
230.201 0.028 0.226 -0.012 -0.021 0.177 -0.068
230.400 0.029 0.239 -0.013 -0.022 0.188 -0.071
230.600 0.023 0.220 -0.021 -0.027 0.170 -0.080
230.800 0.007 0.191 -0.031 -0.047 0.137 -0.093
231.000 -0.009 0.158 -0.033 -0.069 0.098 -0.104
231.201 -0.029 0.115 -0.031 -0.080 0.064 -0.089
231.400 -0.037 0.084 -0.018 -0.087 0.033 -0.075
231.601 -0.037 0.081 -0.017 -0.091 0.026 -0.080
231.801 -0.026 0.078 -0.011 -0.085 0.019 -0.080
232.000 -0.019 0.096 -0.009 -0.072 0.042 -0.070
232.200 -0.013 0.120 -0.006 -0.067 0.065 -0.072
232.400 -0.004 0.148 -0.008 -0.058 0.094 -0.074
232.601 -0.000 0.173 -0.022 -0.051 0.123 -0.081
232.800 0.003 0.178 -0.008 -0.046 0.130 -0.063
233.001 0.001 0.175 -0.010 -0.043 0.131 -0.060
233.201 0.005 0.168 -0.015 -0.042 0.121 -0.068
233.401 0.004 0.144 -0.004 -0.041 0.099 -0.055
233.601 0.009 0.135 -0.007 -0.041 0.085 -0.064
233.801 0.010 0.130 -0.004 -0.037 0.083 -0.058
234.001 0.012 0.129 -0.005 -0.035 0.082 -0.059
234.201 0.021 0.143 0.012 -0.039 0.083 -0.061
234.400 0.021 0.143 0.004 -0.027 0.095 -0.051
234.601 0.022 0.152 0.005 -0.024 0.106 -0.048
234.800 0.023 0.160 0.011 -0.022 0.116 -0.039
235.000 0.024 0.175 0.020 -0.031 0.119 -0.048
235.200 0.014 0.170 0.014 -0.033 0.123 -0.039
235.400 0.022 0.174 0.036 -0.050 0.101 -0.059
235.601 -0.002 0.141 0.023 -0.044 0.100 -0.024
235.801 -0.010 0.142 0.017 -0.054 0.098 -0.032
236.000 -0.006 0.138 0.027 -0.056 0.089 -0.030
236.201 -0.005 0.129 0.044 -0.053 0.080 -0.012
236.400 0.002 0.135 0.041 -0.047 0.085 -0.017
236.600 0.012 0.145 0.050 -0.049 0.084 -0.025
236.800 0.014 0.135 0.049 -0.034 0.087 -0.007
237.000 0.016 0.147 0.041 -0.030 0.102 -0.011
237.201 0.019 0.159 0.041 -0.032 0.108 -0.017
237.401 0.018 0.162 0.035 -0.030 0.114 -0.020
