%x y
-1.3768249999999997 -0.27557
-1.376687 -0.27567699999999995
-1.376658 -0.27573099999999995
-1.376723 -0.27570399999999995
-1.376637 -0.27576000000000006
-1.3766189999999998 -0.27578899999999995
-1.376613 -0.27581500000000003
-1.376581 -0.27605100000000005
-1.376587 -0.27600699999999995
-1.3765070000000001 -0.27612200000000003
-1.376477 -0.276163
-1.376567 -0.275957
-1.3765139999999998 -0.27606200000000003
-1.3765949999999998 -0.276133
-1.37656 -0.276286
-1.376574 -0.2761060000000001
-1.3765699999999998 -0.27607899999999996
-1.376414 -0.2761990000000001
-1.3766930000000002 -0.276249
-1.376483 -0.2763169999999999
-1.376116 -0.276308
-1.376294 -0.276335
-1.375899 -0.276247
-1.3759569999999999 -0.276351
-1.375746 -0.27646600000000005
-1.3755639999999998 -0.276479
-1.375357 -0.27636900000000003
-1.375145 -0.276523
-1.375007 -0.276439
-1.374771 -0.276545
-1.374422 -0.276547
-1.374234 -0.276515
-1.373961 -0.27645500000000006
-1.3736199999999998 -0.27657200000000004
-1.3733899999999999 -0.276683
-1.373321 -0.27674800000000005
-1.373365 -0.2765889999999999
-1.3732820000000001 -0.27659
-1.3731710000000001 -0.27672499999999994
-1.373183 -0.276758
-1.372991 -0.276867
-1.372894 -0.27685799999999994
-1.372761 -0.276784
-1.372654 -0.276909
-1.372595 -0.27704800000000007
-1.3724210000000001 -0.2770210000000001
-1.3722459999999999 -0.27710100000000004
-1.372086 -0.27711800000000003
-1.371962 -0.27716199999999996
-1.3719160000000001 -0.27717200000000003
-1.3717949999999999 -0.27739900000000006
-1.371597 -0.27759999999999996
-1.3715160000000002 -0.27759100000000003
-1.371409 -0.27758200000000005
-1.371338 -0.277667
-1.371226 -0.277717
-1.371224 -0.277943
-1.371048 -0.27799300000000005
-1.371088 -0.277938
-1.3707360000000002 -0.27819800000000006
-1.370807 -0.278053
-1.370808 -0.278159
-1.37089 -0.278169
-1.3707529999999999 -0.27835899999999997
-1.370636 -0.27857200000000004
-1.370673 -0.278466
-1.370577 -0.27853200000000006
-1.370506 -0.278715
-1.370368 -0.2787699999999999
-1.370247 -0.27888
-1.370143 -0.27885899999999997
-1.3700790000000003 -0.2788960000000001
-1.3699009999999998 -0.278841
-1.369826 -0.27888199999999996
-1.369656 -0.279142
-1.369479 -0.27923600000000004
-1.369303 -0.27914599999999995
-1.3691619999999998 -0.27905699999999994
-1.3689580000000001 -0.279134
-1.3688300000000002 -0.279274
-1.368593 -0.2793439999999999
-1.368433 -0.279374
-1.368377 -0.27922399999999997
-1.3681660000000002 -0.279289
-1.367934 -0.27944
-1.367934 -0.27948800000000007
-1.36766 -0.27952699999999997
-1.367506 -0.279643
-1.367369 -0.27962899999999996
-1.367181 -0.279689
-1.3670129999999998 -0.279736
-1.3668600000000002 -0.279752
-1.366807 -0.279809
-1.366652 -0.279843
-1.366426 -0.279995
-1.366256 -0.27997500000000003
-1.3661379999999999 -0.28008
-1.36599 -0.280118
-1.3658880000000002 -0.28031700000000004
-1.3657289999999997 -0.28032399999999996
-1.365361 -0.280614
-1.3653210000000002 -0.280452
-1.365116 -0.28058000000000005
-1.3648630000000002 -0.280719
-1.364778 -0.28094900000000006
-1.364608 -0.28088700000000005
-1.364512 -0.28076700000000004
-1.3642699999999999 -0.28103100000000003
-1.3640729999999999 -0.281083
-1.3638960000000002 -0.28109599999999996
-1.3638679999999999 -0.281184
-1.363799 -0.281233
-1.3636979999999999 -0.281276
-1.363553 -0.281349
-1.363368 -0.281358
-1.363122 -0.28132700000000005
-1.36295 -0.28140299999999996
-1.362731 -0.28145400000000004
-1.362624 -0.28147599999999995
-1.362376 -0.28146099999999996
-1.362239 -0.281445
-1.3620610000000002 -0.2813779999999999
-1.3618050000000002 -0.281403
-1.361632 -0.281396
-1.361435 -0.28149700000000005
-1.3613250000000001 -0.28143000000000007
-1.3611529999999998 -0.28126700000000004
-1.360994 -0.281217
-1.3608860000000003 -0.2813319999999999
-1.360756 -0.28137300000000004
-1.360596 -0.28125999999999995
-1.360394 -0.28134400000000004
-1.360261 -0.28122500000000006
-1.3602180000000001 -0.28133600000000003
-1.360087 -0.281128
-1.359834 -0.281203
-1.35971 -0.28109100000000004
-1.359585 -0.28101200000000004
-1.359418 -0.28121799999999997
-1.3592739999999999 -0.281112
-1.3590730000000002 -0.281005
-1.358741 -0.281126
-1.358586 -0.28109600000000007
-1.3583669999999999 -0.280975
-1.358333 -0.28094399999999997
-1.3581009999999998 -0.280908
-1.3578880000000002 -0.280977
-1.357809 -0.280954
-1.357715 -0.28076899999999994
-1.357538 -0.280681
-1.357355 -0.280907
-1.3573009999999999 -0.28093200000000007
-1.3571579999999999 -0.28076699999999993
-1.356884 -0.28079800000000005
-1.3568049999999998 -0.28077599999999997
-1.356613 -0.280964
-1.356437 -0.28093799999999997
-1.35636 -0.280837
-1.355882 -0.28080999999999995
-1.355746 -0.280822
-1.355712 -0.28078299999999995
-1.355525 -0.280842
-1.3554209999999998 -0.280882
-1.3552899999999999 -0.28092800000000007
-1.3551619999999998 -0.280767
-1.355 -0.28074000000000005
-1.354737 -0.28062
-1.3546019999999999 -0.28064400000000006
-1.354485 -0.28051000000000004
-1.354277 -0.28060399999999996
-1.354179 -0.28033
-1.353981 -0.2801220000000001
-1.3538529999999998 -0.28008200000000005
-1.353922 -0.28013800000000005
-1.353765 -0.279919
-1.3536320000000002 -0.279788
-1.3534940000000002 -0.27965899999999994
-1.353384 -0.27958
-1.353419 -0.27927
-1.3533449999999998 -0.279144
-1.3532530000000003 -0.279055
-1.3530739999999999 -0.278865
-1.353051 -0.278713
-1.353018 -0.278377
-1.3530170000000001 -0.278411
-1.3529490000000002 -0.278326
-1.3529099999999998 -0.27801800000000004
-1.352832 -0.27790499999999996
-1.352702 -0.277818
-1.3525520000000002 -0.277782
-1.352529 -0.27745099999999995
-1.352709 -0.277476
-1.352666 -0.277259
-1.3526889999999998 -0.27709999999999996
-1.3526010000000002 -0.27691
-1.3524829999999999 -0.276864
-1.352508 -0.27687
-1.352719 -0.276734
-1.352674 -0.276626
-1.352467 -0.27658699999999997
-1.352532 -0.276561
-1.352567 -0.27642500000000003
-1.3526289999999999 -0.276427
-1.3525159999999998 -0.27655500000000005
-1.3526380000000002 -0.27651900000000007
-1.35247 -0.276351
-1.352412 -0.276096
-1.3523129999999999 -0.27621
-1.3523070000000001 -0.27601600000000004
-1.352338 -0.2759829999999999
-1.352384 -0.275724
-1.352303 -0.27577599999999997
-1.352219 -0.2755969999999999
-1.3522020000000001 -0.275279
-1.352074 -0.274945
-1.3519480000000001 -0.27456699999999995
-1.3521010000000002 -0.27376599999999995
-1.351958 -0.27321500000000004
-1.351886 -0.27246
-1.352 -0.27122700000000005
-1.35204 -0.270106
-1.35212 -0.26880799999999994
-1.352263 -0.267396
-1.352418 -0.265825
-1.352729 -0.264187
-1.3527829999999998 -0.2623999999999999
-1.353066 -0.26054200000000005
-1.353416 -0.25855599999999995
-1.3535650000000001 -0.256433
-1.353723 -0.25433000000000006
-1.3538800000000002 -0.25183599999999995
-1.3539429999999997 -0.24957500000000005
-1.35388 -0.24727100000000007
-1.3537710000000003 -0.24465800000000001
-1.353461 -0.24216000000000001
-1.35344 -0.23934699999999998
-1.353182 -0.236757
-1.353007 -0.23365300000000003
-1.3529200000000001 -0.23088999999999993
-1.3528870000000002 -0.227931
-1.352767 -0.22500699999999996
-1.352786 -0.221969
-1.3529200000000001 -0.218921
-1.3531819999999999 -0.21596600000000002
-1.3532870000000001 -0.212646
-1.353476 -0.20951799999999998
-1.3537640000000002 -0.20647600000000005
-1.353993 -0.203366
-1.354144 -0.20019000000000006
-1.354489 -0.19690100000000008
-1.354567 -0.193695
-1.354531 -0.19063600000000003
-1.354802 -0.18738999999999997
-1.3547949999999997 -0.18403500000000003
-1.354766 -0.180606
-1.354801 -0.177315
-1.3548110000000002 -0.17399399999999998
-1.354823 -0.17055199999999995
-1.35471 -0.167194
-1.3546980000000002 -0.163625
-1.354696 -0.159993
-1.354566 -0.15650099999999997
-1.354531 -0.153012
-1.3544789999999998 -0.149452
-1.354307 -0.145536
-1.354219 -0.14218699999999995
-1.3541730000000003 -0.13827899999999999
-1.354012 -0.134371
-1.353955 -0.130769
-1.353856 -0.12699599999999997
-1.35377 -0.12306100000000003
-1.353628 -0.11915199999999998
-1.35357 -0.11520699999999999
-1.35342 -0.11116500000000001
-1.353344 -0.10721200000000004
-1.35325 -0.10307299999999998
-1.35301 -0.09911399999999998
-1.352955 -0.094983
-1.3527280000000002 -0.09098300000000001
-1.352614 -0.08676800000000003
-1.3524559999999999 -0.082719
-1.3522800000000001 -0.07850200000000002
-1.352077 -0.074288
-1.351828 -0.06998000000000001
-1.3517150000000002 -0.06589100000000002
-1.351623 -0.061700999999999964
-1.351438 -0.05720000000000004
-1.351275 -0.053007000000000006
-1.3511389999999999 -0.04859199999999998
-1.351072 -0.044372000000000016
-1.350787 -0.039993999999999974
-1.350798 -0.035675999999999986
-1.3506369999999999 -0.031322
-1.3505700000000003 -0.02690300000000002
-1.3503600000000002 -0.02256400000000002
-1.3504479999999999 -0.018108000000000003
-1.3501779999999999 -0.013673999999999978
-1.350125 -0.009265999999999964
-1.349866 -0.0048700000000000045
-1.34988 -0.00045499999999998406
-1.3496890000000001 0.004084999999999979
-1.349492 0.008498999999999967
-1.3493670000000002 0.012846000000000003
-1.349281 0.017315000000000056
-1.349217 0.021924000000000034
-1.349094 0.02636700000000002
-1.3490440000000001 0.030859000000000036
-1.34898 0.03555700000000002
-1.348928 0.040060000000000005
-1.3488520000000002 0.04463900000000001
-1.3487909999999999 0.04935199999999997
-1.348724 0.053822
-1.348744 0.058806999999999957
-1.3486019999999999 0.06338400000000001
-1.3484960000000001 0.06807799999999997
-1.3484609999999997 0.07287700000000001
-1.3483409999999998 0.07773600000000001
-1.3482939999999999 0.08234999999999999
-1.3481489999999998 0.087083
-1.348112 0.092018
-1.347924 0.096625
-1.3478979999999998 0.10120200000000003
-1.3478760000000003 0.10602999999999997
-1.3477430000000001 0.11067700000000003
-1.347652 0.11552700000000002
-1.347745 0.12013600000000002
-1.3477579999999998 0.12483699999999999
-1.347882 0.12945600000000002
-1.347886 0.13427099999999997
-1.3479569999999998 0.138975
-1.347799 0.143381
-1.347689 0.148211
-1.347684 0.15291099999999996
-1.347694 0.15785000000000002
-1.3473989999999998 0.16230799999999998
-1.3474180000000002 0.166908
-1.3473870000000001 0.171791
-1.347221 0.176337
-1.3471659999999999 0.18117799999999998
-1.3470820000000001 0.186022
-1.346884 0.19051
-1.346922 0.19542500000000002
-1.34685 0.20014800000000002
-1.3469289999999998 0.204886
-1.346758 0.209753
-1.3467609999999999 0.21446099999999998
-1.346799 0.21929300000000002
-1.346578 0.224165
-1.3465059999999998 0.228949
-1.3463409999999998 0.23364999999999997
-1.346204 0.23842399999999997
-1.346177 0.24328900000000003
-1.346182 0.24820299999999998
-1.346031 0.252992
-1.345914 0.257855
-1.345971 0.26276900000000003
-1.345587 0.267803
-1.34546 0.272788
-1.3453330000000001 0.277779
-1.345211 0.282847
-1.3451549999999999 0.287673
-1.34498 0.292769
-1.3450840000000002 0.29764599999999997
-1.345265 0.302336
-1.3450970000000002 0.307272
-1.344978 0.31258600000000003
-1.345001 0.317541
-1.344755 0.32252299999999995
-1.3448 0.32779
-1.344702 0.332883
-1.344646 0.338031
-1.34457 0.34311899999999995
-1.344529 0.34830199999999994
-1.3445330000000002 0.35357
-1.344455 0.35871299999999995
-1.344384 0.363991
-1.344333 0.369166
-1.344402 0.37437099999999995
-1.344198 0.379973
-1.344064 0.38520800000000005
-1.3440790000000002 0.390461
-1.344417 0.39544399999999996
-1.343987 0.401001
-1.344006 0.40640499999999996
-1.3439810000000003 0.411796
-1.343906 0.41707000000000005
-1.344058 0.42232400000000003
-1.343893 0.427641
-1.3438229999999998 0.432884
-1.343833 0.43837699999999996
-1.343811 0.44378
-1.34381 0.44914200000000004
-1.343781 0.45462199999999997
-1.3438029999999999 0.459895
-1.343659 0.46541899999999997
-1.3437289999999997 0.470718
-1.343606 0.476227
-1.343511 0.48167899999999997
-1.3434860000000002 0.48708100000000004
-1.343426 0.492511
-1.343501 0.49806999999999996
-1.3434220000000001 0.503463
-1.343283 0.508761
-1.343357 0.514229
-1.343366 0.519567
-1.3433499999999998 0.524911
-1.343241 0.5302380000000001
-1.342763 0.5359940000000001
-1.342819 0.5415549999999999
-1.3427149999999999 0.546939
-1.342626 0.5523830000000001
-1.3425190000000002 0.557734
-1.342472 0.563211
-1.342377 0.568629
-1.34234 0.573975
-1.342207 0.57943
-1.342461 0.584019
-1.3422800000000001 0.589441
-1.342223 0.59496
-1.342146 0.600457
-1.342057 0.6058209999999999
-1.3419320000000001 0.611201
-1.3416810000000001 0.616391
-1.3417439999999998 0.6220260000000001
-1.341793 0.627512
-1.3417469999999998 0.633029
-1.341757 0.6384290000000001
-1.3415910000000002 0.643879
-1.3416770000000002 0.649258
-1.341449 0.654731
-1.340969 0.660658
-1.340625 0.666129
-1.3405919999999998 0.671585
-1.340556 0.676865
-1.3401610000000002 0.683116
-1.340065 0.688231
-1.340086 0.693721
-1.3399699999999999 0.699018
-1.3400029999999998 0.70439
-1.339979 0.709741
-1.3400230000000002 0.714992
-1.3400070000000002 0.7200529999999999
-1.3399429999999999 0.7250789999999999
-1.339894 0.729739
-1.339772 0.734394
-1.339616 0.738656
-1.339784 0.742722
-1.33988 0.746707
-1.340014 0.7506710000000001
-1.34031 0.754502
-1.340382 0.7581079999999999
-1.340779 0.761125
-1.341297 0.7636069999999999
-1.341798 0.7658769999999999
-1.3424209999999999 0.767623
-1.343272 0.7689259999999999
-1.344231 0.769602
-1.345105 0.7701749999999999
-1.346007 0.770598
-1.3467649999999998 0.7703430000000001
-1.34746 0.7699349999999999
-1.348165 0.76947
-1.34837 0.768432
-1.348198 0.767204
-1.347975 0.7658189999999999
-1.34802 0.7641579999999999
-1.348336 0.761892
-1.348617 0.759807
-1.3488429999999998 0.757751
-1.349094 0.755867
-1.349366 0.754011
-1.349447 0.752369
-1.349659 0.750838
-1.349848 0.7494500000000001
-1.3500720000000002 0.7485029999999999
-1.350152 0.746856
-1.3498189999999999 0.745726
-1.3501029999999998 0.7437180000000001
-1.348816 0.7437090000000001
-1.349035 0.742173
-1.348898 0.741205
-1.3482939999999999 0.7403139999999999
-1.347279 0.740096
-1.3467580000000001 0.7398089999999999
-1.346073 0.739259
-1.345405 0.7388440000000001
-1.3448099999999998 0.738586
-1.344211 0.7380220000000001
-1.343709 0.737775
-1.343416 0.738009
-1.343241 0.7379020000000001
-1.342942 0.737761
-1.34262 0.73785
-1.342165 0.737964
-1.3418050000000001 0.738064
-1.3413389999999998 0.738271
-1.341116 0.7385750000000001
-1.340921 0.7388340000000001
-1.3404390000000002 0.739416
-1.3400819999999998 0.7398279999999999
-1.339606 0.7401530000000001
-1.339471 0.740471
-1.338913 0.740928
-1.338429 0.7414270000000001
-1.338013 0.741921
-1.337441 0.7427440000000001
-1.3369010000000001 0.743552
-1.336364 0.744218
-1.3356409999999999 0.7448009999999999
-1.3350749999999998 0.745672
-1.334398 0.746435
-1.333937 0.7470119999999999
-1.3333309999999998 0.7479649999999999
-1.332614 0.748874
-1.331895 0.749866
-1.33127 0.750589
-1.330846 0.751394
-1.330086 0.7523430000000001
-1.329297 0.753371
-1.328656 0.754183
-1.3280230000000002 0.755212
-1.327442 0.756111
-1.3266 0.7570070000000001
-1.3258899999999998 0.758289
-1.3249209999999998 0.7594099999999999
-1.323865 0.760787
-1.323437 0.761659
-1.322875 0.7627889999999999
-1.3230629999999999 0.7633420000000001
-1.322388 0.764614
-1.322263 0.765432
-1.320972 0.766792
-1.320256 0.7679649999999999
-1.319124 0.7694610000000001
-1.318622 0.7707050000000001
-1.318019 0.771912
-1.317165 0.773363
-1.316587 0.774573
-1.316729 0.775227
-1.316252 0.776331
-1.315609 0.7775519999999999
-1.3148689999999998 0.778963
-1.314287 0.7804880000000001
-1.313509 0.781518
-1.3129050000000002 0.7826620000000001
-1.3143529999999999 0.782457
-1.313831 0.783768
-1.313205 0.7847860000000001
-1.312761 0.786066
-1.312391 0.787059
-1.3117 0.788354
-1.3116590000000001 0.7891469999999999
-1.3114379999999999 0.7902460000000001
-1.3109160000000002 0.791434
-1.310274 0.792665
-1.307976 0.7952899999999999
-1.307424 0.796533
-1.3070629999999999 0.797727
-1.3066900000000001 0.798715
-1.306279 0.7998540000000001
-1.30531 0.8014410000000001
-1.304719 0.8027000000000001
-1.3043930000000001 0.8037819999999999
-1.303709 0.805053
-1.3033679999999999 0.806351
-1.303568 0.80677
-1.3030979999999999 0.808079
-1.302669 0.8092429999999999
-1.3021230000000001 0.8104600000000001
-1.301351 0.811671
-1.30071 0.813317
-1.2998699999999999 0.814689
-1.2989720000000002 0.8159959999999999
-1.2988250000000001 0.8172050000000001
-1.300038 0.8164980000000001
-1.299743 0.817736
-1.2991819999999998 0.818899
-1.298846 0.81998
-1.298289 0.8212050000000001
-1.298048 0.822386
-1.297715 0.823511
-1.29737 0.824432
-1.297179 0.825566
-1.2968780000000002 0.826499
-1.2964559999999998 0.827716
-1.2958429999999999 0.829069
-1.295114 0.830522
-1.2942349999999998 0.832018
-1.2942280000000002 0.832968
-1.2941230000000001 0.833883
-1.293812 0.834889
-1.293304 0.836081
-1.2930139999999999 0.837259
-1.2925829999999998 0.838139
-1.292083 0.839264
-1.2915929999999998 0.840365
-1.291935 0.841034
-1.2920250000000002 0.841997
-1.2915260000000002 0.84316
-1.290822 0.8445929999999999
-1.29014 0.845824
-1.2892849999999998 0.847419
-1.288754 0.848717
-1.2884460000000002 0.849924
-1.288513 0.8502460000000001
-1.2886439999999997 0.8507870000000001
-1.2886520000000001 0.8514839999999999
-1.287858 0.853202
-1.2874729999999999 0.8542139999999999
-1.2870570000000001 0.8552770000000001
-1.2867189999999997 0.856422
-1.2863580000000001 0.8572190000000001
-1.286066 0.858213
-1.285788 0.859037
-1.285566 0.8600260000000001
-1.285221 0.860904
-1.2849479999999998 0.8618969999999999
-1.2846799999999998 0.862953
-1.2843499999999999 0.8639549999999999
-1.2840989999999999 0.8648969999999999
-1.2838999999999998 0.865832
-1.2837310000000002 0.8667239999999999
-1.283448 0.867555
-1.283208 0.868559
-1.283156 0.8693790000000001
-1.282923 0.870279
-1.282732 0.87119
-1.282607 0.871928
-1.282434 0.873056
-1.282246 0.87381
-1.2813599999999998 0.875371
-1.281386 0.8759969999999999
-1.28127 0.876805
-1.2810350000000001 0.877771
-1.2809279999999998 0.878683
-1.280735 0.8796189999999999
-1.2806410000000001 0.880346
-1.280545 0.8812040000000001
-1.280395 0.882105
-1.280402 0.882733
-1.280146 0.883595
-1.2801109999999998 0.884558
-1.2798040000000002 0.8854059999999999
-1.2797539999999998 0.886278
-1.279746 0.886923
-1.279625 0.8875129999999999
-1.27958 0.8886000000000001
-1.279452 0.8892380000000001
-1.279254 0.889957
-1.2791860000000002 0.890861
-1.2792230000000002 0.8917560000000001
-1.279037 0.892346
-1.2789679999999999 0.893006
-1.2789249999999999 0.893869
-1.27884 0.894415
-1.2787559999999998 0.8951910000000001
-1.2786399999999998 0.895843
-1.2786440000000001 0.896589
-1.278465 0.8972960000000001
-1.2784460000000002 0.897812
-1.278282 0.8986040000000001
-1.278209 0.899212
-1.278081 0.8997130000000001
-1.2780429999999998 0.900453
-1.2779390000000002 0.900957
-1.277882 0.9016689999999999
-1.277702 0.902356
-1.2776460000000003 0.902967
-1.2774879999999997 0.90363
-1.2774269999999999 0.904066
-1.277287 0.9047000000000001
-1.277243 0.9053789999999999
-1.277067 0.90585
-1.276889 0.9064480000000001
-1.276866 0.906913
-1.276778 0.907592
-1.2765360000000001 0.908185
-1.2765769999999999 0.908643
-1.2764010000000001 0.9093109999999999
-1.276208 0.909669
-1.2762529999999999 0.9103689999999999
-1.276192 0.9108630000000001
-1.2761129999999998 0.911519
-1.275933 0.911949
-1.275889 0.91249
-1.275904 0.913198
-1.275807 0.913694
-1.2756480000000001 0.9142279999999999
-1.275614 0.914788
-1.2754290000000001 0.9153810000000001
-1.2753590000000001 0.915876
-1.2758359999999997 0.915998
-1.27573 0.916498
-1.2756109999999998 0.917126
-1.2755699999999999 0.9174800000000001
-1.275514 0.9179830000000001
-1.275455 0.9186880000000001
-1.2753160000000001 0.9191079999999999
-1.2752489999999999 0.919622
-1.275244 0.9201579999999999
-1.2751590000000002 0.920672
-1.2750920000000001 0.921173
-1.2751280000000003 0.9217280000000001
-1.2749570000000001 0.9221880000000001
-1.2748869999999999 0.922652
-1.274742 0.923282
-1.274616 0.9236340000000001
-1.2746220000000001 0.924268
-1.2745 0.9246700000000001
-1.274391 0.925173
-1.2743389999999999 0.9256779999999999
-1.274225 0.9261900000000001
-1.2740939999999998 0.926626
-1.2740749999999998 0.927052
-1.273864 0.927578
-1.2738470000000002 0.928159
-1.273637 0.928562
-1.273603 0.9288099999999999
-1.2734409999999998 0.929471
-1.273421 0.9297529999999999
-1.27322 0.930121
-1.273185 0.9307570000000001
-1.273039 0.931222
-1.272897 0.931732
-1.2727249999999999 0.9321600000000001
-1.272597 0.932599
-1.272512 0.933078
-1.2723870000000002 0.9335350000000001
-1.272152 0.934138
-1.272058 0.934564
-1.2719200000000002 0.9349280000000001
-1.2717759999999998 0.935301
-1.271571 0.9358420000000001
-1.271477 0.9363469999999999
-1.271287 0.936936
-1.271056 0.937388
-1.2709070000000002 0.9378510000000001
-1.270864 0.938184
-1.2707460000000002 0.9388030000000002
-1.2705419999999998 0.9392940000000001
-1.2704589999999998 0.9399000000000001
-1.270617 0.939503
-1.270594 0.939999
-1.2702559999999998 0.940395
-1.2701500000000001 0.9408979999999999
-1.269611 0.942175
-1.2698479999999999 0.941971
-1.269634 0.942434
-1.2694810000000003 0.942982
-1.2693580000000002 0.9434779999999999
-1.2691430000000001 0.943956
-1.2690080000000001 0.944435
-1.268785 0.945049
-1.2686129999999998 0.9455640000000001
-1.268376 0.945983
-1.268265 0.946726
-1.2680189999999998 0.94713
-1.2678099999999999 0.9476870000000001
-1.2675999999999998 0.9482200000000001
-1.267545 0.948714
-1.2673189999999999 0.949269
-1.267134 0.949819
-1.266856 0.9502579999999999
-1.266762 0.950894
-1.266502 0.9514360000000001
-1.266252 0.951935
-1.266087 0.9524539999999999
-1.265918 0.9529180000000002
-1.265654 0.953598
-1.265425 0.954058
-1.265302 0.954649
-1.2649890000000001 0.955062
-1.2647329999999999 0.955604
-1.2645279999999999 0.9561790000000001
-1.2642939999999998 0.9567599999999999
-1.2641600000000002 0.9573710000000001
-1.2638969999999998 0.957945
-1.2636570000000003 0.9584729999999999
-1.2634499999999997 0.958981
-1.263185 0.959643
-1.2629320000000002 0.960156
-1.262723 0.9607190000000001
-1.262496 0.961351
-1.262285 0.961771
-1.262077 0.9623579999999999
-1.261634 0.9630039999999999
-1.2614969999999999 0.96363
-1.261261 0.964303
-1.2610160000000001 0.964824
-1.260788 0.9652029999999999
-1.26048 0.9661320000000001
-1.2603229999999999 0.966587
-1.259993 0.9671369999999999
-1.259756 0.9678150000000001
-1.259493 0.9684020000000001
-1.2592539999999999 0.9690050000000001
-1.2589409999999999 0.9697359999999999
-1.258709 0.970116
-1.2584790000000001 0.970818
-1.2580820000000001 0.9714919999999999
-1.25799 0.972117
-1.2576939999999999 0.972714
-1.2573339999999997 0.973402
-1.2571290000000002 0.974
-1.2569319999999997 0.9746379999999999
-1.256586 0.975236
-1.256297 0.975951
-1.256004 0.976645
-1.255737 0.9772190000000001
-1.255464 0.977758
-1.255105 0.978507
-1.254957 0.9792270000000001
-1.254522 0.979741
-1.2542869999999997 0.9805329999999999
-1.2539679999999997 0.9811970000000001
-1.2537759999999998 0.9818300000000001
-1.253522 0.9824659999999998
-1.253318 0.9831230000000001
-1.253017 0.983739
-1.252696 0.9843
-1.252397 0.9849309999999999
-1.2522240000000002 0.9857429999999999
-1.251835 0.986183
-1.2516010000000002 0.9868669999999999
-1.2512759999999998 0.9875409999999999
-1.251123 0.9880070000000001
-1.2509279999999998 0.9888599999999999
-1.250464 0.9895740000000001
-1.2502939999999998 0.9900809999999999
-1.2501399999999998 0.990956
-1.249854 0.991372
-1.2495999999999998 0.9920869999999999
-1.249326 0.992654
-1.248992 0.9933399999999999
-1.248915 0.9940410000000001
-1.2486059999999997 0.994615
-1.248412 0.9953419999999998
-1.2481289999999998 0.9959929999999999
-1.2479760000000002 0.996501
-1.2477130000000003 0.997069
-1.247546 0.998002
-1.2473029999999998 0.998459
-1.24715 0.9991680000000001
-1.246779 0.9997330000000001
-1.2466080000000002 1.000518
-1.246433 1.001012
-1.2462199999999999 1.001778
-1.246088 1.002286
-1.245787 1.002815
-1.245524 1.003451
-1.2454880000000002 1.004136
-1.245325 1.004713
-1.245012 1.005328
-1.244897 1.0059179999999999
-1.244844 1.006572
-1.244533 1.007269
-1.2442510000000002 1.007731
-1.24428 1.008342
-1.24407 1.0090029999999999
-1.2438989999999999 1.009503
-1.243844 1.010093
-1.24355 1.010681
-1.243415 1.011324
-1.243263 1.011771
-1.24321 1.012497
-1.2429839999999999 1.012937
-1.242926 1.013595
-1.2427369999999998 1.014159
-1.2426869999999999 1.014664
-1.2424849999999998 1.015279
-1.2422959999999998 1.015938
-1.2423279999999999 1.016485
-1.242232 1.017086
-1.242075 1.017648
-1.24193 1.018238
-1.2418049999999998 1.018681
-1.2416939999999999 1.01915
-1.241636 1.0199610000000001
-1.241533 1.02048
-1.2414379999999998 1.0209739999999998
-1.241357 1.021664
-1.2412539999999999 1.0222470000000001
-1.241027 1.022802
-1.240971 1.023325
-1.2409070000000002 1.023981
-1.240811 1.024579
-1.2406860000000002 1.0251709999999998
-1.240473 1.0255720000000002
-1.24032 1.0261969999999998
-1.239663 1.027644
-1.239632 1.028236
-1.239406 1.028821
-1.23934 1.029382
-1.2393029999999998 1.0298720000000001
-1.2389850000000002 1.030342
-1.239476 1.03017
-1.239441 1.0307570000000001
-1.2387510000000002 1.031818
-1.2385819999999998 1.032503
-1.238476 1.0329490000000001
-1.238348 1.033518
-1.2382689999999998 1.0340340000000001
-1.2381779999999998 1.034421
-1.2380459999999998 1.0348780000000002
-1.2379270000000002 1.035632
-1.238386 1.035147
-1.238199 1.0356020000000001
-1.238 1.0360729999999998
-1.237373 1.037177
-1.237206 1.0377649999999998
-1.237107 1.038273
-1.23677 1.038695
-1.236573 1.039293
-1.23644 1.0397619999999999
-1.2362739999999999 1.040181
-1.236243 1.040607
-1.236368 1.040724
-1.23632 1.041199
-1.235478 1.04225
-1.2354880000000001 1.042454
-1.2356559999999999 1.042826
-1.2354049999999999 1.0431759999999999
-1.235856 1.042999
-1.2358380000000002 1.043502
-1.2356770000000001 1.0438049999999999
-1.2353040000000002 1.044403
-1.235104 1.044866
-1.234982 1.0452000000000001
-1.234349 1.046085
-1.234171 1.0464969999999998
-1.2340719999999998 1.047012
-1.2345679999999999 1.0468119999999999
-1.2344680000000001 1.047167
-1.234372 1.0476800000000002
-1.2342330000000001 1.0479850000000002
-1.2340949999999997 1.048461
-1.233982 1.048595
-1.2339030000000002 1.049051
-1.23368 1.049558
-1.233647 1.05002
-1.233559 1.050375
