%x y
-2.057141 -0.47126200000000007
-2.056953 -0.4712780000000001
-2.056917 -0.47148399999999996
-2.056943 -0.471908
-2.057089 -0.47247300000000003
-2.0570340000000003 -0.472414
-2.056606 -0.472373
-2.056368 -0.47230600000000006
-2.056095 -0.47239099999999995
-2.0560460000000003 -0.472374
-2.055998 -0.472545
-2.055809 -0.472474
-2.055495 -0.47264500000000004
-2.055469 -0.472583
-2.055137 -0.4728939999999999
-2.0551169999999996 -0.472919
-2.0550610000000002 -0.473207
-2.0550439999999996 -0.473299
-2.0549299999999997 -0.47348
-2.054844 -0.473691
-2.0549120000000003 -0.47372299999999995
-2.05473 -0.473976
-2.054529 -0.47406899999999996
-2.0544740000000004 -0.4740749999999999
-2.05435 -0.474459
-2.054189 -0.474551
-2.054123 -0.4746230000000001
-2.053928 -0.47490899999999997
-2.053827 -0.475022
-2.05367 -0.475151
-2.053605 -0.47540699999999997
-2.053334 -0.475418
-2.053239 -0.475562
-2.053155 -0.47579
-2.0528519999999997 -0.47591
-2.052673 -0.47606499999999996
-2.052366 -0.476231
-2.052132 -0.476258
-2.051656 -0.475932
-2.050642 -0.475367
-2.050425 -0.47566699999999995
-2.0503400000000003 -0.475715
-2.0499430000000003 -0.47555
-2.0498510000000003 -0.475709
-2.049649 -0.475871
-2.049572 -0.47583000000000003
-2.049505 -0.47617799999999993
-2.0494369999999997 -0.476096
-2.049321 -0.47624800000000006
-2.049302 -0.476408
-2.049417 -0.476695
-2.049291 -0.47686
-2.049286 -0.47686799999999996
-2.0492559999999997 -0.477217
-2.049258 -0.47734899999999997
-2.049159 -0.477514
-2.049119 -0.4776539999999999
-2.049098 -0.47782800000000003
-2.0490950000000003 -0.477805
-2.049094 -0.47796500000000003
-2.048508 -0.47779900000000003
-2.04851 -0.47783099999999995
-2.048306 -0.47821199999999997
-2.0482310000000004 -0.478132
-2.0482080000000003 -0.478336
-2.048192 -0.47854
-2.0481909999999997 -0.478619
-2.048365 -0.479122
-2.0486269999999998 -0.47972099999999995
-2.048703 -0.47990700000000003
-2.0486210000000002 -0.48001900000000003
-2.048572 -0.480149
-2.048584 -0.480379
-2.0485450000000003 -0.480453
-2.048615 -0.480381
-2.048473 -0.4806410000000001
-2.0484319999999996 -0.48077
-2.048442 -0.48083800000000004
-2.048344 -0.48095899999999997
-2.048242 -0.481073
-2.048067 -0.48117100000000007
-2.048009 -0.48134999999999994
-2.047812 -0.48157399999999995
-2.047751 -0.48154499999999995
-2.0478199999999998 -0.481575
-2.047663 -0.4817640000000001
-2.047549 -0.48182899999999995
-2.047514 -0.48202
-2.047475 -0.482014
-2.047378 -0.482011
-2.0472799999999998 -0.48211600000000004
-2.047143 -0.4822429999999999
-2.047065 -0.48227000000000003
-2.046911 -0.48233299999999996
-2.046783 -0.482308
-2.046618 -0.48249200000000003
-2.046444 -0.482622
-2.046236 -0.482845
-2.046083 -0.4828990000000001
-2.045804 -0.48300099999999996
-2.0457080000000003 -0.483002
-2.045559 -0.48308399999999996
-2.0453330000000003 -0.48322000000000004
-2.045179 -0.483389
-2.044963 -0.48348399999999997
-2.044851 -0.4835609999999999
-2.044789 -0.48385400000000006
-2.04459 -0.483939
-2.044383 -0.48402999999999996
-2.044267 -0.48416899999999996
-2.044126 -0.484283
-2.043936 -0.484559
-2.043705 -0.48468300000000003
-2.043625 -0.484846
-2.043443 -0.48488999999999993
-2.043374 -0.48521000000000003
-2.043215 -0.485246
-2.042964 -0.485667
-2.042811 -0.485748
-2.042736 -0.485901
-2.0426010000000003 -0.486145
-2.0424189999999998 -0.486296
-2.042266 -0.48639899999999997
-2.042195 -0.48659499999999994
-2.042019 -0.486637
-2.0419359999999998 -0.48683299999999996
-2.041818 -0.486866
-2.041662 -0.48701200000000006
-2.041515 -0.48715499999999995
-2.041492 -0.487181
-2.041289 -0.487324
-2.0411460000000003 -0.487294
-2.04106 -0.487321
-2.040955 -0.48749800000000004
-2.040854 -0.48754200000000003
-2.0407 -0.48761999999999994
-2.0405219999999997 -0.48766400000000004
-2.040432 -0.48772499999999996
-2.040317 -0.487772
-2.0401089999999997 -0.487697
-2.039956 -0.48770500000000006
-2.039659 -0.48796199999999995
-2.039708 -0.487658
-2.03952 -0.48767900000000003
-2.0393269999999997 -0.487785
-2.039192 -0.48770099999999994
-2.039094 -0.487701
-2.0387850000000003 -0.48763399999999996
-2.038632 -0.487554
-2.038625 -0.487536
-2.038413 -0.487471
-2.038095 -0.487511
-2.038009 -0.487555
-2.03774 -0.487425
-2.0375810000000003 -0.4875
-2.0373110000000003 -0.48725699999999994
-2.037039 -0.48739799999999994
-2.036879 -0.487224
-2.03664 -0.487293
-2.036388 -0.48717799999999994
-2.036241 -0.48720500000000005
-2.03592 -0.48722899999999997
-2.0357089999999998 -0.48716200000000004
-2.035465 -0.48711100000000007
-2.035145 -0.48710800000000004
-2.0348770000000003 -0.4871379999999999
-2.0347429999999997 -0.487003
-2.0343780000000002 -0.48703500000000005
-2.034081 -0.487092
-2.033921 -0.486973
-2.033573 -0.487066
-2.0333900000000003 -0.48701300000000003
-2.0331409999999996 -0.4869089999999999
-2.032844 -0.487043
-2.032519 -0.48707599999999995
-2.032249 -0.487147
-2.0320120000000004 -0.487086
-2.031793 -0.487105
-2.031683 -0.487078
-2.031281 -0.4871420000000001
-2.031088 -0.4871770000000001
-2.030865 -0.48717699999999997
-2.030691 -0.487175
-2.0304320000000002 -0.48725699999999994
-2.030281 -0.487125
-2.0299769999999997 -0.48713799999999996
-2.0299080000000003 -0.4869879999999999
-2.029691 -0.48709
-2.029544 -0.487023
-2.029433 -0.487106
-2.029197 -0.4871130000000001
-2.028971 -0.48705499999999996
-2.028833 -0.486994
-2.028607 -0.48690300000000003
-2.0285490000000004 -0.48690200000000006
-2.028305 -0.48709699999999995
-2.028206 -0.487056
-2.028079 -0.48699400000000004
-2.0280139999999998 -0.48682700000000007
-2.027785 -0.487006
-2.0276330000000002 -0.486997
-2.0274360000000002 -0.48690800000000006
-2.027346 -0.4866770000000001
-2.0272430000000004 -0.48650399999999994
-2.027045 -0.486433
-2.02679 -0.48635900000000004
-2.02674 -0.486056
-2.026476 -0.48596999999999996
-2.026375 -0.485651
-2.0260380000000002 -0.48553500000000005
-2.0257270000000003 -0.485194
-2.0255009999999998 -0.484679
-2.025162 -0.48411000000000004
-2.0248 -0.483467
-2.024388 -0.482548
-2.024025 -0.48163399999999995
-2.023767 -0.480328
-2.02335 -0.47905500000000006
-2.022936 -0.477542
-2.02253 -0.47602200000000006
-2.022222 -0.47431200000000007
-2.02183 -0.472465
-2.021454 -0.47054399999999996
-2.021106 -0.46847
-2.020784 -0.46634499999999995
-2.0204180000000003 -0.464295
-2.019996 -0.46191299999999996
-2.019611 -0.459687
-2.019361 -0.457211
-2.019038 -0.454786
-2.018685 -0.452242
-2.018351 -0.44935400000000003
-2.018051 -0.44669000000000003
-2.017799 -0.443824
-2.017462 -0.440981
-2.017119 -0.438139
-2.0170250000000003 -0.435075
-2.016599 -0.43213399999999996
-2.0163870000000004 -0.4292350000000001
-2.0161689999999997 -0.425946
-2.015893 -0.423102
-2.01562 -0.419891
-2.015558 -0.416728
-2.015034 -0.41355100000000006
-2.0147909999999998 -0.410253
-2.014833 -0.40717800000000004
-2.014758 -0.40394299999999994
-2.014523 -0.40071500000000004
-2.014279 -0.39747299999999997
-2.0138960000000004 -0.39421899999999993
-2.0136119999999997 -0.39079100000000005
-2.013417 -0.38726400000000005
-2.012937 -0.38389400000000007
-2.012475 -0.38035699999999995
-2.012179 -0.37693600000000005
-2.0119000000000002 -0.37346599999999996
-2.011304 -0.36992899999999995
-2.010691 -0.36648899999999995
-2.010569 -0.362771
-2.01008 -0.35926400000000003
-2.009612 -0.355595
-2.009203 -0.35210099999999994
-2.008698 -0.348387
-2.008162 -0.344704
-2.0076359999999998 -0.34098599999999996
-2.00748 -0.33752
-2.006954 -0.33372
-2.006374 -0.32978799999999997
-2.006065 -0.325983
-2.005623 -0.32222999999999996
-2.00487 -0.318407
-2.0045330000000003 -0.314465
-2.0040899999999997 -0.31041499999999994
-2.0033019999999997 -0.30637000000000003
-2.002841 -0.30244
-2.0022260000000003 -0.2984
-2.0017959999999997 -0.29437399999999997
-2.001198 -0.290333
-2.0006760000000003 -0.286287
-2.000139 -0.282323
-1.999499 -0.277948
-1.998968 -0.27400199999999997
-1.9984060000000001 -0.26982100000000003
-1.9977909999999999 -0.26558800000000005
-1.9972279999999998 -0.261472
-1.99664 -0.25724699999999995
-1.995854 -0.253068
-1.9952860000000001 -0.24877499999999997
-1.994779 -0.244341
-1.994106 -0.24014599999999997
-1.993673 -0.23580700000000002
-1.993053 -0.23139299999999996
-1.99249 -0.22718399999999997
-1.991935 -0.222779
-1.991444 -0.21844299999999997
-1.9909940000000002 -0.21410300000000002
-1.99047 -0.20967200000000003
-1.989786 -0.20541599999999993
-1.9892290000000001 -0.200966
-1.988624 -0.19643000000000008
-1.988064 -0.19199399999999997
-1.987426 -0.18757200000000002
-1.986872 -0.18319600000000003
-1.986227 -0.17878699999999997
-1.9856390000000002 -0.174187
-1.9850640000000002 -0.169674
-1.9843879999999998 -0.16526600000000002
-1.9838600000000002 -0.160736
-1.983237 -0.15614599999999995
-1.9826329999999999 -0.15165000000000003
-1.982088 -0.14712300000000006
-1.981501 -0.14253400000000005
-1.980895 -0.137942
-1.980353 -0.13342400000000004
-1.979795 -0.128854
-1.9791800000000002 -0.12423500000000001
-1.978664 -0.11963
-1.97796 -0.11518599999999998
-1.9775369999999999 -0.110324
-1.976925 -0.105935
-1.9762870000000001 -0.10116599999999999
-1.975865 -0.09638399999999996
-1.9752100000000001 -0.091767
-1.974566 -0.08728499999999997
-1.973935 -0.082702
-1.9733059999999998 -0.07787900000000002
-1.9726869999999999 -0.07328899999999999
-1.972028 -0.06845299999999997
-1.971395 -0.06383899999999999
-1.970721 -0.059097999999999956
-1.970028 -0.054375
-1.9693519999999998 -0.04952199999999999
-1.96866 -0.045026999999999984
-1.9679749999999998 -0.040028999999999995
-1.967322 -0.03547000000000003
-1.96658 -0.030614000000000034
-1.965903 -0.025809000000000026
-1.965288 -0.021035999999999944
-1.96445 -0.01603200000000004
-1.963636 -0.011274000000000001
-1.963046 -0.0065600000000000025
-1.962422 -0.001684000000000026
-1.961663 0.003142999999999972
-1.96042 0.007520000000000039
-1.9596069999999999 0.01226600000000002
-1.959088 0.017120000000000003
-1.95817 0.021887999999999977
-1.9574189999999998 0.026711000000000013
-1.95676 0.03164200000000005
-1.956016 0.03657999999999999
-1.955355 0.041454999999999985
-1.954589 0.04634199999999999
-1.9538600000000002 0.051154000000000054
-1.953039 0.055863
-1.952412 0.061096000000000004
-1.951592 0.06572699999999998
-1.951144 0.07029099999999999
-1.9505069999999998 0.07508699999999999
-1.9498710000000001 0.08007100000000003
-1.9495740000000001 0.08428500000000003
-1.948777 0.08922299999999998
-1.948054 0.094293
-1.947482 0.09922600000000002
-1.9467900000000002 0.10431
-1.9460459999999997 0.10925400000000002
-1.945351 0.11435299999999998
-1.9447370000000002 0.11949499999999998
-1.943931 0.12453399999999999
-1.943257 0.12969999999999998
-1.942422 0.134637
-1.9417069999999998 0.13998300000000002
-1.941083 0.144953
-1.9403419999999998 0.15011099999999997
-1.939627 0.15533599999999997
-1.9388859999999999 0.16064
-1.938186 0.16578700000000002
-1.937314 0.170791
-1.936588 0.17604699999999998
-1.935866 0.18119799999999997
-1.9350439999999998 0.186507
-1.934511 0.192033
-1.9337639999999998 0.197246
-1.933038 0.20285799999999998
-1.932223 0.20796700000000004
-1.93153 0.21340800000000001
-1.930614 0.21856500000000004
-1.929943 0.22404500000000002
-1.929127 0.229365
-1.928379 0.23463299999999998
-1.927549 0.239958
-1.926854 0.24536999999999998
-1.926127 0.250673
-1.9253799999999999 0.25606799999999996
-1.924652 0.26145100000000004
-1.92388 0.266794
-1.923097 0.272078
-1.922415 0.27748500000000004
-1.921544 0.282682
-1.920854 0.28803300000000004
-1.9201400000000002 0.29339
-1.919364 0.298677
-1.9186580000000002 0.30409700000000006
-1.917821 0.30944900000000003
-1.91685 0.314657
-1.916216 0.320213
-1.91529 0.32544799999999996
-1.914501 0.330914
-1.913692 0.33620000000000005
-1.9128610000000001 0.341563
-1.912048 0.346837
-1.911167 0.352221
-1.910262 0.357459
-1.909384 0.36275799999999997
-1.9085560000000001 0.368256
-1.9077089999999999 0.373566
-1.9068819999999997 0.379053
-1.906051 0.384085
-1.9052470000000001 0.38944599999999996
-1.9043010000000002 0.394699
-1.903528 0.400096
-1.9027 0.405415
-1.901871 0.41076
-1.901056 0.41597799999999996
-1.9002169999999998 0.42143200000000003
-1.8994160000000002 0.42676
-1.898614 0.432149
-1.897776 0.43735199999999996
-1.896963 0.44275300000000006
-1.896167 0.44807400000000003
-1.895338 0.453404
-1.894494 0.458663
-1.8937069999999998 0.464057
-1.892924 0.469383
-1.892124 0.474825
-1.8913000000000002 0.480261
-1.890472 0.485467
-1.8896190000000002 0.490786
-1.888894 0.496459
-1.8880939999999997 0.5014959999999999
-1.887386 0.506535
-1.8866910000000001 0.511543
-1.8859260000000002 0.516272
-1.885231 0.520828
-1.884386 0.525184
-1.883742 0.529698
-1.8831790000000002 0.534063
-1.882499 0.537974
-1.881904 0.5417799999999999
-1.8813110000000002 0.545317
-1.8808230000000001 0.5486120000000001
-1.880443 0.551462
-1.880122 0.554163
-1.8798620000000001 0.5562809999999999
-1.8796009999999999 0.557941
-1.879362 0.559588
-1.879188 0.560599
-1.878948 0.5606760000000001
-1.878899 0.560817
-1.8788690000000001 0.560789
-1.87868 0.5603790000000001
-1.878389 0.5594439999999999
-1.8779649999999999 0.558606
-1.8776570000000001 0.557191
-1.877348 0.555508
-1.8771670000000003 0.553214
-1.8769580000000001 0.5512400000000001
-1.876635 0.5495760000000001
-1.876515 0.5473330000000001
-1.876481 0.545812
-1.8764260000000001 0.5441710000000001
-1.876366 0.542501
-1.876177 0.541101
-1.875587 0.539447
-1.875144 0.537972
-1.874682 0.536768
-1.873926 0.5355460000000001
-1.8729310000000001 0.5342290000000001
-1.872632 0.5335899999999999
-1.871551 0.53217
-1.870827 0.531343
-1.8701599999999998 0.530569
-1.869415 0.529725
-1.868731 0.5290060000000001
-1.867962 0.5283110000000001
-1.8673529999999998 0.5273880000000001
-1.8655929999999998 0.5264220000000001
-1.864706 0.52606
-1.8638409999999999 0.525574
-1.863035 0.525192
-1.862262 0.524862
-1.861431 0.524738
-1.860503 0.524463
-1.8596609999999998 0.524547
-1.858887 0.5245230000000001
-1.858004 0.524566
-1.856898 0.52464
-1.8563029999999998 0.524757
-1.855488 0.525158
-1.854519 0.5253289999999999
-1.853652 0.5256259999999999
-1.852697 0.5259980000000001
-1.851599 0.5263629999999999
-1.850837 0.5267050000000001
-1.8499180000000002 0.5272870000000001
-1.848955 0.527635
-1.847995 0.528128
-1.846932 0.528829
-1.846077 0.5292680000000001
-1.84519 0.529784
-1.844203 0.530366
-1.8433709999999999 0.531027
-1.842973 0.532055
-1.841877 0.5328120000000001
-1.8408609999999999 0.533328
-1.839901 0.533947
-1.83898 0.5347949999999999
-1.8381219999999998 0.5354070000000001
-1.837142 0.536459
-1.836165 0.537265
-1.8351330000000001 0.537862
-1.834183 0.5385489999999999
-1.833258 0.539537
-1.832308 0.540479
-1.8313829999999998 0.541327
-1.8304379999999998 0.542059
-1.829501 0.5430410000000001
-1.828505 0.54393
-1.8275050000000002 0.5448200000000001
-1.8265019999999998 0.5457470000000001
-1.825683 0.5467439999999999
-1.824687 0.5477040000000001
-1.8237710000000003 0.548956
-1.823029 0.5500430000000001
-1.821996 0.5509769999999999
-1.821144 0.551997
-1.820087 0.552929
-1.8193609999999998 0.5540900000000001
-1.818413 0.5550999999999999
-1.8174089999999998 0.556092
-1.816579 0.5571189999999999
-1.8157290000000001 0.558134
-1.814672 0.5592
-1.8137189999999999 0.5600539999999999
-1.813043 0.5613340000000001
-1.8121850000000002 0.562552
-1.811185 0.563433
-1.810319 0.564633
-1.809526 0.5659270000000001
-1.8083919999999998 0.566774
-1.8076210000000001 0.5680320000000001
-1.8068970000000002 0.569193
-1.80612 0.570525
-1.8050529999999998 0.571392
-1.804192 0.572519
-1.80336 0.573565
-1.8025470000000001 0.574763
-1.801663 0.5757950000000001
-1.8008290000000002 0.576903
-1.8001489999999998 0.57823
-1.799285 0.579307
-1.798565 0.5805520000000001
-1.7977640000000001 0.581736
-1.79701 0.5828430000000001
-1.796216 0.58393
-1.795483 0.5851700000000001
-1.7946970000000002 0.5862180000000001
-1.793982 0.5873679999999999
-1.793185 0.588656
-1.792327 0.589558
-1.791636 0.5906800000000001
-1.7908 0.5916500000000001
-1.789999 0.5927919999999999
-1.789353 0.5939159999999999
-1.788523 0.594899
-1.7878819999999997 0.596005
-1.787149 0.5971879999999999
-1.786502 0.598278
-1.7857059999999998 0.5993140000000001
-1.78498 0.6004
-1.784268 0.601385
-1.783542 0.6023710000000001
-1.7823740000000001 0.603904
-1.781532 0.6047750000000001
-1.780864 0.60575
-1.780347 0.607003
-1.7796079999999999 0.6078589999999999
-1.779012 0.6090709999999999
-1.7782810000000002 0.609995
-1.777557 0.610921
-1.776878 0.611819
-1.776177 0.612914
-1.7754759999999998 0.613913
-1.774932 0.615031
-1.774173 0.615881
-1.773565 0.6168399999999999
-1.772985 0.6178020000000001
-1.7722090000000001 0.618837
-1.7717479999999999 0.619761
-1.7709450000000002 0.6207590000000001
-1.770365 0.6215709999999999
-1.7697660000000002 0.622598
-1.7691989999999997 0.6235550000000001
-1.768703 0.624586
-1.768162 0.625458
-1.767576 0.626552
-1.767073 0.627367
-1.7665500000000003 0.628211
-1.7659010000000002 0.629209
-1.7653380000000003 0.630043
-1.764781 0.631058
-1.7643710000000001 0.631882
-1.7636580000000002 0.632751
-1.76326 0.633722
-1.762769 0.634658
-1.7622140000000002 0.635337
-1.761617 0.6362949999999999
-1.7610050000000002 0.637146
-1.7605240000000002 0.638135
-1.7599960000000001 0.6389929999999999
-1.759517 0.63988
-1.759204 0.6405460000000001
-1.7587000000000002 0.6413969999999999
-1.758035 0.6419770000000001
-1.757546 0.6428050000000001
-1.757118 0.64365
-1.756692 0.6445129999999999
-1.7560879999999999 0.645177
-1.7557920000000002 0.645845
-1.755182 0.646633
-1.754645 0.647297
-1.754285 0.648049
-1.753916 0.6488079999999999
-1.753517 0.6495080000000001
-1.75298 0.6502709999999999
-1.752566 0.650871
-1.752063 0.6515639999999999
-1.751674 0.6522100000000001
-1.751209 0.652905
-1.750694 0.6534690000000001
-1.7503710000000001 0.654207
-1.749939 0.654764
-1.7495710000000002 0.6553640000000001
-1.749213 0.6561330000000001
-1.7488 0.6567240000000001
-1.748311 0.6573230000000001
-1.747974 0.6578780000000001
-1.747645 0.658543
-1.747208 0.6591130000000001
-1.746933 0.6597729999999999
-1.7466780000000002 0.660331
-1.7462650000000002 0.660974
-1.745794 0.661514
-1.745471 0.662124
-1.745116 0.662721
-1.744829 0.663244
-1.744349 0.66388
-1.7440339999999999 0.6644950000000001
-1.7437259999999999 0.6650830000000001
-1.7433640000000001 0.665601
-1.743064 0.666245
-1.742705 0.6668019999999999
-1.7424080000000002 0.667305
-1.742095 0.667797
-1.74171 0.6684990000000001
-1.742025 0.668552
-1.7413020000000001 0.669341
-1.7411889999999999 0.669732
-1.7408599999999999 0.6705840000000001
-1.7396230000000001 0.6715709999999999
-1.7390409999999998 0.6724
-1.739883 0.672145
-1.739496 0.672562
-1.739266 0.673295
-1.73885 0.673743
-1.7386100000000002 0.6744020000000001
-1.7382529999999998 0.674923
-1.737838 0.6753129999999999
-1.737659 0.6760630000000001
-1.7372279999999998 0.6764220000000001
-1.7368819999999998 0.677015
-1.7363970000000002 0.677288
-1.7361790000000001 0.678137
-1.73571 0.6784260000000001
-1.735466 0.678936
-1.735211 0.6795740000000001
-1.734862 0.6800689999999999
-1.7349809999999999 0.6807850000000001
-1.7345050000000002 0.681213
-1.733838 0.681677
-1.7334650000000003 0.682202
-1.733019 0.682582
-1.732769 0.683149
-1.732317 0.6835319999999999
-1.7320389999999999 0.6841130000000001
-1.7316559999999999 0.6845540000000001
-1.731337 0.685137
-1.7309670000000001 0.6855060000000001
-1.73058 0.6858240000000001
-1.7302739999999999 0.686448
-1.729841 0.6867909999999999
-1.729444 0.687332
-1.729162 0.687978
-1.728815 0.688429
-1.7283449999999998 0.688779
-1.727982 0.689206
-1.7276610000000001 0.689726
-1.727259 0.6901889999999999
-1.7269850000000002 0.690841
-1.7264889999999997 0.691111
-1.7260780000000002 0.691624
-1.725723 0.692117
-1.725368 0.6926789999999999
-1.724922 0.6930029999999999
-1.7245229999999998 0.693478
-1.724132 0.693941
-1.723688 0.6943010000000001
-1.723374 0.694999
-1.722856 0.6951669999999999
-1.7225329999999999 0.6958070000000001
-1.722068 0.6961759999999999
-1.721695 0.696787
-1.721215 0.696979
-1.7208350000000001 0.697649
-1.720401 0.698034
-1.7199680000000002 0.698506
-1.719571 0.698943
-1.719184 0.699539
-1.718667 0.6999120000000001
-1.7182600000000001 0.700365
-1.7179090000000001 0.700919
-1.7174580000000002 0.701302
-1.7170750000000001 0.7018679999999999
-1.716607 0.702271
-1.716228 0.702739
-1.715778 0.7031949999999999
-1.715375 0.7037599999999999
-1.714899 0.7041700000000001
-1.7145590000000002 0.7046789999999999
-1.714151 0.705158
-1.7137050000000003 0.70563
-1.713311 0.7061130000000001
-1.7129070000000002 0.706681
-1.712495 0.707203
-1.712058 0.707674
-1.7116640000000003 0.708265
-1.711161 0.708596
-1.7107809999999999 0.709269
-1.710342 0.709792
-1.709992 0.7104210000000001
-1.709532 0.710783
-1.709022 0.711191
-1.7086109999999999 0.711712
-1.708185 0.7122639999999999
-1.707806 0.712886
-1.7072579999999997 0.713232
-1.706897 0.7138900000000001
-1.7064059999999999 0.714428
-1.7059460000000002 0.714912
-1.7054930000000001 0.71551
-1.704978 0.715954
-1.7045299999999999 0.716481
-1.7041140000000001 0.71707
-1.703609 0.7175940000000001
-1.70319 0.718202
-1.702703 0.718703
-1.7022469999999998 0.7192419999999999
-1.701763 0.719795
-1.7012949999999998 0.720375
-1.700825 0.7209000000000001
-1.700357 0.721411
-1.699862 0.7219030000000001
-1.69939 0.722547
-1.6989210000000001 0.723125
-1.698397 0.723527
-1.698002 0.7243420000000002
-1.697524 0.7247729999999999
-1.6970480000000001 0.725447
-1.696532 0.7259929999999999
-1.696087 0.726577
-1.6954869999999997 0.726959
-1.69512 0.727718
-1.6945899999999998 0.72827
-1.6941469999999998 0.728859
-1.693694 0.729403
-1.6931420000000001 0.7299159999999999
-1.6926080000000001 0.7302860000000001
-1.6921689999999998 0.730976
-1.6916390000000001 0.7315309999999999
-1.691184 0.732131
-1.6906889999999999 0.732702
-1.690206 0.733223
-1.689619 0.7336849999999999
-1.6891390000000002 0.7342819999999999
-1.688586 0.7347
-1.688155 0.7353930000000001
-1.687603 0.735894
-1.687108 0.73645
-1.686637 0.737055
-1.686104 0.737597
-1.68557 0.738048
-1.6850359999999998 0.7385879999999999
