%x y
-2.096602 -0.03854899999999998
-2.0965260000000003 -0.03866899999999998
-2.096644 -0.038562999999999986
-2.096104 -0.038406
-2.096033 -0.038126000000000035
-2.095948 -0.03837
-2.095884 -0.03817599999999999
-2.0957489999999996 -0.038149
-2.0955529999999998 -0.038170000000000016
-2.0955019999999998 -0.037972000000000034
-2.095379 -0.037916
-2.095215 -0.037787999999999954
-2.095015 -0.03775999999999999
-2.0948270000000004 -0.03772300000000001
-2.094666 -0.037584000000000006
-2.094587 -0.03739599999999996
-2.094405 -0.03749599999999998
-2.094161 -0.03725399999999996
-2.094757 -0.036793000000000006
-2.094642 -0.03678499999999997
-2.0937780000000004 -0.03712399999999997
-2.0943560000000003 -0.036884000000000014
-2.0935610000000002 -0.03687399999999997
-2.0940389999999995 -0.03648899999999997
-2.093853 -0.03646500000000003
-2.0931379999999997 -0.03675299999999999
-2.092903 -0.03669599999999997
-2.093323 -0.03635400000000004
-2.0931990000000003 -0.036243
-2.092566 -0.036334000000000005
-2.093063 -0.03603399999999999
-2.092859 -0.03608200000000005
-2.0926580000000006 -0.036293999999999986
-2.092822 -0.036322
-2.0928229999999997 -0.03613400000000001
-2.09231 -0.036076000000000025
-2.092447 -0.03609699999999998
-2.092391 -0.035851
-2.092013 -0.03557299999999998
-2.09211 -0.035765999999999964
-2.0919429999999997 -0.03576400000000001
-2.0909679999999997 -0.03532800000000003
-2.091475 -0.03512700000000001
-2.091349 -0.03512899999999996
-2.0912089999999997 -0.03500200000000001
-2.0910520000000004 -0.035048999999999976
-2.0909020000000003 -0.034935
-2.090742 -0.034916999999999976
-2.090688 -0.034867000000000016
-2.0905880000000003 -0.03481200000000001
-2.089747 -0.03495300000000003
-2.090192 -0.034742000000000016
-2.090027 -0.034735000000000016
-2.0898959999999995 -0.03461500000000001
-2.089576 -0.03462400000000002
-2.089467 -0.034540999999999995
-2.0893829999999998 -0.034694000000000016
-2.0893379999999997 -0.034632
-2.088624 -0.03472200000000004
-2.089075 -0.034504999999999994
-2.088945 -0.034425999999999984
-2.088741 -0.03436099999999999
-2.088694 -0.03447399999999999
-2.088527 -0.034339999999999975
-2.0885029999999998 -0.03438499999999999
-2.088178 -0.034043000000000004
-2.088068 -0.034043000000000004
-2.08785 -0.03397800000000001
-2.087783 -0.03382600000000002
-2.087767 -0.034173
-2.0874200000000003 -0.03402600000000001
-2.0874789999999996 -0.03405700000000002
-2.0873589999999997 -0.034017
-2.087174 -0.034112000000000024
-2.087029 -0.03411099999999999
-2.0869969999999998 -0.033972999999999955
-2.086761 -0.03394099999999997
-2.086545 -0.03396899999999999
-2.086418 -0.03380599999999998
-2.086332 -0.03380400000000003
-2.08606 -0.033819999999999996
-2.085983 -0.033565
-2.085785 -0.033539999999999966
-2.085643 -0.03357600000000002
-2.0854920000000003 -0.03361099999999999
-2.0853200000000003 -0.033447000000000005
-2.0852109999999997 -0.03324700000000001
-2.0850880000000003 -0.03332400000000001
-2.084982 -0.03338400000000002
-2.0848899999999997 -0.033161
-2.0846820000000004 -0.033169999999999956
-2.084598 -0.03309199999999998
-2.0845059999999997 -0.03294100000000003
-2.084421 -0.033021000000000016
-2.08418 -0.033029999999999976
-2.083988 -0.032911
-2.0838710000000003 -0.032913999999999985
-2.0837160000000003 -0.03293200000000002
-2.083669 -0.032771000000000015
-2.0834140000000003 -0.032733000000000005
-2.083185 -0.032870999999999984
-2.083062 -0.03288300000000004
-2.082979 -0.03251299999999998
-2.082974 -0.032436000000000034
-2.082623 -0.03258199999999999
-2.0824499999999997 -0.032325999999999966
-2.082303 -0.03247699999999998
-2.082169 -0.03250900000000002
-2.0820770000000004 -0.03236199999999997
-2.081832 -0.032428
-2.08151 -0.03217899999999997
-2.0813230000000003 -0.03218799999999999
-2.081362 -0.032334
-2.080999 -0.03208999999999997
-2.080938 -0.03234799999999995
-2.080777 -0.03238499999999999
-2.080571 -0.03238200000000001
-2.080433 -0.032360000000000014
-2.080221 -0.032399000000000004
-2.080098 -0.03251299999999998
-2.079916 -0.032524000000000004
-2.079777 -0.032394000000000006
-2.079484 -0.032401999999999986
-2.07937 -0.03244300000000004
-2.079145 -0.03238300000000004
-2.078988 -0.032202999999999975
-2.078774 -0.03225599999999997
-2.078618 -0.032161
-2.0784629999999997 -0.03206299999999999
-2.078135 -0.031971000000000006
-2.078022 -0.031983000000000004
-2.077835 -0.03187400000000002
-2.077658 -0.03178500000000002
-2.077415 -0.031584
-2.0771990000000002 -0.031584
-2.077022 -0.03143099999999998
-2.076807 -0.03142599999999999
-2.076619 -0.03124400000000003
-2.0764940000000003 -0.031065
-2.0763499999999997 -0.03074000000000001
-2.076062 -0.030980999999999995
-2.0759000000000003 -0.03067199999999997
-2.075742 -0.03069599999999997
-2.075588 -0.030437000000000013
-2.0752770000000003 -0.030366000000000042
-2.075179 -0.030168999999999984
-2.074949 -0.030014999999999986
-2.074608 -0.02988100000000003
-2.074554 -0.029762
-2.074319 -0.029599000000000045
-2.0740339999999997 -0.02958699999999999
-2.073852 -0.029394000000000007
-2.073699 -0.029275999999999955
-2.0734 -0.02914100000000002
-2.073127 -0.028988
-2.073004 -0.028692000000000006
-2.072777 -0.02865699999999998
-2.0724480000000005 -0.028512
-2.072239 -0.028348000000000012
-2.07203 -0.02827199999999999
-2.071807 -0.02804299999999995
-2.0715839999999996 -0.027846000000000003
-2.07132 -0.027647999999999968
-2.071123 -0.02758299999999997
-2.070861 -0.027444999999999994
-2.070671 -0.027224000000000047
-2.0703840000000002 -0.027142999999999973
-2.070229 -0.027012999999999978
-2.07027 -0.027432000000000015
-2.070176 -0.027262999999999978
-2.0698499999999997 -0.027375999999999977
-2.069652 -0.027091000000000007
-2.069341 -0.027057000000000015
-2.0691509999999997 -0.026973000000000014
-2.069112 -0.026976
-2.068901 -0.026964
-2.068616 -0.02695999999999998
-2.068458 -0.026841999999999984
-2.068261 -0.02690999999999997
-2.067799 -0.026495000000000005
-2.0675839999999996 -0.02640100000000001
-2.067478 -0.026220000000000028
-2.067176 -0.026317000000000007
-2.0670900000000003 -0.026312000000000012
-2.0669180000000003 -0.026442999999999984
-2.066776 -0.026403999999999997
-2.066567 -0.02640100000000001
-2.066312 -0.026432000000000018
-2.066127 -0.026486000000000048
-2.0660190000000003 -0.026531000000000006
-2.0658060000000003 -0.026567999999999984
-2.0657170000000002 -0.0265
-2.065418 -0.026519000000000004
-2.065236 -0.026632999999999983
-2.065055 -0.02671300000000002
-2.064887 -0.026608000000000003
-2.0646820000000004 -0.026710000000000036
-2.064617 -0.02669
-2.064185 -0.02670599999999996
-2.0640099999999997 -0.02671999999999997
-2.063908 -0.026492999999999996
-2.0636620000000003 -0.026512
-2.063414 -0.026632000000000006
-2.063328 -0.026476
-2.06331 -0.02630600000000004
-2.0631489999999997 -0.02617199999999997
-2.062986 -0.02603099999999995
-2.062692 -0.02584699999999998
-2.062621 -0.025572999999999978
-2.062526 -0.025151999999999987
-2.062473 -0.024778999999999995
-2.0622190000000002 -0.024274999999999977
-2.0621150000000004 -0.023726
-2.0620030000000003 -0.023206999999999995
-2.0619940000000003 -0.022565999999999975
-2.0617690000000004 -0.022049000000000034
-2.061586 -0.021359000000000038
-2.061515 -0.020672000000000027
-2.061455 -0.01972199999999998
-2.0613040000000002 -0.018999000000000023
-2.0612559999999998 -0.018125
-2.061061 -0.017440999999999974
-2.0610190000000004 -0.01648000000000002
-2.060888 -0.015589999999999975
-2.0608139999999997 -0.014664999999999963
-2.06081 -0.013561000000000035
-2.06082 -0.013045999999999992
-2.060851 -0.01189500000000004
-2.060736 -0.010827999999999975
-2.060667 -0.009663999999999987
-2.060761 -0.008647999999999968
-2.060723 -0.0075379999999999545
-2.060683 -0.006144000000000005
-2.0605860000000003 -0.004778999999999997
-2.060307 -0.003133000000000038
-2.060091 -0.0018090000000000259
-2.0599939999999997 -0.0005860000000000127
-2.0599160000000003 0.000795000000000016
-2.059828 0.002121000000000038
-2.0596550000000002 0.0035369999999999777
-2.0595529999999997 0.004942999999999984
-2.059434 0.006394000000000006
-2.059341 0.007786000000000001
-2.059317 0.009271999999999992
-2.059236 0.010848999999999989
-2.059141 0.01233499999999998
-2.05916 0.013769999999999982
-2.059132 0.015484000000000038
-2.059105 0.016948000000000036
-2.059253 0.01856299999999999
-2.058623 0.020952
-2.0592889999999997 0.021786
-2.059143 0.023615999999999984
-2.059196 0.025293000000000006
-2.0591639999999996 0.026879000000000017
-2.059249 0.02860699999999997
-2.0592020000000004 0.030216000000000007
-2.0592930000000003 0.03208499999999998
-2.0590900000000003 0.03366200000000003
-2.059224 0.035540999999999996
-2.059185 0.037140999999999966
-2.059175 0.03900299999999999
-2.0591399999999997 0.04077900000000005
-2.059036 0.04264400000000001
-2.0591150000000003 0.044384999999999994
-2.05902 0.046180999999999986
-2.0590550000000003 0.048041999999999974
-2.058861 0.04977999999999997
-2.0590129999999998 0.051791
-2.059067 0.05316500000000002
-2.058837 0.055656000000000004
-2.0586759999999997 0.057423999999999975
-2.058955 0.05924099999999999
-2.058861 0.06113500000000005
-2.0588999999999995 0.06303399999999999
-2.0589920000000004 0.06503300000000002
-2.058816 0.06681999999999999
-2.058818 0.068724
-2.058578 0.07081
-2.0584659999999997 0.07268700000000002
-2.0584830000000003 0.074539
-2.0583940000000003 0.07656700000000001
-2.058272 0.078529
-2.0583400000000003 0.08021600000000001
-2.058268 0.082339
-2.058249 0.084321
-2.0581810000000003 0.08616100000000003
-2.058073 0.08809399999999999
-2.057996 0.09005900000000003
-2.0579340000000004 0.09201600000000001
-2.057808 0.09408100000000001
-2.057569 0.09600699999999998
-2.057523 0.09800600000000002
-2.0574679999999996 0.09992299999999997
-2.057369 0.10190600000000001
-2.057301 0.10400500000000003
-2.057223 0.10558199999999997
-2.057081 0.107552
-2.057133 0.109541
-2.056926 0.11164399999999998
-2.056518 0.113939
-2.056515 0.11588100000000003
-2.0565080000000004 0.11788499999999999
-2.056354 0.119922
-2.0562289999999996 0.121917
-2.056235 0.12401099999999997
-2.056075 0.126008
-2.055986 0.128046
-2.05592 0.13023300000000002
-2.055737 0.13223500000000002
-2.055587 0.13428500000000002
-2.055571 0.136394
-2.0554189999999997 0.13841499999999998
-2.055351 0.140482
-2.055272 0.142556
-2.055088 0.14464300000000002
-2.055024 0.146793
-2.0549090000000003 0.14873200000000003
-2.0548580000000003 0.15100699999999997
-2.0547269999999997 0.153178
-2.054574 0.15529200000000004
-2.054597 0.15740800000000002
-2.054346 0.159514
-2.054364 0.161768
-2.054217 0.163891
-2.053386 0.166288
-2.053295 0.168579
-2.053147 0.17071899999999998
-2.053033 0.17271099999999998
-2.052962 0.17502700000000002
-2.0528310000000003 0.17715799999999998
-2.052281 0.17946900000000002
-2.0526530000000003 0.18165199999999998
-2.052431 0.183647
-2.052255 0.18591900000000003
-2.052241 0.18812800000000002
-2.052451 0.190247
-2.052293 0.192378
-2.052105 0.194572
-2.051941 0.196983
-2.051901 0.199261
-2.0518919999999996 0.201486
-2.0516820000000004 0.20374099999999998
-2.051352 0.20618999999999998
-2.051215 0.20835299999999998
-2.0512330000000003 0.210774
-2.051029 0.21302499999999996
-2.0509390000000005 0.21522600000000003
-2.050876 0.217719
-2.050826 0.220009
-2.0507489999999997 0.22238899999999998
-2.050595 0.22465500000000002
-2.050474 0.22690300000000002
-2.050465 0.22938899999999998
-2.0502800000000003 0.23159800000000003
-2.05016 0.23394600000000002
-2.050042 0.23631799999999997
-2.050013 0.238729
-2.049726 0.24113500000000002
-2.049794 0.24338600000000002
-2.049692 0.24581
-2.049627 0.24814699999999998
-2.049527 0.250583
-2.0494879999999998 0.253011
-2.049355 0.25537699999999997
-2.049257 0.257892
-2.049147 0.260434
-2.049047 0.262804
-2.048985 0.265263
-2.048804 0.26772799999999997
-2.0488180000000003 0.270238
-2.048593 0.27251300000000006
-2.04848 0.27498600000000006
-2.04845 0.27745099999999995
-2.048266 0.27968
-2.048362 0.282005
-2.048306 0.284637
-2.048188 0.287098
-2.0479670000000003 0.28947300000000004
-2.047995 0.291227
-2.047888 0.29373699999999997
-2.047733 0.296061
-2.047576 0.298536
-2.0474669999999997 0.301011
-2.0475630000000002 0.303919
-2.047536 0.306465
-2.047435 0.30899899999999997
-2.047335 0.31150900000000004
-2.0473 0.313966
-2.047201 0.31656799999999996
-2.047209 0.31902200000000003
-2.047174 0.321727
-2.0469690000000003 0.324197
-2.046972 0.326818
-2.046853 0.32941499999999996
-2.0467340000000003 0.33197999999999994
-2.046707 0.334636
-2.0466390000000003 0.33705399999999996
-2.046516 0.33975
-2.0465109999999997 0.342346
-2.0463240000000003 0.344808
-2.046277 0.347474
-2.046213 0.350029
-2.0461 0.352582
-2.046198 0.35517600000000005
-2.046023 0.357653
-2.0459680000000002 0.36030399999999996
-2.045816 0.36268100000000003
-2.045804 0.365387
-2.045662 0.367933
-2.04555 0.37040500000000004
-2.045496 0.372955
-2.045406 0.375622
-2.045321 0.378139
-2.045281 0.380726
-2.045213 0.383289
-2.045197 0.38593299999999997
-2.045098 0.388387
-2.045042 0.390986
-2.045013 0.3936319999999999
-2.044882 0.396204
-2.044784 0.39879099999999995
-2.0446500000000003 0.40128499999999995
-2.044532 0.403843
-2.0444180000000003 0.40636500000000003
-2.044408 0.40911000000000003
-2.044351 0.41166499999999995
-2.044218 0.414332
-2.044238 0.416935
-2.0440880000000003 0.419438
-2.0441260000000003 0.422319
-2.043943 0.424791
-2.043882 0.427547
-2.043766 0.43007899999999993
-2.043752 0.43282099999999996
-2.043724 0.43543099999999996
-2.0436289999999997 0.4378
-2.0435470000000002 0.44033000000000005
-2.04345 0.442714
-2.043446 0.445094
-2.043302 0.447209
-2.04331 0.449293
-2.043265 0.45123199999999997
-2.0432620000000004 0.453045
-2.043209 0.45460799999999996
-2.043256 0.456188
-2.043244 0.45737900000000004
-2.043347 0.45848199999999995
-2.04339 0.459363
-2.043397 0.46008299999999996
-2.043384 0.46053700000000003
-2.043476 0.46097299999999997
-2.043558 0.461063
-2.043504 0.461158
-2.043564 0.460991
-2.043523 0.46048300000000003
-2.043386 0.460012
-2.043131 0.45947000000000005
-2.042899 0.458625
-2.042567 0.45768600000000004
-2.0421810000000002 0.456659
-2.041834 0.455325
-2.0414760000000003 0.453949
-2.041274 0.452507
-2.040997 0.450957
-2.040727 0.44929
-2.040465 0.447834
-2.040261 0.44641600000000004
-2.040113 0.44509200000000004
-2.040062 0.443809
-2.039965 0.442454
-2.039837 0.44121000000000005
-2.039702 0.43991199999999997
-2.039554 0.438624
-2.039311 0.437442
-2.039386 0.436335
-2.039081 0.435132
-2.0387750000000002 0.43405600000000005
-2.0384539999999998 0.432965
-2.03804 0.43194299999999997
-2.0376000000000003 0.430886
-2.037203 0.430026
-2.036867 0.429176
-2.036384 0.428267
-2.035935 0.427428
-2.035478 0.42666899999999996
-2.035034 0.425847
-2.034553 0.42512099999999997
-2.034005 0.424365
-2.033628 0.424006
-2.033113 0.423374
-2.032571 0.42276199999999997
-2.032056 0.422325
-2.031477 0.42167999999999994
-2.030905 0.42112700000000003
-2.030343 0.420786
-2.029878 0.420425
-2.029292 0.420053
-2.028763 0.41975999999999997
-2.028216 0.419467
-2.027577 0.419192
-2.027019 0.41896799999999995
-2.026485 0.418856
-2.025959 0.41871499999999995
-2.025281 0.418463
-2.024768 0.41827800000000004
-2.02418 0.41820900000000005
-2.0236129999999997 0.418137
-2.022968 0.417926
-2.022354 0.417842
-2.021807 0.417904
-2.021127 0.417693
-2.020574 0.41777600000000004
-2.019933 0.417686
-2.019401 0.417873
-2.018825 0.417796
-2.018163 0.41778
-2.017607 0.417947
-2.016992 0.418093
-2.016436 0.418226
-2.0157659999999997 0.418379
-2.015207 0.418596
-2.0146420000000003 0.418651
-2.0140599999999997 0.418942
-2.013515 0.419202
-2.012902 0.419342
-2.012377 0.419639
-2.011779 0.419886
-2.011099 0.420016
-2.010517 0.42042900000000005
-2.009981 0.420776
-2.009318 0.42087699999999995
-2.00873 0.42125699999999994
-2.008116 0.421408
-2.007511 0.42161200000000004
-2.006919 0.421959
-2.0063489999999997 0.42228000000000004
-2.0056979999999998 0.42255899999999996
-2.005168 0.42297
-2.004576 0.423245
-2.004026 0.423629
-2.00335 0.42393
-2.002783 0.424415
-2.002151 0.424594
-2.001586 0.42498199999999997
-2.000885 0.42519799999999996
-2.000324 0.425679
-1.999692 0.42594800000000005
-1.9991229999999998 0.42634700000000003
-1.998549 0.426683
-1.9979120000000001 0.426991
-1.9972330000000003 0.427413
-1.9966810000000002 0.427836
-1.9960559999999998 0.4281559999999999
-1.995426 0.42845599999999995
-1.99485 0.428985
-1.994239 0.429369
-1.993556 0.42965699999999996
-1.993052 0.430222
-1.9923890000000002 0.43047199999999997
-1.9916120000000002 0.431241
-1.9910160000000001 0.431725
-1.990463 0.431997
-1.989887 0.432526
-1.9892740000000002 0.43300299999999997
-1.988663 0.43331
-1.988134 0.43383900000000003
-1.987589 0.43419399999999997
-1.9869260000000002 0.434565
-1.98632 0.434942
-1.9857580000000001 0.43542
-1.9851459999999999 0.435909
-1.984675 0.436417
-1.984085 0.436829
-1.983522 0.437261
-1.98301 0.437814
-1.982462 0.43817500000000004
-1.9819120000000001 0.43876800000000005
-1.981309 0.43907999999999997
-1.980801 0.439632
-1.980294 0.440097
-1.9797620000000002 0.440608
-1.97927 0.441013
-1.97872 0.44139
-1.978193 0.44185900000000006
-1.9775530000000001 0.442268
-1.9771239999999999 0.44285299999999994
-1.976576 0.44326800000000005
-1.976098 0.443865
-1.975587 0.44427099999999997
-1.9751800000000002 0.44475300000000006
-1.9745650000000001 0.445187
-1.974106 0.4456
-1.973638 0.446118
-1.9732060000000002 0.4466
-1.9725910000000002 0.446945
-1.972115 0.447488
-1.9717250000000002 0.447969
-1.9712469999999997 0.448318
-1.970776 0.44886899999999996
-1.9702870000000001 0.44926499999999997
-1.969816 0.44954200000000005
-1.9693589999999999 0.44993700000000003
-1.9689510000000001 0.450409
-1.96857 0.45083599999999996
-1.968056 0.451233
-1.9676209999999998 0.451685
-1.967203 0.451995
-1.9668100000000002 0.452424
-1.966394 0.452786
-1.965978 0.45326
-1.965532 0.45364
-1.9652150000000002 0.454149
-1.9647530000000002 0.454365
-1.964344 0.454787
-1.9640060000000001 0.455117
-1.963531 0.45552
-1.96319 0.45592900000000003
-1.962705 0.45616999999999996
-1.962367 0.456604
-1.9618959999999999 0.456835
-1.9614200000000002 0.457294
-1.9610329999999998 0.4575890000000001
-1.9606649999999999 0.457892
-1.960171 0.45827799999999996
-1.9598740000000001 0.45865
-1.9595019999999999 0.45887199999999995
-1.9589920000000003 0.45914
-1.9586199999999998 0.459471
-1.9581840000000001 0.45974299999999996
-1.957876 0.46007400000000004
-1.9574679999999998 0.4603919999999999
-1.957116 0.46079000000000003
-1.956857 0.460913
-1.956398 0.46128499999999995
-1.95601 0.46135000000000004
-1.955657 0.46175499999999997
-1.9556769999999999 0.46207
-1.955324 0.462368
-1.9549590000000001 0.462477
-1.954498 0.462937
-1.954213 0.46297699999999997
-1.953764 0.463278
-1.953436 0.46344799999999997
-1.9531960000000002 0.463565
-1.9527630000000002 0.46381900000000004
-1.952335 0.463988
-1.952097 0.46419
-1.9518 0.46446299999999996
-1.951346 0.464644
-1.9510319999999999 0.46484899999999996
-1.950801 0.465016
-1.9503890000000002 0.46507399999999993
-1.950184 0.465433
-1.949857 0.465512
-1.949407 0.46566399999999997
-1.9491800000000001 0.46583199999999997
-1.9488880000000002 0.46596400000000004
-1.948587 0.466118
-1.94825 0.466148
-1.9479279999999999 0.466464
-1.9477 0.46644
-1.9474090000000002 0.46670000000000006
-1.947031 0.466721
-1.9467370000000002 0.466933
-1.9465729999999999 0.46709400000000006
-1.946121 0.467121
-1.945962 0.46743899999999994
-1.94555 0.467437
-1.9452909999999999 0.467495
-1.9450699999999999 0.46763600000000005
-1.9447699999999999 0.467672
-1.9443540000000001 0.467777
-1.944184 0.46793499999999993
-1.9438250000000001 0.467937
-1.9435499999999999 0.46793399999999996
-1.9433479999999999 0.468236
-1.9430450000000001 0.468335
-1.94271 0.46818899999999997
-1.942393 0.468319
-1.94219 0.46845899999999996
-1.94195 0.46856
-1.9416680000000002 0.46852299999999997
-1.941377 0.46863900000000003
-1.9411010000000002 0.46859500000000004
-1.940808 0.46883899999999995
-1.940515 0.46886
-1.9402279999999998 0.46904
-1.939932 0.469141
-1.939675 0.469068
-1.939384 0.469209
-1.939091 0.46934799999999993
-1.938846 0.469394
-1.938623 0.469472
-1.938172 0.46955399999999997
-1.9379469999999999 0.46953999999999996
-1.9377360000000001 0.469736
-1.9374610000000003 0.469711
-1.937202 0.469908
-1.936818 0.46988599999999997
-1.9365990000000002 0.47002099999999997
-1.9363130000000002 0.470049
-1.936025 0.47021799999999997
-1.935604 0.47015700000000005
-1.9354099999999999 0.47025900000000004
-1.9351399999999999 0.470404
-1.934722 0.470389
-1.934504 0.470557
-1.934224 0.470584
-1.933782 0.47053700000000004
-1.933469 0.470612
-1.9333030000000002 0.470693
-1.932916 0.470771
-1.932674 0.4708820000000001
-1.932224 0.470771
-1.9319540000000002 0.47087299999999993
-1.9316640000000003 0.47090499999999996
-1.9314 0.47106499999999996
-1.9311260000000001 0.47109300000000004
-1.9308109999999998 0.471188
-1.930493 0.471305
-1.9300610000000002 0.47118600000000005
-1.929891 0.47126700000000005
-1.929478 0.471289
-1.9292040000000001 0.471366
-1.9288599999999998 0.471461
-1.9285080000000001 0.471444
-1.928135 0.471499
-1.927822 0.47154199999999996
-1.9274259999999999 0.47154700000000005
-1.927241 0.47168999999999994
-1.926794 0.471633
-1.926512 0.471784
-1.9262029999999999 0.471831
-1.9258700000000002 0.471966
-1.925502 0.47197100000000003
-1.92521 0.472009
-1.924727 0.47205
-1.924557 0.471419
-1.9242230000000002 0.471428
-1.92388 0.47156899999999996
-1.923516 0.47162400000000004
-1.9232360000000002 0.471825
-1.922761 0.471852
-1.922555 0.47204700000000005
-1.92208 0.472014
-1.921838 0.472182
-1.9213670000000003 0.472177
-1.9210209999999999 0.47230199999999994
-1.9206170000000002 0.472333
-1.920276 0.472452
-1.9200120000000003 0.472636
-1.919699 0.472859
-1.919264 0.472884
-1.918835 0.47290899999999997
-1.918524 0.473131
-1.9181750000000002 0.473227
-1.9177939999999998 0.473317
-1.9174190000000002 0.473472
-1.917116 0.47374099999999997
-1.916678 0.47369799999999995
-1.9163739999999998 0.47394600000000003
-1.915969 0.474021
-1.9155130000000002 0.474142
-1.915309 0.474483
-1.914851 0.474428
-1.914518 0.47465199999999996
-1.9141239999999997 0.47475699999999993
-1.913804 0.474972
-1.913414 0.47522699999999996
-1.913006 0.47540200000000005
-1.9125969999999999 0.47563900000000003
-1.912228 0.475768
-1.91185 0.47605899999999995
-1.911383 0.47628899999999996
-1.911013 0.47651800000000005
-1.910659 0.47684699999999997
-1.910194 0.477072
-1.9097870000000001 0.477319
-1.9093290000000003 0.47760900000000006
-1.908914 0.47780100000000003
-1.908527 0.47814999999999996
-1.908012 0.478306
-1.907635 0.47859199999999996
-1.907203 0.478783
-1.906733 0.47912299999999997
-1.906351 0.47947300000000004
-1.9058890000000002 0.47976800000000003
-1.905408 0.479802
-1.9050019999999999 0.48017499999999996
-1.9045279999999998 0.48046500000000003
-1.904093 0.48077499999999995
-1.90359 0.480985
-1.9032529999999999 0.48141999999999996
-1.9026990000000001 0.481586
-1.902251 0.48191600000000007
-1.901799 0.482139
-1.9013499999999999 0.48248599999999997
-1.900858 0.482673
-1.900315 0.48290599999999995
-1.899983 0.483404
-1.899427 0.48355899999999996
-1.8989869999999998 0.48386199999999996
-1.8984429999999999 0.48395699999999997
-1.897991 0.48435500000000004
-1.8974870000000001 0.48463599999999996
-1.8970879999999999 0.484984
-1.896502 0.48525999999999997
-1.896105 0.485464
-1.8956110000000002 0.485784
-1.8951040000000001 0.48595399999999994
-1.8946419999999997 0.4864010000000001
-1.894161 0.48664999999999997
-1.893769 0.486968
-1.8932569999999997 0.487214
-1.8927919999999998 0.487497
-1.892367 0.487817
-1.891897 0.487997
-1.8914469999999999 0.48829700000000004
-1.8909589999999998 0.488524
-1.890489 0.488774
-1.8900409999999999 0.489091
-1.88957 0.489389
-1.889193 0.48981399999999997
-1.888842 0.489941
-1.8883299999999998 0.49122400000000005
-1.887848 0.491382
-1.8873689999999999 0.49177
-1.887016 0.49198800000000004
-1.886659 0.49244099999999996
-1.886031 0.492447
-1.885604 0.49273500000000003
-1.885221 0.49318999999999996
-1.884832 0.49343600000000004
-1.884296 0.493636
-1.883901 0.49389200000000005
-1.883469 0.494171
-1.8830829999999998 0.494397
-1.88269 0.494832
-1.882258 0.49499800000000005
-1.881817 0.495226
-1.881374 0.495448
-1.8809109999999998 0.495721
-1.880453 0.49599800000000005
-1.880169 0.496346
-1.879753 0.496635
-1.879303 0.496878
-1.878899 0.497077
-1.878481 0.49732600000000005
-1.8780279999999998 0.49750199999999994
-1.8776860000000002 0.49784300000000004
-1.877232 0.498044
-1.876868 0.49831899999999996
-1.8764299999999998 0.49854499999999996
-1.8760390000000002 0.49872000000000005
-1.8756059999999999 0.499005
-1.8751969999999998 0.499313
-1.8748509999999998 0.49957100000000004
-1.874407 0.49974399999999997
-1.8739250000000003 0.499794
-1.8736359999999999 0.500087
