%x y
-1.337579 -0.252061
-1.3376499999999998 -0.25192400000000004
-1.337431 -0.2518270000000001
-1.3373670000000002 -0.251869
-1.3371790000000001 -0.25179099999999993
-1.3372490000000001 -0.25174599999999997
-1.3371480000000002 -0.25178300000000003
-1.33732 -0.25196300000000005
-1.337029 -0.25175800000000004
-1.337007 -0.2519739999999999
-1.337066 -0.25183000000000005
-1.336913 -0.252077
-1.3369969999999998 -0.251882
-1.336862 -0.25203200000000003
-1.3367669999999998 -0.25197699999999995
-1.336721 -0.251928
-1.33657 -0.25196699999999994
-1.336567 -0.2519599999999999
-1.3365359999999997 -0.252029
-1.3364960000000001 -0.25197200000000003
-1.336372 -0.252032
-1.336175 -0.252111
-1.33614 -0.25205199999999994
-1.3360509999999999 -0.252124
-1.33601 -0.25213599999999997
-1.335773 -0.252347
-1.3357169999999998 -0.252259
-1.335627 -0.252371
-1.33569 -0.2523270000000001
-1.3355540000000001 -0.252476
-1.3355230000000002 -0.252552
-1.3354650000000001 -0.25256599999999996
-1.335441 -0.25260699999999997
-1.335402 -0.25269100000000005
-1.3354019999999998 -0.25272200000000006
-1.3355120000000003 -0.25298499999999996
-1.335484 -0.253046
-1.33548 -0.2530969999999999
-1.335455 -0.253196
-1.3354499999999998 -0.253253
-1.335376 -0.25338200000000005
-1.3353590000000002 -0.25340199999999996
-1.335203 -0.25358500000000006
-1.335309 -0.25352199999999997
-1.335194 -0.253719
-1.3351769999999998 -0.25373
-1.335108 -0.25382399999999994
-1.3350130000000002 -0.25382200000000005
-1.334947 -0.25379599999999997
-1.334831 -0.253742
-1.334828 -0.25385299999999994
-1.334641 -0.253986
-1.3344770000000001 -0.254045
-1.334402 -0.253958
-1.334402 -0.253976
-1.3342129999999999 -0.25403499999999996
-1.334111 -0.25391100000000005
-1.3339850000000002 -0.254024
-1.3339100000000002 -0.254021
-1.3338800000000002 -0.253979
-1.3338200000000002 -0.2538870000000001
-1.333675 -0.253816
-1.333601 -0.253853
-1.333637 -0.253703
-1.333528 -0.253743
-1.333424 -0.253829
-1.3333989999999998 -0.253606
-1.333305 -0.25365200000000004
-1.3332149999999998 -0.25356499999999993
-1.333111 -0.253643
-1.333064 -0.253587
-1.3330349999999997 -0.2535570000000001
-1.332972 -0.25355099999999997
-1.332941 -0.253374
-1.3328330000000002 -0.25348899999999996
-1.3327719999999998 -0.253606
-1.332673 -0.25348200000000004
-1.332603 -0.25346900000000006
-1.33249 -0.25347900000000007
-1.3323990000000001 -0.253511
-1.3323690000000001 -0.253548
-1.332257 -0.253581
-1.332191 -0.253388
-1.332007 -0.25347200000000003
-1.3319699999999999 -0.25353000000000003
-1.331826 -0.25344900000000004
-1.331692 -0.25358600000000003
-1.33155 -0.253789
-1.3314359999999998 -0.25371599999999994
-1.331334 -0.25377599999999995
-1.3311359999999999 -0.25407500000000005
-1.330974 -0.254128
-1.330994 -0.254308
-1.330823 -0.25434500000000004
-1.3306559999999998 -0.25447
-1.330477 -0.254662
-1.3303589999999998 -0.254741
-1.330309 -0.25483300000000003
-1.330191 -0.254832
-1.3300150000000002 -0.254913
-1.32989 -0.25495500000000004
-1.329775 -0.25503400000000004
-1.329656 -0.25506899999999993
-1.3295489999999999 -0.255279
-1.32942 -0.255326
-1.329401 -0.25531500000000007
-1.329176 -0.25549499999999997
-1.3291469999999999 -0.25548999999999994
-1.329062 -0.25553899999999996
-1.328901 -0.25572300000000003
-1.3289 -0.255788
-1.328771 -0.25584799999999996
-1.328735 -0.255899
-1.328603 -0.255926
-1.3285529999999999 -0.25578399999999996
-1.328492 -0.25596199999999997
-1.3284200000000002 -0.255923
-1.328294 -0.255895
-1.3281679999999998 -0.255885
-1.328052 -0.25578
-1.327909 -0.25592599999999993
-1.3278979999999998 -0.25591100000000006
-1.327777 -0.255832
-1.3276199999999998 -0.25589199999999995
-1.327431 -0.25582299999999997
-1.3272350000000002 -0.25582900000000003
-1.3271009999999999 -0.25578300000000004
-1.3269920000000002 -0.25583199999999995
-1.326788 -0.25592699999999996
-1.3266959999999999 -0.25588900000000003
-1.326506 -0.25570000000000004
-1.326196 -0.25590999999999997
-1.32612 -0.255704
-1.325942 -0.255726
-1.325848 -0.2556589999999999
-1.32558 -0.255864
-1.325473 -0.255777
-1.3252859999999997 -0.25579599999999997
-1.325072 -0.255867
-1.3250050000000002 -0.255878
-1.324781 -0.25595000000000007
-1.324663 -0.256012
-1.324438 -0.256052
-1.324275 -0.2560550000000001
-1.324103 -0.25604299999999997
-1.323946 -0.25627400000000006
-1.323854 -0.25622400000000006
-1.323559 -0.25625299999999995
-1.323539 -0.256261
-1.323375 -0.25621900000000003
-1.3229819999999999 -0.256446
-1.3229760000000002 -0.256553
-1.3228049999999998 -0.2565720000000001
-1.322702 -0.256571
-1.3224939999999998 -0.25669800000000004
-1.322331 -0.256655
-1.322173 -0.25666600000000006
-1.3220070000000002 -0.256854
-1.3219660000000002 -0.25671299999999997
-1.32172 -0.25685699999999995
-1.321542 -0.2569469999999999
-1.3213759999999999 -0.25694
-1.321283 -0.2569040000000001
-1.321128 -0.2569469999999999
-1.320965 -0.257033
-1.32086 -0.25689100000000004
-1.3206440000000002 -0.25708099999999995
-1.320548 -0.256832
-1.320355 -0.25688599999999995
-1.320218 -0.256912
-1.320027 -0.256853
-1.319952 -0.256713
-1.319709 -0.25656900000000005
-1.3195510000000001 -0.25643099999999996
-1.3193770000000002 -0.256317
-1.3192469999999998 -0.25642899999999996
-1.3191089999999999 -0.256218
-1.318909 -0.25604499999999997
-1.318759 -0.25595100000000004
-1.3185170000000002 -0.25577300000000003
-1.318399 -0.25584999999999997
-1.318262 -0.25569800000000004
-1.318095 -0.25547400000000003
-1.317962 -0.25528500000000004
-1.317767 -0.255266
-1.3176309999999998 -0.255197
-1.3174699999999997 -0.25501199999999996
-1.317315 -0.25484599999999996
-1.317142 -0.254813
-1.3169270000000002 -0.2546899999999999
-1.316782 -0.25458100000000006
-1.316698 -0.2544580000000001
-1.3165470000000001 -0.254245
-1.3163049999999998 -0.254368
-1.3161990000000001 -0.253951
-1.315965 -0.25411900000000004
-1.315896 -0.2539040000000001
-1.315721 -0.253804
-1.315556 -0.253614
-1.315339 -0.25360999999999995
-1.315213 -0.253291
-1.315135 -0.2529640000000001
-1.314891 -0.252707
-1.314805 -0.252559
-1.3146849999999999 -0.252182
-1.314577 -0.251898
-1.3143690000000001 -0.25150999999999996
-1.3142400000000003 -0.251215
-1.314067 -0.250781
-1.313977 -0.25036299999999995
-1.313957 -0.249854
-1.313837 -0.24930900000000003
-1.313708 -0.24870300000000004
-1.313663 -0.24801600000000001
-1.313524 -0.247454
-1.313464 -0.24684300000000006
-1.3134160000000001 -0.24607900000000002
-1.313347 -0.24542900000000004
-1.31326 -0.24467999999999995
-1.313217 -0.24386400000000003
-1.3130939999999998 -0.24311000000000002
-1.313072 -0.24230000000000002
-1.313013 -0.24154499999999995
-1.312943 -0.24074400000000004
-1.3129289999999998 -0.23985800000000007
-1.3129629999999999 -0.23884899999999992
-1.312964 -0.23792299999999994
-1.312981 -0.236899
-1.312995 -0.235841
-1.3129000000000002 -0.23498800000000006
-1.312721 -0.23391200000000004
-1.3126680000000002 -0.23289300000000002
-1.312527 -0.23172399999999999
-1.312437 -0.23062899999999997
-1.312461 -0.229437
-1.3123629999999997 -0.228339
-1.3122710000000002 -0.227229
-1.3122730000000002 -0.22597699999999998
-1.31226 -0.22465400000000005
-1.312162 -0.22340499999999996
-1.312168 -0.222055
-1.312214 -0.22067999999999996
-1.312246 -0.21929500000000002
-1.312225 -0.21803700000000004
-1.312355 -0.21652599999999994
-1.3124360000000002 -0.21506899999999995
-1.312462 -0.21369
-1.312552 -0.21215400000000006
-1.312754 -0.21060699999999996
-1.312781 -0.209005
-1.3129549999999999 -0.20741899999999994
-1.313133 -0.205714
-1.313168 -0.20419700000000007
-1.313333 -0.20261400000000004
-1.313483 -0.20095800000000003
-1.313708 -0.19928499999999996
-1.313814 -0.19763499999999998
-1.313973 -0.19589199999999998
-1.3140729999999998 -0.19414700000000004
-1.314406 -0.19223300000000007
-1.3145030000000002 -0.19065000000000004
-1.314624 -0.188858
-1.3147630000000001 -0.18717400000000003
-1.314811 -0.18539400000000006
-1.314938 -0.18352
-1.3150610000000003 -0.18181799999999998
-1.315223 -0.17985400000000004
-1.3152130000000002 -0.17804400000000004
-1.3154460000000001 -0.176101
-1.315576 -0.174224
-1.315666 -0.17234900000000006
-1.315687 -0.170606
-1.315758 -0.16872999999999996
-1.3158720000000002 -0.166778
-1.315883 -0.164947
-1.315887 -0.163199
-1.3160079999999998 -0.16123999999999994
-1.3161120000000002 -0.15919
-1.316127 -0.157267
-1.3161809999999998 -0.155394
-1.316251 -0.15344099999999997
-1.316279 -0.15158500000000003
-1.3163110000000002 -0.14951100000000003
-1.3162779999999998 -0.147678
-1.3163239999999998 -0.14562599999999998
-1.316358 -0.14365699999999998
-1.316233 -0.14172800000000002
-1.3162429999999998 -0.13969300000000004
-1.316094 -0.137749
-1.316099 -0.135853
-1.316071 -0.13381
-1.316064 -0.13184200000000004
-1.3159960000000002 -0.129794
-1.3159079999999999 -0.12779799999999994
-1.315887 -0.12575099999999997
-1.3157249999999998 -0.12383800000000002
-1.3157630000000002 -0.12180200000000002
-1.315575 -0.11995900000000001
-1.315506 -0.117863
-1.315422 -0.11583499999999998
-1.315421 -0.11368400000000002
-1.315383 -0.11170699999999999
-1.315341 -0.109728
-1.315205 -0.10769
-1.3151659999999998 -0.10556400000000002
-1.315027 -0.10358600000000001
-1.3150390000000003 -0.10140499999999997
-1.3149389999999999 -0.09940100000000002
-1.314829 -0.09739299999999997
-1.3149119999999999 -0.09519499999999999
-1.314826 -0.09320800000000003
-1.314791 -0.091123
-1.314774 -0.08892399999999998
-1.3147179999999998 -0.086808
-1.314708 -0.08478699999999997
-1.31465 -0.08264500000000004
-1.314594 -0.08055700000000002
-1.3145799999999999 -0.078416
-1.314564 -0.07629699999999996
-1.314552 -0.07411500000000001
-1.314529 -0.072024
-1.3144250000000002 -0.06994900000000001
-1.314572 -0.06765800000000001
-1.314469 -0.06557300000000003
-1.3144850000000001 -0.06330200000000002
-1.314479 -0.06128100000000001
-1.314524 -0.05896200000000005
-1.3144379999999998 -0.056821000000000024
-1.3143809999999998 -0.054891000000000016
-1.314433 -0.05261899999999997
-1.3143209999999999 -0.05048199999999997
-1.3143179999999999 -0.048444999999999995
-1.3143300000000002 -0.046189999999999995
-1.314212 -0.044144
-1.314316 -0.04179000000000002
-1.314287 -0.039738
-1.314176 -0.03756900000000002
-1.31422 -0.03541199999999998
-1.314224 -0.03330899999999997
-1.3141260000000001 -0.031158000000000016
-1.314137 -0.029005999999999973
-1.3141420000000001 -0.026781000000000006
-1.314046 -0.024686000000000034
-1.314132 -0.022343999999999996
-1.31399 -0.02029599999999999
-1.313979 -0.01820300000000003
-1.3139060000000002 -0.015944000000000017
-1.313868 -0.013626000000000034
-1.31384 -0.01141999999999996
-1.313872 -0.009243999999999971
-1.313766 -0.007
-1.313766 -0.004831999999999993
-1.3137379999999999 -0.002608000000000004
-1.313633 -0.00041700000000003003
-1.3134290000000002 0.00198599999999999
-1.313625 0.004156999999999982
-1.313487 0.006266999999999996
-1.313413 0.0085
-1.3133869999999999 0.010891999999999995
-1.3132519999999999 0.013062000000000011
-1.313292 0.015334000000000004
-1.313295 0.017766999999999995
-1.313097 0.020026999999999986
-1.313118 0.02243300000000005
-1.3132640000000002 0.024852000000000034
-1.313221 0.02707400000000001
-1.313112 0.029459000000000003
-1.312978 0.03190799999999996
-1.312922 0.034356
-1.3129000000000002 0.03677500000000004
-1.3130100000000002 0.039113999999999975
-1.3129760000000001 0.041507
-1.3123719999999999 0.044420999999999995
-1.312895 0.04633799999999996
-1.313048 0.048776000000000014
-1.3130990000000002 0.05126999999999998
-1.312942 0.05374299999999999
-1.312914 0.056138000000000035
-1.312884 0.05857800000000003
-1.312999 0.060875
-1.3130899999999999 0.063346
-1.313089 0.06590300000000002
-1.312931 0.06842199999999997
-1.312915 0.07085500000000002
-1.31295 0.07342999999999998
-1.3128799999999998 0.075718
-1.3129640000000002 0.07834500000000003
-1.312794 0.08082400000000001
-1.312803 0.08326200000000003
-1.312681 0.08578300000000001
-1.3126999999999998 0.08826400000000001
-1.312692 0.09106999999999997
-1.3126 0.09349399999999997
-1.312546 0.09598800000000003
-1.312444 0.098607
-1.3124449999999999 0.10115800000000001
-1.312488 0.10378400000000002
-1.3123479999999998 0.10627200000000002
-1.3122620000000003 0.10903300000000002
-1.3122530000000001 0.11160900000000001
-1.312187 0.11426299999999998
-1.3121939999999999 0.11682799999999997
-1.312091 0.11949000000000001
-1.312032 0.122135
-1.312041 0.124845
-1.3119809999999998 0.12740800000000002
-1.31197 0.130101
-1.3119839999999998 0.13287700000000002
-1.311913 0.13549699999999998
-1.311808 0.13803900000000002
-1.311866 0.14081900000000003
-1.31173 0.14347499999999996
-1.31173 0.14614499999999997
-1.311671 0.149003
-1.31176 0.151753
-1.311625 0.154327
-1.311686 0.15705399999999997
-1.3116379999999999 0.1598
-1.3115359999999998 0.16248799999999997
-1.311579 0.165359
-1.3115439999999998 0.168049
-1.3115329999999998 0.17076299999999997
-1.311494 0.17332000000000003
-1.3114659999999998 0.17602399999999999
-1.310038 0.178862
-1.310102 0.18155700000000002
-1.309972 0.18430199999999997
-1.309991 0.18699499999999997
-1.3100059999999998 0.189788
-1.310005 0.192425
-1.3099809999999998 0.19505399999999998
-1.309973 0.197793
-1.309906 0.200356
-1.3098699999999999 0.203134
-1.309797 0.205899
-1.3097370000000002 0.208556
-1.309865 0.21081899999999998
-1.309642 0.21339599999999997
-1.30953 0.21574000000000002
-1.309525 0.21781799999999998
-1.309634 0.21998399999999999
-1.309558 0.221875
-1.309518 0.223916
-1.310854 0.225601
-1.309631 0.22688
-1.3110460000000002 0.22842899999999997
-1.309782 0.22938999999999998
-1.31125 0.23060600000000003
-1.309942 0.231373
-1.310107 0.23185699999999998
-1.310365 0.23241199999999998
-1.310393 0.232406
-1.310446 0.23236099999999998
-1.3106280000000001 0.232247
-1.310512 0.23186600000000004
-1.31039 0.231315
-1.310334 0.23091199999999998
-1.310259 0.23014299999999996
-1.3100220000000002 0.229163
-1.309702 0.22814199999999998
-1.309471 0.226809
-1.30931 0.22583200000000003
-1.3092460000000001 0.22493199999999997
-1.309114 0.22396700000000005
-1.3089929999999999 0.223267
-1.308868 0.22238400000000003
-1.3088030000000002 0.221634
-1.3087689999999998 0.22072500000000003
-1.308998 0.21992199999999998
-1.308788 0.219335
-1.309029 0.21804999999999997
-1.3090929999999998 0.21736000000000003
-1.309047 0.21669199999999997
-1.3090929999999998 0.21588400000000002
-1.308999 0.21512899999999996
-1.309058 0.214652
-1.309107 0.21404199999999998
-1.309101 0.212608
-1.308995 0.21212500000000004
-1.308906 0.211456
-1.308687 0.210988
-1.308503 0.210469
-1.3082880000000001 0.20999399999999996
-1.307789 0.20959700000000003
-1.307431 0.20905200000000002
-1.307182 0.20885900000000004
-1.306921 0.20855100000000001
-1.3066010000000001 0.208352
-1.306224 0.20817600000000003
-1.3059470000000002 0.20798499999999995
-1.305633 0.20784300000000003
-1.305221 0.207637
-1.304866 0.207451
-1.3044429999999998 0.20746499999999998
-1.3041120000000002 0.207408
-1.303667 0.20735399999999998
-1.303242 0.207348
-1.302841 0.20727199999999998
-1.3024580000000001 0.207466
-1.302031 0.20752999999999996
-1.3017100000000001 0.207667
-1.301295 0.207818
-1.3008989999999998 0.207919
-1.3004319999999998 0.20809
-1.300097 0.20829999999999996
-1.299662 0.20846399999999998
-1.2993379999999999 0.208742
-1.298946 0.208923
-1.298566 0.20914199999999997
-1.298212 0.209353
-1.297952 0.20972499999999997
-1.2975999999999999 0.21
-1.297175 0.21029599999999998
-1.2967579999999999 0.21051700000000004
-1.296477 0.210905
-1.2960809999999998 0.211149
-1.295767 0.21164300000000003
-1.29545 0.212028
-1.295094 0.21229399999999998
-1.2946909999999998 0.21254900000000004
-1.294416 0.213161
-1.294065 0.213494
-1.293795 0.21393700000000002
-1.2934700000000001 0.214414
-1.2931329999999999 0.21476299999999998
-1.292801 0.215188
-1.292443 0.21561499999999997
-1.292116 0.21613899999999997
-1.291739 0.216577
-1.291359 0.21700599999999998
-1.29099 0.21743699999999996
-1.2906640000000003 0.21795699999999998
-1.290314 0.21842999999999999
-1.2899170000000002 0.21883699999999998
-1.289532 0.219367
-1.289122 0.21998
-1.2887220000000001 0.22038899999999997
-1.2883330000000002 0.220941
-1.2879200000000002 0.22147
-1.2875429999999999 0.221958
-1.2872000000000001 0.22246
-1.286732 0.22292899999999996
-1.286224 0.223305
-1.2859369999999999 0.22393400000000002
-1.285497 0.224529
-1.285175 0.225016
-1.284644 0.22557
-1.284364 0.22615499999999997
-1.2839960000000001 0.226501
-1.2837919999999998 0.22708799999999998
-1.2833229999999998 0.227625
-1.283033 0.22810900000000003
-1.2827359999999999 0.228786
-1.2823820000000001 0.229091
-1.282218 0.22979400000000003
-1.2818479999999999 0.23035800000000003
-1.2815519999999998 0.230875
-1.28123 0.23134400000000002
-1.280882 0.231982
-1.280551 0.232656
-1.280282 0.23315999999999998
-1.2799749999999999 0.23373500000000003
-1.279616 0.23437599999999997
-1.2793109999999999 0.23498200000000002
-1.278972 0.23541800000000002
-1.2786309999999999 0.236077
-1.2782149999999999 0.23655699999999996
-1.277998 0.23722900000000005
-1.2776500000000002 0.23776599999999995
-1.277376 0.23839600000000002
-1.276915 0.23904400000000003
-1.2766670000000002 0.23965999999999996
-1.276182 0.240166
-1.275885 0.240915
-1.2755329999999998 0.241628
-1.275115 0.24320800000000004
-1.2747540000000002 0.24383499999999997
-1.274661 0.244534
-1.274004 0.24516700000000002
-1.2736660000000002 0.245748
-1.273332 0.246322
-1.272902 0.246843
-1.272663 0.247677
-1.272387 0.248213
-1.2720829999999999 0.248764
-1.271696 0.24942499999999995
-1.2714590000000001 0.250008
-1.271126 0.25067100000000003
-1.270893 0.251272
-1.2705140000000001 0.251868
-1.2703220000000002 0.252404
-1.269992 0.25318599999999997
-1.269738 0.25376000000000004
-1.2694969999999999 0.25439
-1.26925 0.254856
-1.269655 0.255712
-1.26937 0.25636800000000004
-1.269089 0.256785
-1.2686330000000001 0.257475
-1.268362 0.25789599999999996
-1.2681680000000002 0.25846500000000006
-1.267917 0.25888599999999995
-1.266919 0.259221
-1.2674029999999998 0.259903
-1.266902 0.260579
-1.267464 0.26165
-1.2672249999999998 0.262111
-1.2669590000000002 0.262646
-1.2667490000000001 0.263162
-1.265775 0.26304999999999995
-1.2660740000000001 0.264245
-1.265801 0.26466500000000004
-1.265576 0.265264
-1.2651810000000001 0.265581
-1.2642390000000001 0.26544599999999996
-1.264638 0.266611
-1.263659 0.266467
-1.2641289999999998 0.267558
-1.2631770000000002 0.26727
-1.262881 0.26770000000000005
-1.2625149999999998 0.268083
-1.262929 0.269358
-1.262635 0.26979000000000003
-1.262324 0.270218
-1.262075 0.270638
-1.261813 0.271188
-1.261538 0.271685
-1.261352 0.27219800000000005
-1.2611440000000003 0.272638
-1.260943 0.27315100000000003
-1.260674 0.27353600000000006
-1.260435 0.273846
-1.26027 0.27444100000000005
-1.260079 0.274894
-1.259947 0.275406
-1.259749 0.27585400000000004
-1.259658 0.276397
-1.259419 0.276672
-1.2592480000000001 0.277225
-1.2591130000000001 0.277692
-1.2589290000000002 0.27810199999999996
-1.2587849999999998 0.27854500000000004
-1.2586469999999998 0.27889099999999994
-1.258507 0.279347
-1.258442 0.279806
-1.2582529999999998 0.28021099999999993
-1.258181 0.280702
-1.257923 0.28096499999999996
-1.2578670000000003 0.28145800000000004
-1.257741 0.281808
-1.2576280000000002 0.28222800000000003
-1.257487 0.28258900000000003
-1.2573899999999998 0.283067
-1.257317 0.28342199999999995
-1.25714 0.283711
-1.2570530000000002 0.284125
-1.2569290000000002 0.28443100000000004
-1.2568200000000003 0.284735
-1.2568 0.285157
-1.256634 0.28542100000000004
-1.256535 0.285717
-1.2564119999999999 0.286134
-1.256276 0.28645299999999996
-1.256204 0.28674199999999994
-1.256146 0.287094
-1.256027 0.28745299999999996
-1.255887 0.287736
-1.25579 0.28807699999999997
-1.255684 0.288236
-1.255697 0.288736
-1.2555180000000001 0.288959
-1.2554349999999999 0.289273
-1.255406 0.289364
-1.2552930000000002 0.28971600000000003
-1.255253 0.29004100000000005
-1.2550709999999998 0.29035500000000003
-1.254981 0.290588
-1.254893 0.29086900000000004
-1.254962 0.291254
-1.254768 0.291279
-1.25476 0.291577
-1.254527 0.291791
-1.2545100000000002 0.29212400000000005
-1.254395 0.292399
-1.254224 0.292616
-1.254093 0.292846
-1.254018 0.293264
-1.25384 0.293361
-1.25369 0.293569
-1.2535260000000001 0.293831
-1.253432 0.29412399999999994
-1.2532480000000001 0.294203
-1.253234 0.29455899999999996
-1.2529270000000001 0.29455400000000004
-1.252859 0.294793
-1.2527840000000001 0.295171
-1.252615 0.295356
-1.252421 0.295427
-1.252297 0.295734
-1.252096 0.295923
-1.2519859999999998 0.296004
-1.251877 0.29628899999999997
-1.2517220000000002 0.29644099999999995
-1.251561 0.296702
-1.251445 0.296899
-1.251299 0.297114
-1.251266 0.29742199999999996
-1.251123 0.29760200000000003
-1.250956 0.29769599999999996
-1.250814 0.29789699999999997
-1.2507199999999998 0.29818600000000006
-1.250527 0.29840500000000003
-1.2504209999999998 0.298613
-1.250181 0.29894800000000005
-1.249969 0.299072
-1.2498429999999998 0.299261
-1.2497260000000001 0.299615
-1.249704 0.299767
-1.2497199999999997 0.30002999999999996
-1.249569 0.300162
-1.249459 0.30036699999999994
-1.2492839999999998 0.30080199999999996
-1.2492860000000001 0.30099899999999996
-1.249141 0.301246
-1.248979 0.301449
-1.2488119999999998 0.301693
-1.247867 0.30170800000000003
-1.2477829999999999 0.30182
-1.247652 0.30215
-1.2475129999999999 0.302399
-1.247437 0.30273
-1.247348 0.303108
-1.247161 0.303147
-1.2471510000000001 0.303557
-1.246915 0.30370199999999997
-1.2467019999999998 0.304009
-1.2465679999999997 0.304338
-1.246431 0.30460400000000004
-1.2463290000000002 0.304899
-1.24609 0.305147
-1.2459989999999999 0.305411
-1.245786 0.305646
-1.245578 0.30589599999999995
-1.2454349999999998 0.306131
-1.2452759999999998 0.306437
-1.245103 0.30667199999999994
-1.244965 0.30673199999999995
-1.244828 0.307263
-1.244523 0.307379
-1.244446 0.307773
-1.244233 0.30782
-1.2441179999999998 0.30817500000000003
-1.243902 0.308329
-1.24383 0.30875600000000003
-1.2434 0.30895999999999996
-1.2432059999999998 0.30911099999999997
-1.2429919999999999 0.309505
-1.24279 0.309696
-1.2427420000000002 0.30998699999999996
-1.242478 0.310274
-1.2422250000000001 0.31054899999999996
-1.241913 0.310865
-1.241853 0.31117399999999995
-1.241454 0.31134500000000004
-1.2413180000000001 0.311539
-1.2411759999999998 0.311928
-1.2409160000000001 0.312151
-1.2407759999999999 0.31241800000000003
-1.2405140000000001 0.312666
-1.2403330000000001 0.313002
-1.240138 0.313177
-1.2398710000000002 0.313579
-1.2396859999999998 0.31389100000000003
-1.239523 0.31425100000000006
-1.239299 0.31455099999999997
-1.238969 0.314655
-1.238931 0.31522100000000003
-1.238661 0.31552199999999997
-1.238517 0.315847
-1.2383159999999998 0.316172
-1.2381010000000001 0.31638099999999997
-1.237925 0.31687
-1.2370830000000002 0.316978
-1.2368310000000002 0.317442
-1.2366030000000001 0.31776499999999996
-1.236291 0.31799
-1.236052 0.318306
-1.235862 0.318714
-1.235725 0.319025
-1.23562 0.319318
-1.2354349999999998 0.319618
-1.235324 0.320046
-1.2351009999999998 0.32043400000000005
-1.235531 0.32083100000000003
-1.2352530000000002 0.32127100000000003
-1.2352089999999998 0.321531
-1.2348780000000001 0.321909
-1.234754 0.322341
-1.234578 0.32263400000000003
-1.2343989999999998 0.32291000000000003
-1.234079 0.32325300000000007
-1.2339289999999998 0.323628
-1.2338099999999999 0.324122
-1.233578 0.324468
-1.233415 0.32482900000000003
-1.233154 0.325202
-1.232936 0.325563
-1.2327919999999999 0.325935
-1.232479 0.326199
-1.2322599999999997 0.32664800000000005
-1.232168 0.32692
-1.2320239999999998 0.327566
-1.2316690000000001 0.32779900000000006
-1.231526 0.328219
-1.23132 0.32851800000000003
-1.231196 0.328962
-1.230965 0.329305
-1.2308109999999999 0.329836
-1.2305650000000001 0.330089
-1.2303330000000001 0.330409
-1.230272 0.330928
-1.2300360000000001 0.331349
-1.2298440000000002 0.331649
-1.22973 0.33212800000000003
-1.2295729999999998 0.332443
-1.229216 0.332852
-1.2291800000000002 0.33318
-1.2289230000000002 0.333446
-1.2287519999999998 0.33391699999999996
-1.228595 0.33439300000000005
-1.2282730000000002 0.33459
-1.2283250000000001 0.33507
-1.228155 0.33542400000000006
-1.227855 0.33569099999999996
-1.22768 0.33606800000000003
-1.2274 0.336476
-1.22738 0.33677999999999997
-1.227088 0.337279
-1.2269029999999999 0.337567
-1.226733 0.338041
-1.226502 0.33827999999999997
-1.226282 0.33860299999999993
-1.226107 0.339034
-1.225908 0.339351
-1.225721 0.339648
-1.225552 0.339957
-1.225402 0.340329
-1.225271 0.34077500000000005
-1.225054 0.34114099999999997
-1.225026 0.34137900000000004
-1.224731 0.34193900000000005
-1.224486 0.34230099999999997
-1.2242979999999997 0.342736
-1.2241080000000002 0.343006
-1.224002 0.34337799999999996
-1.2238850000000001 0.343767
-1.223828 0.344102
-1.2235630000000002 0.34438
-1.223422 0.34481500000000004
-1.2241300000000002 0.345624
-1.2230929999999998 0.345472
-1.2238820000000001 0.34633600000000003
-1.223743 0.346702
-1.222664 0.346603
-1.2224650000000001 0.346914
-1.2232750000000001 0.34765500000000005
-1.222253 0.34774900000000003
-1.223026 0.348392
-1.222776 0.34890499999999997
-1.2225540000000001 0.34902999999999995
-1.222415 0.34943399999999997
-1.221227 0.3495
-1.222101 0.35032100000000005
-1.2219859999999998 0.35063099999999997
-1.221774 0.35086800000000007
-1.2216409999999998 0.351126
-1.221518 0.351632
-1.221324 0.351915
-1.221312 0.352209
-1.221063 0.35237599999999997
-1.220826 0.352764
