%x y
-1.9033989999999998 -0.19452500000000003
-1.9034099999999998 -0.19448199999999996
-1.9034589999999998 -0.19440599999999994
-1.903424 -0.19438299999999997
-1.90353 -0.19420800000000002
-1.9035170000000001 -0.19424100000000005
-1.903422 -0.19427300000000003
-1.9035600000000001 -0.19425499999999998
-1.903457 -0.19424299999999994
-1.90346 -0.19418599999999997
-1.903492 -0.194216
-1.903488 -0.19410400000000005
-1.9034739999999999 -0.19412300000000005
-1.903502 -0.193971
-1.903477 -0.19415000000000004
-1.903571 -0.19394299999999998
-1.9036570000000002 -0.19398700000000002
-1.903736 -0.193892
-1.9039059999999999 -0.19385600000000006
-1.9040230000000002 -0.193873
-1.904115 -0.193707
-1.9042220000000003 -0.193685
-1.904366 -0.19362900000000002
-1.904508 -0.19356999999999994
-1.9045089999999998 -0.19345299999999999
-1.904417 -0.19351500000000005
-1.904431 -0.193332
-1.9044550000000002 -0.19324800000000006
-1.904442 -0.19308900000000007
-1.904386 -0.19294399999999995
-1.9042910000000002 -0.193
-1.904205 -0.19283299999999998
-1.904201 -0.19256600000000004
-1.904068 -0.192637
-1.904032 -0.19243999999999994
-1.904069 -0.192394
-1.904004 -0.19228499999999996
-1.9038499999999998 -0.19217200000000004
-1.90395 -0.19196900000000006
-1.9038960000000003 -0.19201699999999994
-1.903825 -0.19188999999999998
-1.903806 -0.19180899999999998
-1.9037950000000001 -0.19178800000000007
-1.9037270000000002 -0.19161099999999992
-1.903762 -0.191533
-1.9037339999999998 -0.19141699999999998
-1.903828 -0.191411
-1.903721 -0.19138799999999997
-1.903807 -0.19133099999999997
-1.903817 -0.19123200000000004
-1.903767 -0.19124399999999997
-1.9037519999999999 -0.19105600000000003
-1.9037760000000001 -0.19115400000000005
-1.9029719999999999 -0.190847
-1.9036980000000001 -0.19107100000000002
-1.903618 -0.191057
-1.9027370000000001 -0.190827
-1.903455 -0.19098099999999993
-1.903394 -0.191068
-1.903359 -0.19096100000000002
-1.903176 -0.191091
-1.903169 -0.19094
-1.903016 -0.191041
-1.902994 -0.191168
-1.902922 -0.19119999999999998
-1.902806 -0.19117699999999996
-1.9027749999999999 -0.19124600000000003
-1.9026939999999999 -0.19129099999999993
-1.90272 -0.19128199999999998
-1.9026669999999999 -0.19128899999999993
-1.9025739999999998 -0.191356
-1.90249 -0.191334
-1.902587 -0.191263
-1.9025619999999999 -0.19133999999999998
-1.9024979999999998 -0.19130400000000003
-1.902438 -0.19136999999999996
-1.90241 -0.19127699999999997
-1.9023880000000002 -0.19131499999999999
-1.902231 -0.19137700000000007
-1.902164 -0.19139499999999998
-1.902055 -0.191308
-1.901963 -0.191442
-1.901933 -0.19139700000000004
-1.9018739999999998 -0.19144599999999998
-1.9018389999999998 -0.19125199999999995
-1.901648 -0.19128299999999995
-1.901643 -0.19136200000000003
-1.901573 -0.19133699999999998
-1.9015 -0.19131199999999995
-1.901474 -0.19125399999999995
-1.9014119999999999 -0.19126400000000002
-1.901433 -0.19128600000000007
-1.901429 -0.19136
-1.9013870000000002 -0.19122400000000003
-1.9013200000000001 -0.19117899999999996
-1.9012159999999998 -0.19119800000000003
-1.901231 -0.19119299999999997
-1.901359 -0.19104899999999997
-1.901212 -0.191064
-1.900145 -0.19091799999999995
-1.900104 -0.190863
-1.901253 -0.191015
-1.9003189999999999 -0.19072699999999998
-1.900315 -0.19080899999999998
-1.9009260000000001 -0.19068400000000002
-1.900517 -0.19078299999999995
-1.9005509999999999 -0.19067200000000004
-1.9008450000000001 -0.190801
-1.900446 -0.190617
-1.9011859999999998 -0.19065999999999997
-1.900817 -0.19052
-1.9007269999999998 -0.19064299999999998
-1.90072 -0.19054600000000005
-1.900609 -0.19056
-1.900808 -0.190625
-1.900719 -0.19073099999999993
-1.900584 -0.19056900000000002
-1.9005729999999998 -0.190668
-1.9003819999999998 -0.190623
-1.900334 -0.190553
-1.900337 -0.19043199999999996
-1.900283 -0.19049400000000002
-1.900271 -0.19033699999999998
-1.90028 -0.19056900000000002
-1.900121 -0.19043399999999996
-1.900061 -0.19035499999999997
-1.8999730000000001 -0.19045700000000004
-1.9000059999999999 -0.19039600000000007
-1.899932 -0.19032500000000005
-1.899834 -0.190279
-1.899722 -0.190382
-1.8997030000000001 -0.19029300000000002
-1.899619 -0.19035800000000005
-1.8994409999999997 -0.19041199999999997
-1.899341 -0.19047499999999998
-1.8993389999999999 -0.19046599999999994
-1.89923 -0.190493
-1.89924 -0.19044799999999998
-1.899076 -0.190394
-1.898997 -0.19036799999999998
-1.898962 -0.19042
-1.8989160000000003 -0.190433
-1.898896 -0.19050800000000004
-1.8988369999999999 -0.19043800000000005
-1.898765 -0.19046099999999996
-1.898713 -0.190473
-1.8986570000000003 -0.19048099999999998
-1.8985830000000001 -0.19056299999999998
-1.898468 -0.19057100000000002
-1.898386 -0.19067199999999998
-1.898173 -0.19056599999999999
-1.898079 -0.19066500000000003
-1.8980219999999999 -0.19071399999999994
-1.8978789999999999 -0.19086500000000006
-1.897829 -0.19095600000000007
-1.897766 -0.190872
-1.897676 -0.190978
-1.8975649999999997 -0.19103699999999998
-1.897518 -0.19115100000000007
-1.897384 -0.19126700000000005
-1.8973250000000002 -0.19117600000000004
-1.897284 -0.19112300000000004
-1.897176 -0.19171799999999997
-1.897215 -0.191648
-1.897153 -0.19162199999999996
-1.896854 -0.19126400000000002
-1.89666 -0.19134500000000002
-1.896634 -0.19134799999999996
-1.896482 -0.19150599999999998
-1.896479 -0.19149399999999997
-1.896334 -0.191504
-1.896241 -0.19149800000000006
-1.896106 -0.19158799999999995
-1.896036 -0.19148599999999993
-1.896021 -0.19164799999999996
-1.895934 -0.19173300000000001
-1.89578 -0.19158099999999997
-1.895667 -0.19160299999999994
-1.895619 -0.19173900000000002
-1.895559 -0.19158400000000006
-1.895387 -0.19171200000000005
-1.8952339999999999 -0.19162100000000004
-1.8951980000000002 -0.19160400000000005
-1.895117 -0.19161600000000004
-1.895021 -0.191551
-1.894905 -0.19160000000000002
-1.8947839999999998 -0.19157900000000005
-1.894673 -0.19162600000000005
-1.894614 -0.19148300000000001
-1.894529 -0.19152900000000006
-1.894439 -0.191339
-1.894327 -0.19136400000000003
-1.894191 -0.19132900000000005
-1.894159 -0.191373
-1.894136 -0.191349
-1.894001 -0.19138100000000002
-1.893825 -0.191255
-1.893644 -0.19119199999999995
-1.893534 -0.19131000000000006
-1.8935529999999998 -0.19117199999999998
-1.8933220000000002 -0.19130199999999997
-1.8931099999999998 -0.19124400000000003
-1.892978 -0.19121399999999994
-1.892876 -0.19113400000000003
-1.8925830000000001 -0.19118200000000002
-1.8925220000000003 -0.191163
-1.892394 -0.19110800000000006
-1.892217 -0.19115499999999996
-1.891982 -0.19126199999999993
-1.891877 -0.19119
-1.891698 -0.19112200000000001
-1.891549 -0.19123699999999996
-1.891348 -0.19109199999999998
-1.8911699999999998 -0.19128900000000004
-1.890925 -0.19122600000000006
-1.890784 -0.191039
-1.890423 -0.19113000000000005
-1.890136 -0.19116400000000006
-1.889846 -0.19112000000000007
-1.8894600000000001 -0.191125
-1.889121 -0.19104299999999996
-1.8887440000000002 -0.19082099999999996
-1.8882220000000003 -0.19078199999999998
-1.8877420000000003 -0.190913
-1.887186 -0.190704
-1.886491 -0.19085000000000002
-1.8858 -0.19074000000000002
-1.8851270000000002 -0.190688
-1.884191 -0.19066899999999998
-1.8832419999999999 -0.19062900000000002
-1.882183 -0.19058399999999995
-1.881053 -0.19049500000000005
-1.8798100000000002 -0.19048799999999994
-1.878567 -0.19062
-1.877213 -0.19050300000000003
-1.875834 -0.19061300000000006
-1.874466 -0.19064100000000003
-1.8730799999999999 -0.19046100000000007
-1.871536 -0.190663
-1.8699540000000001 -0.19066499999999997
-1.86844 -0.19071900000000006
-1.8668619999999998 -0.19085099999999994
-1.8653119999999999 -0.19080800000000006
-1.863632 -0.19085899999999997
-1.861974 -0.19085299999999994
-1.860227 -0.19086499999999995
-1.858458 -0.19103399999999998
-1.8568059999999997 -0.19108100000000008
-1.854914 -0.19131299999999998
-1.8531970000000002 -0.19131699999999996
-1.85131 -0.19122400000000003
-1.8494670000000002 -0.19139400000000006
-1.8475529999999998 -0.19171700000000005
-1.845822 -0.19165299999999996
-1.8440159999999999 -0.19184299999999996
-1.842062 -0.19188000000000005
-1.840132 -0.19196399999999994
-1.838256 -0.192091
-1.836407 -0.192336
-1.8342539999999998 -0.19250300000000004
-1.832424 -0.19262399999999996
-1.8304779999999998 -0.19271100000000002
-1.828567 -0.19303400000000004
-1.827356 -0.19269299999999998
-1.824682 -0.19314700000000004
-1.8226499999999999 -0.19328499999999996
-1.820557 -0.19351399999999996
-1.818523 -0.19370799999999996
-1.816354 -0.19378200000000004
-1.81428 -0.193714
-1.812233 -0.194094
-1.810115 -0.194257
-1.8079949999999998 -0.19455500000000006
-1.80584 -0.19459800000000008
-1.803747 -0.19465500000000002
-1.801579 -0.19487599999999997
-1.7994850000000002 -0.195041
-1.797228 -0.19513199999999994
-1.795012 -0.19525199999999995
-1.7928429999999997 -0.195399
-1.790443 -0.19548000000000001
-1.788323 -0.19575899999999996
-1.7859850000000002 -0.195938
-1.7837 -0.19592799999999994
-1.78153 -0.196096
-1.779124 -0.19611900000000002
-1.7767570000000001 -0.19620400000000002
-1.774441 -0.19653399999999993
-1.7720319999999998 -0.19650400000000007
-1.769621 -0.19689299999999998
-1.7671389999999998 -0.196882
-1.764793 -0.19699000000000005
-1.7624170000000001 -0.19725399999999996
-1.759877 -0.19729200000000002
-1.757353 -0.197594
-1.754924 -0.197663
-1.7525050000000002 -0.19767899999999997
-1.750032 -0.19800600000000002
-1.7474899999999998 -0.198048
-1.745186 -0.19811800000000004
-1.742697 -0.198247
-1.740363 -0.198362
-1.737905 -0.19854399999999997
-1.735472 -0.19870000000000004
-1.733144 -0.19875499999999993
-1.7305810000000001 -0.19900900000000002
-1.7280820000000001 -0.19917799999999994
-1.725578 -0.19930900000000001
-1.722994 -0.19947299999999996
-1.720532 -0.19949599999999998
-1.71797 -0.19978499999999996
-1.715353 -0.199868
-1.712869 -0.20005699999999996
-1.7100949999999997 -0.20027300000000003
-1.707693 -0.20037799999999992
-1.705006 -0.20062699999999994
-1.7023249999999999 -0.20079000000000002
-1.699805 -0.20091000000000003
-1.697317 -0.201116
-1.694732 -0.20132399999999995
-1.6920920000000002 -0.201442
-1.689676 -0.20163799999999998
-1.687181 -0.201774
-1.684663 -0.201979
-1.68215 -0.20206800000000005
-1.6794160000000002 -0.20239899999999994
-1.6767429999999999 -0.20249100000000003
-1.67404 -0.202689
-1.6713909999999998 -0.20286
-1.6685940000000001 -0.20303699999999997
-1.665919 -0.203226
-1.663166 -0.20347200000000004
-1.660626 -0.20357999999999998
-1.6578470000000003 -0.20378299999999996
-1.655284 -0.20409799999999995
-1.652675 -0.20415900000000003
-1.650027 -0.20444599999999996
-1.6472529999999999 -0.20476499999999997
-1.6445059999999998 -0.20495999999999992
-1.6418490000000001 -0.20512199999999997
-1.6389829999999999 -0.20540400000000006
-1.6361269999999999 -0.20542100000000005
-1.633268 -0.205995
-1.6304560000000001 -0.206145
-1.627602 -0.20620599999999997
-1.624854 -0.20653999999999997
-1.62215 -0.20687899999999995
-1.619634 -0.20697999999999997
-1.616712 -0.20737699999999995
-1.613921 -0.207589
-1.611018 -0.20796599999999996
-1.608242 -0.20799100000000004
-1.6053419999999998 -0.20830600000000005
-1.602515 -0.20859900000000003
-1.5995069999999998 -0.20892899999999998
-1.5966019999999999 -0.209385
-1.593738 -0.20949900000000002
-1.590834 -0.20991499999999996
-1.58781 -0.21022700000000002
-1.58498 -0.210383
-1.582029 -0.21079599999999998
-1.5790330000000001 -0.21103199999999997
-1.576105 -0.21116299999999996
-1.5730840000000001 -0.21157900000000002
-1.570134 -0.21169600000000002
-1.567116 -0.21205700000000002
-1.5641109999999998 -0.21228899999999998
-1.5610369999999998 -0.21251799999999998
-1.558025 -0.21287400000000004
-1.554905 -0.21313600000000002
-1.551956 -0.21331599999999998
-1.548752 -0.21372499999999997
-1.545702 -0.21395999999999998
-1.5426819999999999 -0.21411699999999997
-1.5396599999999998 -0.21432599999999996
-1.5365349999999998 -0.21464399999999995
-1.533415 -0.21494800000000003
-1.530341 -0.21512300000000004
-1.527229 -0.21532100000000004
-1.524047 -0.21576299999999998
-1.5209180000000002 -0.21587900000000002
-1.51776 -0.21611200000000003
-1.514679 -0.21641200000000002
-1.5115030000000003 -0.216517
-1.508345 -0.216843
-1.5050549999999998 -0.21724199999999996
-1.50194 -0.21730399999999997
-1.4987000000000001 -0.21752499999999997
-1.495379 -0.21785300000000002
-1.492167 -0.21801800000000002
-1.4888739999999998 -0.21828000000000003
-1.4857770000000001 -0.21850399999999998
-1.482575 -0.21876800000000002
-1.479255 -0.21892999999999996
-1.475995 -0.21917299999999995
-1.472814 -0.21934199999999998
-1.469407 -0.21965900000000005
-1.4661689999999998 -0.219762
-1.4628610000000002 -0.22004
-1.459529 -0.22020099999999995
-1.456209 -0.22039299999999998
-1.452915 -0.22052699999999997
-1.4496529999999999 -0.220815
-1.446302 -0.22095200000000007
-1.4429630000000002 -0.22122699999999998
-1.439551 -0.22143900000000008
-1.4362689999999998 -0.22165300000000007
-1.4328969999999999 -0.22184800000000002
-1.429528 -0.22215000000000004
-1.4261930000000003 -0.22227000000000005
-1.4227180000000001 -0.222449
-1.419385 -0.222707
-1.415982 -0.22276799999999997
-1.412622 -0.22305699999999995
-1.409113 -0.22348300000000001
-1.4056890000000002 -0.223588
-1.4023349999999999 -0.22384199999999999
-1.398836 -0.22405599999999998
-1.3954899999999997 -0.22421700000000006
-1.392021 -0.22440099999999996
-1.388576 -0.22466800000000006
-1.3851580000000001 -0.22495700000000005
-1.381618 -0.22511400000000004
-1.3782420000000002 -0.22528400000000004
-1.3747620000000003 -0.22557399999999997
-1.3713419999999998 -0.225734
-1.3679389999999998 -0.225947
-1.364482 -0.22625799999999993
-1.360994 -0.22652200000000006
-1.35749 -0.22658300000000003
-1.354012 -0.226928
-1.3504829999999999 -0.22713099999999997
-1.347103 -0.227349
-1.3437199999999998 -0.22753999999999996
-1.340168 -0.22768
-1.336657 -0.228048
-1.333231 -0.228172
-1.3297739999999998 -0.228377
-1.3262759999999998 -0.22856400000000002
-1.3227350000000002 -0.228752
-1.319299 -0.22909300000000002
-1.315778 -0.22919599999999998
-1.3123040000000001 -0.229402
-1.308827 -0.22962199999999997
-1.3053290000000002 -0.22988799999999998
-1.3017109999999998 -0.2301809999999999
-1.2982420000000001 -0.23040499999999997
-1.2947179999999998 -0.230678
-1.291167 -0.23094600000000004
-1.2878699999999998 -0.231149
-1.2842440000000002 -0.231384
-1.2809789999999999 -0.231661
-1.277788 -0.23206400000000002
-1.274672 -0.23227199999999998
-1.271746 -0.23261800000000005
-1.2689070000000002 -0.23307199999999995
-1.26642 -0.23340599999999995
-1.264287 -0.23379799999999995
-1.262335 -0.23409999999999997
-1.260574 -0.23447600000000005
-1.259116 -0.234824
-1.257863 -0.235267
-1.2569499999999998 -0.23554399999999998
-1.256231 -0.23590999999999998
-1.255921 -0.23600600000000002
-1.255746 -0.23617900000000003
-1.255867 -0.236408
-1.256186 -0.23647699999999997
-1.2566689999999998 -0.23672700000000002
-1.257454 -0.23681699999999994
-1.2584499999999998 -0.236884
-1.2595889999999998 -0.236751
-1.260925 -0.23682
-1.262393 -0.23675200000000002
-1.2638530000000001 -0.236716
-1.2654580000000002 -0.23667400000000002
-1.2669989999999998 -0.23675100000000004
-1.26859 -0.23652299999999996
-1.2702330000000002 -0.236452
-1.271872 -0.236406
-1.273613 -0.23617599999999994
-1.275257 -0.23594100000000004
-1.276633 -0.23584600000000006
-1.2779310000000002 -0.23570399999999994
-1.2791299999999999 -0.23570099999999997
-1.28026 -0.23552599999999996
-1.281444 -0.235402
-1.282461 -0.235277
-1.2834919999999999 -0.23504500000000006
-1.2843560000000003 -0.23511
-1.2851989999999998 -0.23514299999999996
-1.2861179999999999 -0.23489099999999996
-1.286891 -0.23482799999999998
-1.2875150000000002 -0.23502399999999996
-1.288256 -0.234884
-1.288854 -0.234933
-1.2894510000000001 -0.23484999999999998
-1.289973 -0.23496699999999998
-1.2904870000000002 -0.234875
-1.290929 -0.23490500000000003
-1.29143 -0.23481499999999994
-1.291824 -0.234954
-1.2922390000000001 -0.23492999999999994
-1.2926000000000002 -0.23504399999999998
-1.292956 -0.23515000000000003
-1.293289 -0.235123
-1.293744 -0.23493499999999995
-1.2939139999999998 -0.23513599999999996
-1.2941950000000002 -0.23507100000000003
-1.294484 -0.23523000000000002
-1.2947800000000003 -0.23524899999999996
-1.294983 -0.23522999999999997
-1.2951319999999997 -0.23540400000000006
-1.295403 -0.23536
-1.295569 -0.23544499999999993
-1.2956599999999998 -0.23560900000000004
-1.295901 -0.235563
-1.295951 -0.23573799999999995
-1.2960600000000002 -0.23584599999999994
-1.296174 -0.23590700000000003
-1.296158 -0.23606800000000003
-1.296249 -0.23611799999999994
-1.296143 -0.236346
-1.296181 -0.23650100000000004
-1.2961390000000002 -0.236565
-1.296061 -0.23674399999999998
-1.295997 -0.23673999999999995
-1.295811 -0.23696600000000007
-1.2957750000000001 -0.23702600000000001
-1.295587 -0.237245
-1.295486 -0.23743100000000003
-1.295355 -0.237435
-1.2951290000000002 -0.237707
-1.295008 -0.23777500000000004
-1.294799 -0.23795799999999998
-1.294522 -0.238281
-1.294282 -0.238521
-1.294037 -0.23866699999999996
-1.293828 -0.23888900000000007
-1.293544 -0.239094
-1.2932919999999999 -0.239359
-1.292983 -0.239464
-1.2925929999999999 -0.23975300000000005
-1.2923539999999998 -0.239844
-1.291934 -0.24008600000000002
-1.291629 -0.24028999999999998
-1.291346 -0.240394
-1.290931 -0.24066599999999994
-1.2906279999999999 -0.24077300000000001
-1.2902269999999998 -0.241082
-1.2898409999999998 -0.241166
-1.289433 -0.24143199999999995
-1.2890439999999999 -0.24170000000000005
-1.288571 -0.24196500000000004
-1.2881190000000002 -0.242262
-1.287754 -0.242377
-1.287255 -0.24278600000000006
-1.2867899999999999 -0.24295900000000006
-1.286269 -0.24324
-1.2858640000000001 -0.24342600000000003
-1.285375 -0.24376599999999995
-1.2849019999999998 -0.24397199999999997
-1.2844 -0.24429400000000004
-1.283908 -0.24460400000000004
-1.283463 -0.24474899999999997
-1.2829080000000002 -0.24511599999999997
-1.282473 -0.24535099999999999
-1.2819950000000002 -0.245668
-1.281384 -0.245934
-1.280818 -0.24622300000000008
-1.280267 -0.24657099999999996
-1.279717 -0.24699199999999996
-1.279266 -0.24713499999999994
-1.278712 -0.24765399999999993
-1.278182 -0.24790100000000007
-1.277603 -0.24814499999999998
-1.277123 -0.24845200000000006
-1.276482 -0.248843
-1.276009 -0.24894999999999998
-1.275425 -0.249445
-1.27496 -0.249681
-1.274405 -0.250099
-1.273832 -0.250322
-1.2733189999999999 -0.25069
-1.2728110000000001 -0.25103
-1.2722510000000002 -0.251385
-1.2717429999999998 -0.251648
-1.2711480000000002 -0.251878
-1.2706199999999999 -0.25229000000000007
-1.2700429999999998 -0.252653
-1.269489 -0.252984
-1.268986 -0.25327000000000005
-1.2683560000000003 -0.253769
-1.267907 -0.25401399999999996
-1.2674180000000002 -0.254287
-1.2669009999999998 -0.254661
-1.2664549999999999 -0.254855
-1.2658519999999998 -0.25529999999999997
-1.265441 -0.25536800000000004
-1.264972 -0.25575
-1.2644540000000002 -0.25601
-1.2639720000000003 -0.256319
-1.2635169999999998 -0.25655100000000003
-1.263053 -0.25697200000000003
-1.26261 -0.257214
-1.262138 -0.25762999999999997
-1.2617450000000001 -0.257679
-1.2612710000000003 -0.25800900000000004
-1.2608379999999997 -0.258398
-1.2603820000000001 -0.258764
-1.25995 -0.25891499999999995
-1.259566 -0.25925300000000007
-1.259077 -0.25942600000000005
-1.25876 -0.259709
-1.2583440000000001 -0.260099
-1.258073 -0.26017900000000005
-1.2576610000000001 -0.260496
-1.257257 -0.260758
-1.2568840000000001 -0.26094899999999993
-1.256547 -0.26121500000000003
-1.2561790000000002 -0.261452
-1.255862 -0.261653
-1.2555560000000001 -0.26195799999999997
-1.2552379999999999 -0.262126
-1.2548350000000001 -0.262451
-1.254545 -0.262648
-1.254313 -0.262882
-1.253951 -0.26332199999999994
-1.2537129999999999 -0.263404
-1.2533530000000002 -0.263738
-1.2530749999999997 -0.264022
-1.252908 -0.264197
-1.2525240000000002 -0.2645120000000001
-1.252177 -0.264537
-1.2518099999999999 -0.264853
-1.251608 -0.264897
-1.2515830000000001 -0.26549900000000004
-1.2514070000000002 -0.26563499999999995
-1.251216 -0.26578799999999997
-1.250951 -0.266073
-1.250815 -0.266293
-1.2504270000000002 -0.26630800000000004
-1.25033 -0.266369
-1.2500810000000002 -0.266707
-1.2498249999999997 -0.26694899999999994
-1.249793 -0.2671200000000001
-1.24971 -0.26737000000000005
-1.249614 -0.26764
-1.2495139999999998 -0.267788
-1.2493969999999999 -0.26794799999999996
-1.249273 -0.268183
-1.249174 -0.26833700000000005
-1.2490839999999999 -0.268495
-1.249028 -0.268609
-1.248988 -0.268801
-1.24886 -0.268932
-1.248817 -0.26909999999999995
-1.248753 -0.269157
-1.248785 -0.26938500000000004
-1.2487559999999998 -0.269557
-1.248718 -0.269713
-1.2486799999999998 -0.26977300000000004
-1.248679 -0.26992999999999995
-1.248613 -0.27017699999999994
-1.248633 -0.2702959999999999
-1.2486949999999999 -0.270446
-1.248671 -0.27050700000000005
-1.248703 -0.27060400000000007
-1.248799 -0.2707689999999999
-1.248717 -0.27102499999999996
-1.2487819999999998 -0.27113800000000005
-1.248848 -0.2711569999999999
-1.248888 -0.27147200000000005
-1.248969 -0.271488
-1.248981 -0.27179
-1.2490439999999998 -0.271781
-1.249038 -0.272114
-1.2491390000000002 -0.27214099999999997
-1.249219 -0.272411
-1.249316 -0.272459
-1.249422 -0.272599
-1.2495429999999998 -0.272697
-1.249631 -0.272836
-1.249612 -0.27297600000000005
-1.2497820000000002 -0.273221
-1.2499500000000001 -0.2733129999999999
-1.2500790000000002 -0.273293
-1.250145 -0.27356
-1.2501710000000001 -0.273646
-1.2502460000000002 -0.27382
-1.250351 -0.273703
-1.25065 -0.273983
-1.250877 -0.274036
-1.250938 -0.27416
-1.251145 -0.274279
-1.250991 -0.27411100000000005
-1.2514189999999998 -0.27451099999999995
-1.251614 -0.27451899999999996
-1.2514470000000002 -0.27442099999999997
-1.251654 -0.27437900000000004
-1.252027 -0.2748650000000001
-1.252057 -0.27452000000000004
-1.252444 -0.274787
-1.252378 -0.274732
-1.2528649999999997 -0.27480999999999994
-1.2531569999999999 -0.27475499999999997
-1.253054 -0.27476999999999996
-1.253174 -0.274968
-1.253279 -0.274889
-1.253669 -0.2747470000000001
-1.2537559999999999 -0.27497200000000005
-1.254178 -0.274961
-1.254143 -0.27494100000000005
-1.2544380000000002 -0.27528299999999994
-1.254554 -0.275213
-1.2546890000000002 -0.27519099999999996
-1.254864 -0.27545699999999995
-1.2550409999999999 -0.275283
-1.255221 -0.2754829999999999
-1.255318 -0.275485
-1.25556 -0.27565399999999995
-1.2557429999999998 -0.27575900000000003
-1.2559140000000002 -0.27570500000000003
-1.255991 -0.275895
-1.2560619999999998 -0.27596100000000007
-1.2563179999999998 -0.27604799999999996
-1.2564479999999998 -0.27611700000000006
-1.2565009999999999 -0.276281
-1.2566100000000002 -0.27640599999999993
-1.2567570000000001 -0.2765290000000001
-1.256817 -0.276546
-1.2569879999999998 -0.2767219999999999
-1.25708 -0.276764
-1.2568380000000001 -0.27688699999999994
-1.257252 -0.2771199999999999
-1.257267 -0.277101
-1.25729 -0.2773919999999999
-1.257361 -0.277414
-1.2572429999999999 -0.27738900000000005
-1.257471 -0.277634
-1.257529 -0.277908
-1.257554 -0.278023
-1.2575340000000002 -0.2781220000000001
-1.257538 -0.278397
-1.2575420000000002 -0.278362
-1.2575439999999998 -0.27853300000000003
-1.257475 -0.27853900000000004
-1.2574280000000002 -0.27885000000000004
-1.257422 -0.27882899999999994
-1.2572820000000002 -0.279112
-1.2571880000000002 -0.27926200000000007
-1.257223 -0.27938100000000005
-1.257116 -0.279566
-1.257003 -0.27971
-1.2569049999999997 -0.2797420000000001
-1.2568 -0.28003999999999996
-1.2567139999999999 -0.280124
-1.2565650000000002 -0.28035000000000004
-1.2564099999999998 -0.280453
-1.256394 -0.28053000000000006
-1.256248 -0.28067000000000003
-1.256135 -0.28080600000000006
-1.256103 -0.2808149999999999
-1.255875 -0.28106
-1.255737 -0.281205
-1.2555560000000001 -0.2813240000000001
-1.255418 -0.28143700000000005
-1.255214 -0.28160499999999994
-1.2549990000000002 -0.28181400000000006
-1.2548180000000002 -0.28201800000000005
-1.254576 -0.28222800000000003
-1.2543900000000001 -0.282346
-1.254175 -0.282569
-1.253938 -0.282485
-1.253764 -0.282806
-1.2534759999999998 -0.28287199999999996
-1.2531840000000003 -0.283095
-1.2529659999999998 -0.283161
-1.2526799999999998 -0.2833899999999999
-1.2524319999999998 -0.28357800000000005
-1.252049 -0.283691
-1.2519079999999998 -0.283759
-1.251607 -0.283891
-1.251264 -0.28422899999999995
-1.250991 -0.284253
-1.250653 -0.28452799999999995
-1.250462 -0.284659
-1.2501150000000003 -0.28472200000000003
-1.249741 -0.28487100000000004
-1.2494960000000002 -0.285073
-1.249151 -0.285301
-1.2488 -0.28548299999999993
-1.248422 -0.285615
-1.2480369999999998 -0.2858629999999999
-1.2477649999999998 -0.285976
-1.2474370000000001 -0.286165
-1.2470230000000002 -0.286443
-1.2466799999999998 -0.28661800000000004
-1.24628 -0.28674499999999997
-1.2458870000000002 -0.286933
-1.245504 -0.28711600000000004
-1.245145 -0.28742399999999996
-1.2447530000000002 -0.28741
-1.244292 -0.28779
-1.243933 -0.287848
-1.243531 -0.288088
-1.243179 -0.28824199999999994
-1.242682 -0.28844300000000006
-1.2422600000000001 -0.288572
-1.241763 -0.28883800000000004
-1.241357 -0.288975
-1.240874 -0.2892259999999999
-1.2405039999999998 -0.28948
-1.240112 -0.28969199999999995
-1.2397440000000002 -0.289911
-1.2393049999999999 -0.29001800000000005
-1.2388240000000001 -0.29027899999999995
-1.2383449999999998 -0.29047600000000007
-1.2379559999999998 -0.290689
-1.2375330000000002 -0.29093
-1.237091 -0.291083
-1.236674 -0.2913990000000001
-1.236262 -0.29154800000000003
-1.2357620000000002 -0.291719
-1.235335 -0.29189
-1.234976 -0.29213100000000003
-1.23448 -0.292397
-1.234091 -0.292594
-1.233605 -0.29278599999999994
-1.2331090000000002 -0.292981
-1.232784 -0.29299000000000003
-1.2323030000000001 -0.293398
-1.2318889999999998 -0.29354
-1.2315 -0.293626
-1.231043 -0.293917
-1.230686 -0.29413399999999995
-1.230219 -0.294346
-1.22986 -0.29453700000000005
-1.229419 -0.29481
-1.2289750000000002 -0.29502700000000004
-1.2286439999999998 -0.29503
-1.228212 -0.295334
-1.227839 -0.29553
-1.2274070000000001 -0.2956539999999999
-1.226904 -0.29586499999999993
-1.2264790000000003 -0.296032
-1.2261959999999998 -0.296242
-1.2257840000000002 -0.29638200000000003
-1.225395 -0.296782
-1.224955 -0.2968799999999999
-1.224531 -0.29733699999999996
-1.2242080000000002 -0.297314
-1.2238499999999999 -0.29750000000000004
-1.2235099999999997 -0.297739
-1.223019 -0.29799099999999995
-1.222605 -0.298261
-1.222289 -0.298499
-1.221837 -0.298703
-1.2215330000000002 -0.29873399999999994
-1.221171 -0.2990749999999999
-1.220675 -0.29938700000000007
-1.220424 -0.29954
-1.2201110000000002 -0.299694
-1.2197959999999999 -0.29984200000000005
-1.219441 -0.30016299999999996
-1.21904 -0.30034199999999994
-1.218809 -0.300602
-1.218464 -0.30069999999999997
-1.21828 -0.300964
-1.217788 -0.30117200000000005
-1.217404 -0.30135
-1.2172550000000002 -0.30142199999999997
-1.216913 -0.301712
-1.216744 -0.3020820000000001
-1.216306 -0.302039
-1.216049 -0.30236099999999994
-1.2158249999999997 -0.302507
-1.215511 -0.3027309999999999
-1.2154850000000001 -0.30297
-1.215032 -0.30311400000000005
-1.214912 -0.30320300000000006
