%x y
-1.814931 -0.38011300000000003
-1.814957 -0.380354
-1.8148970000000002 -0.3807499999999999
-1.814879 -0.3808000000000001
-1.81478 -0.381109
-1.814694 -0.38136000000000003
-1.8147130000000002 -0.38145199999999996
-1.814689 -0.381644
-1.814603 -0.381838
-1.814526 -0.38214600000000004
-1.814552 -0.38211700000000004
-1.814383 -0.3821920000000001
-1.814339 -0.38244899999999993
-1.814268 -0.382669
-1.81422 -0.382677
-1.814083 -0.38293599999999994
-1.814055 -0.383098
-1.814105 -0.38320400000000004
-1.8140830000000001 -0.383477
-1.81394 -0.38353899999999996
-1.8137919999999998 -0.3837209999999999
-1.813845 -0.383729
-1.81383 -0.384121
-1.813696 -0.38425700000000007
-1.8135530000000002 -0.38456
-1.813473 -0.38456599999999996
-1.813377 -0.384658
-1.8133029999999999 -0.38489700000000004
-1.813293 -0.38497099999999995
-1.8132240000000002 -0.38513500000000006
-1.813051 -0.38535699999999995
-1.812958 -0.385439
-1.812761 -0.385594
-1.812798 -0.385812
-1.812725 -0.38603
-1.812672 -0.386066
-1.8125829999999998 -0.386225
-1.812354 -0.386412
-1.8123 -0.386523
-1.8122459999999998 -0.386796
-1.8121500000000001 -0.386968
-1.812195 -0.38711500000000004
-1.812065 -0.38726799999999995
-1.811912 -0.387381
-1.8117710000000002 -0.387634
-1.81167 -0.38782400000000006
-1.811549 -0.38797999999999994
-1.811431 -0.38813
-1.8112650000000001 -0.388345
-1.8111089999999999 -0.388395
-1.810942 -0.388452
-1.8109560000000002 -0.388759
-1.8108490000000002 -0.388836
-1.810695 -0.389026
-1.810478 -0.3892400000000001
-1.810541 -0.38933300000000004
-1.810355 -0.38946
-1.8102869999999998 -0.38960000000000006
-1.8101850000000002 -0.38983399999999996
-1.810067 -0.38997399999999993
-1.809992 -0.39030499999999996
-1.809822 -0.390578
-1.8096459999999999 -0.3907090000000001
-1.809444 -0.391054
-1.8093029999999999 -0.39102899999999996
-1.8091169999999999 -0.39123800000000003
-1.8090240000000002 -0.39139799999999997
-1.8087339999999998 -0.391619
-1.808486 -0.391884
-1.8083399999999998 -0.39205799999999996
-1.80798 -0.39222
-1.8077420000000002 -0.392441
-1.807572 -0.39269200000000004
-1.8073780000000002 -0.39281299999999997
-1.8072949999999999 -0.393309
-1.8070430000000002 -0.39336100000000007
-1.80706 -0.39359400000000005
-1.807114 -0.393886
-1.806826 -0.394039
-1.806641 -0.394196
-1.806529 -0.394422
-1.806422 -0.39444100000000004
-1.806278 -0.39468400000000003
-1.806176 -0.394848
-1.805929 -0.39517100000000005
-1.8058610000000002 -0.39517699999999994
-1.8057729999999999 -0.39545399999999997
-1.805619 -0.39554300000000003
-1.8053439999999998 -0.395567
-1.8053529999999998 -0.395783
-1.805239 -0.39599599999999996
-1.8051679999999999 -0.396172
-1.805043 -0.39629099999999995
-1.804897 -0.3963589999999999
-1.804811 -0.39654799999999996
-1.804572 -0.39684200000000003
-1.804357 -0.39674699999999996
-1.80418 -0.39688899999999994
-1.8041289999999999 -0.397083
-1.804079 -0.39725499999999997
-1.8040319999999999 -0.397431
-1.803879 -0.3974560000000001
-1.803873 -0.3975910000000001
-1.803629 -0.397848
-1.8035700000000001 -0.39785800000000004
-1.8035240000000001 -0.398136
-1.8035040000000002 -0.39809000000000005
-1.803424 -0.39827100000000004
-1.803394 -0.398431
-1.803268 -0.398564
-1.803356 -0.398758
-1.803249 -0.398842
-1.803154 -0.399009
-1.802919 -0.39910199999999996
-1.802824 -0.39919600000000005
-1.8027520000000001 -0.399396
-1.802595 -0.39969
-1.8024440000000002 -0.399698
-1.802279 -0.399812
-1.802073 -0.400024
-1.801855 -0.40021500000000004
-1.801705 -0.40050600000000003
-1.8013719999999998 -0.4006660000000001
-1.801278 -0.400629
-1.800909 -0.40092300000000003
-1.800705 -0.401305
-1.8004779999999998 -0.40140899999999996
-1.8002960000000001 -0.40153099999999997
-1.800029 -0.40185599999999994
-1.7999690000000002 -0.401898
-1.7995809999999999 -0.40198300000000003
-1.799782 -0.402392
-1.799704 -0.402585
-1.7996580000000002 -0.40290699999999996
-1.7996009999999998 -0.402998
-1.7994450000000002 -0.403148
-1.799403 -0.40317600000000003
-1.799215 -0.40356200000000003
-1.7989989999999998 -0.403533
-1.7989000000000002 -0.403777
-1.7988119999999999 -0.40386900000000003
-1.798711 -0.4037740000000001
-1.7986220000000002 -0.40399399999999996
-1.798578 -0.40415300000000004
-1.798504 -0.40427099999999994
-1.7984270000000002 -0.404279
-1.7982930000000001 -0.40431
-1.7983129999999998 -0.40440799999999993
-1.798192 -0.4045
-1.7980699999999998 -0.4047570000000001
-1.798105 -0.404808
-1.7979949999999998 -0.404842
-1.797997 -0.4050000000000001
-1.797914 -0.40505699999999994
-1.797842 -0.4050790000000001
-1.7978139999999998 -0.40516199999999997
-1.7978800000000001 -0.40516099999999994
-1.797791 -0.40514799999999995
-1.797758 -0.4054560000000001
-1.797682 -0.40543599999999996
-1.797683 -0.40558
-1.797546 -0.405637
-1.797365 -0.40582699999999994
-1.797424 -0.405957
-1.797258 -0.405879
-1.7972139999999999 -0.406024
-1.796847 -0.406035
-1.7966030000000002 -0.40606400000000004
-1.7965490000000002 -0.40624499999999997
-1.7964779999999998 -0.40631100000000003
-1.7963099999999999 -0.406423
-1.796132 -0.40649499999999994
-1.795941 -0.4063919999999999
-1.7957700000000003 -0.40667500000000006
-1.7956779999999999 -0.40685799999999994
-1.7955340000000002 -0.40686799999999995
-1.795401 -0.40695600000000004
-1.795141 -0.407098
-1.794971 -0.40719
-1.794849 -0.40739299999999995
-1.7946469999999999 -0.40748999999999996
-1.7945920000000002 -0.407468
-1.794345 -0.40758799999999995
-1.7942140000000002 -0.40760399999999997
-1.7941270000000002 -0.407702
-1.7940150000000001 -0.40788
-1.793817 -0.40802199999999994
-1.7937340000000002 -0.40802900000000003
-1.793498 -0.407991
-1.79325 -0.40821199999999996
-1.793216 -0.40826899999999994
-1.7931030000000001 -0.408247
-1.7929399999999998 -0.40835
-1.792756 -0.408197
-1.792534 -0.40839600000000004
-1.79256 -0.408464
-1.792385 -0.408475
-1.7921660000000001 -0.40860199999999997
-1.791935 -0.408474
-1.791892 -0.40840400000000004
-1.791738 -0.408549
-1.791599 -0.408536
-1.7913899999999998 -0.408489
-1.7911670000000002 -0.40853300000000004
-1.791009 -0.408545
-1.791028 -0.40841799999999995
-1.790826 -0.408412
-1.790677 -0.4082279999999999
-1.790273 -0.408324
-1.7900809999999998 -0.40827199999999997
-1.78979 -0.408207
-1.78955 -0.40804700000000005
-1.7892430000000001 -0.40798199999999996
-1.7888639999999998 -0.40788800000000003
-1.788428 -0.40796
-1.787915 -0.40782100000000004
-1.787384 -0.4076449999999999
-1.786701 -0.407783
-1.785701 -0.40764100000000003
-1.7845320000000002 -0.407451
-1.7830639999999998 -0.40761600000000003
-1.7813870000000003 -0.40760499999999994
-1.7794379999999999 -0.407596
-1.7771899999999998 -0.407718
-1.774847 -0.40763099999999997
-1.772259 -0.407803
-1.769533 -0.40804799999999997
-1.7667769999999998 -0.408029
-1.7637440000000002 -0.40822800000000004
-1.760699 -0.40858300000000003
-1.7575359999999998 -0.40867899999999996
-1.7543060000000001 -0.40908200000000006
-1.7511269999999999 -0.40941000000000005
-1.7478209999999998 -0.409776
-1.744323 -0.41019800000000006
-1.741047 -0.410693
-1.737588 -0.411103
-1.733897 -0.41147900000000004
-1.730271 -0.411947
-1.726588 -0.41258399999999995
-1.7228229999999998 -0.41301
-1.719024 -0.41362899999999997
-1.7150069999999997 -0.414228
-1.7110839999999998 -0.41477200000000003
-1.7070649999999998 -0.4153319999999999
-1.70296 -0.41590599999999994
-1.698906 -0.416331
-1.6946789999999998 -0.416997
-1.690193 -0.417558
-1.685983 -0.41811099999999995
-1.681548 -0.41867899999999997
-1.677234 -0.419183
-1.6728120000000002 -0.419809
-1.668308 -0.42038700000000007
-1.663675 -0.420969
-1.6588910000000001 -0.421527
-1.654232 -0.4220340000000001
-1.649375 -0.422711
-1.6446379999999998 -0.423127
-1.6409070000000001 -0.424194
-1.6375309999999998 -0.42544699999999996
-1.633691 -0.42670800000000003
-1.62878 -0.42715499999999995
-1.6203589999999999 -0.425634
-1.6154029999999997 -0.426045
-1.613507 -0.42875199999999997
-1.608394 -0.429125
-1.6030909999999998 -0.42958
-1.5978139999999998 -0.430085
-1.5926559999999998 -0.4306150000000001
-1.587417 -0.431031
-1.582299 -0.43176800000000004
-1.5771760000000001 -0.432169
-1.572182 -0.43253499999999995
-1.5669989999999998 -0.432901
-1.5617429999999999 -0.433448
-1.55627 -0.434033
-1.551124 -0.43461799999999995
-1.54562 -0.43503000000000003
-1.540429 -0.43559499999999995
-1.534859 -0.43603299999999995
-1.5297290000000001 -0.43656399999999995
-1.5225639999999998 -0.435926
-1.51898 -0.43756800000000007
-1.513487 -0.43782199999999993
-1.5080230000000001 -0.43831899999999996
-1.5025390000000003 -0.43890999999999997
-1.4969050000000002 -0.43952600000000003
-1.490083 -0.43907799999999997
-1.486114 -0.440484
-1.4808240000000001 -0.44098600000000004
-1.475319 -0.44154000000000004
-1.469781 -0.44182800000000005
-1.462974 -0.44156499999999993
-1.458794 -0.442832
-1.453082 -0.44342200000000004
-1.4464070000000002 -0.44300899999999993
-1.441926 -0.44432199999999994
-1.436296 -0.44478999999999996
-1.430683 -0.44523099999999993
-1.424124 -0.444952
-1.418426 -0.44557199999999997
-1.4136980000000001 -0.44672999999999996
-1.407838 -0.44736400000000004
-1.4020970000000001 -0.44783000000000006
-1.3963720000000002 -0.44826200000000005
-1.389773 -0.4483770000000001
-1.3849310000000001 -0.449259
-1.378561 -0.449203
-1.3727280000000002 -0.449743
-1.367623 -0.450697
-1.3618 -0.451136
-1.355982 -0.451612
-1.350134 -0.452094
-1.343649 -0.452127
-1.33834 -0.45304399999999995
-1.332366 -0.453509
-1.326433 -0.45416700000000004
-1.3204660000000001 -0.45452499999999996
-1.314548 -0.455123
-1.3080399999999999 -0.4552239999999999
-1.3020820000000002 -0.455785
-1.2965550000000001 -0.456436
-1.2906900000000001 -0.456851
-1.2848389999999998 -0.45725199999999994
-1.278409 -0.457498
-1.272574 -0.4583709999999999
-1.266714 -0.458682
-1.260519 -0.459216
-1.25454 -0.45975000000000005
-1.2485 -0.460081
-1.242423 -0.46057099999999995
-1.236128 -0.46124300000000007
-1.2301309999999999 -0.46167800000000003
-1.224061 -0.462166
-1.2179119999999999 -0.462704
-1.211878 -0.463262
-1.2058319999999998 -0.46365
-1.19975 -0.464002
-1.19364 -0.464574
-1.187566 -0.46496199999999993
-1.181345 -0.465468
-1.175193 -0.46612100000000006
-1.168895 -0.466443
-1.1626910000000001 -0.467036
-1.1565819999999998 -0.467531
-1.150509 -0.46798600000000007
-1.144377 -0.4685579999999999
-1.1379059999999999 -0.46909300000000004
-1.1316620000000002 -0.46959199999999995
-1.125237 -0.47033800000000003
-1.118991 -0.470739
-1.112973 -0.471136
-1.106954 -0.47170400000000007
-1.100879 -0.471986
-1.094518 -0.47262400000000004
-1.088234 -0.473362
-1.0817439999999998 -0.47387200000000007
-1.075565 -0.474382
-1.069292 -0.47483000000000003
-1.0629830000000002 -0.47541800000000006
-1.056619 -0.475906
-1.050185 -0.476511
-1.0437159999999999 -0.47713900000000004
-1.0372929999999998 -0.47761000000000003
-1.030886 -0.47826100000000005
-1.0243579999999999 -0.478817
-1.0180510000000003 -0.479367
-1.011576 -0.48006
-1.005308 -0.480519
-0.998772 -0.481208
-0.992315 -0.481789
-0.985741 -0.48237899999999995
-0.979234 -0.483017
-0.972862 -0.483476
-0.966185 -0.484095
-0.9598220000000001 -0.48463599999999996
-0.9532889999999999 -0.485237
-0.946654 -0.4857289999999999
-0.940049 -0.48656800000000006
-0.93354 -0.48696799999999996
-0.9270380000000001 -0.48754899999999995
-0.9205549999999999 -0.48800099999999996
-0.913994 -0.48837400000000003
-0.907514 -0.48884
-0.900939 -0.48954300000000006
-0.8942660000000001 -0.48996599999999996
-0.8877130000000001 -0.49058
-0.8811979999999999 -0.491108
-0.8745959999999999 -0.49164
-0.8680070000000001 -0.492338
-0.8613970000000001 -0.49272099999999996
-0.8546549999999999 -0.493315
-0.8479159999999999 -0.493889
-0.8410529999999998 -0.49453299999999994
-0.8343610000000001 -0.49522499999999997
-0.8279130000000001 -0.49584199999999995
-0.821299 -0.496177
-0.8147819999999999 -0.496865
-0.808091 -0.497404
-0.801298 -0.49793099999999996
-0.7946160000000001 -0.498465
-0.7878369999999999 -0.499115
-0.781232 -0.499476
-0.774433 -0.5001779999999999
-0.7676409999999998 -0.500532
-0.7607860000000001 -0.501194
-0.754066 -0.501722
-0.7471310000000001 -0.502333
-0.740327 -0.502808
-0.733556 -0.503429
-0.726786 -0.504022
-0.719933 -0.504582
-0.713146 -0.504969
-0.7061410000000001 -0.505716
-0.6992719999999999 -0.506118
-0.692461 -0.5068370000000001
-0.6855540000000001 -0.507392
-0.6786570000000002 -0.507976
-0.6717090000000001 -0.508562
-0.664788 -0.509302
-0.65779 -0.509932
-0.65079 -0.5106310000000001
-0.6439830000000002 -0.511295
-0.6368889999999999 -0.5119239999999999
-0.6299359999999999 -0.512575
-0.6230450000000001 -0.513223
-0.6160800000000002 -0.5138980000000001
-0.6089220000000001 -0.514651
-0.6019280000000001 -0.5153179999999999
-0.594847 -0.51605
-0.5878450000000001 -0.5166710000000001
-0.580789 -0.5173869999999999
-0.5738129999999999 -0.518096
-0.566721 -0.5187740000000001
-0.559627 -0.519535
-0.5526669999999999 -0.5202249999999999
-0.5455820000000001 -0.520999
-0.538472 -0.521594
-0.5313720000000001 -0.5223119999999999
-0.5244560000000001 -0.52317
-0.5174169999999999 -0.523876
-0.510358 -0.524603
-0.5033610000000001 -0.5252279999999999
-0.496462 -0.526029
-0.48988699999999996 -0.526663
-0.48365100000000005 -0.527366
-0.47758500000000004 -0.527969
-0.47156500000000007 -0.528682
-0.46584300000000006 -0.529554
-0.4602269999999999 -0.530081
-0.455049 -0.530967
-0.4501680000000001 -0.531452
-0.44575399999999993 -0.532085
-0.441702 -0.532901
-0.4380429999999999 -0.533442
-0.43510799999999994 -0.534023
-0.4324960000000001 -0.534635
-0.43070299999999995 -0.5351039999999999
-0.42925700000000006 -0.535608
-0.4284380000000001 -0.536077
-0.4282370000000001 -0.5363439999999999
-0.4284379999999999 -0.5367609999999999
-0.42904999999999993 -0.537221
-0.430154 -0.5375239999999999
-0.43146900000000005 -0.5377750000000001
-0.43294299999999997 -0.538195
-0.434635 -0.538385
-0.4364409999999998 -0.538755
-0.43844399999999994 -0.5389089999999999
-0.4404959999999999 -0.539256
-0.44276 -0.5394300000000001
-0.444712 -0.539487
-0.44649 -0.539755
-0.44809100000000013 -0.5398510000000001
-0.4495409999999999 -0.539991
-0.4510729999999999 -0.54022
-0.45223300000000016 -0.5405319999999999
-0.4534680000000001 -0.540772
-0.45463699999999996 -0.541031
-0.45584899999999995 -0.541487
-0.4570720000000001 -0.5416899999999999
-0.45831999999999995 -0.5420550000000001
-0.4595060000000001 -0.5423100000000001
-0.46074699999999985 -0.5428030000000001
-0.46183799999999997 -0.543363
-0.46310799999999996 -0.543699
-0.464461 -0.544219
-0.4657060000000001 -0.544629
-0.466971 -0.544935
-0.46823299999999995 -0.54543
-0.46956500000000007 -0.545948
-0.470819 -0.5463150000000001
-0.47224099999999997 -0.546738
-0.47342699999999993 -0.5471119999999999
-0.47455899999999995 -0.547402
-0.47577400000000014 -0.54769
-0.4768299999999999 -0.548065
-0.4778199999999999 -0.548504
-0.478788 -0.548791
-0.47956499999999985 -0.549106
-0.4803100000000002 -0.549597
-0.481124 -0.549932
-0.481828 -0.5502630000000001
-0.482405 -0.5506590000000001
-0.4830820000000001 -0.55085
-0.483712 -0.5513109999999999
-0.484164 -0.55195
-0.484596 -0.5521800000000001
-0.48498800000000003 -0.5525319999999999
-0.48538799999999993 -0.5529890000000001
-0.48583899999999997 -0.55342
-0.48622399999999993 -0.553674
-0.4865240000000001 -0.553899
-0.4866780000000001 -0.5544600000000001
-0.48692899999999983 -0.554991
-0.4870899999999999 -0.5553199999999999
-0.48720499999999994 -0.555681
-0.487287 -0.556331
-0.48757899999999993 -0.5566120000000001
-0.487491 -0.557096
-0.48748599999999986 -0.5575439999999999
-0.487547 -0.557958
-0.48746800000000007 -0.558457
-0.48735799999999996 -0.559105
-0.48720900000000006 -0.559586
-0.4871289999999999 -0.560004
-0.48702700000000004 -0.560298
-0.48675999999999997 -0.5609569999999999
-0.4864939999999999 -0.561471
-0.486357 -0.561883
-0.48577600000000004 -0.5623340000000001
-0.48569499999999993 -0.562894
-0.4853889999999999 -0.5632959999999999
-0.48507799999999995 -0.563742
-0.48473099999999997 -0.5642360000000001
-0.48438099999999984 -0.5646899999999999
-0.48401 -0.5651289999999999
-0.4833790000000001 -0.565557
-0.48277399999999987 -0.5660360000000001
-0.4824050000000002 -0.566506
-0.48176400000000014 -0.567025
-0.481328 -0.567282
-0.4808129999999999 -0.5679099999999999
-0.480202 -0.5683140000000001
-0.4796880000000001 -0.5688289999999999
-0.479096 -0.569345
-0.4786080000000002 -0.5698070000000001
-0.47789699999999996 -0.570357
-0.4775930000000001 -0.57089
-0.476788 -0.571403
-0.4761659999999999 -0.571808
-0.47524 -0.5720790000000001
-0.4746590000000001 -0.572509
-0.4739569999999999 -0.5731600000000001
-0.47324799999999984 -0.573473
-0.47253999999999996 -0.573933
-0.47173299999999996 -0.57455
-0.4710079999999998 -0.575061
-0.4698050000000001 -0.5750980000000001
-0.468981 -0.575489
-0.46862099999999984 -0.576123
-0.46809900000000015 -0.576775
-0.4673729999999998 -0.577231
-0.46618100000000007 -0.577448
-0.46529 -0.577801
-0.464423 -0.578299
-0.4639359999999999 -0.578916
-0.4631700000000001 -0.5794320000000001
-0.46225800000000006 -0.5799259999999999
-0.4610989999999999 -0.58017
-0.4603599999999999 -0.5804600000000001
-0.459461 -0.5809190000000001
-0.45858000000000015 -0.5814320000000001
-0.45798500000000014 -0.5819869999999999
-0.456932 -0.582395
-0.45601700000000006 -0.582963
-0.45513400000000004 -0.583395
-0.4540820000000001 -0.5838110000000001
-0.45326199999999994 -0.584155
-0.452442 -0.584549
-0.45156099999999993 -0.585096
-0.4505930000000001 -0.585558
-0.4497460000000001 -0.5859059999999999
-0.4487170000000001 -0.586219
-0.44790399999999997 -0.5867819999999999
-0.44700599999999985 -0.587237
-0.4460069999999998 -0.587808
-0.4451590000000001 -0.5881859999999999
-0.4442380000000001 -0.5887239999999999
-0.443328 -0.589039
-0.44237300000000007 -0.5895509999999999
-0.4415729999999999 -0.590039
-0.44066999999999984 -0.590489
-0.43973300000000015 -0.590884
-0.43881899999999996 -0.591277
-0.43802099999999994 -0.5917789999999999
-0.4370249999999999 -0.5922419999999999
-0.43621399999999994 -0.592529
-0.435277 -0.592931
-0.4344449999999999 -0.5933959999999999
-0.4336279999999999 -0.593873
-0.43277099999999996 -0.594119
-0.43190300000000004 -0.5945049999999998
-0.43113300000000004 -0.5948620000000001
-0.430453 -0.595161
-0.4294960000000001 -0.595577
-0.4288040000000001 -0.596059
-0.427953 -0.5963719999999999
-0.427039 -0.596751
-0.42626 -0.5971389999999999
-0.42551300000000014 -0.597414
-0.4247149999999999 -0.597915
-0.42400800000000005 -0.5981859999999999
-0.4231560000000002 -0.5984780000000001
-0.42249800000000004 -0.598812
-0.4216880000000001 -0.599182
-0.4209849999999999 -0.599441
-0.4203320000000001 -0.599857
-0.41958500000000004 -0.6002000000000001
-0.4189240000000002 -0.60054
-0.418258 -0.60101
-0.41769399999999995 -0.60135
-0.4169960000000001 -0.601637
-0.4163130000000001 -0.601954
-0.41562400000000005 -0.6022000000000001
-0.415039 -0.602427
-0.41431500000000004 -0.6028290000000001
-0.41381799999999996 -0.6031620000000001
-0.4131780000000001 -0.6035699999999999
-0.4126479999999999 -0.603689
-0.4120329999999999 -0.604064
-0.41145600000000015 -0.604318
-0.41091600000000017 -0.6046020000000001
-0.410404 -0.6049070000000001
-0.40988999999999987 -0.605249
-0.40938000000000013 -0.60556
-0.4088889999999999 -0.6059370000000001
-0.408444 -0.606001
-0.4079100000000001 -0.606312
-0.40737699999999993 -0.606691
-0.406904 -0.606863
-0.40650700000000006 -0.6071210000000001
-0.406104 -0.607277
-0.405654 -0.607505
-0.4052359999999999 -0.6078199999999999
-0.404817 -0.607946
-0.40444600000000014 -0.608348
-0.40403700000000004 -0.608443
-0.40365000000000006 -0.60877
-0.40326600000000007 -0.6090040000000001
-0.40293799999999985 -0.609172
-0.4025599999999999 -0.6094449999999999
-0.40224800000000005 -0.6096370000000001
-0.4019649999999999 -0.609717
-0.40170800000000007 -0.6099070000000001
-0.40136400000000005 -0.610246
-0.4011690000000001 -0.6103670000000001
-0.40083200000000013 -0.610582
-0.400278 -0.610615
-0.4001120000000001 -0.610931
-0.3997560000000001 -0.6112519999999999
-0.3996290000000001 -0.6112909999999999
-0.39929500000000007 -0.611423
-0.39907600000000004 -0.6115940000000001
-0.39886199999999983 -0.6118920000000001
-0.39875800000000006 -0.611931
-0.39853 -0.612172
-0.39834300000000006 -0.612325
-0.398165 -0.6125309999999999
-0.3979860000000001 -0.612819
-0.39782799999999996 -0.612943
-0.3977740000000001 -0.613068
-0.397672 -0.613266
-0.397634 -0.61354
-0.397423 -0.6137619999999999
-0.3974290000000001 -0.614056
-0.3973889999999999 -0.6141080000000001
-0.3971120000000001 -0.614226
-0.3970710000000001 -0.614491
-0.39700400000000013 -0.6145740000000001
-0.39684899999999995 -0.6149069999999999
-0.3968420000000001 -0.615014
-0.39676300000000014 -0.615192
-0.3966510000000001 -0.6154569999999999
-0.39667899999999984 -0.615574
-0.39665200000000006 -0.6157100000000001
-0.3966289999999999 -0.6158819999999999
-0.39647299999999996 -0.6160869999999999
-0.396442 -0.616296
-0.39644399999999996 -0.616388
-0.3964069999999999 -0.616625
-0.39641499999999996 -0.616824
-0.3964569999999999 -0.616912
-0.396414 -0.617133
-0.3963589999999999 -0.617173
-0.396318 -0.617432
-0.39619700000000013 -0.6176220000000001
-0.396135 -0.617626
-0.3961180000000002 -0.617848
-0.39628700000000006 -0.61798
-0.39615200000000006 -0.618208
-0.396067 -0.618442
-0.39619299999999996 -0.6184379999999998
-0.3960920000000001 -0.6186280000000001
-0.39607499999999984 -0.618849
-0.396077 -0.6189690000000001
-0.39610500000000004 -0.6191380000000001
-0.3962159999999999 -0.619121
-0.39617799999999986 -0.619237
-0.3961979999999999 -0.619432
-0.39617099999999983 -0.619642
-0.39632500000000004 -0.619691
-0.396298 -0.61987
-0.39621800000000007 -0.619925
-0.39641200000000004 -0.620207
-0.39638300000000004 -0.6201669999999999
-0.39634199999999986 -0.6203569999999999
-0.3964949999999999 -0.620356
-0.3963989999999999 -0.6204660000000001
-0.39646000000000003 -0.6207170000000001
-0.396557 -0.620818
-0.396625 -0.620951
-0.39643500000000015 -0.6210720000000001
-0.39652 -0.6211369999999999
-0.3964639999999999 -0.6213
-0.396539 -0.6214259999999999
-0.3965409999999999 -0.6213540000000001
-0.39658400000000005 -0.6214200000000001
-0.39663100000000007 -0.6217010000000001
-0.39659799999999995 -0.621761
-0.39649299999999993 -0.6218530000000001
-0.3965790000000002 -0.621901
-0.39654300000000015 -0.622106
-0.39647000000000004 -0.6221579999999999
-0.39635300000000007 -0.622308
-0.39624800000000004 -0.622367
-0.396327 -0.622269
-0.3962739999999999 -0.622304
-0.3962269999999999 -0.6225530000000001
-0.39623400000000014 -0.6226110000000001
-0.396056 -0.622889
-0.3959870000000001 -0.622926
-0.396029 -0.623075
-0.39572 -0.623203
-0.39561699999999994 -0.6233500000000001
-0.3955890000000002 -0.623345
-0.39539700000000016 -0.6235440000000001
-0.395269 -0.6236430000000001
-0.39499800000000007 -0.623629
-0.39489300000000005 -0.6237349999999999
-0.3946800000000001 -0.62405
-0.39451400000000014 -0.62418
-0.39439300000000005 -0.624171
-0.39411899999999994 -0.624432
-0.39385300000000006 -0.6246490000000001
-0.393742 -0.6246949999999999
-0.39353999999999995 -0.624936
-0.39338099999999987 -0.625094
-0.3933030000000001 -0.625259
-0.39306500000000005 -0.625436
-0.39288699999999993 -0.6255620000000001
-0.39258899999999997 -0.625803
-0.39246900000000007 -0.625917
-0.392194 -0.626006
-0.3919469999999999 -0.6261680000000002
-0.391713 -0.626451
-0.39206899999999995 -0.626961
-0.3911660000000002 -0.62678
-0.39093100000000003 -0.6269629999999999
-0.3907940000000001 -0.626959
-0.390365 -0.627256
-0.3902639999999999 -0.62746
-0.39004600000000006 -0.627561
-0.3897269999999999 -0.6278769999999999
-0.38948299999999997 -0.6280999999999999
-0.3892080000000001 -0.628358
-0.38876600000000006 -0.6284560000000001
-0.3884219999999998 -0.628655
-0.388212 -0.6288630000000001
-0.38783900000000016 -0.629116
-0.38743299999999997 -0.6294310000000001
-0.3871320000000001 -0.6296130000000001
-0.38684300000000005 -0.6297760000000001
-0.3864749999999999 -0.629799
-0.38602700000000006 -0.6303650000000001
-0.3857259999999999 -0.630462
-0.38530100000000017 -0.630669
-0.385182 -0.631063
-0.3848429999999998 -0.6312429999999999
-0.3844490000000001 -0.631548
-0.38367399999999996 -0.631605
-0.3831579999999999 -0.631818
-0.38267399999999996 -0.6320399999999999
-0.38227199999999995 -0.6321030000000001
-0.381664 -0.6326269999999999
-0.38124199999999997 -0.6326710000000001
-0.3807819999999999 -0.632878
-0.380288 -0.633255
-0.37972800000000007 -0.63351
-0.37933400000000006 -0.633817
-0.37887900000000013 -0.634026
-0.37832299999999985 -0.63425
-0.37780200000000014 -0.634567
-0.3775050000000001 -0.6346649999999999
-0.37685899999999994 -0.634895
-0.37636300000000006 -0.635128
-0.375818 -0.63537
-0.37528199999999995 -0.6355340000000002
-0.374722 -0.6357910000000001
-0.37415100000000007 -0.6360899999999999
-0.373643 -0.636357
-0.3730810000000001 -0.6365440000000001
-0.3726280000000002 -0.6368489999999999
-0.372088 -0.6371720000000001
-0.372248 -0.6378060000000001
-0.37099800000000005 -0.637578
-0.3705219999999999 -0.637895
-0.3706389999999999 -0.638638
-0.370134 -0.638884
-0.3688100000000002 -0.6386710000000001
-0.36822900000000003 -0.63877
-0.3675939999999998 -0.639255
-0.36789999999999984 -0.6399389999999999
-0.36739199999999983 -0.640105
-0.36696399999999996 -0.6401679999999998
-0.3664280000000001 -0.6406020000000001
-0.365922 -0.6408989999999999
-0.3652879999999998 -0.641066
-0.3638720000000001 -0.640815
-0.3641300000000001 -0.641712
-0.3635550000000001 -0.64186
-0.3620070000000001 -0.6417539999999999
-0.362258 -0.642451
-0.36093899999999984 -0.642284
-0.3603499999999999 -0.642589
-0.3606020000000001 -0.643192
-0.35924 -0.643116
-0.35882100000000017 -0.6433490000000001
-0.3588339999999998 -0.643961
-0.357682 -0.644055
-0.3576940000000002 -0.644522
-0.35640499999999997 -0.644523
-0.35601800000000006 -0.644732
-0.35522299999999996 -0.6450130000000001
-0.35478199999999993 -0.645315
-0.35433299999999984 -0.6454610000000001
-0.3537719999999999 -0.645821
-0.35323299999999996 -0.646126
-0.352838 -0.6461910000000001
-0.3521769999999999 -0.646497
-0.35170000000000007 -0.6468550000000001
-0.351115 -0.647201
-0.3506690000000001 -0.647514
-0.3501770000000001 -0.6477200000000001
-0.3496669999999999 -0.647976
-0.3491400000000001 -0.6481079999999999
-0.34872900000000007 -0.6483430000000001
-0.34831899999999993 -0.648639
-0.347808 -0.6487280000000001
-0.34723400000000015 -0.649104
-0.34676199999999996 -0.6490199999999999
-0.34646699999999986 -0.6495350000000001
-0.34604999999999997 -0.649581
-0.3455309999999999 -0.649842
-0.34498199999999996 -0.6500229999999999
-0.3447239999999999 -0.650335
-0.34415100000000004 -0.6505239999999999
-0.34368200000000004 -0.6506810000000001
-0.34324 -0.650736
-0.34278 -0.6511119999999999
-0.3425129999999999 -0.6511690000000001
-0.34207600000000005 -0.651409
-0.34170900000000004 -0.651589
-0.34129500000000007 -0.6518079999999999
-0.340999 -0.651984
-0.3405600000000002 -0.652129
-0.3401880000000001 -0.652265
-0.3404390000000001 -0.652621
-0.339365 -0.652512
-0.338914 -0.652826
-0.3386210000000001 -0.652891
-0.3382560000000001 -0.6529020000000001
-0.337845 -0.653076
-0.3376210000000001 -0.653306
-0.3372339999999999 -0.653433
-0.3368520000000001 -0.6534829999999999
-0.3364910000000002 -0.653889
-0.3370469999999998 -0.654605
-0.3357860000000001 -0.6542439999999999
-0.3354190000000001 -0.6544030000000001
-0.3351740000000002 -0.6545610000000001
-0.334914 -0.6546310000000001
-0.33460300000000004 -0.654846
-0.33430199999999993 -0.6551310000000001
-0.3339830000000002 -0.655247
-0.3344059999999999 -0.655919
-0.333326 -0.6555080000000001
-0.33293700000000015 -0.655595
-0.3326030000000001 -0.655847
-0.33242700000000014 -0.6559429999999999
-0.3321049999999998 -0.656164
-0.3318109999999999 -0.656451
-0.33157199999999987 -0.656648
-0.331213 -0.65658
-0.330972 -0.65681
-0.3306289999999999 -0.657066
-0.3304000000000001 -0.6571220000000001
-0.330154 -0.657379
-0.3300600000000002 -0.6574000000000001
-0.3297549999999999 -0.6576700000000001
-0.3298290000000002 -0.657913
-0.32925 -0.657815
-0.3290819999999999 -0.657996
-0.32889699999999994 -0.6580779999999999
-0.3286580000000001 -0.6582270000000001
-0.32854200000000017 -0.6583060000000001
-0.3286590000000001 -0.658659
-0.32857500000000006 -0.658761
-0.3279269999999999 -0.658805
-0.32774000000000003 -0.65877
-0.32755700000000004 -0.6588820000000001
-0.32741200000000004 -0.6590360000000001
-0.32758699999999996 -0.659241
-0.32743599999999995 -0.6592660000000001
-0.326877 -0.6593320000000001
-0.32674000000000003 -0.659383
-0.32663300000000006 -0.659376
-0.32646000000000003 -0.6594869999999999
-0.3268879999999999 -0.659789
-0.3261300000000001 -0.6595400000000001
-0.32611300000000004 -0.6596749999999999
-0.326019 -0.6597970000000001
-0.32585199999999986 -0.659905
-0.32650199999999996 -0.660317
-0.32641100000000006 -0.660355
-0.3255409999999999 -0.6599790000000001
-0.3253330000000001 -0.660058
-0.32542100000000007 -0.660151
-0.32524000000000003 -0.660372
-0.326085 -0.6609490000000001
-0.32499 -0.660455
-0.3249599999999998 -0.6603150000000001
-0.32487800000000017 -0.660593
-0.3248320000000001 -0.66073
-0.32564799999999994 -0.6611549999999999
-0.32552499999999984 -0.6613089999999999
-0.324173 -0.660578
-0.32409400000000005 -0.6606190000000001
-0.324001 -0.660721
-0.324797 -0.6613249999999999
-0.32458999999999993 -0.66146
-0.3235849999999998 -0.660991
-0.3236229999999998 -0.661065
-0.3235350000000001 -0.661272
-0.3234200000000001 -0.661314
-0.3240440000000001 -0.6618390000000001
-0.323884 -0.661787
-0.3230930000000001 -0.661596
-0.32305999999999996 -0.6617329999999999
-0.32306900000000016 -0.661788
