0.0 4.84 4.9 4.94
0.1 4.84 4.9 4.94
0.2 4.85 4.9 4.94
0.3 4.85 4.9 4.94
0.4 4.86 4.91 4.95
0.5 4.86 4.91 4.95
0.6 4.87 4.92 4.95
0.7 4.87 4.93 4.96
0.8 4.88 4.94 4.96
0.9 4.89 4.95 4.97
1.0 4.89 4.96 4.98
1.1 4.9 4.96 4.99
1.2 4.9 4.97 4.99
1.3 4.9 4.97 4.99
1.4 4.9 4.97 4.99
1.5 4.9 4.97 4.99
1.6 4.9 4.97 4.99
1.7 4.9 4.97 4.99
1.8 4.9 4.97 4.99
1.9 4.9 4.97 4.99
2.0 4.89 4.97 4.99
2.1 4.89 4.97 4.99
2.2 4.88 4.97 4.99
2.3 4.88 4.97 4.99
2.4 4.88 4.97 4.99
2.5 4.87 4.97 4.99
2.6 4.87 4.97 4.99
2.7 4.86 4.97 4.99
2.8 4.86 4.97 4.99
2.9 4.86 4.97 4.99
3.0 4.85 4.97 4.99
3.1 4.85 4.97 4.99
3.2 4.85 4.97 4.99
3.3 4.85 4.97 4.99
3.4 4.85 4.97 4.99
3.5 4.84 4.97 4.99
3.6 4.84 4.97 4.99
3.7 4.84 4.97 4.99
3.8 4.84 4.97 4.99
3.9 4.84 4.97 4.99
4.0 4.83 4.97 4.99
4.1 4.83 4.97 4.99
4.2 4.83 4.97 4.99
4.3 4.83 4.97 4.99
4.4 4.82 4.97 4.99
4.5 4.82 4.97 4.99
4.6 4.82 4.97 4.99
4.7 4.81 4.97 4.99
4.8 4.81 4.97 4.99
4.9 4.81 4.97 5.0
5.0 4.8 4.97 5.0
5.1 4.8 4.97 5.0
5.2 4.8 4.97 5.0
5.3 4.79 4.97 5.0
5.4 4.79 4.97 5.0
5.5 4.78 4.97 5.0
5.6 4.78 4.97 5.0
5.7 4.77 4.97 5.0
5.8 4.77 4.97 5.0
5.9 4.76 4.97 5.0
6.0 4.75 4.97 5.0
6.1 4.74 4.97 5.0
6.2 4.73 4.97 5.0
6.3 4.72 4.97 5.0
6.4 4.71 4.97 5.0
6.5 4.7 4.97 5.0
6.6 4.69 4.97 5.0
6.7 4.67 4.97 5.0
6.8 4.66 4.97 5.0
6.9 4.65 4.97 5.0
7.0 4.64 4.97 5.0
7.1 4.63 4.96 5.0
7.2 4.63 4.96 5.0
7.3 4.62 4.96 5.0
7.4 4.61 4.96 5.0
7.5 4.6 4.95 5.0
7.6 4.6 4.95 5.0
7.7 4.59 4.95 5.0
7.8 4.59 4.95 5.0
7.9 4.58 4.95 5.0
8.0 4.58 4.94 5.0
8.1 4.57 4.94 5.0
8.2 4.56 4.94 5.0
8.3 4.56 4.93 5.0
8.4 4.55 4.93 5.0
8.5 4.54 4.93 5.0
8.6 4.53 4.92 5.0
8.7 4.53 4.92 5.0
8.8 4.52 4.91 5.0
8.9 4.51 4.91 5.0
9.0 4.51 4.91 5.0
9.1 4.5 4.9 5.0
9.2 4.49 4.9 5.0
9.3 4.49 4.89 5.0
9.4 4.48 4.89 5.0
9.5 4.47 4.88 5.0
9.6 4.47 4.88 5.0
9.7 4.46 4.87 5.0
9.8 4.45 4.87 5.0
9.9 4.45 4.87 5.0
10.0 4.44 4.86 5.0
10.1 4.44 4.86 5.0
10.2 4.43 4.86 5.0
10.3 4.43 4.85 5.0
10.4 4.42 4.85 5.0
10.5 4.42 4.85 5.0
10.6 4.42 4.85 5.0
10.7 4.41 4.85 5.0
10.8 4.41 4.84 5.0
10.9 4.41 4.84 5.0
11.0 4.4 4.84 5.0
11.1 4.4 4.83 5.0
11.2 4.4 4.83 5.0
11.3 4.39 4.83 5.0
11.4 4.39 4.83 5.0
11.5 4.39 4.82 5.0
11.6 4.39 4.82 5.0
11.7 4.39 4.82 5.0
11.8 4.38 4.81 5.0
11.9 4.38 4.81 5.0
12.0 4.38 4.8 5.0
12.1 4.38 4.8 5.0
12.2 4.38 4.79 5.0
12.3 4.38 4.79 5.0
12.4 4.38 4.78 5.0
12.5 4.38 4.78 5.0
12.6 4.38 4.77 5.0
12.7 4.38 4.76 5.0
12.8 4.38 4.75 5.0
12.9 4.38 4.75 5.0
13.0 4.38 4.74 5.0
13.1 4.38 4.73 5.0
13.2 4.38 4.72 5.0
13.3 4.38 4.72 5.0
13.4 4.38 4.71 4.99
13.5 4.38 4.71 4.99
13.6 4.38 4.7 4.99
13.7 4.38 4.7 4.99
13.8 4.38 4.7 4.99
13.9 4.38 4.69 4.99
14.0 4.38 4.69 4.99
14.1 4.38 4.69 4.98
14.2 4.38 4.68 4.98
14.3 4.38 4.68 4.98
14.4 4.38 4.67 4.98
14.5 4.38 4.67 4.98
14.6 4.38 4.67 4.98
14.7 4.38 4.66 4.97
14.8 4.38 4.66 4.97
14.9 4.38 4.66 4.97
15.0 4.37 4.65 4.97
15.1 4.37 4.65 4.97
15.2 4.37 4.65 4.97
15.3 4.37 4.65 4.96
15.4 4.37 4.64 4.96
15.5 4.37 4.64 4.96
15.6 4.37 4.64 4.96
15.7 4.37 4.64 4.96
15.8 4.37 4.64 4.96
15.9 4.37 4.64 4.96
16.0 4.37 4.64 4.96
16.1 4.37 4.64 4.95
16.2 4.38 4.65 4.95
16.3 4.38 4.65 4.95
16.4 4.38 4.65 4.95
16.5 4.38 4.65 4.95
16.6 4.38 4.66 4.95
16.7 4.37 4.66 4.95
16.8 4.37 4.66 4.95
16.9 4.36 4.66 4.95
17.0 4.35 4.66 4.95
17.1 4.34 4.66 4.94
17.2 4.33 4.66 4.94
17.3 4.32 4.65 4.94
17.4 4.31 4.65 4.93
17.5 4.3 4.65 4.93
17.6 4.29 4.65 4.93
17.7 4.28 4.64 4.93
17.8 4.28 4.64 4.93
17.9 4.27 4.64 4.92
18.0 4.26 4.64 4.92
18.1 4.25 4.64 4.92
18.2 4.24 4.64 4.92
18.3 4.23 4.64 4.92
18.4 4.21 4.64 4.92
18.5 4.19 4.64 4.92
18.6 4.15 4.64 4.91
18.7 4.07 4.63 4.91
18.8 3.93 4.62 4.91
18.9 3.67 4.62 4.9
19.0 3.3 4.61 4.9
19.1 2.85 4.6 4.9
19.2 2.41 4.59 4.89
19.3 2.08 4.58 4.89
19.4 1.91 4.57 4.88
19.5 1.89 4.56 4.88
19.6 2.01 4.55 4.88
19.7 2.22 4.55 4.88
19.8 2.49 4.54 4.87
19.9 2.77 4.54 4.87
20.0 3.04 4.54 4.87
20.1 3.27 4.54 4.86
20.2 3.47 4.53 4.86
20.3 3.63 4.53 4.86
20.4 3.76 4.53 4.85
20.5 3.87 4.52 4.85
20.6 3.95 4.52 4.84
20.7 4.01 4.51 4.83
20.8 4.04 4.5 4.82
20.9 4.05 4.49 4.82
21.0 4.05 4.48 4.81
21.1 4.06 4.47 4.81
21.2 4.05 4.46 4.8
21.3 4.05 4.45 4.79
21.4 4.05 4.44 4.79
21.5 4.04 4.43 4.79
21.6 4.04 4.42 4.78
21.7 4.04 4.42 4.78
21.8 4.04 4.41 4.77
21.9 4.04 4.4 4.77
22.0 4.04 4.4 4.77
22.1 4.04 4.4 4.76
22.2 4.04 4.39 4.76
22.3 4.04 4.39 4.76
22.4 4.04 4.39 4.75
22.5 4.04 4.39 4.75
22.6 4.04 4.38 4.75
22.7 4.04 4.38 4.74
22.8 4.04 4.38 4.74
22.9 4.05 4.38 4.74
23.0 4.05 4.38 4.74
23.1 4.05 4.38 4.73
23.2 4.05 4.38 4.73
23.3 4.05 4.37 4.73
23.4 4.04 4.37 4.73
23.5 4.04 4.37 4.72
23.6 4.04 4.37 4.72
23.7 4.03 4.37 4.72
23.8 4.03 4.37 4.72
23.9 4.03 4.37 4.72
24.0 4.02 4.37 4.72
24.1 4.01 4.37 4.72
24.2 4.01 4.37 4.72
24.3 4.01 4.37 4.72
24.4 4.01 4.37 4.72
24.5 4.01 4.37 4.72
24.6 4.01 4.37 4.71
24.7 4.01 4.37 4.71
24.8 4.02 4.37 4.71
24.9 4.02 4.37 4.71
25.0 4.03 4.36 4.71
25.1 4.03 4.36 4.71
25.2 4.04 4.36 4.71
25.3 4.04 4.36 4.7
25.4 4.04 4.36 4.7
25.5 4.04 4.36 4.7
25.6 4.04 4.36 4.7
25.7 4.04 4.36 4.7
25.8 4.04 4.36 4.7
25.9 4.04 4.36 4.7
26.0 4.04 4.36 4.7
26.1 4.04 4.36 4.7
26.2 4.05 4.36 4.7
26.3 4.05 4.36 4.7
26.4 4.05 4.37 4.7
26.5 4.05 4.37 4.7
26.6 4.06 4.37 4.7
26.7 4.06 4.37 4.7
26.8 4.06 4.37 4.7
26.9 4.07 4.37 4.7
27.0 4.07 4.37 4.7
27.1 4.07 4.37 4.7
27.2 4.07 4.37 4.7
27.3 4.07 4.37 4.7
27.4 4.08 4.37 4.7
27.5 4.08 4.37 4.7
27.6 4.08 4.37 4.7
27.7 4.08 4.37 4.7
27.8 4.08 4.37 4.7
27.9 4.09 4.37 4.7
28.0 4.09 4.37 4.71
28.1 4.09 4.37 4.71
28.2 4.09 4.37 4.71
28.3 4.09 4.37 4.71
28.4 4.09 4.37 4.71
28.5 4.09 4.37 4.71
28.6 4.08 4.37 4.71
28.7 4.08 4.37 4.71
28.8 4.08 4.37 4.71
28.9 4.07 4.37 4.71
29.0 4.06 4.37 4.71
29.1 4.05 4.37 4.71
29.2 4.04 4.37 4.71
29.3 4.03 4.37 4.71
29.4 4.01 4.37 4.71
29.5 4.0 4.37 4.71
29.6 3.97 4.37 4.71
29.7 3.95 4.37 4.71
29.8 3.93 4.37 4.71
29.9 3.9 4.37 4.71
30.0 3.88 4.37 4.71
30.1 3.85 4.37 4.71
30.2 3.82 4.37 4.71
30.3 3.78 4.37 4.71
30.4 3.75 4.37 4.71
30.5 3.72 4.37 4.71
30.6 3.7 4.37 4.71
30.7 3.67 4.37 4.71
30.8 3.65 4.37 4.71
30.9 3.64 4.37 4.71
31.0 3.62 4.38 4.71
31.1 3.6 4.38 4.71
31.2 3.59 4.38 4.71
31.3 3.58 4.38 4.7
31.4 3.58 4.38 4.7
31.5 3.59 4.38 4.7
31.6 3.6 4.38 4.7
31.7 3.61 4.38 4.7
31.8 3.62 4.38 4.71
31.9 3.64 4.38 4.71
32.0 3.67 4.38 4.71
32.1 3.69 4.38 4.71
32.2 3.72 4.38 4.71
32.3 3.76 4.38 4.71
32.4 3.82 4.38 4.7
32.5 3.87 4.38 4.7
32.6 3.93 4.39 4.7
32.7 3.97 4.39 4.7
32.8 4.01 4.39 4.69
32.9 4.05 4.4 4.69
33.0 4.07 4.4 4.69
33.1 4.08 4.4 4.69
33.2 4.1 4.41 4.69
33.3 4.12 4.41 4.69
33.4 4.13 4.42 4.69
33.5 4.15 4.42 4.69
33.6 4.16 4.42 4.69
33.7 4.18 4.43 4.69
33.8 4.2 4.43 4.69
33.9 4.21 4.43 4.69
34.0 4.22 4.43 4.69
34.1 4.23 4.43 4.69
34.2 4.24 4.44 4.69
34.3 4.23 4.44 4.69
34.4 4.22 4.44 4.69
34.5 4.2 4.44 4.69
34.6 4.19 4.44 4.69
34.7 4.18 4.44 4.69
34.8 4.18 4.44 4.69
34.9 4.17 4.44 4.69
35.0 4.18 4.44 4.69
35.1 4.18 4.44 4.69
35.2 4.19 4.44 4.69
35.3 4.2 4.44 4.69
35.4 4.21 4.44 4.69
35.5 4.22 4.44 4.69
35.6 4.23 4.44 4.69
35.7 4.24 4.44 4.69
35.8 4.25 4.43 4.69
35.9 4.26 4.43 4.69
36.0 4.26 4.43 4.69
36.1 4.27 4.43 4.69
36.2 4.27 4.43 4.69
36.3 4.28 4.43 4.69
36.4 4.28 4.43 4.69
36.5 4.28 4.43 4.69
36.6 4.29 4.43 4.69
36.7 4.29 4.43 4.69
36.8 4.29 4.42 4.7
36.9 4.3 4.42 4.7
37.0 4.3 4.42 4.7
37.1 4.3 4.42 4.7
37.2 4.3 4.42 4.7
37.3 4.31 4.42 4.7
37.4 4.31 4.42 4.7
37.5 4.31 4.42 4.7
37.6 4.31 4.42 4.7
37.7 4.32 4.42 4.7
37.8 4.32 4.42 4.7
37.9 4.32 4.42 4.7
38.0 4.32 4.42 4.7
38.1 4.33 4.42 4.7
38.2 4.33 4.42 4.7
38.3 4.33 4.42 4.7
38.4 4.34 4.42 4.7
38.5 4.34 4.42 4.7
38.6 4.34 4.42 4.7
38.7 4.34 4.42 4.7
38.8 4.35 4.42 4.7
38.9 4.35 4.42 4.7
39.0 4.35 4.42 4.7
39.1 4.36 4.42 4.7
39.2 4.36 4.43 4.7
39.3 4.37 4.43 4.7
39.4 4.37 4.43 4.7
39.5 4.38 4.43 4.7
39.6 4.38 4.43 4.7
39.7 4.39 4.43 4.7
39.8 4.4 4.43 4.7
39.9 4.4 4.43 4.7
40.0 4.41 4.43 4.7
40.1 4.42 4.43 4.7
40.2 4.43 4.43 4.7
40.3 4.43 4.43 4.7
40.4 4.44 4.44 4.7
40.5 4.44 4.44 4.7
40.6 4.45 4.44 4.7
40.7 4.45 4.44 4.7
40.8 4.46 4.43 4.7
40.9 4.46 4.43 4.7
41.0 4.47 4.43 4.7
41.1 4.47 4.43 4.7
41.2 4.47 4.43 4.7
41.3 4.48 4.43 4.7
41.4 4.48 4.43 4.7
41.5 4.48 4.43 4.7
41.6 4.49 4.44 4.7
41.7 4.49 4.44 4.7
41.8 4.49 4.44 4.7
41.9 4.49 4.44 4.7
42.0 4.49 4.44 4.7
42.1 4.5 4.44 4.7
42.2 4.5 4.44 4.71
42.3 4.5 4.44 4.71
42.4 4.5 4.44 4.71
42.5 4.5 4.44 4.71
42.6 4.5 4.44 4.71
42.7 4.5 4.44 4.71
42.8 4.5 4.44 4.71
42.9 4.5 4.45 4.71
43.0 4.5 4.45 4.71
43.1 4.5 4.45 4.71
43.2 4.5 4.45 4.71
43.3 4.5 4.45 4.71
43.4 4.5 4.45 4.71
43.5 4.5 4.45 4.71
43.6 4.5 4.46 4.71
43.7 4.5 4.46 4.71
43.8 4.5 4.46 4.71
43.9 4.5 4.46 4.71
44.0 4.5 4.46 4.71
44.1 4.5 4.47 4.71
44.2 4.5 4.47 4.71
44.3 4.5 4.47 4.71
44.4 4.5 4.47 4.71
44.5 4.5 4.47 4.71
44.6 4.5 4.48 4.71
44.7 4.5 4.48 4.71
44.8 4.5 4.48 4.71
44.9 4.5 4.48 4.71
45.0 4.5 4.49 4.71
45.1 4.5 4.49 4.71
45.2 4.5 4.49 4.71
45.3 4.5 4.49 4.71
45.4 4.5 4.49 4.71
45.5 4.5 4.5 4.71
45.6 4.5 4.5 4.71
45.7 4.5 4.5 4.71
45.8 4.5 4.5 4.71
45.9 4.5 4.5 4.71
46.0 4.5 4.51 4.71
46.1 4.5 4.51 4.71
46.2 4.5 4.51 4.71
46.3 4.5 4.51 4.71
46.4 4.5 4.52 4.71
46.5 4.5 4.52 4.71
46.6 4.51 4.52 4.71
46.7 4.51 4.52 4.71
46.8 4.51 4.52 4.71
46.9 4.51 4.52 4.71
47.0 4.52 4.53 4.71
47.1 4.52 4.53 4.72
47.2 4.52 4.53 4.72
47.3 4.52 4.53 4.72
47.4 4.52 4.53 4.72
47.5 4.53 4.53 4.72
47.6 4.53 4.53 4.72
47.7 4.53 4.53 4.72
47.8 4.53 4.53 4.72
47.9 4.53 4.53 4.72
48.0 4.53 4.54 4.72
48.1 4.53 4.54 4.72
48.2 4.53 4.54 4.72
48.3 4.54 4.54 4.72
48.4 4.54 4.54 4.72
48.5 4.54 4.54 4.72
48.6 4.54 4.54 4.72
48.7 4.54 4.54 4.72
48.8 4.54 4.54 4.72
48.9 4.54 4.54 4.73
49.0 4.54 4.54 4.73
49.1 4.54 4.54 4.73
49.2 4.54 4.54 4.73
49.3 4.55 4.54 4.73
49.4 4.55 4.54 4.73
49.5 4.55 4.54 4.73
49.6 4.55 4.54 4.73
49.7 4.55 4.54 4.73
49.8 4.55 4.54 4.73
49.9 4.55 4.54 4.73
