0.0 4.84 4.9 4.94
0.1 4.84 4.9 4.94
0.2 4.85 4.9 4.94
0.3 4.85 4.9 4.94
0.4 4.86 4.91 4.95
0.5 4.86 4.91 4.95
0.6 4.87 4.92 4.95
0.7 4.87 4.92 4.95
0.8 4.88 4.93 4.95
0.9 4.89 4.94 4.96
1.0 4.9 4.94 4.96
1.1 4.9 4.95 4.96
1.2 4.9 4.95 4.97
1.3 4.91 4.96 4.97
1.4 4.91 4.96 4.97
1.5 4.91 4.97 4.97
1.6 4.91 4.97 4.98
1.7 4.91 4.98 4.98
1.8 4.91 4.98 4.98
1.9 4.9 4.99 4.99
2.0 4.9 4.99 4.99
2.1 4.9 4.99 4.99
2.2 4.89 4.99 4.99
2.3 4.89 4.99 4.99
2.4 4.88 4.99 4.99
2.5 4.88 4.99 4.99
2.6 4.87 4.99 4.99
2.7 4.87 4.99 4.99
2.8 4.87 4.99 4.99
2.9 4.86 4.99 4.99
3.0 4.86 4.99 4.99
3.1 4.86 4.99 4.99
3.2 4.86 4.99 5.0
3.3 4.85 4.99 5.0
3.4 4.85 4.99 5.0
3.5 4.85 4.99 5.0
3.6 4.85 4.99 5.0
3.7 4.85 4.99 5.0
3.8 4.85 4.99 5.0
3.9 4.84 4.99 5.0
4.0 4.84 4.99 5.0
4.1 4.84 4.99 5.0
4.2 4.83 4.99 5.0
4.3 4.83 4.99 5.0
4.4 4.83 4.99 5.0
4.5 4.82 4.99 5.0
4.6 4.82 4.99 5.0
4.7 4.82 4.99 5.0
4.8 4.81 4.99 5.0
4.9 4.81 4.99 5.0
5.0 4.81 4.99 5.0
5.1 4.8 4.99 5.0
5.2 4.8 4.99 5.0
5.3 4.79 4.99 5.0
5.4 4.79 4.99 5.0
5.5 4.78 4.98 5.0
5.6 4.78 4.98 5.0
5.7 4.77 4.98 5.0
5.8 4.77 4.98 5.0
5.9 4.76 4.98 5.0
6.0 4.76 4.98 5.0
6.1 4.75 4.98 5.0
6.2 4.74 4.98 5.0
6.3 4.73 4.98 5.0
6.4 4.72 4.98 5.0
6.5 4.71 4.98 5.0
6.6 4.7 4.98 5.0
6.7 4.69 4.98 5.0
6.8 4.68 4.98 5.0
6.9 4.66 4.98 5.0
7.0 4.65 4.98 5.0
7.1 4.63 4.98 5.0
7.2 4.62 4.97 5.0
7.3 4.61 4.97 5.0
7.4 4.6 4.97 5.0
7.5 4.59 4.97 5.0
7.6 4.59 4.96 5.0
7.7 4.58 4.96 5.0
7.8 4.57 4.96 5.0
7.9 4.57 4.95 5.0
8.0 4.56 4.95 5.0
8.1 4.55 4.95 5.0
8.2 4.55 4.94 5.0
8.3 4.54 4.94 5.0
8.4 4.53 4.93 5.0
8.5 4.53 4.92 5.0
8.6 4.52 4.91 4.99
8.7 4.51 4.91 4.99
8.8 4.51 4.9 4.99
8.9 4.5 4.89 4.99
9.0 4.49 4.88 4.99
9.1 4.49 4.87 4.99
9.2 4.48 4.86 4.99
9.3 4.47 4.85 4.99
9.4 4.47 4.84 4.99
9.5 4.46 4.83 4.99
9.6 4.45 4.83 4.98
9.7 4.45 4.82 4.98
9.8 4.44 4.82 4.98
9.9 4.44 4.82 4.98
10.0 4.43 4.81 4.98
10.1 4.43 4.81 4.98
10.2 4.42 4.81 4.98
10.3 4.42 4.8 4.98
10.4 4.41 4.8 4.98
10.5 4.41 4.8 4.98
10.6 4.41 4.8 4.98
10.7 4.4 4.8 4.98
10.8 4.4 4.8 4.98
10.9 4.4 4.8 4.98
11.0 4.4 4.8 4.98
11.1 4.4 4.8 4.98
11.2 4.4 4.8 4.98
11.3 4.4 4.8 4.98
11.4 4.4 4.8 4.98
11.5 4.4 4.8 4.98
11.6 4.4 4.8 4.98
11.7 4.4 4.79 4.98
11.8 4.41 4.79 4.98
11.9 4.41 4.79 4.98
12.0 4.41 4.79 4.98
12.1 4.41 4.79 4.98
12.2 4.41 4.78 4.98
12.3 4.41 4.78 4.98
12.4 4.41 4.77 4.99
12.5 4.41 4.76 4.98
12.6 4.41 4.75 4.98
12.7 4.41 4.75 4.98
12.8 4.41 4.74 4.98
12.9 4.41 4.73 4.97
13.0 4.41 4.73 4.97
13.1 4.42 4.72 4.97
13.2 4.42 4.72 4.96
13.3 4.42 4.71 4.95
13.4 4.42 4.71 4.95
13.5 4.42 4.7 4.94
13.6 4.43 4.7 4.93
13.7 4.43 4.69 4.92
13.8 4.43 4.69 4.92
13.9 4.43 4.68 4.91
14.0 4.44 4.68 4.9
14.1 4.43 4.67 4.89
14.2 4.43 4.66 4.88
14.3 4.43 4.65 4.88
14.4 4.43 4.64 4.88
14.5 4.42 4.64 4.88
14.6 4.42 4.64 4.88
14.7 4.41 4.64 4.89
14.8 4.41 4.64 4.9
14.9 4.4 4.65 4.91
15.0 4.4 4.66 4.93
15.1 4.4 4.67 4.94
15.2 4.4 4.69 4.97
15.3 4.4 4.7 4.99
15.4 4.4 4.72 5.02
15.5 4.4 4.74 5.04
15.6 4.41 4.75 5.07
15.7 4.41 4.77 5.09
15.8 4.42 4.79 5.11
15.9 4.42 4.8 5.13
16.0 4.42 4.81 5.14
16.1 4.42 4.83 5.14
16.2 4.42 4.83 5.14
16.3 4.42 4.84 5.14
16.4 4.43 4.85 5.14
16.5 4.43 4.86 5.13
16.6 4.44 4.86 5.13
16.7 4.45 4.87 5.13
16.8 4.45 4.87 5.12
16.9 4.46 4.88 5.12
17.0 4.46 4.88 5.12
17.1 4.46 4.89 5.12
17.2 4.46 4.89 5.11
17.3 4.46 4.89 5.11
17.4 4.45 4.9 5.11
17.5 4.45 4.9 5.11
17.6 4.44 4.9 5.11
17.7 4.44 4.9 5.11
17.8 4.43 4.9 5.11
17.9 4.41 4.89 5.11
18.0 4.4 4.88 5.1
18.1 4.38 4.87 5.09
18.2 4.37 4.85 5.08
18.3 4.35 4.84 5.07
18.4 4.33 4.82 5.06
18.5 4.31 4.8 5.05
18.6 4.28 4.78 5.03
18.7 4.24 4.76 5.01
18.8 4.16 4.74 5.0
18.9 4.06 4.72 4.98
19.0 3.97 4.7 4.96
19.1 3.92 4.68 4.94
19.2 3.91 4.66 4.92
19.3 3.93 4.64 4.9
19.4 3.96 4.63 4.88
19.5 3.98 4.62 4.87
19.6 4.01 4.61 4.85
19.7 4.03 4.6 4.84
19.8 4.05 4.6 4.84
19.9 4.07 4.6 4.83
20.0 4.09 4.6 4.83
20.1 4.11 4.6 4.83
20.2 4.13 4.6 4.82
20.3 4.14 4.61 4.82
20.4 4.15 4.61 4.83
20.5 4.15 4.62 4.83
20.6 4.16 4.62 4.84
20.7 4.17 4.63 4.84
20.8 4.17 4.63 4.84
20.9 4.17 4.63 4.85
21.0 4.16 4.63 4.85
21.1 4.15 4.62 4.85
21.2 4.14 4.61 4.85
21.3 4.14 4.6 4.85
21.4 4.14 4.59 4.85
21.5 4.14 4.58 4.85
21.6 4.13 4.57 4.84
21.7 4.13 4.56 4.84
21.8 4.12 4.55 4.83
21.9 4.12 4.55 4.83
22.0 4.11 4.54 4.82
22.1 4.11 4.53 4.82
22.2 4.11 4.53 4.81
22.3 4.1 4.53 4.8
22.4 4.1 4.52 4.79
22.5 4.1 4.52 4.79
22.6 4.1 4.51 4.78
22.7 4.09 4.51 4.78
22.8 4.09 4.51 4.78
22.9 4.09 4.5 4.77
23.0 4.09 4.5 4.77
23.1 4.09 4.5 4.77
23.2 4.08 4.49 4.77
23.3 4.08 4.49 4.77
23.4 4.08 4.48 4.78
23.5 4.08 4.48 4.78
23.6 4.08 4.48 4.78
23.7 4.07 4.47 4.78
23.8 4.07 4.47 4.78
23.9 4.07 4.47 4.78
24.0 4.07 4.46 4.78
24.1 4.07 4.46 4.78
24.2 4.07 4.46 4.78
24.3 4.07 4.46 4.79
24.4 4.07 4.45 4.79
24.5 4.07 4.45 4.79
24.6 4.07 4.45 4.79
24.7 4.07 4.45 4.79
24.8 4.07 4.44 4.79
24.9 4.07 4.44 4.79
25.0 4.07 4.44 4.79
25.1 4.07 4.44 4.79
25.2 4.07 4.44 4.79
25.3 4.07 4.44 4.79
25.4 4.07 4.43 4.79
25.5 4.07 4.43 4.79
25.6 4.07 4.43 4.79
25.7 4.07 4.43 4.79
25.8 4.07 4.43 4.79
25.9 4.07 4.43 4.8
26.0 4.07 4.43 4.8
26.1 4.07 4.43 4.8
26.2 4.07 4.43 4.8
26.3 4.07 4.43 4.8
26.4 4.07 4.43 4.8
26.5 4.07 4.43 4.8
26.6 4.08 4.43 4.81
26.7 4.08 4.43 4.81
26.8 4.08 4.43 4.81
26.9 4.08 4.43 4.81
27.0 4.08 4.43 4.81
27.1 4.08 4.43 4.81
27.2 4.08 4.43 4.81
27.3 4.09 4.43 4.81
27.4 4.09 4.43 4.81
27.5 4.09 4.43 4.81
27.6 4.09 4.44 4.81
27.7 4.09 4.44 4.81
27.8 4.09 4.44 4.81
27.9 4.1 4.44 4.81
28.0 4.1 4.44 4.81
28.1 4.1 4.44 4.81
28.2 4.1 4.44 4.81
28.3 4.1 4.44 4.81
28.4 4.1 4.44 4.81
28.5 4.1 4.44 4.81
28.6 4.1 4.44 4.81
28.7 4.1 4.44 4.8
28.8 4.1 4.44 4.8
28.9 4.1 4.44 4.8
29.0 4.1 4.44 4.8
29.1 4.1 4.44 4.8
29.2 4.09 4.44 4.8
29.3 4.09 4.44 4.8
29.4 4.08 4.44 4.8
29.5 4.08 4.44 4.8
29.6 4.07 4.44 4.8
29.7 4.06 4.44 4.8
29.8 4.05 4.44 4.8
29.9 4.04 4.44 4.8
30.0 4.03 4.44 4.8
30.1 4.01 4.44 4.8
30.2 4.0 4.44 4.8
30.3 3.98 4.44 4.8
30.4 3.96 4.44 4.8
30.5 3.95 4.44 4.8
30.6 3.93 4.44 4.8
30.7 3.91 4.44 4.8
30.8 3.89 4.44 4.8
30.9 3.87 4.44 4.8
31.0 3.85 4.44 4.8
31.1 3.84 4.44 4.8
31.2 3.82 4.44 4.8
31.3 3.8 4.44 4.8
31.4 3.79 4.44 4.8
31.5 3.78 4.44 4.8
31.6 3.77 4.44 4.8
31.7 3.76 4.44 4.8
31.8 3.75 4.44 4.8
31.9 3.75 4.44 4.8
32.0 3.74 4.44 4.8
32.1 3.74 4.44 4.8
32.2 3.74 4.44 4.8
32.3 3.74 4.44 4.8
32.4 3.75 4.44 4.8
32.5 3.75 4.44 4.8
32.6 3.77 4.44 4.8
32.7 3.78 4.44 4.8
32.8 3.79 4.45 4.8
32.9 3.8 4.45 4.81
33.0 3.81 4.45 4.81
33.1 3.82 4.45 4.81
33.2 3.83 4.45 4.81
33.3 3.84 4.46 4.81
33.4 3.85 4.46 4.81
33.5 3.86 4.46 4.81
33.6 3.87 4.47 4.81
33.7 3.88 4.47 4.81
33.8 3.89 4.47 4.81
33.9 3.91 4.48 4.81
34.0 3.93 4.48 4.81
34.1 3.96 4.48 4.81
34.2 4.0 4.49 4.82
34.3 4.03 4.49 4.82
34.4 4.06 4.5 4.82
34.5 4.1 4.5 4.82
34.6 4.13 4.51 4.83
34.7 4.16 4.51 4.83
34.8 4.19 4.51 4.83
34.9 4.2 4.51 4.83
35.0 4.21 4.51 4.83
35.1 4.22 4.51 4.83
35.2 4.23 4.51 4.82
35.3 4.23 4.51 4.82
35.4 4.24 4.51 4.82
35.5 4.24 4.51 4.82
35.6 4.24 4.51 4.82
35.7 4.25 4.5 4.82
35.8 4.25 4.5 4.82
35.9 4.25 4.5 4.82
36.0 4.25 4.5 4.81
36.1 4.25 4.5 4.81
36.2 4.26 4.5 4.81
36.3 4.26 4.49 4.81
36.4 4.27 4.49 4.81
36.5 4.27 4.49 4.81
36.6 4.27 4.49 4.81
36.7 4.28 4.49 4.81
36.8 4.28 4.49 4.81
36.9 4.28 4.49 4.81
37.0 4.29 4.48 4.81
37.1 4.29 4.48 4.81
37.2 4.29 4.48 4.81
37.3 4.3 4.48 4.81
37.4 4.3 4.48 4.81
37.5 4.3 4.48 4.81
37.6 4.3 4.47 4.81
37.7 4.31 4.47 4.81
37.8 4.31 4.47 4.81
37.9 4.31 4.47 4.81
38.0 4.31 4.47 4.81
38.1 4.32 4.47 4.81
38.2 4.32 4.46 4.81
38.3 4.32 4.46 4.81
38.4 4.33 4.46 4.81
38.5 4.33 4.46 4.81
38.6 4.33 4.46 4.81
38.7 4.34 4.46 4.81
38.8 4.34 4.45 4.81
38.9 4.34 4.45 4.81
39.0 4.35 4.45 4.81
39.1 4.35 4.45 4.81
39.2 4.35 4.45 4.81
39.3 4.36 4.45 4.81
39.4 4.36 4.44 4.81
39.5 4.37 4.44 4.82
39.6 4.37 4.44 4.82
39.7 4.38 4.44 4.82
39.8 4.38 4.44 4.82
39.9 4.39 4.45 4.82
40.0 4.4 4.45 4.82
40.1 4.4 4.45 4.82
40.2 4.41 4.45 4.82
40.3 4.41 4.45 4.82
40.4 4.42 4.45 4.82
40.5 4.43 4.45 4.82
40.6 4.43 4.45 4.82
40.7 4.44 4.45 4.82
40.8 4.45 4.45 4.82
40.9 4.45 4.45 4.82
41.0 4.46 4.45 4.82
41.1 4.46 4.45 4.82
41.2 4.47 4.45 4.82
41.3 4.47 4.45 4.82
41.4 4.48 4.45 4.82
41.5 4.48 4.45 4.82
41.6 4.48 4.44 4.82
41.7 4.48 4.44 4.82
41.8 4.48 4.44 4.82
41.9 4.49 4.44 4.82
42.0 4.49 4.44 4.82
42.1 4.49 4.44 4.82
42.2 4.49 4.44 4.82
42.3 4.49 4.44 4.82
42.4 4.49 4.45 4.82
42.5 4.49 4.45 4.82
42.6 4.49 4.45 4.82
42.7 4.49 4.45 4.82
42.8 4.49 4.45 4.82
42.9 4.49 4.45 4.82
43.0 4.49 4.45 4.82
43.1 4.49 4.45 4.82
43.2 4.49 4.45 4.82
43.3 4.49 4.45 4.82
43.4 4.48 4.45 4.82
43.5 4.48 4.45 4.82
43.6 4.48 4.45 4.82
43.7 4.48 4.45 4.82
43.8 4.47 4.45 4.82
43.9 4.47 4.45 4.82
44.0 4.47 4.46 4.82
44.1 4.47 4.46 4.82
44.2 4.47 4.46 4.82
44.3 4.47 4.47 4.82
44.4 4.47 4.47 4.82
44.5 4.47 4.47 4.82
44.6 4.47 4.47 4.82
44.7 4.47 4.48 4.82
44.8 4.47 4.48 4.82
44.9 4.47 4.48 4.82
45.0 4.46 4.48 4.82
45.1 4.46 4.48 4.82
45.2 4.46 4.49 4.82
45.3 4.46 4.49 4.82
45.4 4.46 4.49 4.82
45.5 4.46 4.5 4.82
45.6 4.46 4.5 4.82
45.7 4.46 4.5 4.82
45.8 4.46 4.5 4.82
45.9 4.46 4.51 4.82
46.0 4.46 4.51 4.82
46.1 4.46 4.51 4.82
46.2 4.46 4.51 4.82
46.3 4.45 4.51 4.82
46.4 4.45 4.51 4.82
46.5 4.45 4.51 4.82
46.6 4.45 4.51 4.82
46.7 4.45 4.52 4.82
46.8 4.45 4.52 4.82
46.9 4.45 4.52 4.82
47.0 4.45 4.52 4.82
47.1 4.45 4.52 4.82
47.2 4.45 4.52 4.82
47.3 4.46 4.52 4.82
47.4 4.46 4.52 4.82
47.5 4.46 4.52 4.82
47.6 4.46 4.53 4.82
47.7 4.47 4.53 4.82
47.8 4.47 4.53 4.83
47.9 4.48 4.53 4.83
48.0 4.48 4.53 4.83
48.1 4.48 4.53 4.83
48.2 4.49 4.53 4.83
48.3 4.49 4.53 4.83
48.4 4.49 4.54 4.83
48.5 4.5 4.54 4.83
48.6 4.5 4.54 4.83
48.7 4.5 4.54 4.83
48.8 4.5 4.54 4.83
48.9 4.5 4.53 4.83
49.0 4.5 4.53 4.83
49.1 4.5 4.53 4.83
49.2 4.5 4.53 4.83
49.3 4.5 4.53 4.83
49.4 4.49 4.53 4.84
49.5 4.49 4.53 4.84
49.6 4.49 4.53 4.84
49.7 4.49 4.53 4.84
49.8 4.49 4.52 4.84
49.9 4.49 4.52 4.84
