x y z
-2.027 -0.149 -0.602
-2.028 -0.149 -0.601
-2.027 -0.148 -0.600
-2.027 -0.147 -0.599
-2.028 -0.147 -0.598
-2.028 -0.146 -0.597
-2.028 -0.145 -0.596
-2.028 -0.144 -0.595
-2.028 -0.143 -0.594
-2.028 -0.143 -0.593
-2.027 -0.142 -0.592
-2.028 -0.141 -0.591
-2.028 -0.140 -0.590
-2.028 -0.140 -0.589
-2.028 -0.140 -0.588
-2.028 -0.139 -0.587
-2.028 -0.138 -0.586
-2.028 -0.138 -0.585
-2.028 -0.138 -0.583
-2.028 -0.137 -0.582
-2.028 -0.137 -0.581
-2.027 -0.136 -0.580
-2.027 -0.136 -0.579
-2.026 -0.135 -0.578
-2.026 -0.134 -0.577
-2.026 -0.134 -0.576
-2.027 -0.133 -0.575
-2.027 -0.132 -0.574
-2.027 -0.132 -0.573
-2.026 -0.131 -0.572
-2.025 -0.130 -0.571
-2.025 -0.129 -0.570
-2.024 -0.128 -0.569
-2.024 -0.127 -0.568
-2.024 -0.127 -0.567
-2.024 -0.126 -0.565
-2.025 -0.126 -0.563
-2.024 -0.126 -0.562
-2.024 -0.125 -0.561
-2.024 -0.125 -0.560
-2.024 -0.124 -0.559
-2.024 -0.124 -0.557
-2.023 -0.123 -0.556
-2.023 -0.123 -0.555
-2.023 -0.122 -0.554
-2.023 -0.122 -0.552
-2.022 -0.121 -0.551
-2.021 -0.120 -0.550
-2.020 -0.119 -0.549
-2.020 -0.119 -0.548
-2.020 -0.118 -0.547
-2.020 -0.118 -0.546
-2.019 -0.118 -0.544
-2.020 -0.118 -0.543
-2.020 -0.117 -0.542
-2.019 -0.117 -0.540
-2.019 -0.116 -0.539
-2.019 -0.116 -0.538
-2.019 -0.116 -0.536
-2.019 -0.116 -0.535
-2.019 -0.116 -0.533
-2.018 -0.116 -0.532
-2.018 -0.115 -0.531
-2.018 -0.115 -0.530
-2.017 -0.114 -0.528
-2.017 -0.114 -0.527
-2.017 -0.114 -0.526
-2.017 -0.113 -0.525
-2.017 -0.112 -0.524
-2.017 -0.110 -0.522
-2.017 -0.108 -0.521
-2.017 -0.104 -0.520
-2.017 -0.099 -0.519
-2.017 -0.093 -0.518
-2.018 -0.086 -0.517
-2.018 -0.078 -0.517
-2.019 -0.069 -0.518
-2.020 -0.060 -0.518
-2.020 -0.050 -0.518
-2.021 -0.039 -0.518
-2.022 -0.029 -0.518
-2.023 -0.018 -0.518
-2.023 -0.007 -0.517
-2.024 0.005 -0.517
-2.024 0.017 -0.517
-2.025 0.028 -0.515
-2.025 0.040 -0.514
-2.025 0.053 -0.513
-2.026 0.066 -0.513
-2.026 0.079 -0.512
-2.026 0.091 -0.511
-2.026 0.104 -0.511
-2.026 0.117 -0.510
-2.027 0.130 -0.509
-2.027 0.143 -0.509
-2.027 0.156 -0.508
-2.027 0.169 -0.508
-2.028 0.182 -0.507
-2.028 0.196 -0.507
-2.029 0.210 -0.506
-2.029 0.223 -0.506
-2.030 0.237 -0.506
-2.030 0.251 -0.506
-2.031 0.265 -0.506
-2.032 0.279 -0.506
-2.033 0.293 -0.505
-2.034 0.307 -0.506
-2.034 0.322 -0.506
-2.035 0.336 -0.506
-2.035 0.350 -0.507
-2.036 0.365 -0.507
-2.037 0.379 -0.508
-2.038 0.394 -0.509
-2.038 0.409 -0.510
-2.039 0.423 -0.510
-2.039 0.439 -0.511
-2.040 0.454 -0.512
-2.040 0.469 -0.513
-2.041 0.485 -0.514
-2.041 0.500 -0.515
-2.042 0.516 -0.516
-2.043 0.531 -0.518
-2.043 0.547 -0.519
-2.044 0.563 -0.520
-2.044 0.579 -0.521
-2.045 0.596 -0.523
-2.046 0.611 -0.524
-2.046 0.627 -0.525
-2.047 0.643 -0.527
-2.048 0.660 -0.528
-2.049 0.675 -0.529
-2.049 0.691 -0.530
-2.050 0.708 -0.532
-2.051 0.724 -0.533
-2.051 0.740 -0.534
-2.052 0.757 -0.535
-2.052 0.773 -0.536
-2.053 0.790 -0.538
-2.054 0.806 -0.539
-2.055 0.823 -0.540
-2.055 0.840 -0.541
-2.056 0.856 -0.542
-2.057 0.873 -0.544
-2.057 0.889 -0.545
-2.058 0.905 -0.546
-2.059 0.920 -0.547
-2.059 0.934 -0.547
-2.060 0.946 -0.548
-2.059 0.956 -0.548
-2.057 0.963 -0.548
-2.055 0.967 -0.548
-2.053 0.967 -0.548
-2.051 0.964 -0.549
-2.049 0.960 -0.551
-2.049 0.953 -0.552
-2.048 0.947 -0.554
-2.047 0.944 -0.556
-2.044 0.941 -0.557
-2.042 0.938 -0.557
-2.040 0.935 -0.557
-2.038 0.933 -0.557
-2.035 0.932 -0.557
-2.033 0.931 -0.557
-2.030 0.931 -0.557
-2.028 0.931 -0.557
-2.025 0.932 -0.557
-2.023 0.933 -0.556
-2.020 0.934 -0.556
-2.017 0.935 -0.556
-2.015 0.937 -0.556
-2.013 0.939 -0.556
-2.011 0.941 -0.556
-2.009 0.943 -0.555
-2.006 0.944 -0.556
-2.005 0.947 -0.555
-2.003 0.949 -0.555
-2.001 0.951 -0.555
-1.999 0.954 -0.555
-1.997 0.957 -0.555
-1.995 0.959 -0.555
-1.993 0.962 -0.554
-1.991 0.965 -0.554
-1.989 0.967 -0.554
-1.988 0.970 -0.553
-1.986 0.973 -0.553
-1.984 0.976 -0.553
-1.982 0.979 -0.552
-1.980 0.981 -0.552
-1.979 0.985 -0.551
-1.978 0.987 -0.551
-1.976 0.990 -0.551
-1.974 0.992 -0.550
-1.973 0.995 -0.550
-1.972 0.998 -0.549
-1.971 1.000 -0.549
-1.969 1.002 -0.549
-1.968 1.005 -0.548
-1.967 1.007 -0.548
-1.966 1.009 -0.548
-1.965 1.012 -0.547
-1.964 1.014 -0.547
-1.963 1.016 -0.546
-1.962 1.018 -0.546
-1.961 1.020 -0.546
-1.960 1.022 -0.546
-1.959 1.024 -0.545
-1.959 1.026 -0.545
-1.958 1.028 -0.545
-1.957 1.030 -0.545
-1.957 1.031 -0.545
-1.956 1.033 -0.545
-1.956 1.034 -0.544
-1.955 1.035 -0.544
-1.954 1.037 -0.544
-1.954 1.038 -0.544
-1.953 1.039 -0.544
-1.953 1.040 -0.544
-1.953 1.042 -0.544
-1.952 1.043 -0.544
-1.952 1.044 -0.544
-1.951 1.045 -0.543
-1.951 1.046 -0.543
-1.951 1.047 -0.543
-1.950 1.048 -0.543
-1.950 1.049 -0.542
-1.950 1.050 -0.541
-1.949 1.051 -0.542
-1.949 1.052 -0.541
-1.949 1.053 -0.541
-1.948 1.054 -0.541
-1.948 1.054 -0.540
-1.947 1.056 -0.540
-1.947 1.056 -0.540
-1.946 1.057 -0.540
-1.946 1.058 -0.539
-1.945 1.059 -0.539
-1.945 1.061 -0.538
-1.944 1.062 -0.538
-1.943 1.063 -0.537
-1.943 1.063 -0.536
-1.942 1.064 -0.535
-1.941 1.066 -0.535
-1.941 1.067 -0.534
-1.940 1.067 -0.533
-1.939 1.068 -0.533
-1.938 1.069 -0.532
-1.937 1.070 -0.532
-1.937 1.071 -0.530
-1.936 1.072 -0.530
-1.935 1.073 -0.529
-1.934 1.074 -0.528
-1.933 1.075 -0.527
-1.932 1.076 -0.526
-1.931 1.077 -0.525
-1.930 1.078 -0.524
-1.929 1.080 -0.523
-1.928 1.081 -0.522
-1.927 1.083 -0.521
-1.926 1.084 -0.520
-1.925 1.086 -0.519
-1.924 1.087 -0.518
-1.923 1.089 -0.517
-1.922 1.091 -0.516
-1.921 1.092 -0.515
-1.920 1.094 -0.513
-1.919 1.095 -0.512
-1.918 1.097 -0.511
-1.917 1.099 -0.511
-1.916 1.100 -0.510
-1.915 1.102 -0.509
-1.914 1.103 -0.508
-1.913 1.105 -0.506
-1.912 1.106 -0.505
-1.911 1.107 -0.504
-1.911 1.109 -0.503
-1.910 1.111 -0.502
-1.909 1.112 -0.501
-1.909 1.114 -0.500
-1.908 1.115 -0.499
-1.907 1.116 -0.498
-1.907 1.118 -0.498
-1.906 1.119 -0.497
-1.906 1.121 -0.496
-1.905 1.122 -0.495
-1.905 1.123 -0.494
-1.904 1.125 -0.493
-1.904 1.126 -0.492
-1.903 1.127 -0.491
-1.903 1.128 -0.490
-1.902 1.129 -0.489
-1.902 1.131 -0.488
-1.902 1.132 -0.487
-1.901 1.133 -0.486
-1.901 1.134 -0.485
-1.900 1.135 -0.485
-1.900 1.136 -0.484
-1.899 1.137 -0.483
-1.899 1.138 -0.482
-1.899 1.139 -0.481
-1.898 1.140 -0.480
-1.898 1.140 -0.479
-1.898 1.141 -0.478
-1.897 1.142 -0.477
-1.897 1.143 -0.476
-1.897 1.144 -0.476
-1.896 1.145 -0.475
-1.896 1.146 -0.474
-1.896 1.147 -0.473
-1.895 1.147 -0.472
-1.895 1.148 -0.470
-1.894 1.149 -0.469
-1.894 1.150 -0.468
-1.893 1.150 -0.467
-1.893 1.151 -0.466
-1.893 1.152 -0.465
-1.892 1.153 -0.464
-1.892 1.153 -0.463
-1.891 1.154 -0.462
-1.890 1.154 -0.460
-1.890 1.155 -0.459
-1.889 1.156 -0.458
-1.889 1.156 -0.457
-1.888 1.157 -0.456
-1.888 1.158 -0.454
-1.887 1.158 -0.453
-1.887 1.159 -0.452
-1.886 1.160 -0.450
-1.885 1.160 -0.449
-1.884 1.161 -0.448
-1.883 1.162 -0.447
-1.882 1.163 -0.445
-1.882 1.163 -0.444
-1.881 1.164 -0.442
-1.880 1.165 -0.441
-1.880 1.165 -0.439
-1.879 1.165 -0.438
-1.878 1.166 -0.437
-1.877 1.167 -0.435
-1.877 1.167 -0.434
-1.876 1.168 -0.433
-1.875 1.168 -0.431
-1.875 1.169 -0.430
-1.874 1.169 -0.428
-1.873 1.170 -0.427
-1.873 1.171 -0.425
-1.872 1.171 -0.424
-1.872 1.172 -0.422
-1.871 1.173 -0.421
-1.870 1.173 -0.419
-1.870 1.174 -0.418
-1.869 1.175 -0.416
-1.869 1.175 -0.415
-1.868 1.176 -0.413
-1.867 1.176 -0.412
-1.867 1.177 -0.410
-1.866 1.178 -0.409
-1.866 1.178 -0.408
-1.866 1.178 -0.406
-1.865 1.179 -0.405
-1.865 1.180 -0.403
-1.864 1.180 -0.402
-1.863 1.181 -0.400
-1.863 1.181 -0.399
-1.863 1.182 -0.397
-1.862 1.182 -0.396
-1.862 1.183 -0.394
-1.861 1.183 -0.393
-1.861 1.184 -0.391
-1.860 1.185 -0.390
-1.860 1.185 -0.389
-1.859 1.186 -0.387
-1.859 1.186 -0.386
-1.859 1.187 -0.384
-1.858 1.187 -0.383
-1.857 1.188 -0.381
-1.857 1.189 -0.380
-1.856 1.189 -0.378
-1.856 1.190 -0.377
-1.855 1.191 -0.375
-1.855 1.191 -0.374
-1.854 1.192 -0.372
-1.854 1.192 -0.371
-1.853 1.193 -0.369
-1.853 1.194 -0.368
-1.852 1.194 -0.366
-1.851 1.195 -0.364
-1.851 1.196 -0.363
-1.850 1.196 -0.361
-1.850 1.197 -0.360
-1.849 1.198 -0.358
-1.849 1.199 -0.357
-1.849 1.199 -0.355
-1.848 1.200 -0.354
-1.848 1.200 -0.352
-1.847 1.201 -0.351
-1.847 1.201 -0.349
-1.846 1.202 -0.347
-1.846 1.203 -0.346
-1.845 1.203 -0.344
-1.845 1.203 -0.343
-1.844 1.204 -0.341
-1.844 1.204 -0.339
-1.843 1.205 -0.338
-1.843 1.205 -0.336
-1.843 1.205 -0.335
-1.842 1.206 -0.333
-1.841 1.206 -0.331
-1.841 1.207 -0.330
-1.841 1.207 -0.328
-1.840 1.207 -0.326
-1.840 1.208 -0.325
-1.839 1.208 -0.323
-1.839 1.208 -0.321
-1.838 1.209 -0.319
-1.838 1.209 -0.318
-1.837 1.210 -0.316
-1.837 1.210 -0.314
-1.836 1.211 -0.313
-1.836 1.211 -0.311
-1.835 1.212 -0.309
-1.835 1.212 -0.307
-1.834 1.212 -0.306
-1.833 1.212 -0.304
-1.833 1.213 -0.302
-1.832 1.213 -0.300
-1.832 1.213 -0.298
-1.831 1.213 -0.297
-1.831 1.214 -0.295
-1.830 1.214 -0.293
-1.830 1.214 -0.291
-1.829 1.214 -0.290
-1.828 1.215 -0.288
-1.828 1.215 -0.286
-1.827 1.215 -0.284
-1.827 1.216 -0.282
-1.826 1.216 -0.281
-1.826 1.216 -0.279
-1.825 1.217 -0.277
-1.825 1.217 -0.275
-1.824 1.217 -0.273
-1.824 1.218 -0.271
-1.823 1.218 -0.270
-1.823 1.218 -0.268
-1.822 1.218 -0.266
-1.822 1.218 -0.264
-1.821 1.219 -0.262
-1.821 1.219 -0.261
-1.820 1.219 -0.259
-1.820 1.219 -0.257
-1.820 1.220 -0.255
-1.819 1.220 -0.253
-1.819 1.220 -0.252
-1.818 1.220 -0.250
-1.818 1.221 -0.248
-1.817 1.221 -0.246
-1.817 1.221 -0.244
-1.817 1.221 -0.242
-1.816 1.222 -0.241
-1.816 1.222 -0.239
-1.815 1.222 -0.237
-1.815 1.222 -0.235
-1.815 1.222 -0.233
-1.814 1.223 -0.231
-1.814 1.223 -0.230
-1.813 1.223 -0.228
-1.813 1.223 -0.226
-1.812 1.223 -0.224
-1.812 1.223 -0.222
-1.811 1.223 -0.220
-1.811 1.223 -0.218
-1.811 1.223 -0.216
-1.810 1.223 -0.215
-1.810 1.224 -0.213
-1.809 1.224 -0.211
-1.809 1.224 -0.209
-1.809 1.224 -0.207
-1.808 1.224 -0.205
-1.808 1.224 -0.204
-1.808 1.224 -0.202
-1.807 1.224 -0.200
-1.807 1.225 -0.198
-1.806 1.225 -0.196
-1.806 1.225 -0.194
-1.805 1.225 -0.192
-1.805 1.225 -0.190
-1.805 1.225 -0.188
-1.804 1.225 -0.186
-1.804 1.225 -0.184
-1.803 1.225 -0.182
-1.803 1.225 -0.180
-1.802 1.225 -0.178
-1.802 1.225 -0.176
-1.802 1.225 -0.174
-1.801 1.225 -0.172
-1.801 1.225 -0.171
-1.800 1.225 -0.169
-1.800 1.225 -0.167
-1.800 1.225 -0.165
-1.799 1.225 -0.163
-1.798 1.225 -0.160
-1.798 1.225 -0.159
-1.797 1.225 -0.156
-1.797 1.225 -0.154
-1.797 1.225 -0.152
-1.796 1.225 -0.150
-1.796 1.224 -0.148
-1.795 1.224 -0.146
-1.795 1.224 -0.145
-1.794 1.224 -0.142
-1.794 1.224 -0.140
-1.793 1.224 -0.138
-1.793 1.224 -0.136
-1.793 1.224 -0.134
-1.792 1.224 -0.132
-1.792 1.224 -0.130
-1.791 1.224 -0.128
-1.791 1.224 -0.126
-1.790 1.224 -0.124
-1.790 1.224 -0.122
-1.790 1.224 -0.120
-1.789 1.224 -0.118
-1.789 1.224 -0.116
-1.788 1.223 -0.114
-1.788 1.223 -0.112
-1.787 1.223 -0.110
-1.787 1.223 -0.108
-1.787 1.223 -0.105
-1.786 1.223 -0.103
-1.786 1.223 -0.101
-1.785 1.223 -0.099
-1.784 1.224 -0.098
-1.783 1.224 -0.096
-1.784 1.223 -0.093
-1.783 1.223 -0.091
-1.783 1.223 -0.089
-1.782 1.223 -0.087
-1.782 1.223 -0.085
-1.781 1.223 -0.083
-1.780 1.223 -0.081
-1.780 1.223 -0.079
-1.779 1.222 -0.077
-1.779 1.222 -0.075
-1.778 1.222 -0.072
-1.778 1.222 -0.070
-1.777 1.222 -0.068
-1.776 1.222 -0.066
-1.776 1.222 -0.064
-1.775 1.222 -0.062
-1.775 1.222 -0.060
-1.774 1.222 -0.058
-1.773 1.222 -0.056
