x y z
-1.076 2.437 -0.252
-1.076 2.437 -0.250
-1.075 2.437 -0.249
-1.075 2.437 -0.247
-1.075 2.437 -0.246
-1.075 2.437 -0.244
-1.075 2.436 -0.242
-1.074 2.436 -0.241
-1.074 2.436 -0.239
-1.074 2.436 -0.238
-1.073 2.435 -0.237
-1.073 2.436 -0.234
-1.073 2.436 -0.233
-1.073 2.435 -0.231
-1.072 2.435 -0.230
-1.072 2.435 -0.229
-1.072 2.435 -0.227
-1.071 2.435 -0.226
-1.071 2.435 -0.224
-1.071 2.435 -0.223
-1.071 2.435 -0.221
-1.071 2.434 -0.220
-1.071 2.434 -0.218
-1.071 2.434 -0.217
-1.070 2.434 -0.215
-1.070 2.434 -0.214
-1.070 2.433 -0.212
-1.070 2.433 -0.211
-1.070 2.433 -0.210
-1.069 2.433 -0.208
-1.069 2.433 -0.207
-1.068 2.432 -0.206
-1.068 2.432 -0.204
-1.067 2.432 -0.203
-1.067 2.432 -0.201
-1.066 2.432 -0.200
-1.066 2.432 -0.199
-1.065 2.431 -0.197
-1.065 2.431 -0.196
-1.065 2.431 -0.195
-1.065 2.431 -0.193
-1.064 2.430 -0.192
-1.064 2.430 -0.191
-1.064 2.430 -0.190
-1.064 2.429 -0.189
-1.064 2.429 -0.188
-1.064 2.429 -0.186
-1.063 2.429 -0.185
-1.063 2.429 -0.184
-1.063 2.429 -0.183
-1.063 2.429 -0.182
-1.063 2.428 -0.181
-1.063 2.428 -0.181
-1.063 2.428 -0.180
-1.062 2.429 -0.179
-1.062 2.429 -0.178
-1.062 2.428 -0.177
-1.062 2.428 -0.176
-1.062 2.428 -0.175
-1.062 2.428 -0.174
-1.061 2.428 -0.173
-1.061 2.429 -0.172
-1.061 2.429 -0.171
-1.060 2.430 -0.169
-1.058 2.431 -0.168
-1.055 2.432 -0.167
-1.053 2.434 -0.166
-1.049 2.436 -0.165
-1.046 2.438 -0.164
-1.042 2.441 -0.163
-1.038 2.444 -0.162
-1.033 2.447 -0.161
-1.029 2.450 -0.161
-1.024 2.453 -0.160
-1.020 2.456 -0.160
-1.015 2.459 -0.160
-1.010 2.463 -0.159
-1.005 2.466 -0.158
-0.999 2.469 -0.158
-0.994 2.472 -0.157
-0.989 2.474 -0.155
-0.984 2.477 -0.155
-0.978 2.480 -0.153
-0.973 2.483 -0.152
-0.968 2.485 -0.151
-0.963 2.488 -0.150
-0.958 2.490 -0.149
-0.953 2.493 -0.148
-0.947 2.495 -0.147
-0.942 2.498 -0.146
-0.936 2.501 -0.145
-0.932 2.503 -0.143
-0.926 2.506 -0.142
-0.921 2.509 -0.141
-0.915 2.512 -0.140
-0.909 2.516 -0.139
-0.904 2.519 -0.138
-0.898 2.522 -0.136
-0.892 2.525 -0.135
-0.885 2.529 -0.135
-0.879 2.532 -0.134
-0.872 2.536 -0.133
-0.866 2.539 -0.132
-0.860 2.543 -0.130
-0.853 2.546 -0.130
-0.847 2.550 -0.128
-0.840 2.554 -0.127
-0.834 2.557 -0.127
-0.827 2.561 -0.126
-0.821 2.564 -0.125
-0.814 2.567 -0.124
-0.807 2.571 -0.124
-0.800 2.575 -0.123
-0.793 2.578 -0.122
-0.786 2.582 -0.122
-0.780 2.586 -0.121
-0.772 2.590 -0.121
-0.766 2.594 -0.121
-0.759 2.598 -0.120
-0.751 2.602 -0.120
-0.745 2.606 -0.120
-0.738 2.610 -0.119
-0.731 2.613 -0.119
-0.723 2.618 -0.119
-0.716 2.622 -0.119
-0.709 2.626 -0.119
-0.702 2.630 -0.119
-0.697 2.634 -0.119
-0.690 2.638 -0.119
-0.685 2.642 -0.118
-0.678 2.646 -0.118
-0.671 2.651 -0.118
-0.664 2.655 -0.118
-0.656 2.660 -0.119
-0.649 2.664 -0.119
-0.642 2.669 -0.119
-0.634 2.674 -0.119
-0.626 2.678 -0.119
-0.619 2.683 -0.119
-0.613 2.687 -0.119
-0.607 2.691 -0.119
-0.603 2.694 -0.119
-0.601 2.696 -0.119
-0.600 2.697 -0.119
-0.600 2.697 -0.120
-0.601 2.696 -0.121
-0.604 2.694 -0.122
-0.607 2.692 -0.123
-0.610 2.690 -0.125
-0.613 2.688 -0.127
-0.615 2.686 -0.128
-0.617 2.684 -0.129
-0.619 2.683 -0.130
-0.620 2.681 -0.131
-0.621 2.680 -0.132
-0.622 2.678 -0.132
-0.621 2.678 -0.133
-0.621 2.677 -0.133
-0.621 2.676 -0.133
-0.620 2.675 -0.133
-0.619 2.674 -0.133
-0.618 2.674 -0.133
-0.617 2.674 -0.133
-0.615 2.673 -0.133
-0.614 2.673 -0.133
-0.612 2.672 -0.133
-0.610 2.672 -0.133
-0.608 2.672 -0.132
-0.607 2.671 -0.132
-0.605 2.671 -0.132
-0.603 2.671 -0.132
-0.601 2.671 -0.131
-0.599 2.671 -0.131
-0.596 2.671 -0.131
-0.594 2.671 -0.131
-0.592 2.670 -0.130
-0.590 2.670 -0.130
-0.588 2.670 -0.130
-0.586 2.670 -0.129
-0.584 2.670 -0.129
-0.582 2.670 -0.128
-0.580 2.670 -0.128
-0.578 2.670 -0.128
-0.576 2.670 -0.127
-0.573 2.670 -0.127
-0.571 2.670 -0.126
-0.569 2.670 -0.125
-0.567 2.670 -0.125
-0.564 2.670 -0.124
-0.563 2.670 -0.124
-0.559 2.671 -0.124
-0.557 2.671 -0.123
-0.555 2.671 -0.123
-0.552 2.671 -0.122
-0.550 2.671 -0.121
-0.548 2.671 -0.121
-0.546 2.671 -0.121
-0.544 2.671 -0.120
-0.542 2.671 -0.120
-0.541 2.671 -0.120
-0.539 2.671 -0.119
-0.538 2.670 -0.119
-0.536 2.671 -0.119
-0.535 2.670 -0.118
-0.534 2.671 -0.118
-0.533 2.671 -0.117
-0.532 2.670 -0.117
-0.531 2.671 -0.116
-0.530 2.670 -0.116
-0.529 2.670 -0.115
-0.527 2.670 -0.115
-0.526 2.670 -0.114
-0.525 2.670 -0.114
-0.525 2.670 -0.113
-0.524 2.670 -0.113
-0.522 2.670 -0.112
-0.522 2.670 -0.110
-0.521 2.670 -0.110
-0.520 2.670 -0.109
-0.519 2.670 -0.109
-0.518 2.670 -0.108
-0.518 2.669 -0.107
-0.517 2.669 -0.107
-0.516 2.669 -0.106
-0.515 2.669 -0.105
-0.514 2.668 -0.105
-0.513 2.668 -0.105
-0.512 2.667 -0.104
-0.512 2.667 -0.104
-0.513 2.666 -0.102
-0.512 2.666 -0.102
-0.512 2.666 -0.101
-0.512 2.666 -0.099
-0.511 2.665 -0.098
-0.510 2.665 -0.097
-0.509 2.664 -0.098
-0.509 2.664 -0.096
-0.508 2.663 -0.095
-0.508 2.663 -0.094
-0.507 2.662 -0.093
-0.506 2.662 -0.092
-0.505 2.662 -0.091
-0.504 2.661 -0.090
-0.505 2.660 -0.089
-0.504 2.660 -0.088
-0.503 2.659 -0.087
-0.502 2.658 -0.085
-0.501 2.658 -0.084
-0.500 2.657 -0.083
-0.500 2.657 -0.082
-0.499 2.656 -0.081
-0.497 2.656 -0.080
-0.496 2.655 -0.079
-0.495 2.655 -0.078
-0.494 2.654 -0.077
-0.493 2.654 -0.075
-0.492 2.653 -0.074
-0.490 2.653 -0.073
-0.489 2.652 -0.072
-0.488 2.652 -0.070
-0.487 2.652 -0.069
-0.486 2.651 -0.067
-0.484 2.650 -0.066
-0.483 2.650 -0.065
-0.482 2.650 -0.063
-0.480 2.649 -0.062
-0.479 2.649 -0.061
-0.477 2.648 -0.061
-0.476 2.647 -0.060
-0.474 2.647 -0.059
-0.472 2.646 -0.058
-0.471 2.646 -0.057
-0.469 2.645 -0.055
-0.468 2.645 -0.054
-0.466 2.644 -0.053
-0.465 2.644 -0.052
-0.464 2.643 -0.051
-0.463 2.643 -0.049
-0.461 2.642 -0.048
-0.458 2.641 -0.047
-0.457 2.641 -0.046
-0.455 2.640 -0.045
-0.454 2.640 -0.044
-0.453 2.640 -0.043
-0.452 2.640 -0.040
-0.451 2.639 -0.039
-0.450 2.639 -0.038
-0.449 2.639 -0.037
-0.448 2.638 -0.036
-0.447 2.638 -0.034
-0.446 2.637 -0.033
-0.445 2.637 -0.032
-0.441 2.636 -0.031
-0.440 2.636 -0.030
-0.440 2.635 -0.028
-0.439 2.635 -0.027
-0.438 2.635 -0.026
-0.437 2.634 -0.025
-0.436 2.633 -0.023
-0.435 2.632 -0.022
-0.434 2.632 -0.021
-0.433 2.632 -0.019
-0.433 2.630 -0.018
-0.431 2.630 -0.017
-0.431 2.629 -0.016
-0.430 2.629 -0.014
-0.429 2.628 -0.013
-0.428 2.627 -0.012
-0.427 2.627 -0.010
-0.426 2.626 -0.009
-0.425 2.625 -0.008
-0.424 2.624 -0.006
-0.424 2.624 -0.005
-0.425 2.623 -0.003
-0.424 2.623 -0.001
-0.424 2.622 -0.000
-0.423 2.621 0.001
-0.422 2.621 0.002
-0.421 2.620 0.004
-0.420 2.619 0.005
-0.419 2.618 0.007
-0.418 2.617 0.008
-0.417 2.617 0.010
-0.417 2.616 0.011
-0.416 2.615 0.013
-0.415 2.614 0.014
-0.414 2.613 0.016
-0.414 2.612 0.017
-0.413 2.612 0.019
-0.412 2.611 0.021
-0.411 2.610 0.022
-0.410 2.609 0.024
-0.409 2.608 0.025
-0.408 2.608 0.027
-0.408 2.607 0.028
-0.407 2.606 0.030
-0.406 2.605 0.031
-0.405 2.604 0.033
-0.405 2.603 0.035
-0.404 2.603 0.036
-0.403 2.602 0.038
-0.402 2.601 0.039
-0.402 2.600 0.041
-0.401 2.599 0.043
-0.400 2.599 0.044
-0.398 2.598 0.045
-0.397 2.597 0.046
-0.396 2.596 0.048
-0.395 2.595 0.050
-0.394 2.595 0.051
-0.394 2.594 0.053
-0.393 2.593 0.054
-0.392 2.592 0.056
-0.391 2.592 0.058
-0.391 2.591 0.059
-0.390 2.590 0.061
-0.389 2.589 0.062
-0.389 2.588 0.064
-0.386 2.587 0.065
-0.385 2.586 0.067
-0.384 2.586 0.069
-0.383 2.585 0.070
-0.383 2.585 0.072
-0.382 2.584 0.073
-0.381 2.584 0.075
-0.380 2.583 0.077
-0.379 2.582 0.079
-0.379 2.582 0.080
-0.378 2.581 0.082
-0.377 2.580 0.083
-0.377 2.579 0.085
-0.376 2.579 0.087
-0.373 2.578 0.086
-0.373 2.577 0.088
-0.372 2.577 0.090
-0.372 2.576 0.091
-0.372 2.575 0.093
-0.371 2.574 0.095
-0.370 2.574 0.097
-0.370 2.573 0.098
-0.369 2.572 0.100
-0.369 2.571 0.102
-0.368 2.571 0.103
-0.367 2.570 0.105
-0.367 2.569 0.107
-0.366 2.569 0.109
-0.365 2.568 0.110
-0.365 2.567 0.112
-0.364 2.567 0.114
-0.363 2.566 0.116
-0.363 2.565 0.117
-0.362 2.564 0.119
-0.362 2.564 0.121
-0.361 2.563 0.123
-0.361 2.562 0.125
-0.360 2.561 0.127
-0.360 2.560 0.128
-0.359 2.559 0.130
-0.359 2.558 0.132
-0.359 2.557 0.134
-0.358 2.557 0.135
-0.357 2.556 0.137
-0.356 2.555 0.139
-0.356 2.554 0.140
-0.355 2.553 0.142
-0.355 2.552 0.144
-0.354 2.551 0.146
