x y z
-1.829 0.743 -0.557
-1.829 0.742 -0.555
-1.829 0.741 -0.554
-1.830 0.740 -0.551
-1.830 0.739 -0.550
-1.830 0.739 -0.548
-1.831 0.738 -0.546
-1.831 0.737 -0.546
-1.831 0.736 -0.544
-1.832 0.736 -0.543
-1.832 0.735 -0.541
-1.833 0.734 -0.539
-1.833 0.733 -0.538
-1.834 0.732 -0.536
-1.834 0.731 -0.535
-1.835 0.730 -0.533
-1.836 0.729 -0.532
-1.836 0.728 -0.531
-1.837 0.727 -0.530
-1.837 0.726 -0.528
-1.837 0.725 -0.527
-1.838 0.725 -0.526
-1.838 0.724 -0.524
-1.838 0.723 -0.523
-1.838 0.723 -0.522
-1.838 0.722 -0.520
-1.838 0.722 -0.519
-1.838 0.721 -0.518
-1.838 0.721 -0.517
-1.838 0.720 -0.515
-1.838 0.719 -0.514
-1.838 0.719 -0.513
-1.838 0.718 -0.512
-1.838 0.718 -0.511
-1.838 0.717 -0.510
-1.838 0.716 -0.509
-1.838 0.715 -0.508
-1.837 0.714 -0.507
-1.837 0.714 -0.506
-1.837 0.713 -0.505
-1.837 0.712 -0.504
-1.837 0.711 -0.503
-1.837 0.710 -0.502
-1.837 0.710 -0.501
-1.837 0.709 -0.501
-1.837 0.708 -0.500
-1.837 0.707 -0.498
-1.837 0.707 -0.498
-1.837 0.706 -0.497
-1.837 0.705 -0.496
-1.837 0.705 -0.495
-1.837 0.704 -0.494
-1.836 0.703 -0.493
-1.837 0.703 -0.493
-1.836 0.702 -0.492
-1.836 0.701 -0.491
-1.836 0.700 -0.490
-1.836 0.700 -0.490
-1.836 0.699 -0.489
-1.836 0.698 -0.488
-1.836 0.697 -0.487
-1.836 0.697 -0.487
-1.835 0.696 -0.486
-1.835 0.696 -0.485
-1.835 0.695 -0.485
-1.834 0.694 -0.484
-1.834 0.694 -0.483
-1.833 0.693 -0.483
-1.833 0.692 -0.482
-1.831 0.691 -0.482
-1.829 0.689 -0.482
-1.827 0.688 -0.482
-1.824 0.686 -0.481
-1.821 0.685 -0.481
-1.816 0.685 -0.481
-1.811 0.687 -0.480
-1.805 0.690 -0.480
-1.799 0.694 -0.480
-1.792 0.699 -0.481
-1.784 0.705 -0.482
-1.776 0.711 -0.482
-1.768 0.718 -0.483
-1.759 0.726 -0.484
-1.749 0.733 -0.484
-1.740 0.740 -0.485
-1.730 0.747 -0.485
-1.719 0.755 -0.485
-1.709 0.763 -0.485
-1.699 0.770 -0.485
-1.688 0.778 -0.485
-1.678 0.785 -0.485
-1.668 0.793 -0.485
-1.658 0.801 -0.485
-1.648 0.809 -0.485
-1.638 0.818 -0.485
-1.628 0.826 -0.486
-1.619 0.834 -0.486
-1.609 0.843 -0.486
-1.600 0.852 -0.487
-1.591 0.861 -0.487
-1.582 0.869 -0.488
-1.572 0.878 -0.488
-1.563 0.887 -0.488
-1.554 0.896 -0.489
-1.544 0.905 -0.489
-1.535 0.914 -0.489
-1.525 0.923 -0.490
-1.516 0.932 -0.490
-1.506 0.941 -0.490
-1.496 0.951 -0.491
-1.485 0.960 -0.491
-1.475 0.970 -0.492
-1.464 0.979 -0.492
-1.454 0.989 -0.493
-1.443 0.999 -0.494
-1.432 1.010 -0.495
-1.421 1.021 -0.496
-1.410 1.031 -0.497
-1.399 1.041 -0.497
-1.388 1.052 -0.498
-1.377 1.063 -0.499
-1.366 1.074 -0.501
-1.355 1.085 -0.502
-1.343 1.096 -0.503
-1.331 1.107 -0.505
-1.320 1.118 -0.506
-1.308 1.130 -0.508
-1.296 1.141 -0.509
-1.284 1.152 -0.510
-1.272 1.163 -0.512
-1.260 1.174 -0.513
-1.248 1.185 -0.515
-1.236 1.197 -0.516
-1.224 1.208 -0.518
-1.212 1.220 -0.519
-1.200 1.231 -0.521
-1.188 1.242 -0.522
-1.176 1.253 -0.524
-1.164 1.265 -0.526
-1.152 1.277 -0.528
-1.140 1.288 -0.530
-1.128 1.300 -0.532
-1.116 1.311 -0.533
-1.105 1.323 -0.535
-1.093 1.334 -0.537
-1.082 1.345 -0.538
-1.070 1.356 -0.540
-1.059 1.368 -0.542
-1.047 1.380 -0.544
-1.036 1.391 -0.547
-1.026 1.402 -0.548
-1.017 1.411 -0.550
-1.009 1.419 -0.551
-1.004 1.424 -0.552
-1.002 1.426 -0.553
-1.002 1.426 -0.555
-1.004 1.424 -0.557
-1.009 1.420 -0.559
-1.015 1.415 -0.561
-1.021 1.409 -0.562
-1.025 1.404 -0.564
-1.028 1.400 -0.566
-1.030 1.397 -0.566
-1.031 1.393 -0.567
-1.031 1.390 -0.567
-1.032 1.387 -0.567
-1.031 1.385 -0.567
-1.030 1.384 -0.567
-1.029 1.382 -0.568
-1.028 1.381 -0.568
-1.026 1.380 -0.568
-1.024 1.380 -0.569
-1.022 1.380 -0.569
-1.020 1.379 -0.569
-1.018 1.380 -0.570
-1.015 1.380 -0.571
-1.013 1.381 -0.571
-1.010 1.381 -0.571
-1.007 1.382 -0.572
-1.004 1.383 -0.572
-1.001 1.383 -0.573
-0.998 1.384 -0.573
-0.995 1.385 -0.574
-0.992 1.386 -0.575
-0.989 1.387 -0.575
-0.986 1.388 -0.576
-0.982 1.389 -0.576
-0.979 1.390 -0.577
-0.976 1.392 -0.578
-0.973 1.393 -0.579
-0.970 1.394 -0.579
-0.967 1.395 -0.580
-0.964 1.396 -0.580
-0.961 1.397 -0.581
-0.958 1.399 -0.582
-0.955 1.400 -0.582
-0.952 1.401 -0.583
-0.949 1.403 -0.584
-0.947 1.404 -0.584
-0.944 1.405 -0.585
-0.941 1.406 -0.586
-0.938 1.408 -0.586
-0.936 1.409 -0.587
-0.934 1.410 -0.587
-0.931 1.411 -0.588
-0.929 1.412 -0.589
-0.927 1.413 -0.589
-0.924 1.414 -0.590
-0.922 1.415 -0.591
-0.920 1.415 -0.591
-0.919 1.416 -0.592
-0.917 1.417 -0.593
-0.915 1.418 -0.593
-0.913 1.418 -0.594
-0.911 1.419 -0.595
-0.910 1.419 -0.595
-0.908 1.420 -0.596
-0.907 1.420 -0.597
-0.905 1.420 -0.598
-0.904 1.420 -0.598
-0.902 1.420 -0.599
-0.901 1.420 -0.600
-0.900 1.421 -0.600
-0.898 1.420 -0.601
-0.897 1.421 -0.602
-0.896 1.421 -0.602
-0.895 1.421 -0.603
-0.893 1.421 -0.604
-0.892 1.421 -0.604
-0.891 1.421 -0.605
-0.890 1.420 -0.605
-0.888 1.420 -0.606
-0.887 1.420 -0.606
-0.886 1.420 -0.607
-0.884 1.419 -0.607
-0.883 1.419 -0.608
-0.882 1.418 -0.609
-0.881 1.418 -0.609
-0.880 1.417 -0.610
-0.878 1.416 -0.610
-0.877 1.416 -0.611
-0.876 1.415 -0.612
-0.874 1.415 -0.612
-0.873 1.414 -0.613
-0.872 1.414 -0.613
-0.870 1.413 -0.614
-0.869 1.413 -0.614
-0.868 1.412 -0.614
-0.866 1.412 -0.615
-0.865 1.412 -0.615
-0.863 1.412 -0.616
-0.861 1.412 -0.616
-0.860 1.412 -0.617
-0.858 1.411 -0.617
-0.856 1.411 -0.618
-0.855 1.411 -0.618
-0.853 1.411 -0.619
-0.851 1.411 -0.619
-0.849 1.410 -0.620
-0.848 1.410 -0.620
-0.846 1.409 -0.621
-0.844 1.409 -0.621
-0.843 1.409 -0.622
-0.841 1.408 -0.622
-0.839 1.408 -0.623
-0.837 1.407 -0.623
-0.836 1.407 -0.624
-0.834 1.406 -0.624
-0.832 1.406 -0.625
-0.830 1.406 -0.625
-0.828 1.406 -0.626
-0.827 1.406 -0.626
-0.825 1.405 -0.627
-0.823 1.406 -0.627
-0.821 1.406 -0.628
-0.819 1.406 -0.628
-0.817 1.406 -0.629
-0.816 1.406 -0.629
-0.814 1.406 -0.630
-0.812 1.406 -0.630
-0.810 1.406 -0.631
-0.809 1.406 -0.632
-0.807 1.406 -0.632
-0.805 1.405 -0.633
-0.804 1.405 -0.633
-0.802 1.405 -0.634
-0.800 1.404 -0.635
