x y z
-1.407 2.040 -0.326
-1.406 2.040 -0.325
-1.406 2.039 -0.323
-1.406 2.039 -0.322
-1.406 2.038 -0.321
-1.406 2.038 -0.320
-1.405 2.038 -0.319
-1.405 2.037 -0.318
-1.404 2.037 -0.316
-1.404 2.036 -0.315
-1.404 2.036 -0.314
-1.404 2.035 -0.313
-1.403 2.035 -0.312
-1.403 2.034 -0.311
-1.403 2.034 -0.309
-1.403 2.033 -0.308
-1.403 2.033 -0.307
-1.403 2.032 -0.306
-1.403 2.032 -0.305
-1.403 2.031 -0.304
-1.403 2.031 -0.303
-1.403 2.030 -0.302
-1.403 2.029 -0.301
-1.403 2.029 -0.300
-1.403 2.028 -0.299
-1.402 2.028 -0.298
-1.402 2.028 -0.297
-1.402 2.027 -0.296
-1.401 2.027 -0.295
-1.401 2.026 -0.293
-1.401 2.026 -0.293
-1.400 2.025 -0.292
-1.400 2.025 -0.290
-1.399 2.024 -0.289
-1.399 2.024 -0.288
-1.398 2.023 -0.287
-1.398 2.023 -0.286
-1.397 2.022 -0.286
-1.397 2.022 -0.284
-1.397 2.021 -0.283
-1.396 2.021 -0.282
-1.396 2.020 -0.281
-1.395 2.020 -0.281
-1.395 2.019 -0.279
-1.394 2.019 -0.279
-1.394 2.019 -0.278
-1.394 2.018 -0.277
-1.393 2.018 -0.276
-1.392 2.018 -0.275
-1.392 2.017 -0.274
-1.392 2.017 -0.274
-1.391 2.017 -0.273
-1.391 2.017 -0.273
-1.391 2.016 -0.272
-1.391 2.016 -0.272
-1.391 2.016 -0.271
-1.391 2.015 -0.270
-1.391 2.015 -0.270
-1.391 2.014 -0.269
-1.391 2.014 -0.269
-1.391 2.013 -0.268
-1.391 2.013 -0.268
-1.392 2.012 -0.267
-1.392 2.012 -0.267
-1.392 2.011 -0.267
-1.392 2.011 -0.266
-1.392 2.010 -0.266
-1.392 2.010 -0.265
-1.392 2.009 -0.265
-1.392 2.009 -0.264
-1.392 2.008 -0.264
-1.392 2.007 -0.263
-1.391 2.007 -0.263
-1.390 2.006 -0.263
-1.389 2.005 -0.262
-1.388 2.005 -0.262
-1.386 2.004 -0.261
-1.384 2.005 -0.261
-1.381 2.005 -0.260
-1.379 2.005 -0.260
-1.376 2.006 -0.260
-1.373 2.007 -0.259
-1.369 2.008 -0.259
-1.366 2.009 -0.259
-1.362 2.011 -0.259
-1.358 2.013 -0.259
-1.354 2.015 -0.259
-1.349 2.018 -0.260
-1.345 2.020 -0.260
-1.340 2.023 -0.260
-1.335 2.026 -0.260
-1.330 2.029 -0.261
-1.324 2.032 -0.261
-1.319 2.036 -0.261
-1.314 2.039 -0.260
-1.308 2.042 -0.260
-1.302 2.045 -0.260
-1.296 2.048 -0.260
-1.289 2.051 -0.260
-1.284 2.054 -0.260
-1.277 2.057 -0.259
-1.271 2.061 -0.259
-1.265 2.063 -0.259
-1.259 2.066 -0.259
-1.253 2.069 -0.258
-1.248 2.072 -0.258
-1.242 2.074 -0.258
-1.236 2.077 -0.258
-1.229 2.080 -0.258
-1.224 2.082 -0.257
-1.218 2.085 -0.257
-1.212 2.088 -0.257
-1.206 2.091 -0.257
-1.200 2.094 -0.257
-1.194 2.097 -0.257
-1.187 2.100 -0.257
-1.181 2.103 -0.257
-1.175 2.106 -0.257
-1.168 2.110 -0.257
-1.162 2.113 -0.257
-1.155 2.117 -0.257
-1.148 2.120 -0.257
-1.142 2.123 -0.257
-1.135 2.127 -0.257
-1.128 2.130 -0.257
-1.121 2.134 -0.257
-1.114 2.137 -0.257
-1.107 2.141 -0.257
-1.100 2.144 -0.257
-1.093 2.148 -0.257
-1.086 2.152 -0.257
-1.079 2.155 -0.257
-1.072 2.159 -0.257
-1.064 2.163 -0.257
-1.057 2.167 -0.257
-1.049 2.171 -0.258
-1.042 2.175 -0.258
-1.034 2.179 -0.258
-1.026 2.182 -0.258
-1.019 2.186 -0.258
-1.011 2.190 -0.258
-1.004 2.194 -0.258
-0.996 2.198 -0.258
-0.988 2.202 -0.258
-0.981 2.206 -0.259
-0.974 2.210 -0.259
-0.966 2.214 -0.259
-0.959 2.218 -0.259
-0.951 2.222 -0.259
-0.943 2.227 -0.259
-0.936 2.231 -0.259
-0.930 2.235 -0.259
-0.924 2.238 -0.259
-0.920 2.241 -0.259
-0.918 2.242 -0.259
-0.916 2.243 -0.260
-0.917 2.243 -0.261
-0.918 2.242 -0.262
-0.921 2.240 -0.263
-0.925 2.238 -0.265
-0.928 2.236 -0.267
-0.931 2.234 -0.269
-0.934 2.232 -0.271
-0.936 2.230 -0.272
-0.938 2.228 -0.274
-0.940 2.226 -0.275
-0.941 2.224 -0.276
-0.942 2.223 -0.277
-0.943 2.221 -0.278
-0.943 2.220 -0.279
-0.943 2.218 -0.279
-0.943 2.217 -0.280
-0.942 2.216 -0.280
-0.942 2.215 -0.281
-0.941 2.214 -0.281
-0.940 2.213 -0.281
-0.939 2.212 -0.281
-0.938 2.211 -0.282
-0.936 2.210 -0.282
-0.935 2.209 -0.282
-0.933 2.208 -0.282
-0.932 2.207 -0.282
-0.930 2.207 -0.282
-0.929 2.206 -0.282
-0.927 2.205 -0.282
-0.925 2.204 -0.282
-0.923 2.204 -0.281
-0.922 2.203 -0.281
-0.920 2.202 -0.281
-0.918 2.202 -0.281
-0.916 2.201 -0.281
-0.914 2.201 -0.281
-0.912 2.200 -0.281
-0.910 2.200 -0.281
-0.908 2.200 -0.281
-0.906 2.200 -0.281
-0.903 2.199 -0.280
-0.902 2.199 -0.280
-0.899 2.199 -0.280
-0.897 2.199 -0.280
-0.895 2.199 -0.279
-0.893 2.199 -0.279
-0.891 2.199 -0.279
-0.889 2.199 -0.279
-0.887 2.199 -0.279
-0.885 2.199 -0.278
-0.883 2.199 -0.278
-0.881 2.200 -0.278
-0.879 2.200 -0.278
-0.877 2.199 -0.278
-0.876 2.200 -0.278
-0.874 2.200 -0.278
-0.873 2.200 -0.278
-0.872 2.200 -0.278
-0.870 2.200 -0.278
-0.869 2.199 -0.278
-0.868 2.200 -0.277
-0.867 2.200 -0.277
-0.865 2.200 -0.277
-0.864 2.200 -0.277
-0.863 2.200 -0.277
-0.862 2.200 -0.277
-0.860 2.200 -0.277
-0.859 2.201 -0.277
-0.859 2.201 -0.277
-0.858 2.200 -0.276
-0.857 2.201 -0.276
-0.856 2.201 -0.276
-0.855 2.201 -0.276
-0.855 2.200 -0.276
-0.854 2.200 -0.276
-0.854 2.200 -0.276
-0.853 2.200 -0.276
-0.852 2.200 -0.276
-0.852 2.199 -0.276
-0.852 2.199 -0.276
-0.851 2.199 -0.276
-0.851 2.198 -0.275
-0.850 2.198 -0.275
-0.850 2.198 -0.275
-0.849 2.198 -0.275
-0.849 2.197 -0.274
-0.848 2.197 -0.274
-0.847 2.197 -0.274
-0.847 2.196 -0.273
-0.846 2.196 -0.273
-0.845 2.196 -0.273
-0.844 2.195 -0.273
-0.844 2.195 -0.272
-0.843 2.194 -0.272
-0.842 2.194 -0.271
-0.842 2.193 -0.271
-0.841 2.193 -0.271
-0.840 2.192 -0.270
-0.840 2.191 -0.270
-0.839 2.191 -0.269
-0.839 2.190 -0.269
-0.838 2.190 -0.268
-0.837 2.189 -0.268
-0.836 2.189 -0.267
-0.836 2.188 -0.267
-0.835 2.188 -0.266
-0.834 2.187 -0.265
-0.833 2.187 -0.265
-0.832 2.186 -0.264
-0.831 2.186 -0.263
-0.829 2.185 -0.263
