x y z
-1.293 1.875 -0.367
-1.294 1.875 -0.366
-1.294 1.875 -0.364
-1.293 1.875 -0.363
-1.294 1.875 -0.361
-1.294 1.875 -0.360
-1.293 1.874 -0.358
-1.293 1.874 -0.357
-1.293 1.874 -0.355
-1.293 1.874 -0.354
-1.293 1.874 -0.353
-1.293 1.875 -0.351
-1.292 1.875 -0.350
-1.292 1.875 -0.348
-1.292 1.875 -0.347
-1.292 1.875 -0.346
-1.292 1.875 -0.344
-1.292 1.875 -0.342
-1.291 1.875 -0.341
-1.291 1.875 -0.340
-1.292 1.875 -0.339
-1.292 1.874 -0.337
-1.292 1.874 -0.336
-1.291 1.874 -0.335
-1.291 1.874 -0.333
-1.291 1.874 -0.332
-1.291 1.875 -0.331
-1.291 1.875 -0.329
-1.291 1.875 -0.328
-1.291 1.875 -0.327
-1.291 1.875 -0.326
-1.291 1.875 -0.324
-1.290 1.875 -0.323
-1.290 1.875 -0.322
-1.290 1.875 -0.321
-1.290 1.875 -0.319
-1.290 1.875 -0.318
-1.290 1.875 -0.317
-1.290 1.875 -0.316
-1.290 1.875 -0.315
-1.289 1.874 -0.313
-1.289 1.875 -0.312
-1.289 1.875 -0.311
-1.289 1.875 -0.310
-1.289 1.875 -0.309
-1.288 1.875 -0.308
-1.288 1.875 -0.307
-1.288 1.875 -0.305
-1.287 1.875 -0.304
-1.287 1.874 -0.303
-1.287 1.874 -0.302
-1.287 1.874 -0.301
-1.287 1.873 -0.300
-1.287 1.873 -0.299
-1.287 1.873 -0.298
-1.287 1.872 -0.297
-1.286 1.873 -0.297
-1.286 1.872 -0.296
-1.286 1.872 -0.295
-1.286 1.872 -0.294
-1.286 1.872 -0.293
-1.286 1.871 -0.293
-1.286 1.871 -0.292
-1.286 1.871 -0.292
-1.286 1.871 -0.291
-1.286 1.871 -0.290
-1.285 1.871 -0.290
-1.285 1.871 -0.289
-1.286 1.870 -0.288
-1.285 1.871 -0.288
-1.285 1.871 -0.287
-1.285 1.872 -0.286
-1.284 1.872 -0.285
-1.283 1.873 -0.284
-1.281 1.874 -0.284
-1.279 1.875 -0.283
-1.277 1.877 -0.282
-1.275 1.878 -0.282
-1.272 1.880 -0.281
-1.269 1.881 -0.280
-1.266 1.883 -0.280
-1.263 1.884 -0.279
-1.259 1.887 -0.279
-1.255 1.889 -0.279
-1.251 1.891 -0.278
-1.247 1.894 -0.278
-1.242 1.897 -0.278
-1.237 1.899 -0.277
-1.232 1.903 -0.277
-1.227 1.906 -0.277
-1.222 1.909 -0.276
-1.217 1.912 -0.276
-1.212 1.915 -0.275
-1.206 1.918 -0.275
-1.201 1.921 -0.274
-1.196 1.924 -0.273
-1.190 1.927 -0.272
-1.184 1.930 -0.272
-1.178 1.933 -0.271
-1.172 1.936 -0.270
-1.165 1.939 -0.269
-1.159 1.941 -0.268
-1.153 1.945 -0.268
-1.146 1.948 -0.267
-1.140 1.951 -0.266
-1.133 1.954 -0.265
-1.127 1.957 -0.264
-1.121 1.960 -0.263
-1.114 1.962 -0.262
-1.108 1.966 -0.261
-1.101 1.968 -0.260
-1.095 1.971 -0.260
-1.088 1.974 -0.259
-1.082 1.977 -0.258
-1.075 1.980 -0.258
-1.069 1.983 -0.257
-1.062 1.986 -0.257
-1.055 1.989 -0.256
-1.049 1.993 -0.256
-1.042 1.996 -0.255
-1.036 1.999 -0.255
-1.029 2.003 -0.254
-1.022 2.006 -0.254
-1.016 2.009 -0.253
-1.009 2.012 -0.253
-1.002 2.015 -0.253
-0.995 2.019 -0.252
-0.988 2.022 -0.252
-0.981 2.026 -0.252
-0.974 2.029 -0.252
-0.968 2.033 -0.251
-0.960 2.036 -0.251
-0.953 2.040 -0.251
-0.946 2.044 -0.251
-0.938 2.048 -0.251
-0.931 2.051 -0.251
-0.923 2.055 -0.251
-0.916 2.059 -0.251
-0.908 2.063 -0.251
-0.900 2.067 -0.252
-0.892 2.071 -0.252
-0.885 2.075 -0.252
-0.877 2.078 -0.252
-0.869 2.082 -0.252
-0.862 2.086 -0.252
-0.854 2.090 -0.253
-0.847 2.094 -0.252
-0.839 2.098 -0.253
-0.831 2.101 -0.253
-0.824 2.105 -0.253
-0.817 2.109 -0.254
-0.812 2.113 -0.254
-0.808 2.115 -0.254
-0.806 2.116 -0.254
-0.806 2.117 -0.255
-0.807 2.117 -0.256
-0.809 2.116 -0.257
-0.811 2.115 -0.258
-0.815 2.114 -0.260
-0.819 2.112 -0.261
-0.822 2.110 -0.263
-0.825 2.109 -0.264
-0.828 2.107 -0.265
-0.830 2.106 -0.265
-0.831 2.105 -0.266
-0.833 2.103 -0.266
-0.833 2.102 -0.267
-0.834 2.101 -0.267
-0.834 2.100 -0.267
-0.834 2.099 -0.267
-0.833 2.098 -0.268
-0.833 2.097 -0.268
-0.832 2.096 -0.268
-0.832 2.095 -0.267
-0.831 2.095 -0.267
-0.829 2.094 -0.267
-0.828 2.093 -0.267
-0.826 2.093 -0.267
-0.825 2.092 -0.267
-0.823 2.092 -0.267
-0.821 2.092 -0.267
-0.820 2.091 -0.266
-0.818 2.091 -0.266
-0.816 2.091 -0.266
-0.815 2.090 -0.265
-0.813 2.090 -0.265
-0.811 2.090 -0.265
-0.808 2.090 -0.264
-0.807 2.090 -0.264
-0.804 2.090 -0.264
-0.803 2.090 -0.263
-0.800 2.089 -0.263
-0.798 2.089 -0.263
-0.795 2.089 -0.262
-0.793 2.089 -0.262
-0.791 2.089 -0.262
-0.789 2.089 -0.261
-0.787 2.089 -0.261
-0.785 2.089 -0.261
-0.783 2.089 -0.260
-0.782 2.088 -0.260
-0.780 2.088 -0.259
-0.778 2.088 -0.259
-0.776 2.088 -0.258
-0.774 2.088 -0.258
-0.772 2.088 -0.258
-0.770 2.088 -0.257
-0.769 2.088 -0.257
-0.767 2.088 -0.257
-0.765 2.088 -0.256
-0.764 2.089 -0.256
-0.762 2.089 -0.255
-0.761 2.089 -0.255
-0.759 2.089 -0.255
-0.758 2.089 -0.254
-0.756 2.089 -0.254
-0.755 2.089 -0.254
-0.753 2.089 -0.253
-0.752 2.089 -0.253
-0.751 2.089 -0.252
-0.750 2.089 -0.252
-0.749 2.090 -0.252
-0.749 2.089 -0.251
-0.748 2.089 -0.251
-0.748 2.090 -0.251
-0.747 2.090 -0.250
-0.746 2.090 -0.250
-0.746 2.090 -0.250
-0.745 2.090 -0.249
-0.745 2.090 -0.249
-0.743 2.089 -0.248
-0.742 2.088 -0.248
-0.742 2.088 -0.248
-0.741 2.088 -0.247
-0.740 2.088 -0.247
-0.740 2.088 -0.246
-0.740 2.087 -0.246
-0.739 2.087 -0.245
-0.739 2.087 -0.245
-0.738 2.087 -0.245
-0.737 2.087 -0.244
-0.737 2.086 -0.243
-0.736 2.086 -0.243
-0.736 2.086 -0.242
-0.735 2.086 -0.242
-0.735 2.085 -0.241
-0.734 2.085 -0.241
-0.734 2.085 -0.240
-0.733 2.084 -0.239
-0.732 2.084 -0.239
-0.732 2.083 -0.238
-0.731 2.083 -0.237
-0.731 2.083 -0.237
-0.730 2.082 -0.236
-0.729 2.082 -0.235
-0.729 2.081 -0.235
-0.728 2.081 -0.234
