x y z
-1.634 1.113 -0.427
-1.633 1.112 -0.426
-1.632 1.111 -0.425
-1.631 1.110 -0.424
-1.630 1.109 -0.422
-1.630 1.108 -0.421
-1.629 1.107 -0.420
-1.628 1.106 -0.420
-1.627 1.106 -0.419
-1.626 1.105 -0.418
-1.626 1.104 -0.416
-1.625 1.103 -0.415
-1.624 1.103 -0.415
-1.623 1.102 -0.414
-1.623 1.101 -0.413
-1.622 1.100 -0.412
-1.621 1.099 -0.411
-1.620 1.099 -0.410
-1.620 1.098 -0.409
-1.619 1.096 -0.408
-1.618 1.095 -0.408
-1.618 1.094 -0.407
-1.617 1.093 -0.406
-1.616 1.092 -0.405
-1.616 1.091 -0.405
-1.615 1.090 -0.404
-1.614 1.089 -0.403
-1.614 1.088 -0.403
-1.613 1.087 -0.402
-1.612 1.086 -0.401
-1.611 1.086 -0.400
-1.610 1.085 -0.400
-1.609 1.084 -0.399
-1.609 1.083 -0.398
-1.608 1.082 -0.398
-1.607 1.081 -0.397
-1.606 1.081 -0.396
-1.605 1.080 -0.396
-1.604 1.079 -0.395
-1.603 1.078 -0.394
-1.602 1.077 -0.394
-1.601 1.075 -0.393
-1.600 1.074 -0.392
-1.599 1.074 -0.392
-1.597 1.073 -0.391
-1.596 1.071 -0.391
-1.595 1.071 -0.390
-1.594 1.070 -0.389
-1.593 1.069 -0.389
-1.591 1.068 -0.388
-1.590 1.067 -0.388
-1.589 1.066 -0.387
-1.587 1.065 -0.386
-1.586 1.064 -0.386
-1.584 1.063 -0.385
-1.583 1.063 -0.385
-1.581 1.062 -0.385
-1.580 1.061 -0.384
-1.578 1.060 -0.384
-1.577 1.060 -0.383
-1.575 1.059 -0.383
-1.574 1.059 -0.383
-1.573 1.058 -0.382
-1.571 1.057 -0.382
-1.570 1.056 -0.382
-1.569 1.055 -0.381
-1.567 1.054 -0.381
-1.566 1.054 -0.381
-1.564 1.053 -0.380
-1.562 1.052 -0.380
-1.559 1.052 -0.380
-1.557 1.052 -0.380
-1.554 1.052 -0.380
-1.551 1.053 -0.379
-1.547 1.053 -0.379
-1.544 1.054 -0.379
-1.540 1.056 -0.379
-1.536 1.057 -0.379
-1.532 1.059 -0.379
-1.528 1.060 -0.379
-1.524 1.063 -0.380
-1.519 1.065 -0.380
-1.515 1.068 -0.380
-1.510 1.070 -0.380
-1.506 1.073 -0.381
-1.501 1.076 -0.381
-1.496 1.079 -0.381
-1.491 1.083 -0.382
-1.485 1.086 -0.382
-1.483 1.089 -0.381
-1.477 1.093 -0.381
-1.469 1.095 -0.382
-1.463 1.098 -0.382
-1.459 1.102 -0.380
-1.451 1.104 -0.382
-1.445 1.108 -0.381
-1.439 1.111 -0.381
-1.433 1.114 -0.381
-1.427 1.117 -0.380
-1.421 1.120 -0.380
-1.415 1.123 -0.380
-1.409 1.126 -0.380
-1.402 1.129 -0.380
-1.396 1.132 -0.379
-1.390 1.135 -0.379
-1.384 1.138 -0.379
-1.377 1.142 -0.379
-1.371 1.145 -0.378
-1.365 1.148 -0.378
-1.358 1.151 -0.378
-1.352 1.154 -0.378
-1.346 1.157 -0.378
-1.339 1.161 -0.378
-1.333 1.164 -0.377
-1.326 1.167 -0.377
-1.320 1.170 -0.377
-1.313 1.174 -0.377
-1.307 1.177 -0.377
-1.300 1.181 -0.377
-1.293 1.184 -0.377
-1.287 1.188 -0.377
-1.280 1.191 -0.377
-1.273 1.195 -0.377
-1.266 1.199 -0.376
-1.259 1.203 -0.376
-1.252 1.206 -0.376
-1.245 1.210 -0.376
-1.238 1.214 -0.376
-1.230 1.218 -0.376
-1.223 1.222 -0.376
-1.216 1.226 -0.376
-1.208 1.230 -0.376
-1.202 1.233 -0.375
-1.194 1.237 -0.376
-1.187 1.241 -0.376
-1.179 1.245 -0.376
-1.172 1.249 -0.376
-1.164 1.253 -0.376
-1.157 1.257 -0.376
-1.150 1.261 -0.377
-1.142 1.266 -0.377
-1.135 1.270 -0.377
-1.127 1.274 -0.377
-1.121 1.278 -0.377
-1.114 1.282 -0.377
-1.108 1.286 -0.377
-1.103 1.289 -0.377
-1.100 1.291 -0.378
-1.099 1.293 -0.378
-1.098 1.293 -0.379
-1.099 1.292 -0.380
-1.100 1.291 -0.382
-1.103 1.288 -0.384
-1.107 1.285 -0.387
-1.110 1.283 -0.389
-1.113 1.280 -0.392
-1.115 1.278 -0.394
-1.117 1.275 -0.396
-1.119 1.272 -0.397
-1.121 1.270 -0.399
-1.122 1.268 -0.400
-1.122 1.265 -0.402
-1.122 1.263 -0.403
-1.122 1.261 -0.404
-1.122 1.260 -0.405
-1.121 1.258 -0.405
-1.120 1.256 -0.406
-1.119 1.255 -0.407
-1.118 1.253 -0.408
-1.117 1.252 -0.408
-1.115 1.250 -0.408
-1.113 1.249 -0.409
-1.112 1.247 -0.409
-1.109 1.246 -0.410
-1.107 1.244 -0.411
-1.105 1.243 -0.411
-1.103 1.242 -0.411
-1.101 1.241 -0.411
-1.098 1.240 -0.412
-1.096 1.239 -0.412
-1.094 1.238 -0.412
-1.091 1.236 -0.412
-1.089 1.235 -0.412
-1.086 1.234 -0.413
-1.084 1.233 -0.413
-1.081 1.233 -0.413
-1.078 1.232 -0.413
-1.076 1.231 -0.413
-1.073 1.230 -0.413
-1.070 1.230 -0.414
-1.068 1.229 -0.414
-1.064 1.229 -0.414
-1.062 1.228 -0.415
-1.059 1.228 -0.415
-1.057 1.227 -0.415
-1.054 1.227 -0.415
-1.052 1.226 -0.416
-1.050 1.226 -0.416
-1.047 1.226 -0.416
-1.045 1.225 -0.417
-1.043 1.225 -0.417
-1.041 1.224 -0.417
-1.039 1.224 -0.418
-1.037 1.224 -0.418
-1.035 1.224 -0.419
-1.034 1.223 -0.419
-1.032 1.223 -0.419
-1.030 1.223 -0.420
-1.027 1.224 -0.421
-1.025 1.223 -0.421
-1.024 1.223 -0.421
-1.023 1.223 -0.422
-1.021 1.223 -0.422
-1.020 1.222 -0.423
-1.018 1.222 -0.423
-1.017 1.222 -0.424
-1.015 1.222 -0.425
-1.014 1.222 -0.425
-1.012 1.222 -0.426
-1.011 1.222 -0.427
-1.010 1.221 -0.427
-1.009 1.221 -0.428
-1.007 1.221 -0.429
-1.006 1.221 -0.429
-1.005 1.220 -0.430
-1.003 1.220 -0.431
-1.002 1.220 -0.431
-1.001 1.219 -0.432
-1.000 1.219 -0.433
-0.999 1.218 -0.433
-0.999 1.218 -0.434
-0.998 1.217 -0.435
-0.996 1.216 -0.435
-0.996 1.215 -0.436
-0.995 1.214 -0.437
-0.994 1.213 -0.437
-0.993 1.213 -0.438
-0.992 1.212 -0.438
-0.991 1.211 -0.439
-0.990 1.210 -0.440
-0.989 1.209 -0.440
-0.987 1.209 -0.441
-0.986 1.208 -0.442
-0.985 1.207 -0.442
-0.984 1.206 -0.443
-0.983 1.205 -0.443
-0.981 1.204 -0.443
-0.980 1.203 -0.444
-0.979 1.202 -0.444
-0.978 1.202 -0.445
-0.976 1.200 -0.445
-0.975 1.199 -0.445
-0.974 1.198 -0.446
-0.972 1.197 -0.446
-0.971 1.196 -0.447
-0.969 1.195 -0.447
-0.968 1.194 -0.447
-0.966 1.194 -0.448
-0.965 1.193 -0.448
-0.964 1.191 -0.448
-0.962 1.191 -0.449
-0.960 1.190 -0.449
-0.959 1.189 -0.449
-0.957 1.188 -0.450
-0.956 1.187 -0.450
-0.954 1.186 -0.450
-0.953 1.185 -0.451
-0.951 1.184 -0.451
-0.950 1.183 -0.451
-0.948 1.182 -0.452
-0.946 1.181 -0.452
-0.945 1.180 -0.452
-0.943 1.179 -0.453
-0.942 1.178 -0.453
-0.940 1.177 -0.453
-0.939 1.176 -0.454
-0.937 1.175 -0.454
-0.935 1.174 -0.454
-0.934 1.173 -0.455
-0.932 1.173 -0.455
-0.931 1.172 -0.455
-0.929 1.171 -0.456
-0.927 1.171 -0.456
-0.926 1.170 -0.456
-0.924 1.169 -0.457
-0.923 1.169 -0.457
-0.921 1.168 -0.458
-0.920 1.167 -0.458
-0.918 1.167 -0.458
-0.917 1.166 -0.459
-0.916 1.165 -0.459
-0.914 1.164 -0.460
-0.913 1.164 -0.460
-0.912 1.163 -0.461
-0.910 1.162 -0.461
-0.909 1.161 -0.462
-0.908 1.160 -0.462
