x y z
-0.790 1.769 -1.250
-0.790 1.769 -1.250
-0.789 1.768 -1.249
-0.789 1.768 -1.249
-0.788 1.767 -1.249
-0.787 1.767 -1.248
-0.787 1.767 -1.248
-0.787 1.766 -1.247
-0.787 1.765 -1.247
-0.786 1.765 -1.246
-0.786 1.764 -1.246
-0.786 1.763 -1.246
-0.786 1.763 -1.246
-0.785 1.762 -1.245
-0.785 1.761 -1.245
-0.785 1.761 -1.245
-0.785 1.760 -1.245
-0.785 1.760 -1.245
-0.785 1.759 -1.244
-0.785 1.759 -1.244
-0.785 1.758 -1.244
-0.785 1.758 -1.244
-0.785 1.757 -1.244
-0.785 1.757 -1.244
-0.785 1.757 -1.243
-0.784 1.756 -1.243
-0.784 1.756 -1.243
-0.784 1.756 -1.243
-0.783 1.756 -1.243
-0.783 1.756 -1.242
-0.783 1.756 -1.242
-0.782 1.755 -1.242
-0.782 1.755 -1.242
-0.782 1.755 -1.242
-0.782 1.755 -1.241
-0.783 1.754 -1.241
-0.783 1.754 -1.241
-0.783 1.754 -1.241
-0.784 1.753 -1.241
-0.784 1.753 -1.241
-0.784 1.753 -1.241
-0.784 1.752 -1.240
-0.785 1.752 -1.240
-0.785 1.752 -1.240
-0.785 1.752 -1.240
-0.784 1.752 -1.240
-0.784 1.752 -1.240
-0.784 1.752 -1.240
-0.784 1.752 -1.240
-0.784 1.752 -1.239
-0.784 1.752 -1.239
-0.783 1.752 -1.239
-0.783 1.752 -1.239
-0.783 1.753 -1.239
-0.784 1.752 -1.239
-0.784 1.752 -1.239
-0.784 1.752 -1.239
-0.784 1.752 -1.239
-0.784 1.752 -1.238
-0.785 1.752 -1.238
-0.785 1.752 -1.238
-0.785 1.752 -1.238
-0.786 1.752 -1.238
-0.786 1.752 -1.238
-0.786 1.752 -1.239
-0.786 1.752 -1.239
-0.786 1.752 -1.239
-0.785 1.753 -1.239
-0.783 1.755 -1.239
-0.779 1.758 -1.240
-0.775 1.761 -1.240
-0.770 1.766 -1.241
-0.764 1.770 -1.242
-0.758 1.775 -1.244
-0.751 1.780 -1.246
-0.744 1.786 -1.248
-0.737 1.791 -1.249
-0.730 1.796 -1.251
-0.721 1.803 -1.252
-0.714 1.808 -1.252
-0.705 1.814 -1.253
-0.696 1.820 -1.254
-0.687 1.827 -1.254
-0.677 1.834 -1.254
-0.667 1.840 -1.255
-0.658 1.847 -1.256
-0.648 1.854 -1.256
-0.638 1.862 -1.256
-0.628 1.869 -1.257
-0.617 1.876 -1.257
-0.607 1.883 -1.257
-0.597 1.891 -1.257
-0.586 1.898 -1.258
-0.576 1.906 -1.258
-0.565 1.913 -1.258
-0.555 1.921 -1.258
-0.544 1.928 -1.258
-0.534 1.936 -1.259
-0.523 1.944 -1.259
-0.512 1.951 -1.260
-0.501 1.959 -1.260
-0.491 1.966 -1.260
-0.480 1.973 -1.260
-0.469 1.981 -1.260
-0.457 1.989 -1.259
-0.445 1.997 -1.259
-0.433 2.004 -1.259
-0.421 2.012 -1.258
-0.408 2.021 -1.257
-0.395 2.029 -1.256
-0.382 2.037 -1.255
-0.368 2.045 -1.254
-0.355 2.054 -1.253
-0.341 2.062 -1.251
-0.327 2.070 -1.250
-0.312 2.079 -1.249
-0.298 2.087 -1.247
-0.284 2.096 -1.246
-0.270 2.104 -1.244
-0.256 2.112 -1.242
-0.241 2.121 -1.240
-0.226 2.129 -1.238
-0.212 2.137 -1.236
-0.198 2.146 -1.233
-0.183 2.154 -1.229
-0.168 2.162 -1.228
-0.153 2.171 -1.225
-0.137 2.180 -1.223
-0.122 2.189 -1.221
-0.107 2.197 -1.219
-0.092 2.206 -1.217
-0.077 2.215 -1.215
-0.062 2.224 -1.213
-0.047 2.233 -1.211
-0.032 2.242 -1.209
-0.017 2.250 -1.207
-0.003 2.259 -1.205
0.012 2.267 -1.203
0.026 2.276 -1.200
0.043 2.285 -1.197
0.057 2.293 -1.195
0.072 2.302 -1.194
0.087 2.312 -1.192
0.102 2.321 -1.190
0.116 2.330 -1.188
0.129 2.338 -1.187
0.140 2.346 -1.185
0.149 2.352 -1.184
0.154 2.355 -1.183
0.156 2.357 -1.183
0.157 2.358 -1.185
0.158 2.358 -1.186
0.157 2.357 -1.189
0.155 2.355 -1.193
0.154 2.353 -1.196
0.154 2.351 -1.198
0.155 2.349 -1.201
0.156 2.346 -1.204
0.156 2.343 -1.206
0.157 2.341 -1.207
0.159 2.339 -1.208
0.161 2.337 -1.209
0.164 2.335 -1.209
0.166 2.334 -1.209
0.169 2.333 -1.210
0.171 2.332 -1.210
0.174 2.331 -1.210
0.177 2.330 -1.209
0.179 2.329 -1.209
0.182 2.328 -1.209
0.185 2.327 -1.209
0.187 2.326 -1.209
0.190 2.325 -1.208
0.192 2.324 -1.208
0.195 2.323 -1.208
0.197 2.323 -1.207
0.200 2.322 -1.207
0.202 2.321 -1.207
0.205 2.321 -1.206
0.207 2.320 -1.205
0.209 2.319 -1.205
0.212 2.318 -1.204
0.214 2.317 -1.204
0.216 2.316 -1.203
0.219 2.316 -1.203
0.221 2.315 -1.203
0.223 2.315 -1.202
0.225 2.314 -1.202
0.227 2.313 -1.201
0.230 2.312 -1.200
0.231 2.311 -1.200
0.233 2.311 -1.200
0.235 2.310 -1.200
0.237 2.309 -1.200
0.239 2.308 -1.199
0.241 2.307 -1.199
0.242 2.307 -1.200
0.244 2.306 -1.200
0.246 2.304 -1.200
0.248 2.303 -1.200
0.249 2.302 -1.200
0.251 2.302 -1.201
0.253 2.301 -1.201
0.255 2.301 -1.202
0.256 2.300 -1.202
0.258 2.299 -1.203
0.260 2.299 -1.204
0.262 2.298 -1.205
0.264 2.298 -1.206
0.266 2.297 -1.207
0.268 2.297 -1.208
0.270 2.296 -1.209
0.272 2.296 -1.210
0.273 2.295 -1.211
0.275 2.295 -1.213
0.277 2.294 -1.214
0.278 2.293 -1.216
0.280 2.293 -1.217
0.282 2.292 -1.219
0.284 2.292 -1.220
0.285 2.291 -1.222
0.288 2.291 -1.224
0.289 2.290 -1.225
0.291 2.290 -1.227
0.293 2.289 -1.229
0.295 2.289 -1.231
0.297 2.289 -1.233
0.299 2.288 -1.235
0.301 2.288 -1.236
0.303 2.288 -1.238
0.304 2.287 -1.240
0.306 2.287 -1.242
0.308 2.287 -1.244
0.310 2.286 -1.246
0.312 2.286 -1.247
0.313 2.285 -1.249
0.315 2.285 -1.251
0.316 2.284 -1.253
0.318 2.284 -1.255
0.320 2.283 -1.256
0.322 2.283 -1.258
0.323 2.282 -1.260
0.324 2.281 -1.261
0.328 2.281 -1.263
0.329 2.280 -1.265
0.331 2.280 -1.267
0.333 2.279 -1.268
0.335 2.279 -1.270
0.337 2.279 -1.271
0.337 2.279 -1.272
0.339 2.278 -1.273
0.342 2.278 -1.274
0.344 2.278 -1.275
0.346 2.278 -1.276
0.348 2.278 -1.278
0.350 2.278 -1.279
0.352 2.277 -1.280
0.354 2.277 -1.281
0.356 2.277 -1.282
0.358 2.277 -1.283
0.361 2.277 -1.284
0.363 2.276 -1.284
0.365 2.276 -1.285
0.367 2.276 -1.286
0.370 2.276 -1.286
0.372 2.275 -1.287
0.375 2.275 -1.287
0.377 2.275 -1.288
0.379 2.275 -1.289
0.381 2.275 -1.289
0.384 2.275 -1.290
0.386 2.275 -1.290
0.389 2.274 -1.291
0.391 2.274 -1.291
0.393 2.274 -1.292
0.396 2.274 -1.292
0.398 2.274 -1.293
0.400 2.274 -1.294
0.402 2.274 -1.295
0.404 2.274 -1.295
0.407 2.274 -1.296
0.409 2.274 -1.297
0.411 2.274 -1.298
0.413 2.273 -1.299
0.415 2.273 -1.300
0.416 2.273 -1.301
0.418 2.272 -1.303
0.420 2.271 -1.304
0.421 2.271 -1.305
0.423 2.270 -1.306
0.424 2.270 -1.308
0.425 2.269 -1.309
0.427 2.268 -1.311
0.428 2.268 -1.312
0.429 2.267 -1.314
0.431 2.266 -1.315
0.432 2.266 -1.317
0.434 2.265 -1.318
0.435 2.265 -1.320
0.436 2.265 -1.321
0.437 2.264 -1.322
0.438 2.264 -1.322
0.439 2.264 -1.322
0.439 2.264 -1.322
0.440 2.264 -1.323
0.441 2.263 -1.321
0.441 2.263 -1.323
0.441 2.263 -1.323
0.441 2.263 -1.322
0.440 2.262 -1.322
0.441 2.262 -1.321
0.440 2.262 -1.321
0.440 2.262 -1.321
0.440 2.261 -1.320
0.440 2.261 -1.320
0.439 2.261 -1.320
0.439 2.260 -1.320
0.439 2.260 -1.320
0.439 2.259 -1.320
0.439 2.259 -1.320
0.439 2.259 -1.320
0.439 2.258 -1.320
0.439 2.258 -1.320
0.439 2.259 -1.320
0.439 2.258 -1.320
0.440 2.258 -1.321
0.440 2.258 -1.321
0.440 2.258 -1.321
0.441 2.258 -1.321
0.441 2.258 -1.321
0.441 2.258 -1.321
0.442 2.259 -1.321
0.443 2.259 -1.321
0.443 2.259 -1.321
0.444 2.260 -1.322
0.445 2.261 -1.322
0.445 2.262 -1.322
0.446 2.262 -1.322
0.446 2.262 -1.322
0.447 2.263 -1.322
0.447 2.263 -1.322
0.448 2.263 -1.322
0.448 2.264 -1.322
0.448 2.264 -1.322
0.448 2.263 -1.322
0.448 2.263 -1.322
0.448 2.263 -1.322
0.448 2.263 -1.322
0.448 2.263 -1.322
0.448 2.262 -1.322
0.448 2.262 -1.322
0.448 2.262 -1.322
0.448 2.262 -1.322
0.448 2.262 -1.322
0.448 2.262 -1.322
0.448 2.262 -1.322
0.449 2.263 -1.322
0.449 2.263 -1.322
0.449 2.263 -1.322
0.449 2.263 -1.322
0.449 2.264 -1.322
0.449 2.264 -1.322
0.449 2.264 -1.322
0.449 2.264 -1.322
0.449 2.264 -1.322
0.449 2.264 -1.322
0.449 2.264 -1.322
0.449 2.264 -1.322
0.449 2.264 -1.322
0.449 2.264 -1.322
0.449 2.264 -1.322
0.449 2.264 -1.322
0.449 2.265 -1.322
0.449 2.264 -1.322
0.450 2.265 -1.322
0.450 2.265 -1.322
0.450 2.265 -1.322
0.450 2.265 -1.322
0.450 2.265 -1.321
0.450 2.265 -1.321
0.450 2.265 -1.322
0.450 2.265 -1.321
0.450 2.266 -1.321
0.450 2.266 -1.321
0.450 2.266 -1.321
0.450 2.266 -1.321
0.450 2.266 -1.321
0.451 2.266 -1.321
0.451 2.266 -1.321
0.451 2.266 -1.321
0.451 2.266 -1.321
0.451 2.266 -1.321
0.451 2.266 -1.321
0.451 2.266 -1.321
0.451 2.267 -1.321
0.451 2.267 -1.321
0.451 2.266 -1.321
0.451 2.266 -1.321
0.451 2.266 -1.321
0.451 2.266 -1.321
0.451 2.267 -1.321
0.451 2.267 -1.321
0.451 2.266 -1.321
0.451 2.267 -1.322
0.451 2.267 -1.321
0.451 2.267 -1.322
0.452 2.267 -1.322
0.451 2.267 -1.322
0.451 2.267 -1.322
0.451 2.267 -1.322
0.451 2.267 -1.322
0.451 2.267 -1.322
0.451 2.267 -1.322
0.451 2.267 -1.322
