x y z
-0.736 1.953 -1.257
-0.736 1.953 -1.256
-0.735 1.952 -1.255
-0.734 1.952 -1.255
-0.734 1.952 -1.253
-0.733 1.951 -1.252
-0.733 1.951 -1.251
-0.732 1.951 -1.250
-0.731 1.951 -1.249
-0.731 1.950 -1.248
-0.730 1.951 -1.247
-0.729 1.950 -1.246
-0.728 1.951 -1.245
-0.727 1.951 -1.244
-0.726 1.951 -1.243
-0.725 1.951 -1.242
-0.724 1.951 -1.240
-0.723 1.951 -1.239
-0.722 1.952 -1.238
-0.721 1.952 -1.237
-0.720 1.953 -1.237
-0.719 1.953 -1.236
-0.718 1.954 -1.235
-0.717 1.954 -1.234
-0.716 1.955 -1.233
-0.715 1.955 -1.233
-0.714 1.956 -1.232
-0.713 1.957 -1.231
-0.712 1.957 -1.230
-0.711 1.958 -1.230
-0.710 1.958 -1.229
-0.709 1.959 -1.228
-0.708 1.959 -1.228
-0.708 1.960 -1.227
-0.707 1.960 -1.226
-0.707 1.960 -1.226
-0.706 1.960 -1.225
-0.706 1.960 -1.224
-0.706 1.961 -1.224
-0.705 1.961 -1.223
-0.705 1.961 -1.223
-0.704 1.961 -1.222
-0.704 1.962 -1.221
-0.704 1.962 -1.221
-0.703 1.963 -1.220
-0.703 1.963 -1.220
-0.702 1.963 -1.220
-0.701 1.964 -1.219
-0.701 1.964 -1.219
-0.700 1.965 -1.218
-0.700 1.965 -1.217
-0.699 1.966 -1.217
-0.698 1.967 -1.217
-0.697 1.968 -1.216
-0.696 1.969 -1.216
-0.695 1.970 -1.215
-0.695 1.971 -1.215
-0.694 1.971 -1.214
-0.693 1.972 -1.214
-0.692 1.973 -1.213
-0.692 1.974 -1.213
-0.691 1.975 -1.213
-0.691 1.976 -1.212
-0.690 1.976 -1.212
-0.690 1.976 -1.212
-0.690 1.977 -1.212
-0.689 1.978 -1.212
-0.689 1.978 -1.212
-0.689 1.979 -1.212
-0.687 1.981 -1.212
-0.685 1.983 -1.212
-0.681 1.986 -1.212
-0.676 1.991 -1.212
-0.671 1.996 -1.213
-0.665 2.001 -1.214
-0.658 2.007 -1.215
-0.651 2.013 -1.217
-0.644 2.019 -1.218
-0.636 2.026 -1.219
-0.627 2.033 -1.220
-0.618 2.040 -1.220
-0.609 2.048 -1.220
-0.599 2.055 -1.221
-0.589 2.063 -1.220
-0.579 2.071 -1.221
-0.568 2.080 -1.221
-0.558 2.088 -1.220
-0.547 2.097 -1.220
-0.537 2.105 -1.220
-0.526 2.114 -1.220
-0.516 2.122 -1.220
-0.505 2.131 -1.220
-0.495 2.140 -1.220
-0.484 2.150 -1.220
-0.473 2.159 -1.220
-0.462 2.169 -1.220
-0.451 2.178 -1.220
-0.441 2.187 -1.220
-0.429 2.197 -1.220
-0.419 2.206 -1.219
-0.407 2.216 -1.219
-0.396 2.226 -1.219
-0.385 2.236 -1.218
-0.374 2.245 -1.218
-0.362 2.255 -1.218
-0.351 2.265 -1.217
-0.338 2.275 -1.214
-0.326 2.285 -1.214
-0.314 2.295 -1.214
-0.303 2.305 -1.213
-0.291 2.315 -1.212
-0.278 2.325 -1.212
-0.266 2.335 -1.211
-0.253 2.346 -1.210
-0.241 2.355 -1.209
-0.228 2.365 -1.208
-0.216 2.376 -1.206
-0.203 2.385 -1.205
-0.191 2.395 -1.204
-0.179 2.405 -1.202
-0.166 2.415 -1.200
-0.153 2.424 -1.198
-0.141 2.434 -1.196
-0.129 2.444 -1.194
-0.115 2.454 -1.191
-0.103 2.463 -1.189
-0.090 2.473 -1.186
-0.078 2.482 -1.183
-0.064 2.492 -1.180
-0.051 2.502 -1.177
-0.038 2.512 -1.174
-0.025 2.521 -1.171
-0.012 2.530 -1.168
0.002 2.540 -1.165
0.017 2.549 -1.161
0.030 2.559 -1.157
0.042 2.568 -1.154
0.056 2.577 -1.149
0.070 2.585 -1.145
0.084 2.594 -1.141
0.097 2.602 -1.137
0.111 2.611 -1.132
0.121 2.619 -1.129
0.135 2.627 -1.125
0.148 2.635 -1.121
0.159 2.642 -1.117
0.170 2.649 -1.113
0.178 2.655 -1.109
0.185 2.659 -1.106
0.187 2.662 -1.104
0.188 2.663 -1.103
0.187 2.662 -1.103
0.189 2.660 -1.103
0.187 2.658 -1.105
0.184 2.656 -1.107
0.184 2.655 -1.109
0.184 2.653 -1.113
0.184 2.651 -1.115
0.185 2.649 -1.117
0.185 2.647 -1.118
0.187 2.645 -1.119
0.189 2.642 -1.120
0.190 2.640 -1.121
0.192 2.639 -1.121
0.194 2.636 -1.121
0.196 2.634 -1.121
0.197 2.632 -1.121
0.199 2.631 -1.121
0.201 2.629 -1.121
0.203 2.627 -1.120
0.205 2.626 -1.120
0.207 2.624 -1.120
0.208 2.623 -1.120
0.210 2.621 -1.120
0.212 2.620 -1.120
0.214 2.618 -1.120
0.216 2.617 -1.119
0.217 2.616 -1.119
0.219 2.614 -1.119
0.221 2.613 -1.120
0.223 2.612 -1.119
0.225 2.611 -1.119
0.227 2.610 -1.119
0.229 2.608 -1.119
0.230 2.607 -1.119
0.233 2.606 -1.120
0.235 2.605 -1.120
0.237 2.604 -1.120
0.239 2.603 -1.120
0.241 2.602 -1.120
0.244 2.602 -1.120
0.246 2.601 -1.120
0.249 2.600 -1.120
0.251 2.599 -1.120
0.253 2.598 -1.120
0.255 2.597 -1.120
0.257 2.596 -1.120
0.259 2.595 -1.121
0.261 2.595 -1.121
0.263 2.594 -1.121
0.265 2.592 -1.120
0.267 2.591 -1.120
0.269 2.590 -1.120
0.271 2.590 -1.121
0.273 2.589 -1.121
0.275 2.588 -1.121
0.277 2.587 -1.121
0.278 2.586 -1.122
0.281 2.585 -1.122
0.282 2.584 -1.122
0.284 2.583 -1.122
0.286 2.583 -1.123
0.288 2.581 -1.123
0.289 2.580 -1.123
0.291 2.579 -1.124
0.293 2.578 -1.124
0.294 2.577 -1.124
0.296 2.577 -1.125
0.298 2.576 -1.125
0.300 2.575 -1.125
0.302 2.574 -1.126
0.304 2.573 -1.126
0.306 2.573 -1.127
0.308 2.572 -1.127
0.310 2.571 -1.128
0.313 2.571 -1.128
0.315 2.570 -1.129
0.317 2.570 -1.129
0.320 2.569 -1.130
0.322 2.569 -1.131
0.324 2.568 -1.132
0.327 2.568 -1.132
0.329 2.567 -1.133
0.331 2.566 -1.133
0.333 2.565 -1.134
0.335 2.565 -1.135
0.338 2.564 -1.135
0.340 2.563 -1.136
0.342 2.562 -1.136
0.344 2.562 -1.137
0.346 2.561 -1.138
0.348 2.560 -1.139
0.351 2.559 -1.139
0.353 2.558 -1.140
0.355 2.558 -1.141
0.357 2.557 -1.142
0.359 2.556 -1.143
0.361 2.556 -1.144
0.363 2.555 -1.145
0.365 2.554 -1.146
0.368 2.554 -1.146
0.370 2.553 -1.148
0.372 2.552 -1.148
0.374 2.551 -1.150
0.376 2.551 -1.151
0.378 2.550 -1.152
0.380 2.549 -1.153
0.381 2.548 -1.154
0.383 2.547 -1.155
0.385 2.546 -1.156
0.386 2.544 -1.157
0.388 2.543 -1.158
0.389 2.542 -1.159
0.391 2.541 -1.160
0.393 2.540 -1.162
0.394 2.538 -1.163
0.396 2.537 -1.164
0.397 2.536 -1.165
0.399 2.535 -1.166
0.401 2.534 -1.167
0.403 2.533 -1.168
0.404 2.532 -1.169
0.406 2.531 -1.170
0.408 2.530 -1.171
0.409 2.529 -1.173
0.411 2.528 -1.173
0.412 2.527 -1.175
0.414 2.526 -1.176
0.416 2.525 -1.177
0.417 2.524 -1.178
0.418 2.523 -1.179
0.420 2.522 -1.180
0.421 2.520 -1.181
0.423 2.519 -1.182
0.424 2.518 -1.184
0.425 2.517 -1.185
0.427 2.515 -1.186
0.428 2.514 -1.187
0.429 2.513 -1.188
0.431 2.512 -1.189
0.432 2.511 -1.191
0.434 2.510 -1.192
0.435 2.509 -1.193
0.437 2.508 -1.194
0.438 2.506 -1.195
0.439 2.505 -1.197
0.440 2.504 -1.198
0.442 2.502 -1.199
0.443 2.501 -1.200
0.444 2.500 -1.201
0.445 2.499 -1.202
0.446 2.497 -1.204
0.447 2.496 -1.205
0.449 2.495 -1.206
0.450 2.494 -1.207
0.451 2.492 -1.208
0.453 2.492 -1.210
0.454 2.491 -1.211
0.455 2.489 -1.212
0.456 2.488 -1.213
0.458 2.487 -1.214
0.459 2.487 -1.215
0.460 2.486 -1.217
0.462 2.485 -1.218
0.463 2.483 -1.219
0.464 2.483 -1.220
0.465 2.481 -1.222
0.466 2.480 -1.223
0.467 2.479 -1.224
0.468 2.477 -1.226
0.469 2.476 -1.227
0.470 2.475 -1.228
0.471 2.474 -1.229
0.472 2.472 -1.231
0.473 2.471 -1.232
0.474 2.470 -1.233
0.475 2.469 -1.235
0.476 2.467 -1.236
0.477 2.466 -1.237
0.478 2.465 -1.239
0.479 2.463 -1.240
0.480 2.462 -1.241
0.481 2.461 -1.242
0.482 2.460 -1.244
0.483 2.459 -1.245
0.485 2.458 -1.246
0.486 2.457 -1.248
0.487 2.457 -1.249
0.488 2.456 -1.250
0.489 2.455 -1.251
0.491 2.454 -1.253
0.492 2.453 -1.254
0.493 2.452 -1.255
0.494 2.451 -1.257
0.495 2.450 -1.258
0.495 2.449 -1.259
0.496 2.448 -1.260
0.497 2.447 -1.262
0.498 2.446 -1.263
0.498 2.445 -1.264
0.499 2.443 -1.265
0.499 2.442 -1.266
0.500 2.441 -1.267
0.501 2.440 -1.268
0.502 2.439 -1.269
0.502 2.438 -1.270
0.503 2.436 -1.270
0.504 2.435 -1.271
0.504 2.434 -1.272
0.505 2.433 -1.272
0.506 2.433 -1.273
0.507 2.432 -1.274
0.508 2.431 -1.274
0.509 2.430 -1.275
0.509 2.429 -1.276
0.510 2.428 -1.276
0.511 2.427 -1.276
0.512 2.426 -1.277
0.513 2.425 -1.277
0.513 2.424 -1.278
0.514 2.423 -1.278
0.515 2.422 -1.278
0.516 2.421 -1.279
0.517 2.420 -1.279
0.518 2.419 -1.279
0.519 2.418 -1.280
0.519 2.417 -1.280
0.520 2.416 -1.281
0.521 2.415 -1.281
0.522 2.414 -1.282
0.522 2.413 -1.282
0.523 2.412 -1.283
0.524 2.411 -1.284
0.525 2.410 -1.285
0.525 2.409 -1.286
0.526 2.408 -1.287
0.526 2.407 -1.288
0.527 2.406 -1.289
0.528 2.405 -1.291
0.529 2.404 -1.292
0.529 2.403 -1.293
0.530 2.403 -1.295
0.531 2.402 -1.296
0.531 2.402 -1.297
0.532 2.402 -1.298
0.532 2.401 -1.299
0.533 2.400 -1.299
0.534 2.400 -1.300
0.534 2.399 -1.301
0.535 2.399 -1.301
0.535 2.398 -1.302
0.535 2.397 -1.303
0.535 2.396 -1.303
0.536 2.396 -1.304
0.536 2.395 -1.303
0.535 2.395 -1.303
0.535 2.395 -1.303
0.535 2.395 -1.303
0.535 2.394 -1.303
0.535 2.394 -1.303
0.535 2.394 -1.303
0.536 2.395 -1.303
0.536 2.394 -1.303
0.536 2.394 -1.303
0.536 2.395 -1.303
0.536 2.394 -1.304
0.536 2.394 -1.304
0.536 2.394 -1.305
0.536 2.394 -1.305
0.536 2.394 -1.306
0.536 2.393 -1.306
0.536 2.393 -1.306
0.536 2.393 -1.307
0.536 2.393 -1.307
0.536 2.392 -1.308
0.536 2.392 -1.308
0.536 2.392 -1.308
0.535 2.392 -1.309
0.535 2.391 -1.309
0.535 2.391 -1.309
0.535 2.391 -1.309
0.535 2.391 -1.309
0.535 2.390 -1.309
0.535 2.390 -1.309
0.535 2.390 -1.310
0.535 2.389 -1.310
0.535 2.389 -1.310
0.535 2.389 -1.310
0.535 2.389 -1.310
0.535 2.388 -1.310
0.535 2.388 -1.310
0.535 2.388 -1.310
0.535 2.387 -1.310
0.535 2.387 -1.310
0.535 2.387 -1.310
0.535 2.386 -1.310
0.535 2.386 -1.310
0.535 2.386 -1.310
0.535 2.386 -1.310
0.535 2.386 -1.310
0.535 2.386 -1.310
0.535 2.385 -1.310
0.535 2.385 -1.310
0.535 2.385 -1.310
0.535 2.385 -1.310
0.535 2.385 -1.310
0.535 2.385 -1.310
0.535 2.385 -1.310
0.535 2.385 -1.310
0.535 2.384 -1.310
0.535 2.384 -1.310
0.535 2.384 -1.310
0.534 2.384 -1.310
0.534 2.384 -1.310
0.535 2.384 -1.310
0.535 2.384 -1.310
0.535 2.384 -1.310
0.535 2.384 -1.310
0.535 2.384 -1.310
0.535 2.384 -1.310
0.535 2.384 -1.310
0.535 2.385 -1.310
0.535 2.384 -1.310
0.535 2.385 -1.310
0.535 2.384 -1.310
0.535 2.384 -1.310
0.536 2.385 -1.310
0.536 2.385 -1.310
0.536 2.385 -1.310
0.536 2.385 -1.310
0.536 2.385 -1.310
0.537 2.386 -1.310
0.537 2.386 -1.310
0.537 2.386 -1.310
0.537 2.386 -1.310
0.537 2.387 -1.309
0.537 2.386 -1.309
0.537 2.387 -1.309
0.537 2.387 -1.309
0.537 2.387 -1.309
0.537 2.388 -1.309
0.537 2.388 -1.308
0.537 2.388 -1.308
0.536 2.388 -1.308
0.536 2.388 -1.308
0.536 2.388 -1.308
0.536 2.388 -1.307
0.536 2.388 -1.307
0.536 2.388 -1.307
0.536 2.388 -1.307
0.536 2.388 -1.307
0.536 2.388 -1.307
0.536 2.388 -1.306
0.536 2.388 -1.306
0.536 2.388 -1.306
0.536 2.389 -1.306
0.536 2.389 -1.306
0.536 2.390 -1.306
0.536 2.390 -1.306
0.536 2.390 -1.306
0.536 2.390 -1.306
0.537 2.390 -1.306
0.537 2.391 -1.306
0.537 2.391 -1.306
0.537 2.391 -1.306
0.537 2.391 -1.306
0.536 2.391 -1.306
