x y z
-2.059 -0.175 -0.597
-2.060 -0.175 -0.596
-2.060 -0.176 -0.593
-2.060 -0.176 -0.592
-2.060 -0.176 -0.591
-2.061 -0.175 -0.590
-2.061 -0.175 -0.588
-2.061 -0.175 -0.587
-2.062 -0.176 -0.584
-2.062 -0.175 -0.584
-2.061 -0.175 -0.583
-2.061 -0.175 -0.581
-2.062 -0.175 -0.580
-2.062 -0.175 -0.578
-2.062 -0.175 -0.576
-2.062 -0.175 -0.575
-2.062 -0.175 -0.573
-2.063 -0.174 -0.572
-2.063 -0.174 -0.570
-2.063 -0.174 -0.569
-2.064 -0.174 -0.567
-2.063 -0.174 -0.566
-2.065 -0.174 -0.564
-2.065 -0.174 -0.562
-2.065 -0.173 -0.561
-2.065 -0.173 -0.560
-2.066 -0.174 -0.557
-2.065 -0.174 -0.556
-2.065 -0.173 -0.555
-2.065 -0.174 -0.553
-2.065 -0.174 -0.551
-2.065 -0.173 -0.550
-2.066 -0.174 -0.548
-2.065 -0.173 -0.547
-2.065 -0.173 -0.546
-2.065 -0.173 -0.544
-2.066 -0.173 -0.542
-2.066 -0.173 -0.541
-2.066 -0.173 -0.539
-2.066 -0.173 -0.538
-2.067 -0.173 -0.536
-2.067 -0.173 -0.535
-2.067 -0.172 -0.533
-2.067 -0.172 -0.532
-2.067 -0.172 -0.531
-2.067 -0.172 -0.529
-2.067 -0.171 -0.528
-2.068 -0.172 -0.526
-2.068 -0.172 -0.525
-2.068 -0.171 -0.524
-2.068 -0.171 -0.522
-2.068 -0.171 -0.521
-2.068 -0.171 -0.519
-2.068 -0.171 -0.517
-2.068 -0.171 -0.516
-2.069 -0.171 -0.515
-2.069 -0.171 -0.513
-2.069 -0.171 -0.512
-2.069 -0.171 -0.510
-2.069 -0.170 -0.509
-2.069 -0.170 -0.507
-2.069 -0.170 -0.506
-2.069 -0.169 -0.505
-2.069 -0.169 -0.503
-2.069 -0.168 -0.502
-2.069 -0.168 -0.500
-2.069 -0.167 -0.499
-2.069 -0.167 -0.497
-2.069 -0.166 -0.496
-2.069 -0.166 -0.495
-2.068 -0.166 -0.493
-2.067 -0.165 -0.492
-2.065 -0.165 -0.491
-2.062 -0.165 -0.490
-2.059 -0.166 -0.488
-2.055 -0.166 -0.487
-2.051 -0.167 -0.486
-2.047 -0.167 -0.485
-2.042 -0.168 -0.484
-2.039 -0.170 -0.484
-2.034 -0.170 -0.483
-2.029 -0.171 -0.483
-2.023 -0.171 -0.482
-2.018 -0.172 -0.482
-2.013 -0.173 -0.482
-2.007 -0.173 -0.482
-2.001 -0.173 -0.482
-1.995 -0.174 -0.482
-1.990 -0.174 -0.482
-1.983 -0.174 -0.482
-1.977 -0.174 -0.482
-1.971 -0.174 -0.482
-1.964 -0.174 -0.482
-1.957 -0.174 -0.483
-1.950 -0.174 -0.483
-1.943 -0.174 -0.483
-1.937 -0.174 -0.484
-1.930 -0.173 -0.485
-1.922 -0.173 -0.485
-1.915 -0.173 -0.485
-1.908 -0.173 -0.486
-1.901 -0.173 -0.487
-1.894 -0.173 -0.487
-1.886 -0.173 -0.488
-1.879 -0.174 -0.489
-1.871 -0.174 -0.490
-1.863 -0.174 -0.490
-1.855 -0.174 -0.491
-1.848 -0.175 -0.492
-1.840 -0.175 -0.493
-1.832 -0.175 -0.494
-1.824 -0.175 -0.495
-1.815 -0.175 -0.496
-1.807 -0.176 -0.498
-1.799 -0.176 -0.499
-1.791 -0.176 -0.500
-1.782 -0.176 -0.501
-1.774 -0.177 -0.502
-1.765 -0.177 -0.503
-1.756 -0.177 -0.504
-1.748 -0.178 -0.505
-1.739 -0.178 -0.507
-1.730 -0.178 -0.508
-1.721 -0.178 -0.509
-1.712 -0.178 -0.510
-1.703 -0.179 -0.511
-1.694 -0.179 -0.512
-1.684 -0.179 -0.513
-1.675 -0.179 -0.514
-1.665 -0.179 -0.516
-1.656 -0.179 -0.517
-1.646 -0.179 -0.518
-1.637 -0.179 -0.519
-1.627 -0.179 -0.520
-1.617 -0.179 -0.521
-1.607 -0.179 -0.522
-1.597 -0.179 -0.523
-1.587 -0.179 -0.524
-1.577 -0.179 -0.525
-1.567 -0.179 -0.526
-1.557 -0.179 -0.528
-1.546 -0.179 -0.529
-1.536 -0.179 -0.530
-1.526 -0.179 -0.531
-1.515 -0.179 -0.532
-1.505 -0.179 -0.533
-1.494 -0.180 -0.534
-1.484 -0.180 -0.535
-1.475 -0.180 -0.536
-1.467 -0.181 -0.536
-1.462 -0.181 -0.537
-1.458 -0.182 -0.537
-1.458 -0.182 -0.538
-1.459 -0.182 -0.539
-1.462 -0.183 -0.541
-1.466 -0.183 -0.542
-1.471 -0.183 -0.544
-1.475 -0.183 -0.546
-1.478 -0.183 -0.547
-1.479 -0.184 -0.549
-1.481 -0.184 -0.550
-1.482 -0.184 -0.551
-1.483 -0.185 -0.551
-1.484 -0.185 -0.552
-1.485 -0.185 -0.552
-1.486 -0.185 -0.553
-1.486 -0.186 -0.553
-1.486 -0.186 -0.553
-1.486 -0.186 -0.553
-1.486 -0.187 -0.552
-1.485 -0.187 -0.552
-1.485 -0.187 -0.552
-1.484 -0.188 -0.551
-1.484 -0.189 -0.551
-1.483 -0.189 -0.550
-1.482 -0.190 -0.550
-1.481 -0.190 -0.549
-1.480 -0.191 -0.548
-1.479 -0.192 -0.547
-1.477 -0.192 -0.546
-1.476 -0.193 -0.546
-1.475 -0.193 -0.545
-1.473 -0.194 -0.544
-1.472 -0.195 -0.543
-1.471 -0.195 -0.542
-1.469 -0.196 -0.540
-1.468 -0.197 -0.539
-1.466 -0.197 -0.538
-1.465 -0.198 -0.537
-1.463 -0.198 -0.536
-1.462 -0.199 -0.534
-1.460 -0.200 -0.533
-1.459 -0.201 -0.532
-1.457 -0.201 -0.530
-1.456 -0.202 -0.529
-1.454 -0.203 -0.528
-1.453 -0.204 -0.527
-1.451 -0.205 -0.525
-1.450 -0.206 -0.524
-1.449 -0.206 -0.523
-1.448 -0.207 -0.522
-1.446 -0.207 -0.520
-1.445 -0.208 -0.519
-1.444 -0.209 -0.518
-1.443 -0.209 -0.517
-1.442 -0.210 -0.516
-1.441 -0.210 -0.515
-1.440 -0.211 -0.514
-1.439 -0.211 -0.513
-1.437 -0.211 -0.512
-1.437 -0.212 -0.511
-1.437 -0.212 -0.510
-1.436 -0.213 -0.509
-1.435 -0.213 -0.508
-1.434 -0.213 -0.508
-1.434 -0.213 -0.507
-1.434 -0.214 -0.506
-1.433 -0.214 -0.505
-1.433 -0.214 -0.505
-1.433 -0.214 -0.504
-1.433 -0.214 -0.504
-1.432 -0.214 -0.503
-1.432 -0.214 -0.502
-1.432 -0.214 -0.502
-1.432 -0.214 -0.501
-1.432 -0.214 -0.501
-1.432 -0.214 -0.500
-1.432 -0.214 -0.500
-1.432 -0.214 -0.499
-1.432 -0.214 -0.499
-1.432 -0.214 -0.499
-1.432 -0.214 -0.498
-1.432 -0.215 -0.497
-1.432 -0.215 -0.497
-1.432 -0.215 -0.496
-1.432 -0.215 -0.496
-1.432 -0.215 -0.495
-1.432 -0.215 -0.494
-1.432 -0.215 -0.494
-1.432 -0.215 -0.493
-1.432 -0.215 -0.492
-1.432 -0.215 -0.492
-1.432 -0.215 -0.491
-1.431 -0.215 -0.490
-1.431 -0.215 -0.489
-1.431 -0.214 -0.488
-1.431 -0.215 -0.487
-1.430 -0.214 -0.486
-1.430 -0.214 -0.485
-1.430 -0.214 -0.484
-1.429 -0.214 -0.483
-1.429 -0.214 -0.482
-1.428 -0.214 -0.480
-1.428 -0.214 -0.479
-1.427 -0.214 -0.478
-1.426 -0.214 -0.477
-1.426 -0.214 -0.475
-1.425 -0.214 -0.474
-1.424 -0.214 -0.473
-1.423 -0.214 -0.471
-1.422 -0.215 -0.470
-1.421 -0.215 -0.468
-1.420 -0.215 -0.467
-1.419 -0.215 -0.466
-1.418 -0.215 -0.464
-1.417 -0.215 -0.462
-1.416 -0.215 -0.461
-1.415 -0.216 -0.459
-1.414 -0.216 -0.458
-1.413 -0.216 -0.456
-1.412 -0.216 -0.455
-1.411 -0.216 -0.453
-1.410 -0.216 -0.451
-1.409 -0.216 -0.450
-1.408 -0.216 -0.448
-1.407 -0.216 -0.447
-1.406 -0.216 -0.445
-1.405 -0.216 -0.443
-1.404 -0.217 -0.442
-1.403 -0.217 -0.440
-1.402 -0.217 -0.439
-1.401 -0.218 -0.437
-1.400 -0.218 -0.435
-1.399 -0.218 -0.434
-1.398 -0.218 -0.432
-1.397 -0.218 -0.431
-1.396 -0.218 -0.429
-1.396 -0.218 -0.428
-1.395 -0.219 -0.426
-1.394 -0.219 -0.425
-1.393 -0.219 -0.423
-1.393 -0.219 -0.422
-1.392 -0.219 -0.421
-1.391 -0.219 -0.419
-1.391 -0.219 -0.418
-1.390 -0.219 -0.416
-1.390 -0.219 -0.415
-1.389 -0.219 -0.414
-1.389 -0.219 -0.412
-1.388 -0.219 -0.411
-1.388 -0.219 -0.410
-1.387 -0.219 -0.408
-1.387 -0.219 -0.407
-1.386 -0.219 -0.406
-1.386 -0.219 -0.404
-1.386 -0.219 -0.403
-1.385 -0.220 -0.402
-1.385 -0.220 -0.400
-1.385 -0.220 -0.399
-1.384 -0.220 -0.398
-1.384 -0.220 -0.397
-1.384 -0.220 -0.395
-1.383 -0.220 -0.394
-1.383 -0.220 -0.393
