x y z
-1.115 1.553 -0.392
-1.116 1.552 -0.391
-1.116 1.552 -0.389
-1.117 1.552 -0.387
-1.117 1.552 -0.385
-1.118 1.552 -0.384
-1.119 1.552 -0.382
-1.119 1.552 -0.380
-1.120 1.552 -0.379
-1.120 1.552 -0.377
-1.121 1.552 -0.375
-1.121 1.552 -0.374
-1.122 1.552 -0.372
-1.123 1.552 -0.370
-1.124 1.551 -0.368
-1.124 1.551 -0.367
-1.125 1.551 -0.365
-1.126 1.551 -0.363
-1.127 1.551 -0.362
-1.127 1.551 -0.360
-1.128 1.550 -0.359
-1.129 1.551 -0.357
-1.129 1.551 -0.356
-1.130 1.551 -0.354
-1.130 1.551 -0.353
-1.131 1.551 -0.351
-1.131 1.551 -0.350
-1.131 1.551 -0.348
-1.132 1.551 -0.346
-1.132 1.551 -0.345
-1.132 1.551 -0.344
-1.133 1.551 -0.342
-1.133 1.551 -0.340
-1.133 1.552 -0.339
-1.134 1.552 -0.338
-1.134 1.552 -0.336
-1.134 1.551 -0.335
-1.134 1.551 -0.333
-1.135 1.551 -0.332
-1.135 1.551 -0.330
-1.135 1.551 -0.329
-1.135 1.551 -0.327
-1.135 1.551 -0.326
-1.136 1.551 -0.325
-1.136 1.551 -0.323
-1.136 1.551 -0.322
-1.136 1.551 -0.320
-1.136 1.551 -0.319
-1.136 1.551 -0.318
-1.136 1.551 -0.317
-1.137 1.551 -0.315
-1.137 1.552 -0.314
-1.137 1.552 -0.313
-1.138 1.552 -0.312
-1.138 1.552 -0.311
-1.139 1.552 -0.310
-1.139 1.553 -0.309
-1.139 1.553 -0.308
-1.140 1.553 -0.307
-1.141 1.553 -0.306
-1.141 1.554 -0.305
-1.142 1.554 -0.304
-1.142 1.554 -0.303
-1.142 1.555 -0.302
-1.142 1.555 -0.301
-1.142 1.556 -0.300
-1.141 1.557 -0.299
-1.140 1.558 -0.297
-1.139 1.559 -0.296
-1.137 1.561 -0.295
-1.135 1.563 -0.294
-1.132 1.565 -0.293
-1.130 1.567 -0.292
-1.127 1.569 -0.292
-1.123 1.571 -0.291
-1.120 1.574 -0.290
-1.116 1.577 -0.290
-1.112 1.580 -0.289
-1.108 1.583 -0.289
-1.104 1.586 -0.288
-1.100 1.589 -0.288
-1.096 1.593 -0.287
-1.091 1.596 -0.286
-1.087 1.599 -0.286
-1.083 1.602 -0.285
-1.078 1.605 -0.284
-1.073 1.609 -0.283
-1.068 1.612 -0.282
-1.063 1.615 -0.281
-1.059 1.618 -0.280
-1.053 1.621 -0.279
-1.048 1.624 -0.278
-1.043 1.627 -0.277
-1.037 1.630 -0.276
-1.032 1.633 -0.275
-1.026 1.636 -0.274
-1.021 1.640 -0.273
-1.015 1.643 -0.272
-1.009 1.646 -0.271
-1.004 1.649 -0.270
-0.998 1.653 -0.269
-0.992 1.656 -0.269
-0.986 1.659 -0.268
-0.980 1.662 -0.267
-0.975 1.666 -0.266
-0.969 1.669 -0.266
-0.963 1.672 -0.265
-0.957 1.675 -0.264
-0.951 1.679 -0.264
-0.944 1.682 -0.263
-0.938 1.686 -0.262
-0.932 1.689 -0.262
-0.926 1.693 -0.261
-0.920 1.696 -0.260
-0.913 1.700 -0.260
-0.907 1.704 -0.259
-0.900 1.707 -0.259
-0.894 1.711 -0.258
-0.887 1.715 -0.258
-0.880 1.718 -0.257
-0.874 1.722 -0.257
-0.867 1.726 -0.256
-0.860 1.729 -0.255
-0.853 1.733 -0.255
-0.846 1.737 -0.255
-0.839 1.741 -0.254
-0.832 1.745 -0.254
-0.825 1.749 -0.254
-0.818 1.753 -0.253
-0.811 1.757 -0.253
-0.804 1.762 -0.253
-0.797 1.765 -0.253
-0.790 1.769 -0.252
-0.783 1.773 -0.252
-0.776 1.777 -0.252
-0.769 1.781 -0.252
-0.761 1.785 -0.252
-0.754 1.789 -0.252
-0.747 1.793 -0.252
-0.739 1.798 -0.252
-0.732 1.802 -0.252
-0.725 1.806 -0.252
-0.719 1.810 -0.251
-0.715 1.813 -0.252
-0.712 1.815 -0.251
-0.710 1.817 -0.251
-0.710 1.817 -0.251
-0.712 1.817 -0.252
-0.715 1.816 -0.252
-0.718 1.814 -0.254
-0.723 1.812 -0.255
-0.728 1.810 -0.256
-0.732 1.808 -0.257
-0.735 1.806 -0.258
-0.738 1.804 -0.259
-0.741 1.802 -0.259
-0.743 1.800 -0.260
-0.745 1.799 -0.260
-0.747 1.797 -0.260
-0.748 1.796 -0.260
-0.749 1.795 -0.260
-0.750 1.794 -0.259
-0.750 1.793 -0.259
-0.750 1.793 -0.259
-0.750 1.792 -0.259
-0.749 1.792 -0.259
-0.749 1.792 -0.258
-0.749 1.791 -0.258
-0.748 1.791 -0.258
-0.748 1.791 -0.257
-0.747 1.791 -0.257
-0.746 1.791 -0.256
-0.745 1.791 -0.256
-0.746 1.792 -0.254
-0.744 1.791 -0.254
-0.742 1.791 -0.254
-0.741 1.791 -0.254
-0.740 1.791 -0.253
-0.739 1.790 -0.253
-0.737 1.790 -0.252
-0.736 1.791 -0.251
-0.735 1.791 -0.251
-0.733 1.791 -0.250
-0.732 1.791 -0.250
-0.730 1.791 -0.249
-0.729 1.792 -0.248
-0.727 1.792 -0.248
-0.726 1.792 -0.247
-0.724 1.792 -0.246
-0.722 1.793 -0.245
-0.721 1.793 -0.245
-0.719 1.794 -0.244
-0.718 1.795 -0.244
-0.716 1.795 -0.243
-0.715 1.796 -0.242
-0.713 1.796 -0.241
-0.712 1.796 -0.240
-0.711 1.797 -0.240
-0.710 1.797 -0.239
-0.709 1.797 -0.238
-0.708 1.798 -0.237
-0.707 1.798 -0.236
-0.706 1.798 -0.236
-0.705 1.799 -0.234
-0.704 1.799 -0.234
-0.703 1.799 -0.233
-0.702 1.799 -0.232
-0.701 1.799 -0.231
-0.700 1.800 -0.230
-0.700 1.800 -0.229
-0.699 1.800 -0.228
-0.698 1.800 -0.227
-0.698 1.800 -0.227
-0.697 1.800 -0.226
-0.697 1.800 -0.225
-0.696 1.800 -0.224
-0.696 1.799 -0.223
-0.696 1.799 -0.222
-0.695 1.799 -0.221
-0.695 1.799 -0.220
-0.695 1.799 -0.219
-0.695 1.799 -0.218
-0.694 1.799 -0.217
-0.694 1.799 -0.216
-0.694 1.799 -0.215
-0.693 1.799 -0.214
-0.693 1.800 -0.213
-0.692 1.800 -0.212
-0.692 1.800 -0.211
-0.692 1.800 -0.210
-0.692 1.800 -0.209
-0.691 1.800 -0.208
-0.691 1.800 -0.207
-0.691 1.800 -0.206
-0.691 1.800 -0.205
-0.691 1.799 -0.204
-0.691 1.799 -0.203
-0.691 1.799 -0.202
-0.691 1.799 -0.201
-0.691 1.798 -0.200
-0.691 1.798 -0.199
-0.690 1.798 -0.198
-0.691 1.798 -0.196
-0.691 1.798 -0.195
-0.691 1.798 -0.194
-0.690 1.797 -0.193
-0.690 1.797 -0.192
-0.690 1.797 -0.191
-0.689 1.797 -0.189
-0.689 1.797 -0.188
-0.689 1.797 -0.187
-0.688 1.797 -0.186
-0.687 1.797 -0.184
-0.687 1.797 -0.183
-0.686 1.797 -0.182
-0.686 1.797 -0.180
-0.685 1.797 -0.179
-0.685 1.797 -0.178
-0.685 1.797 -0.176
-0.684 1.797 -0.175
-0.684 1.797 -0.173
-0.683 1.797 -0.172
-0.682 1.797 -0.171
-0.681 1.797 -0.170
-0.681 1.797 -0.168
-0.681 1.797 -0.166
-0.681 1.797 -0.165
-0.680 1.797 -0.163
-0.680 1.797 -0.162
-0.679 1.797 -0.160
-0.678 1.797 -0.159
-0.678 1.796 -0.157
-0.677 1.797 -0.156
-0.676 1.797 -0.154
-0.676 1.797 -0.153
-0.675 1.797 -0.151
-0.674 1.797 -0.149
-0.673 1.797 -0.148
-0.672 1.798 -0.146
-0.672 1.798 -0.145
-0.671 1.798 -0.143
-0.670 1.798 -0.142
-0.670 1.798 -0.140
-0.669 1.798 -0.139
-0.669 1.798 -0.137
-0.668 1.798 -0.136
-0.668 1.798 -0.134
-0.667 1.798 -0.133
-0.667 1.798 -0.131
-0.667 1.798 -0.129
-0.666 1.798 -0.128
-0.665 1.798 -0.127
-0.665 1.798 -0.125
-0.665 1.798 -0.123
-0.665 1.798 -0.121
-0.664 1.798 -0.120
-0.664 1.798 -0.118
-0.664 1.798 -0.117
-0.663 1.798 -0.115
-0.663 1.798 -0.113
-0.662 1.798 -0.112
-0.662 1.798 -0.110
-0.662 1.798 -0.109
-0.661 1.798 -0.107
-0.661 1.798 -0.105
-0.661 1.798 -0.104
-0.661 1.798 -0.102
-0.661 1.798 -0.100
-0.661 1.798 -0.099
-0.661 1.798 -0.097
-0.661 1.798 -0.095
-0.661 1.797 -0.094
-0.660 1.797 -0.092
-0.660 1.797 -0.090
-0.660 1.797 -0.089
-0.660 1.797 -0.087
-0.660 1.797 -0.085
-0.660 1.797 -0.083
-0.660 1.797 -0.082
-0.660 1.797 -0.080
-0.660 1.797 -0.078
-0.659 1.797 -0.076
-0.659 1.797 -0.075
-0.659 1.797 -0.073
-0.659 1.797 -0.071
-0.659 1.797 -0.069
-0.658 1.797 -0.067
-0.658 1.796 -0.065
-0.658 1.796 -0.064
-0.658 1.796 -0.062
-0.658 1.796 -0.060
-0.658 1.796 -0.058
-0.658 1.795 -0.056
-0.658 1.795 -0.054
-0.658 1.795 -0.053
-0.658 1.795 -0.051
-0.657 1.794 -0.049
-0.657 1.794 -0.047
-0.657 1.794 -0.045
-0.657 1.794 -0.043
-0.656 1.794 -0.041
-0.656 1.794 -0.040
-0.656 1.794 -0.038
-0.656 1.794 -0.036
-0.655 1.794 -0.034
-0.655 1.794 -0.032
-0.655 1.794 -0.030
-0.655 1.794 -0.028
-0.654 1.794 -0.026
-0.654 1.794 -0.024
-0.654 1.793 -0.022
-0.654 1.793 -0.020
-0.654 1.793 -0.018
-0.653 1.793 -0.016
-0.653 1.793 -0.014
-0.653 1.793 -0.012
-0.653 1.793 -0.010
-0.652 1.793 -0.008
-0.652 1.793 -0.006
-0.652 1.793 -0.004
-0.652 1.793 -0.002
-0.652 1.793 -0.000
-0.651 1.792 0.002
-0.651 1.792 0.004
-0.651 1.792 0.006
-0.651 1.792 0.008
-0.651 1.792 0.010
-0.651 1.792 0.012
-0.650 1.792 0.014
-0.650 1.791 0.016
-0.650 1.791 0.018
-0.650 1.791 0.020
-0.650 1.791 0.022
-0.650 1.791 0.024
-0.650 1.791 0.026
-0.649 1.791 0.028
-0.649 1.790 0.030
-0.649 1.790 0.032
-0.649 1.790 0.034
-0.649 1.790 0.036
-0.648 1.790 0.038
-0.648 1.790 0.041
-0.648 1.790 0.042
-0.648 1.790 0.045
-0.648 1.790 0.047
-0.647 1.790 0.049
-0.647 1.790 0.051
-0.647 1.790 0.053
-0.647 1.790 0.055
-0.647 1.790 0.057
-0.647 1.789 0.059
-0.648 1.789 0.061
-0.648 1.789 0.063
-0.648 1.788 0.065
-0.648 1.788 0.068
-0.648 1.788 0.070
-0.648 1.788 0.072
-0.648 1.788 0.074
-0.648 1.788 0.076
-0.647 1.788 0.078
-0.647 1.788 0.080
-0.647 1.788 0.082
-0.647 1.788 0.085
-0.647 1.788 0.087
-0.647 1.788 0.089
-0.647 1.788 0.091
-0.647 1.788 0.093
-0.647 1.787 0.095
-0.647 1.787 0.097
-0.647 1.787 0.099
-0.647 1.787 0.102
-0.647 1.786 0.104
-0.647 1.786 0.106
-0.647 1.786 0.108
-0.647 1.786 0.110
-0.647 1.785 0.112
-0.647 1.785 0.114
-0.647 1.785 0.117
-0.647 1.785 0.119
-0.647 1.785 0.121
-0.647 1.785 0.123
-0.647 1.785 0.125
-0.647 1.785 0.128
-0.647 1.785 0.130
-0.646 1.784 0.132
-0.646 1.784 0.134
-0.646 1.784 0.137
-0.646 1.784 0.139
-0.646 1.784 0.141
-0.646 1.784 0.143
-0.646 1.783 0.145
-0.646 1.783 0.148
-0.646 1.783 0.150
-0.646 1.783 0.152
-0.646 1.782 0.154
-0.646 1.782 0.157
-0.646 1.782 0.159
-0.646 1.782 0.161
-0.646 1.781 0.163
-0.646 1.781 0.166
-0.646 1.781 0.168
-0.646 1.781 0.170
-0.646 1.781 0.172
-0.646 1.780 0.175
-0.646 1.780 0.177
-0.646 1.780 0.179
-0.646 1.780 0.182
-0.646 1.780 0.184
-0.646 1.780 0.186
-0.646 1.780 0.188
-0.646 1.780 0.191
-0.646 1.780 0.193
-0.646 1.779 0.195
-0.646 1.779 0.198
-0.646 1.779 0.200
-0.646 1.779 0.202
-0.646 1.779 0.204
-0.646 1.778 0.206
-0.646 1.778 0.209
-0.646 1.778 0.211
-0.646 1.778 0.213
