x y z
-0.916 1.684 -0.385
-0.916 1.685 -0.383
-0.915 1.685 -0.382
-0.915 1.686 -0.380
-0.915 1.687 -0.379
-0.914 1.687 -0.378
-0.914 1.688 -0.376
-0.914 1.688 -0.375
-0.914 1.689 -0.373
-0.914 1.689 -0.372
-0.914 1.690 -0.370
-0.914 1.690 -0.369
-0.913 1.690 -0.368
-0.913 1.690 -0.366
-0.913 1.691 -0.365
-0.913 1.691 -0.364
-0.914 1.692 -0.362
-0.913 1.692 -0.361
-0.913 1.692 -0.359
-0.912 1.693 -0.358
-0.912 1.693 -0.357
-0.912 1.693 -0.355
-0.912 1.694 -0.354
-0.912 1.694 -0.352
-0.912 1.695 -0.351
-0.911 1.696 -0.350
-0.912 1.696 -0.348
-0.911 1.697 -0.347
-0.911 1.697 -0.346
-0.911 1.697 -0.344
-0.911 1.697 -0.343
-0.911 1.698 -0.342
-0.911 1.698 -0.340
-0.911 1.698 -0.339
-0.911 1.699 -0.338
-0.911 1.699 -0.337
-0.911 1.699 -0.335
-0.912 1.700 -0.334
-0.911 1.700 -0.333
-0.911 1.700 -0.331
-0.911 1.700 -0.330
-0.911 1.701 -0.329
-0.911 1.701 -0.328
-0.911 1.701 -0.326
-0.911 1.702 -0.325
-0.910 1.702 -0.323
-0.910 1.702 -0.322
-0.910 1.703 -0.321
-0.910 1.703 -0.319
-0.909 1.703 -0.318
-0.909 1.704 -0.316
-0.909 1.704 -0.315
-0.909 1.704 -0.314
-0.909 1.705 -0.312
-0.908 1.705 -0.311
-0.908 1.705 -0.309
-0.908 1.706 -0.308
-0.907 1.706 -0.307
-0.907 1.706 -0.306
-0.907 1.706 -0.304
-0.906 1.707 -0.303
-0.906 1.707 -0.301
-0.906 1.707 -0.300
-0.905 1.708 -0.299
-0.904 1.709 -0.297
-0.903 1.710 -0.296
-0.902 1.711 -0.294
-0.900 1.713 -0.293
-0.898 1.714 -0.292
-0.896 1.716 -0.290
-0.893 1.718 -0.289
-0.891 1.721 -0.288
-0.888 1.723 -0.287
-0.885 1.726 -0.286
-0.882 1.728 -0.285
-0.878 1.731 -0.284
-0.875 1.734 -0.284
-0.871 1.738 -0.283
-0.867 1.741 -0.283
-0.863 1.745 -0.282
-0.859 1.748 -0.281
-0.855 1.752 -0.281
-0.851 1.755 -0.280
-0.847 1.759 -0.280
-0.843 1.762 -0.279
-0.838 1.766 -0.278
-0.834 1.770 -0.277
-0.829 1.773 -0.277
-0.824 1.777 -0.275
-0.820 1.781 -0.275
-0.815 1.784 -0.274
-0.810 1.788 -0.273
-0.805 1.792 -0.272
-0.800 1.796 -0.271
-0.795 1.800 -0.270
-0.790 1.803 -0.269
-0.785 1.807 -0.268
-0.781 1.811 -0.268
-0.775 1.815 -0.267
-0.771 1.819 -0.266
-0.766 1.822 -0.265
-0.761 1.826 -0.265
-0.756 1.830 -0.264
-0.750 1.834 -0.264
-0.746 1.838 -0.262
-0.740 1.842 -0.262
-0.735 1.846 -0.261
-0.730 1.851 -0.261
-0.724 1.855 -0.260
-0.719 1.859 -0.260
-0.713 1.863 -0.259
-0.708 1.868 -0.259
-0.702 1.872 -0.258
-0.695 1.876 -0.258
-0.690 1.881 -0.257
-0.684 1.885 -0.257
-0.678 1.890 -0.257
-0.672 1.894 -0.257
-0.667 1.899 -0.256
-0.660 1.903 -0.257
-0.655 1.908 -0.256
-0.649 1.912 -0.256
-0.642 1.917 -0.256
-0.636 1.921 -0.255
-0.630 1.926 -0.255
-0.624 1.931 -0.255
-0.618 1.935 -0.255
-0.612 1.940 -0.255
-0.606 1.945 -0.255
-0.599 1.950 -0.255
-0.592 1.955 -0.255
-0.586 1.960 -0.255
-0.579 1.965 -0.255
-0.573 1.969 -0.255
-0.566 1.974 -0.255
-0.560 1.979 -0.256
-0.553 1.984 -0.256
-0.547 1.989 -0.256
-0.540 1.994 -0.256
-0.533 1.999 -0.256
-0.528 2.004 -0.256
-0.520 2.009 -0.257
-0.516 2.014 -0.259
-0.510 2.017 -0.257
-0.507 2.019 -0.257
-0.506 2.021 -0.257
-0.506 2.021 -0.257
-0.506 2.021 -0.258
-0.507 2.019 -0.259
-0.510 2.017 -0.260
-0.512 2.014 -0.261
-0.515 2.012 -0.262
-0.517 2.010 -0.263
-0.518 2.008 -0.264
-0.519 2.006 -0.265
-0.519 2.005 -0.266
-0.520 2.003 -0.267
-0.520 2.002 -0.267
-0.519 2.000 -0.268
-0.519 1.998 -0.268
-0.519 1.997 -0.268
-0.519 1.996 -0.268
-0.518 1.995 -0.269
-0.517 1.994 -0.269
-0.516 1.993 -0.269
-0.515 1.992 -0.269
-0.514 1.991 -0.269
-0.513 1.990 -0.269
-0.511 1.990 -0.269
-0.510 1.990 -0.269
-0.509 1.990 -0.269
-0.507 1.989 -0.269
-0.505 1.989 -0.269
-0.503 1.989 -0.268
-0.500 1.989 -0.269
-0.498 1.989 -0.268
-0.496 1.989 -0.268
-0.494 1.989 -0.268
-0.492 1.989 -0.267
-0.491 1.990 -0.266
-0.488 1.989 -0.266
-0.487 1.990 -0.266
-0.485 1.990 -0.266
-0.483 1.990 -0.265
-0.481 1.990 -0.265
-0.479 1.990 -0.264
-0.478 1.991 -0.264
-0.476 1.991 -0.264
-0.477 1.992 -0.261
-0.477 1.993 -0.259
-0.476 1.993 -0.257
-0.474 1.994 -0.257
-0.473 1.994 -0.256
-0.470 1.995 -0.257
-0.464 1.994 -0.260
-0.462 1.994 -0.260
-0.460 1.995 -0.259
-0.458 1.995 -0.258
-0.458 1.996 -0.257
-0.455 1.997 -0.257
-0.451 1.997 -0.260
-0.450 1.997 -0.258
-0.449 1.997 -0.257
-0.447 1.997 -0.257
-0.447 1.997 -0.256
-0.445 1.998 -0.255
-0.444 1.998 -0.255
-0.443 1.998 -0.254
-0.442 1.999 -0.254
-0.441 1.999 -0.253
-0.439 1.999 -0.253
-0.438 1.999 -0.252
-0.438 1.999 -0.251
-0.437 1.999 -0.251
-0.436 1.999 -0.250
-0.434 2.000 -0.250
-0.434 2.000 -0.249
-0.433 2.000 -0.249
-0.433 2.000 -0.247
-0.432 1.999 -0.247
-0.431 1.999 -0.247
-0.431 1.999 -0.246
-0.430 1.999 -0.245
-0.430 1.999 -0.244
-0.429 1.998 -0.244
-0.428 1.998 -0.243
-0.428 1.998 -0.242
-0.427 1.998 -0.242
-0.427 1.998 -0.241
-0.426 1.997 -0.240
-0.426 1.997 -0.239
-0.425 1.997 -0.238
-0.425 1.997 -0.237
-0.424 1.997 -0.237
-0.423 1.997 -0.236
-0.423 1.996 -0.235
-0.422 1.996 -0.234
-0.422 1.995 -0.233
-0.421 1.995 -0.232
-0.421 1.995 -0.231
-0.420 1.994 -0.230
-0.420 1.994 -0.229
-0.419 1.994 -0.228
-0.418 1.993 -0.227
-0.418 1.993 -0.226
-0.417 1.993 -0.225
-0.416 1.993 -0.224
-0.416 1.992 -0.223
-0.415 1.992 -0.222
-0.414 1.992 -0.221
-0.413 1.992 -0.220
-0.412 1.992 -0.218
-0.412 1.992 -0.217
-0.411 1.991 -0.216
-0.410 1.991 -0.215
-0.409 1.991 -0.214
-0.408 1.991 -0.213
-0.407 1.991 -0.212
-0.406 1.991 -0.210
-0.405 1.992 -0.209
-0.404 1.992 -0.208
-0.403 1.992 -0.207
-0.402 1.992 -0.206
-0.401 1.992 -0.204
-0.400 1.992 -0.203
-0.399 1.992 -0.202
-0.398 1.992 -0.200
-0.398 1.993 -0.199
-0.397 1.993 -0.198
-0.396 1.993 -0.197
-0.395 1.993 -0.196
-0.394 1.993 -0.195
-0.393 1.994 -0.193
-0.392 1.994 -0.192
-0.391 1.994 -0.191
-0.390 1.994 -0.190
-0.388 1.995 -0.189
-0.388 1.995 -0.187
-0.386 1.995 -0.186
-0.385 1.995 -0.185
-0.384 1.995 -0.183
-0.383 1.996 -0.182
-0.382 1.996 -0.181
-0.381 1.996 -0.180
-0.380 1.996 -0.178
-0.379 1.996 -0.177
-0.378 1.996 -0.176
-0.378 1.996 -0.175
-0.377 1.996 -0.174
-0.376 1.996 -0.172
-0.375 1.996 -0.171
-0.374 1.996 -0.170
-0.373 1.996 -0.169
-0.372 1.996 -0.167
-0.372 1.996 -0.166
-0.371 1.996 -0.165
-0.370 1.996 -0.164
-0.369 1.997 -0.162
-0.368 1.997 -0.161
-0.368 1.997 -0.160
-0.367 1.997 -0.158
-0.366 1.997 -0.157
-0.366 1.997 -0.156
-0.365 1.996 -0.154
-0.365 1.996 -0.153
-0.364 1.996 -0.152
-0.364 1.996 -0.150
-0.363 1.996 -0.149
-0.363 1.996 -0.148
-0.362 1.996 -0.146
-0.362 1.996 -0.145
-0.361 1.996 -0.144
-0.361 1.996 -0.142
-0.360 1.996 -0.141
-0.360 1.996 -0.139
-0.359 1.995 -0.138
-0.358 1.995 -0.136
-0.358 1.995 -0.135
-0.357 1.995 -0.134
-0.357 1.995 -0.132
-0.356 1.995 -0.131
-0.356 1.995 -0.129
-0.355 1.995 -0.128
-0.355 1.995 -0.126
-0.355 1.994 -0.125
-0.354 1.994 -0.123
-0.354 1.994 -0.122
-0.353 1.994 -0.120
-0.353 1.993 -0.119
-0.352 1.993 -0.117
-0.352 1.993 -0.116
-0.351 1.993 -0.114
-0.351 1.993 -0.113
-0.351 1.992 -0.111
-0.350 1.992 -0.109
-0.349 1.992 -0.108
-0.349 1.992 -0.107
-0.348 1.992 -0.105
-0.347 1.992 -0.104
-0.347 1.992 -0.102
-0.346 1.992 -0.100
-0.346 1.992 -0.098
-0.345 1.992 -0.097
-0.344 1.992 -0.095
-0.344 1.992 -0.093
-0.343 1.992 -0.092
-0.342 1.992 -0.090
-0.342 1.992 -0.089
-0.341 1.992 -0.087
-0.341 1.992 -0.085
-0.340 1.991 -0.084
-0.340 1.991 -0.082
-0.339 1.991 -0.080
-0.339 1.991 -0.079
-0.338 1.991 -0.077
-0.338 1.991 -0.076
-0.337 1.991 -0.074
-0.337 1.991 -0.072
-0.336 1.991 -0.070
-0.335 1.991 -0.069
-0.335 1.991 -0.067
-0.334 1.991 -0.065
-0.334 1.991 -0.064
-0.333 1.991 -0.062
-0.333 1.991 -0.060
-0.332 1.990 -0.058
-0.332 1.991 -0.057
-0.331 1.991 -0.055
-0.330 1.990 -0.053
-0.330 1.990 -0.052
-0.329 1.990 -0.050
-0.329 1.990 -0.048
-0.328 1.990 -0.047
-0.328 1.990 -0.045
-0.328 1.990 -0.043
-0.327 1.990 -0.041
-0.327 1.990 -0.039
-0.326 1.990 -0.038
-0.326 1.990 -0.036
-0.325 1.989 -0.034
-0.325 1.990 -0.032
-0.325 1.989 -0.030
-0.324 1.989 -0.029
-0.324 1.989 -0.027
-0.323 1.989 -0.025
-0.323 1.989 -0.023
-0.323 1.989 -0.022
-0.322 1.988 -0.020
-0.321 1.988 -0.018
-0.321 1.988 -0.016
-0.321 1.988 -0.015
-0.321 1.988 -0.013
-0.320 1.987 -0.011
-0.320 1.987 -0.009
-0.320 1.987 -0.007
-0.319 1.987 -0.006
-0.319 1.987 -0.004
-0.319 1.987 -0.002
-0.319 1.987 0.000
-0.318 1.986 0.002
-0.318 1.986 0.004
-0.318 1.986 0.006
-0.317 1.986 0.008
-0.317 1.986 0.009
-0.316 1.986 0.011
-0.316 1.986 0.013
-0.316 1.985 0.015
-0.316 1.985 0.017
-0.316 1.985 0.019
-0.315 1.985 0.021
-0.315 1.984 0.023
-0.315 1.984 0.025
-0.314 1.984 0.027
-0.314 1.984 0.028
-0.314 1.983 0.030
-0.314 1.983 0.032
-0.313 1.983 0.034
-0.313 1.983 0.036
-0.313 1.982 0.038
-0.313 1.982 0.040
-0.312 1.982 0.042
-0.312 1.982 0.044
-0.312 1.982 0.046
-0.311 1.982 0.048
-0.311 1.981 0.050
-0.311 1.981 0.051
-0.310 1.981 0.054
-0.310 1.981 0.055
-0.310 1.981 0.057
-0.310 1.981 0.060
-0.309 1.981 0.061
-0.309 1.980 0.063
-0.309 1.980 0.065
-0.309 1.980 0.067
-0.309 1.979 0.069
-0.308 1.979 0.071
-0.308 1.979 0.073
-0.308 1.979 0.075
-0.308 1.978 0.077
-0.308 1.978 0.079
-0.308 1.978 0.081
-0.307 1.978 0.083
-0.307 1.978 0.085
-0.307 1.978 0.087
-0.307 1.977 0.089
-0.306 1.977 0.091
-0.306 1.977 0.093
-0.306 1.977 0.095
-0.305 1.977 0.097
-0.305 1.977 0.099
-0.305 1.977 0.101
-0.305 1.976 0.103
-0.304 1.976 0.105
-0.304 1.976 0.107
-0.304 1.976 0.109
-0.304 1.976 0.111
-0.304 1.975 0.113
-0.304 1.975 0.115
-0.303 1.975 0.117
-0.303 1.975 0.119
-0.303 1.974 0.121
