x y z
-2.186 -0.340 -0.662
-2.186 -0.340 -0.660
-2.186 -0.340 -0.658
-2.186 -0.341 -0.657
-2.186 -0.341 -0.655
-2.186 -0.341 -0.653
-2.186 -0.341 -0.651
-2.186 -0.341 -0.649
-2.187 -0.341 -0.647
-2.187 -0.341 -0.646
-2.187 -0.341 -0.644
-2.187 -0.342 -0.642
-2.187 -0.341 -0.640
-2.187 -0.342 -0.638
-2.187 -0.341 -0.636
-2.187 -0.341 -0.634
-2.187 -0.341 -0.632
-2.187 -0.341 -0.630
-2.186 -0.341 -0.628
-2.186 -0.341 -0.626
-2.186 -0.341 -0.624
-2.186 -0.341 -0.622
-2.186 -0.341 -0.620
-2.186 -0.341 -0.618
-2.186 -0.342 -0.617
-2.186 -0.342 -0.614
-2.186 -0.342 -0.612
-2.186 -0.342 -0.611
-2.185 -0.343 -0.609
-2.185 -0.343 -0.607
-2.185 -0.344 -0.605
-2.185 -0.344 -0.602
-2.184 -0.344 -0.600
-2.184 -0.345 -0.598
-2.184 -0.345 -0.596
-2.184 -0.345 -0.595
-2.184 -0.345 -0.593
-2.184 -0.345 -0.591
-2.184 -0.345 -0.589
-2.183 -0.345 -0.587
-2.183 -0.345 -0.586
-2.183 -0.345 -0.584
-2.183 -0.345 -0.582
-2.183 -0.345 -0.580
-2.182 -0.345 -0.578
-2.182 -0.345 -0.576
-2.182 -0.345 -0.574
-2.181 -0.345 -0.572
-2.181 -0.346 -0.570
-2.180 -0.346 -0.568
-2.180 -0.347 -0.566
-2.180 -0.347 -0.565
-2.179 -0.348 -0.563
-2.179 -0.348 -0.561
-2.179 -0.349 -0.559
-2.178 -0.349 -0.558
-2.178 -0.350 -0.556
-2.178 -0.350 -0.554
-2.178 -0.351 -0.552
-2.178 -0.351 -0.550
-2.177 -0.352 -0.549
-2.177 -0.352 -0.547
-2.177 -0.352 -0.546
-2.176 -0.352 -0.544
-2.176 -0.353 -0.542
-2.176 -0.353 -0.541
-2.175 -0.353 -0.539
-2.175 -0.353 -0.537
-2.175 -0.353 -0.535
-2.175 -0.354 -0.534
-2.175 -0.354 -0.532
-2.174 -0.354 -0.530
-2.174 -0.354 -0.528
-2.173 -0.355 -0.527
-2.171 -0.355 -0.525
-2.170 -0.355 -0.524
-2.167 -0.355 -0.523
-2.164 -0.356 -0.521
-2.160 -0.356 -0.520
-2.156 -0.357 -0.519
-2.152 -0.358 -0.517
-2.147 -0.359 -0.516
-2.142 -0.360 -0.515
-2.137 -0.361 -0.514
-2.132 -0.362 -0.513
-2.127 -0.363 -0.512
-2.121 -0.364 -0.512
-2.116 -0.365 -0.511
-2.110 -0.366 -0.511
-2.104 -0.367 -0.510
-2.099 -0.368 -0.510
-2.093 -0.369 -0.510
-2.086 -0.369 -0.510
-2.080 -0.370 -0.510
-2.073 -0.371 -0.511
-2.067 -0.372 -0.511
-2.060 -0.373 -0.511
-2.053 -0.374 -0.511
-2.045 -0.374 -0.511
-2.038 -0.375 -0.512
-2.031 -0.376 -0.512
-2.024 -0.377 -0.513
-2.016 -0.378 -0.514
-2.008 -0.378 -0.514
-2.001 -0.379 -0.515
-1.993 -0.380 -0.516
-1.986 -0.380 -0.517
-1.978 -0.381 -0.517
-1.971 -0.383 -0.518
-1.963 -0.383 -0.519
-1.955 -0.384 -0.520
-1.947 -0.385 -0.521
-1.939 -0.386 -0.523
-1.931 -0.387 -0.524
-1.923 -0.388 -0.525
-1.915 -0.390 -0.526
-1.906 -0.391 -0.528
-1.898 -0.392 -0.529
-1.890 -0.393 -0.531
-1.881 -0.395 -0.532
-1.873 -0.396 -0.534
-1.864 -0.398 -0.535
-1.856 -0.399 -0.537
-1.847 -0.400 -0.538
-1.838 -0.402 -0.540
-1.829 -0.403 -0.542
-1.820 -0.404 -0.543
-1.811 -0.406 -0.545
-1.802 -0.408 -0.546
-1.792 -0.409 -0.548
-1.783 -0.411 -0.550
-1.774 -0.412 -0.551
-1.764 -0.414 -0.553
-1.754 -0.415 -0.555
-1.745 -0.416 -0.556
-1.735 -0.417 -0.558
-1.724 -0.419 -0.560
-1.714 -0.420 -0.561
-1.705 -0.421 -0.563
-1.694 -0.422 -0.565
-1.684 -0.424 -0.566
-1.674 -0.425 -0.568
-1.664 -0.426 -0.569
-1.653 -0.427 -0.571
-1.643 -0.429 -0.573
-1.632 -0.430 -0.574
-1.622 -0.432 -0.576
-1.612 -0.433 -0.577
-1.601 -0.434 -0.578
-1.590 -0.436 -0.580
-1.580 -0.437 -0.581
-1.570 -0.439 -0.583
-1.560 -0.440 -0.584
-1.554 -0.441 -0.585
-1.549 -0.442 -0.586
-1.547 -0.443 -0.587
-1.547 -0.444 -0.588
-1.550 -0.443 -0.590
-1.553 -0.443 -0.592
-1.557 -0.443 -0.594
-1.562 -0.443 -0.596
-1.566 -0.443 -0.598
-1.570 -0.443 -0.600
-1.572 -0.443 -0.601
-1.575 -0.443 -0.603
-1.577 -0.443 -0.604
-1.578 -0.443 -0.605
-1.580 -0.443 -0.606
-1.581 -0.444 -0.607
-1.583 -0.444 -0.608
-1.584 -0.444 -0.608
-1.585 -0.444 -0.609
-1.586 -0.444 -0.609
-1.586 -0.445 -0.609
-1.587 -0.445 -0.609
-1.587 -0.445 -0.609
-1.587 -0.445 -0.609
-1.587 -0.445 -0.609
-1.587 -0.446 -0.609
-1.587 -0.446 -0.609
-1.586 -0.446 -0.608
-1.586 -0.447 -0.608
-1.585 -0.447 -0.608
-1.584 -0.448 -0.607
-1.583 -0.448 -0.606
-1.582 -0.449 -0.606
-1.581 -0.450 -0.605
-1.580 -0.451 -0.604
-1.579 -0.451 -0.603
-1.578 -0.452 -0.602
-1.577 -0.453 -0.601
-1.575 -0.453 -0.600
-1.574 -0.454 -0.599
-1.573 -0.455 -0.598
-1.571 -0.456 -0.597
-1.570 -0.456 -0.596
-1.569 -0.457 -0.595
-1.567 -0.458 -0.593
-1.566 -0.458 -0.592
-1.564 -0.459 -0.591
-1.563 -0.460 -0.590
-1.562 -0.461 -0.588
-1.561 -0.461 -0.587
-1.560 -0.462 -0.586
-1.558 -0.463 -0.585
-1.557 -0.464 -0.583
-1.556 -0.464 -0.582
-1.555 -0.465 -0.581
-1.554 -0.466 -0.580
-1.553 -0.466 -0.579
-1.552 -0.467 -0.577
-1.551 -0.467 -0.576
-1.550 -0.468 -0.575
-1.549 -0.468 -0.574
-1.548 -0.468 -0.573
-1.547 -0.469 -0.572
-1.547 -0.469 -0.571
-1.546 -0.469 -0.570
-1.546 -0.470 -0.570
-1.545 -0.470 -0.569
-1.545 -0.470 -0.568
-1.544 -0.470 -0.568
-1.544 -0.470 -0.567
-1.544 -0.470 -0.567
-1.544 -0.470 -0.566
-1.544 -0.470 -0.566
-1.544 -0.470 -0.565
-1.544 -0.470 -0.565
-1.544 -0.469 -0.564
-1.545 -0.469 -0.564
-1.544 -0.469 -0.564
-1.545 -0.469 -0.563
-1.545 -0.468 -0.563
-1.546 -0.468 -0.563
-1.546 -0.468 -0.562
-1.547 -0.468 -0.562
-1.547 -0.468 -0.562
-1.548 -0.468 -0.561
-1.548 -0.468 -0.561
-1.549 -0.468 -0.561
-1.549 -0.468 -0.561
-1.550 -0.467 -0.560
-1.550 -0.467 -0.560
-1.551 -0.467 -0.559
-1.551 -0.467 -0.559
-1.551 -0.467 -0.559
-1.552 -0.467 -0.558
-1.552 -0.466 -0.557
-1.552 -0.466 -0.557
-1.552 -0.466 -0.556
-1.552 -0.466 -0.556
-1.552 -0.466 -0.555
-1.553 -0.466 -0.554
-1.553 -0.466 -0.553
-1.553 -0.466 -0.552
-1.552 -0.466 -0.551
-1.552 -0.466 -0.550
-1.552 -0.466 -0.549
-1.552 -0.466 -0.548
-1.551 -0.466 -0.547
-1.551 -0.466 -0.546
-1.550 -0.466 -0.545
-1.550 -0.466 -0.544
-1.549 -0.467 -0.543
-1.548 -0.467 -0.541
-1.548 -0.467 -0.540
-1.547 -0.467 -0.539
-1.546 -0.468 -0.538
-1.546 -0.468 -0.536
-1.545 -0.468 -0.535
-1.544 -0.468 -0.533
-1.543 -0.469 -0.532
-1.542 -0.469 -0.530
-1.541 -0.469 -0.529
-1.540 -0.470 -0.527
-1.540 -0.470 -0.526
-1.539 -0.470 -0.524
-1.538 -0.470 -0.523
-1.537 -0.471 -0.521
-1.536 -0.471 -0.519
-1.535 -0.471 -0.518
-1.534 -0.472 -0.516
-1.533 -0.472 -0.515
-1.532 -0.472 -0.513
-1.531 -0.473 -0.512
-1.530 -0.473 -0.510
-1.529 -0.474 -0.509
-1.528 -0.474 -0.507
-1.528 -0.475 -0.506
-1.527 -0.475 -0.504
-1.526 -0.475 -0.503
-1.525 -0.476 -0.501
-1.525 -0.476 -0.500
-1.524 -0.476 -0.498
