x y z
-1.408 1.881 -0.366
-1.408 1.881 -0.364
-1.408 1.881 -0.362
-1.409 1.882 -0.361
-1.409 1.882 -0.359
-1.409 1.882 -0.356
-1.410 1.882 -0.355
-1.410 1.883 -0.353
-1.410 1.883 -0.351
-1.410 1.883 -0.349
-1.411 1.884 -0.347
-1.411 1.884 -0.346
-1.411 1.884 -0.344
-1.409 1.883 -0.341
-1.412 1.885 -0.341
-1.412 1.885 -0.339
-1.412 1.885 -0.337
-1.413 1.885 -0.335
-1.413 1.885 -0.334
-1.413 1.885 -0.332
-1.414 1.885 -0.330
-1.414 1.886 -0.328
-1.412 1.884 -0.326
-1.415 1.886 -0.325
-1.415 1.886 -0.323
-1.415 1.887 -0.322
-1.415 1.887 -0.320
-1.416 1.887 -0.318
-1.416 1.888 -0.316
-1.416 1.888 -0.315
-1.417 1.889 -0.313
-1.417 1.889 -0.312
-1.417 1.889 -0.310
-1.418 1.889 -0.308
-1.418 1.889 -0.307
-1.418 1.890 -0.305
-1.418 1.890 -0.304
-1.419 1.890 -0.302
-1.419 1.890 -0.301
-1.419 1.890 -0.299
-1.420 1.891 -0.298
-1.420 1.891 -0.296
-1.420 1.891 -0.295
-1.421 1.892 -0.293
-1.421 1.892 -0.292
-1.421 1.892 -0.290
-1.421 1.892 -0.288
-1.421 1.893 -0.287
-1.422 1.893 -0.285
-1.422 1.893 -0.284
-1.422 1.893 -0.283
-1.422 1.894 -0.281
-1.422 1.894 -0.280
-1.422 1.895 -0.278
-1.421 1.895 -0.276
-1.421 1.895 -0.275
-1.421 1.895 -0.274
-1.421 1.896 -0.272
-1.421 1.896 -0.271
-1.419 1.896 -0.268
-1.418 1.896 -0.267
-1.419 1.896 -0.265
-1.416 1.897 -0.264
-1.415 1.898 -0.263
-1.416 1.899 -0.261
-1.415 1.900 -0.259
-1.412 1.901 -0.258
-1.411 1.902 -0.256
-1.410 1.904 -0.255
-1.406 1.905 -0.254
-1.404 1.906 -0.253
-1.401 1.908 -0.252
-1.398 1.910 -0.251
-1.395 1.912 -0.250
-1.391 1.914 -0.249
-1.387 1.917 -0.249
-1.384 1.919 -0.248
-1.379 1.922 -0.248
-1.375 1.925 -0.247
-1.372 1.928 -0.246
-1.367 1.932 -0.245
-1.363 1.935 -0.244
-1.358 1.938 -0.243
-1.353 1.941 -0.242
-1.349 1.944 -0.242
-1.344 1.947 -0.241
-1.339 1.950 -0.240
-1.334 1.953 -0.239
-1.329 1.956 -0.238
-1.324 1.959 -0.237
-1.319 1.962 -0.236
-1.314 1.965 -0.235
-1.309 1.968 -0.234
-1.304 1.971 -0.233
-1.298 1.974 -0.233
-1.293 1.978 -0.232
-1.288 1.981 -0.231
-1.283 1.984 -0.231
-1.277 1.987 -0.230
-1.272 1.991 -0.230
-1.266 1.994 -0.229
-1.261 1.997 -0.228
-1.255 2.000 -0.227
-1.249 2.004 -0.227
-1.243 2.007 -0.227
-1.238 2.011 -0.227
-1.232 2.014 -0.226
-1.226 2.017 -0.226
-1.221 2.020 -0.225
-1.215 2.024 -0.225
-1.209 2.027 -0.224
-1.203 2.030 -0.224
-1.197 2.034 -0.224
-1.190 2.037 -0.224
-1.185 2.041 -0.223
-1.178 2.044 -0.223
-1.171 2.048 -0.223
-1.165 2.051 -0.223
-1.158 2.055 -0.223
-1.152 2.059 -0.223
-1.145 2.063 -0.223
-1.138 2.066 -0.222
-1.131 2.070 -0.222
-1.124 2.074 -0.222
-1.118 2.078 -0.222
-1.111 2.081 -0.222
-1.104 2.085 -0.222
-1.097 2.089 -0.222
-1.090 2.093 -0.222
-1.083 2.097 -0.222
-1.076 2.101 -0.222
-1.069 2.105 -0.222
-1.061 2.108 -0.222
-1.054 2.112 -0.222
-1.047 2.116 -0.222
-1.040 2.120 -0.222
-1.033 2.124 -0.222
-1.026 2.128 -0.222
-1.018 2.132 -0.222
-1.011 2.136 -0.222
-1.005 2.140 -0.222
-0.999 2.143 -0.222
-0.994 2.146 -0.222
-0.992 2.148 -0.222
-0.991 2.148 -0.222
-0.991 2.148 -0.222
-0.992 2.148 -0.223
-0.993 2.146 -0.224
-0.996 2.144 -0.224
-0.998 2.142 -0.225
-0.999 2.140 -0.227
-1.000 2.139 -0.228
-1.001 2.138 -0.229
-1.002 2.136 -0.229
-1.003 2.134 -0.230
-1.003 2.133 -0.231
-1.003 2.132 -0.232
-1.003 2.131 -0.232
-1.003 2.130 -0.232
-1.002 2.129 -0.233
-1.002 2.128 -0.233
-1.001 2.128 -0.233
-1.000 2.127 -0.233
-0.998 2.127 -0.233
-0.997 2.126 -0.233
-0.995 2.126 -0.233
-0.994 2.126 -0.233
-0.992 2.126 -0.233
-0.990 2.126 -0.233
-0.988 2.125 -0.232
-0.986 2.125 -0.232
-0.985 2.125 -0.232
-0.983 2.125 -0.232
-0.981 2.125 -0.231
-0.979 2.125 -0.232
-0.977 2.125 -0.231
-0.975 2.125 -0.231
-0.973 2.125 -0.230
-0.971 2.125 -0.231
-0.969 2.125 -0.230
-0.967 2.126 -0.229
-0.965 2.125 -0.229
-0.963 2.126 -0.229
-0.961 2.126 -0.228
-0.959 2.126 -0.228
-0.957 2.126 -0.227
-0.955 2.127 -0.227
-0.953 2.127 -0.226
-0.951 2.127 -0.226
-0.949 2.127 -0.225
-0.947 2.128 -0.225
-0.945 2.128 -0.225
-0.943 2.128 -0.224
-0.941 2.128 -0.224
-0.940 2.128 -0.223
-0.938 2.128 -0.222
-0.937 2.128 -0.221
-0.935 2.128 -0.221
-0.934 2.129 -0.220
-0.933 2.129 -0.220
-0.931 2.129 -0.220
-0.930 2.129 -0.219
-0.928 2.129 -0.218
-0.927 2.129 -0.218
-0.926 2.129 -0.217
-0.925 2.129 -0.217
-0.924 2.130 -0.216
-0.923 2.130 -0.216
-0.922 2.130 -0.215
-0.921 2.130 -0.214
-0.920 2.130 -0.214
-0.919 2.129 -0.213
-0.918 2.129 -0.213
-0.918 2.129 -0.212
-0.917 2.129 -0.211
-0.916 2.129 -0.211
-0.916 2.129 -0.210
-0.915 2.128 -0.209
-0.914 2.128 -0.209
-0.914 2.128 -0.208
-0.913 2.128 -0.207
-0.913 2.128 -0.206
-0.912 2.127 -0.206
-0.911 2.127 -0.205
-0.911 2.127 -0.204
-0.910 2.127 -0.203
-0.909 2.127 -0.203
-0.909 2.127 -0.202
-0.908 2.126 -0.201
-0.908 2.126 -0.200
-0.907 2.126 -0.199
-0.907 2.125 -0.199
-0.906 2.125 -0.198
-0.906 2.125 -0.197
-0.906 2.124 -0.196
-0.905 2.124 -0.195
-0.904 2.123 -0.194
-0.904 2.123 -0.193
-0.903 2.123 -0.192
-0.902 2.123 -0.191
-0.902 2.122 -0.190
-0.901 2.122 -0.189
-0.901 2.122 -0.187
-0.900 2.122 -0.186
-0.899 2.122 -0.185
-0.898 2.122 -0.184
-0.898 2.121 -0.183
-0.897 2.121 -0.182
-0.896 2.121 -0.181
-0.895 2.121 -0.180
-0.895 2.121 -0.179
-0.894 2.120 -0.178
-0.893 2.120 -0.176
-0.893 2.120 -0.175
-0.892 2.120 -0.174
-0.891 2.120 -0.172
-0.890 2.119 -0.171
-0.889 2.119 -0.170
-0.888 2.119 -0.169
-0.886 2.119 -0.168
-0.886 2.119 -0.167
-0.884 2.119 -0.165
-0.884 2.119 -0.164
-0.882 2.119 -0.163
-0.881 2.119 -0.161
-0.880 2.119 -0.160
-0.879 2.119 -0.159
-0.878 2.119 -0.157
-0.877 2.119 -0.156
-0.876 2.119 -0.155
-0.875 2.119 -0.153
-0.874 2.119 -0.152
-0.873 2.119 -0.151
-0.872 2.119 -0.149
-0.871 2.119 -0.148
-0.870 2.119 -0.146
-0.869 2.119 -0.145
-0.868 2.119 -0.144
-0.867 2.119 -0.142
-0.866 2.119 -0.141
-0.865 2.119 -0.140
-0.864 2.119 -0.138
-0.863 2.118 -0.137
-0.862 2.119 -0.135
-0.861 2.119 -0.134
-0.860 2.119 -0.133
-0.859 2.119 -0.131
-0.858 2.119 -0.129
-0.857 2.119 -0.128
-0.856 2.119 -0.127
-0.856 2.119 -0.125
-0.855 2.119 -0.124
-0.854 2.119 -0.122
-0.853 2.119 -0.121
-0.853 2.119 -0.119
-0.852 2.119 -0.117
-0.851 2.119 -0.116
-0.851 2.119 -0.114
-0.850 2.119 -0.113
-0.850 2.119 -0.111
-0.849 2.119 -0.110
-0.849 2.119 -0.108
-0.848 2.119 -0.107
-0.848 2.119 -0.105
-0.847 2.119 -0.104
-0.847 2.119 -0.102
-0.846 2.119 -0.101
-0.845 2.119 -0.099
-0.845 2.118 -0.097
-0.844 2.119 -0.096
-0.843 2.119 -0.094
-0.843 2.119 -0.092
-0.842 2.118 -0.091
-0.842 2.118 -0.089
-0.841 2.118 -0.087
-0.841 2.118 -0.086
-0.840 2.118 -0.084
-0.840 2.118 -0.082
-0.840 2.118 -0.080
-0.839 2.118 -0.079
-0.839 2.117 -0.077
-0.838 2.117 -0.075
-0.838 2.117 -0.074
-0.838 2.117 -0.072
-0.837 2.117 -0.070
-0.837 2.117 -0.068
-0.836 2.116 -0.066
-0.836 2.117 -0.065
-0.835 2.116 -0.063
-0.835 2.116 -0.061
-0.834 2.116 -0.059
-0.834 2.116 -0.057
-0.833 2.116 -0.055
-0.832 2.116 -0.053
-0.832 2.116 -0.052
-0.831 2.116 -0.050
-0.831 2.116 -0.048
-0.830 2.116 -0.046
-0.830 2.115 -0.044
-0.829 2.116 -0.042
-0.829 2.116 -0.040
-0.828 2.115 -0.039
-0.827 2.115 -0.037
-0.827 2.115 -0.035
-0.826 2.115 -0.033
-0.826 2.115 -0.031
-0.825 2.115 -0.029
-0.825 2.115 -0.027
-0.824 2.115 -0.025
-0.823 2.115 -0.023
-0.823 2.115 -0.021
-0.822 2.115 -0.019
-0.822 2.115 -0.017
-0.821 2.115 -0.015
-0.821 2.115 -0.013
-0.820 2.115 -0.011
-0.820 2.115 -0.009
-0.819 2.116 -0.008
-0.819 2.116 -0.005
-0.818 2.116 -0.003
-0.817 2.116 -0.002
-0.817 2.116 0.000
-0.816 2.116 0.002
-0.816 2.116 0.004
-0.816 2.115 0.006
-0.815 2.116 0.008
-0.815 2.116 0.010
-0.814 2.115 0.012
-0.814 2.116 0.014
-0.813 2.116 0.017
-0.813 2.116 0.018
-0.813 2.116 0.020
-0.812 2.115 0.023
-0.812 2.115 0.024
-0.812 2.115 0.026
-0.812 2.115 0.029
-0.811 2.115 0.031
-0.811 2.115 0.033
-0.811 2.115 0.035
-0.810 2.115 0.037
-0.810 2.115 0.039
-0.809 2.115 0.041
-0.809 2.115 0.043
-0.809 2.115 0.045
-0.808 2.115 0.047
-0.808 2.115 0.049
-0.808 2.115 0.051
-0.807 2.115 0.054
-0.807 2.115 0.056
-0.807 2.115 0.058
-0.806 2.115 0.060
-0.806 2.115 0.062
-0.806 2.115 0.064
-0.806 2.115 0.066
-0.805 2.115 0.068
-0.805 2.115 0.070
-0.805 2.115 0.072
-0.805 2.115 0.075
-0.804 2.115 0.077
-0.804 2.115 0.079
-0.804 2.115 0.081
-0.802 2.113 0.084
-0.802 2.113 0.086
-0.803 2.115 0.087
-0.802 2.115 0.090
-0.802 2.115 0.092
-0.802 2.115 0.094
-0.801 2.115 0.096
-0.801 2.115 0.098
-0.801 2.115 0.101
-0.800 2.115 0.103
-0.800 2.115 0.105
-0.800 2.115 0.107
-0.799 2.115 0.109
-0.799 2.114 0.112
-0.799 2.114 0.114
-0.799 2.114 0.116
-0.799 2.114 0.118
-0.798 2.114 0.120
-0.798 2.114 0.123
-0.798 2.114 0.125
-0.798 2.114 0.127
-0.797 2.114 0.129
-0.797 2.114 0.132
-0.797 2.114 0.134
-0.796 2.114 0.135
-0.796 2.114 0.138
-0.796 2.114 0.140
-0.795 2.114 0.143
-0.795 2.115 0.145
-0.795 2.115 0.147
-0.794 2.115 0.149
-0.794 2.115 0.152
-0.794 2.115 0.154
-0.794 2.114 0.156
-0.794 2.115 0.158
-0.793 2.114 0.160
-0.793 2.114 0.162
-0.793 2.114 0.164
-0.793 2.114 0.167
-0.793 2.114 0.169
-0.793 2.114 0.172
-0.793 2.114 0.174
-0.793 2.113 0.176
-0.792 2.113 0.178
-0.793 2.113 0.181
-0.792 2.113 0.183
-0.792 2.113 0.186
-0.791 2.113 0.187
-0.792 2.113 0.190
-0.791 2.113 0.192
-0.791 2.113 0.194
-0.790 2.113 0.197
-0.790 2.113 0.199
-0.790 2.113 0.201
-0.790 2.113 0.204
-0.790 2.113 0.206
-0.789 2.113 0.208
-0.789 2.113 0.211
-0.789 2.113 0.213
-0.789 2.113 0.215
-0.789 2.113 0.218
-0.789 2.113 0.220
-0.788 2.113 0.222
-0.788 2.113 0.225
-0.788 2.113 0.227
-0.788 2.113 0.229
-0.788 2.113 0.232
-0.788 2.113 0.234
-0.788 2.113 0.236
-0.788 2.113 0.239
-0.788 2.113 0.241
-0.788 2.113 0.243
-0.788 2.113 0.245
-0.788 2.113 0.248
-0.788 2.113 0.250
-0.788 2.113 0.252
-0.787 2.113 0.255
-0.787 2.113 0.257
-0.787 2.113 0.259
-0.787 2.113 0.262
-0.787 2.113 0.264
-0.786 2.113 0.266
-0.786 2.113 0.269
-0.785 2.113 0.271
-0.786 2.113 0.273
-0.786 2.113 0.276
-0.785 2.113 0.278
-0.785 2.112 0.280
-0.785 2.112 0.283
-0.785 2.112 0.285
-0.785 2.112 0.287
-0.785 2.112 0.290
-0.785 2.112 0.292
