x y z
-0.850 1.702 -1.284
-0.849 1.702 -1.284
-0.849 1.701 -1.283
-0.848 1.700 -1.283
-0.848 1.699 -1.283
-0.847 1.699 -1.282
-0.847 1.698 -1.282
-0.846 1.697 -1.281
-0.846 1.696 -1.281
-0.846 1.696 -1.280
-0.845 1.695 -1.280
-0.845 1.694 -1.279
-0.844 1.694 -1.279
-0.844 1.693 -1.278
-0.844 1.692 -1.278
-0.844 1.691 -1.277
-0.843 1.690 -1.277
-0.843 1.690 -1.277
-0.843 1.689 -1.276
-0.843 1.688 -1.276
-0.842 1.688 -1.276
-0.842 1.687 -1.275
-0.842 1.687 -1.275
-0.841 1.686 -1.275
-0.841 1.686 -1.275
-0.840 1.686 -1.274
-0.840 1.685 -1.274
-0.839 1.685 -1.274
-0.839 1.685 -1.274
-0.838 1.685 -1.273
-0.837 1.684 -1.273
-0.837 1.684 -1.273
-0.837 1.684 -1.273
-0.836 1.683 -1.272
-0.836 1.683 -1.272
-0.836 1.682 -1.272
-0.836 1.682 -1.272
-0.836 1.681 -1.272
-0.835 1.681 -1.271
-0.835 1.680 -1.271
-0.835 1.680 -1.271
-0.835 1.680 -1.271
-0.835 1.679 -1.271
-0.835 1.679 -1.271
-0.835 1.679 -1.271
-0.835 1.679 -1.271
-0.834 1.679 -1.271
-0.834 1.678 -1.271
-0.834 1.678 -1.271
-0.834 1.678 -1.270
-0.833 1.678 -1.270
-0.833 1.678 -1.270
-0.832 1.679 -1.270
-0.832 1.679 -1.269
-0.831 1.679 -1.269
-0.831 1.679 -1.269
-0.830 1.679 -1.269
-0.829 1.679 -1.268
-0.829 1.679 -1.268
-0.829 1.679 -1.268
-0.829 1.679 -1.268
-0.829 1.679 -1.268
-0.829 1.679 -1.268
-0.829 1.679 -1.268
-0.829 1.679 -1.269
-0.828 1.679 -1.269
-0.828 1.679 -1.269
-0.827 1.680 -1.269
-0.825 1.681 -1.269
-0.822 1.683 -1.269
-0.818 1.685 -1.269
-0.814 1.687 -1.270
-0.809 1.690 -1.272
-0.803 1.693 -1.273
-0.797 1.697 -1.276
-0.791 1.700 -1.278
-0.783 1.705 -1.280
-0.775 1.709 -1.282
-0.766 1.713 -1.283
-0.756 1.718 -1.285
-0.746 1.722 -1.286
-0.735 1.727 -1.287
-0.725 1.732 -1.288
-0.713 1.737 -1.289
-0.701 1.742 -1.289
-0.690 1.747 -1.290
-0.678 1.752 -1.290
-0.665 1.758 -1.290
-0.653 1.763 -1.290
-0.640 1.768 -1.290
-0.627 1.774 -1.291
-0.614 1.779 -1.291
-0.601 1.785 -1.291
-0.588 1.790 -1.291
-0.574 1.796 -1.291
-0.560 1.801 -1.291
-0.546 1.807 -1.291
-0.533 1.812 -1.291
-0.519 1.818 -1.291
-0.506 1.823 -1.290
-0.492 1.828 -1.290
-0.479 1.833 -1.290
-0.465 1.838 -1.290
-0.452 1.843 -1.290
-0.439 1.849 -1.289
-0.425 1.854 -1.289
-0.413 1.859 -1.288
-0.399 1.864 -1.287
-0.386 1.869 -1.287
-0.373 1.874 -1.286
-0.359 1.879 -1.285
-0.345 1.884 -1.284
-0.331 1.890 -1.282
-0.317 1.894 -1.281
-0.303 1.900 -1.279
-0.288 1.906 -1.278
-0.273 1.911 -1.276
-0.258 1.917 -1.275
-0.242 1.922 -1.273
-0.227 1.928 -1.272
-0.211 1.934 -1.270
-0.195 1.939 -1.268
-0.179 1.945 -1.267
-0.163 1.950 -1.265
-0.147 1.955 -1.263
-0.130 1.961 -1.262
-0.114 1.967 -1.260
-0.097 1.973 -1.259
-0.081 1.978 -1.257
-0.065 1.984 -1.255
-0.049 1.989 -1.252
-0.032 1.995 -1.251
-0.015 2.001 -1.249
0.002 2.007 -1.248
0.020 2.013 -1.246
0.038 2.020 -1.244
0.055 2.026 -1.243
0.072 2.032 -1.241
0.090 2.038 -1.240
0.106 2.045 -1.239
0.123 2.051 -1.238
0.142 2.057 -1.236
0.158 2.063 -1.235
0.172 2.069 -1.234
0.185 2.074 -1.234
0.197 2.080 -1.233
0.205 2.084 -1.232
0.211 2.087 -1.233
0.213 2.089 -1.234
0.214 2.089 -1.237
0.214 2.089 -1.242
0.211 2.087 -1.246
0.209 2.084 -1.251
0.207 2.081 -1.256
0.206 2.078 -1.260
0.206 2.075 -1.265
0.206 2.072 -1.268
0.206 2.068 -1.271
0.206 2.065 -1.273
0.206 2.062 -1.276
0.208 2.059 -1.277
0.209 2.056 -1.278
0.211 2.054 -1.279
0.214 2.052 -1.280
0.216 2.049 -1.280
0.219 2.047 -1.280
0.222 2.045 -1.280
0.225 2.043 -1.280
0.228 2.041 -1.279
0.231 2.039 -1.279
0.234 2.037 -1.278
0.237 2.035 -1.278
0.240 2.034 -1.277
0.243 2.032 -1.276
0.246 2.031 -1.276
0.249 2.029 -1.275
0.251 2.027 -1.274
0.254 2.026 -1.274
0.257 2.024 -1.273
0.259 2.023 -1.272
0.262 2.021 -1.272
0.264 2.020 -1.272
0.267 2.018 -1.271
0.269 2.017 -1.271
0.271 2.015 -1.270
0.274 2.014 -1.270
0.276 2.012 -1.269
0.278 2.011 -1.268
0.281 2.009 -1.268
0.283 2.009 -1.268
0.285 2.007 -1.267
0.288 2.006 -1.267
0.289 2.005 -1.267
0.292 2.004 -1.266
0.294 2.002 -1.266
0.296 2.001 -1.265
0.298 2.000 -1.265
0.300 1.999 -1.266
0.302 1.998 -1.266
0.304 1.996 -1.266
0.306 1.995 -1.267
0.308 1.994 -1.267
0.310 1.992 -1.268
0.311 1.992 -1.268
0.313 1.990 -1.269
0.315 1.989 -1.270
0.317 1.988 -1.271
0.318 1.987 -1.272
0.322 1.986 -1.273
0.324 1.985 -1.274
0.324 1.984 -1.276
0.326 1.983 -1.277
0.327 1.982 -1.279
0.329 1.981 -1.281
0.331 1.980 -1.283
0.332 1.979 -1.284
0.333 1.978 -1.286
0.335 1.976 -1.287
0.337 1.975 -1.289
0.338 1.974 -1.291
0.340 1.973 -1.293
0.341 1.972 -1.295
0.343 1.971 -1.297
0.345 1.970 -1.299
0.346 1.969 -1.301
0.348 1.968 -1.303
0.350 1.967 -1.305
0.352 1.966 -1.307
0.354 1.965 -1.309
0.356 1.964 -1.311
0.357 1.964 -1.313
0.359 1.963 -1.314
0.361 1.963 -1.316
0.363 1.962 -1.318
0.365 1.961 -1.320
0.366 1.961 -1.321
0.368 1.960 -1.322
0.370 1.959 -1.324
0.371 1.958 -1.325
0.372 1.957 -1.327
0.374 1.956 -1.328
0.375 1.954 -1.329
0.376 1.953 -1.330
0.378 1.952 -1.331
0.380 1.951 -1.331
0.382 1.950 -1.332
0.383 1.949 -1.333
0.384 1.948 -1.334
0.387 1.947 -1.335
0.388 1.946 -1.336
0.389 1.945 -1.336
0.391 1.944 -1.337
0.393 1.944 -1.338
0.394 1.943 -1.338
0.396 1.942 -1.339
0.397 1.942 -1.339
0.400 1.941 -1.340
0.402 1.940 -1.341
0.403 1.940 -1.342
0.405 1.939 -1.342
0.406 1.938 -1.343
0.406 1.937 -1.345
0.407 1.936 -1.345
0.409 1.935 -1.346
0.410 1.934 -1.347
0.411 1.932 -1.348
0.412 1.931 -1.349
0.413 1.930 -1.350
0.414 1.929 -1.352
0.415 1.928 -1.353
0.416 1.927 -1.354
0.417 1.926 -1.355
0.418 1.925 -1.356
0.419 1.924 -1.357
0.420 1.923 -1.359
0.421 1.922 -1.360
0.423 1.921 -1.361
0.424 1.920 -1.363
0.425 1.920 -1.364
0.426 1.919 -1.366
0.427 1.918 -1.367
0.428 1.917 -1.368
0.429 1.916 -1.369
0.429 1.916 -1.370
0.430 1.915 -1.370
0.431 1.914 -1.371
0.431 1.913 -1.371
0.432 1.913 -1.372
0.432 1.911 -1.372
0.432 1.911 -1.372
0.431 1.910 -1.373
0.431 1.909 -1.373
0.430 1.908 -1.373
0.430 1.908 -1.372
0.430 1.908 -1.372
0.430 1.908 -1.372
0.430 1.908 -1.372
0.430 1.908 -1.372
0.430 1.908 -1.372
0.431 1.908 -1.371
0.431 1.909 -1.371
0.431 1.909 -1.372
0.432 1.909 -1.372
0.432 1.910 -1.372
0.433 1.910 -1.372
0.433 1.910 -1.372
0.433 1.911 -1.373
0.434 1.911 -1.373
0.434 1.911 -1.372
0.434 1.910 -1.372
0.434 1.911 -1.372
0.434 1.911 -1.372
0.435 1.911 -1.372
0.435 1.911 -1.372
0.435 1.911 -1.372
0.435 1.910 -1.372
0.435 1.910 -1.372
0.435 1.910 -1.371
0.435 1.910 -1.372
0.435 1.910 -1.372
0.435 1.909 -1.371
0.436 1.910 -1.371
0.436 1.909 -1.371
0.435 1.909 -1.371
0.436 1.909 -1.371
0.436 1.909 -1.371
0.436 1.909 -1.371
0.436 1.909 -1.371
0.436 1.909 -1.371
0.436 1.909 -1.371
0.436 1.909 -1.371
0.436 1.909 -1.371
0.436 1.909 -1.371
0.436 1.909 -1.371
0.435 1.909 -1.371
0.435 1.909 -1.371
0.435 1.909 -1.371
0.435 1.909 -1.371
0.435 1.909 -1.372
0.436 1.909 -1.372
0.436 1.909 -1.372
0.436 1.909 -1.372
0.436 1.909 -1.372
0.436 1.909 -1.372
0.436 1.910 -1.372
0.436 1.910 -1.372
0.436 1.910 -1.372
0.436 1.909 -1.372
0.436 1.909 -1.372
0.436 1.909 -1.371
0.435 1.909 -1.371
0.435 1.909 -1.371
0.435 1.909 -1.371
0.435 1.909 -1.371
0.435 1.909 -1.371
0.435 1.909 -1.371
0.435 1.909 -1.371
0.435 1.909 -1.371
0.435 1.909 -1.371
0.434 1.909 -1.371
0.434 1.910 -1.371
0.434 1.910 -1.370
0.434 1.910 -1.370
0.434 1.910 -1.370
0.434 1.910 -1.370
0.434 1.910 -1.370
0.434 1.910 -1.370
0.434 1.910 -1.370
0.434 1.910 -1.370
0.434 1.910 -1.370
0.434 1.910 -1.370
0.434 1.910 -1.370
0.434 1.910 -1.370
0.434 1.910 -1.369
0.434 1.910 -1.369
0.434 1.910 -1.369
0.434 1.910 -1.369
0.434 1.910 -1.369
0.434 1.911 -1.369
0.435 1.911 -1.369
0.434 1.911 -1.369
0.434 1.911 -1.369
0.434 1.911 -1.369
0.435 1.912 -1.369
0.435 1.912 -1.369
0.435 1.912 -1.369
0.435 1.912 -1.369
0.435 1.912 -1.369
0.435 1.912 -1.369
0.435 1.912 -1.369
0.435 1.912 -1.369
0.434 1.912 -1.369
0.435 1.912 -1.369
0.434 1.911 -1.369
0.435 1.912 -1.369
