x y z
-1.126 2.561 -0.270
-1.127 2.561 -0.269
-1.126 2.561 -0.268
-1.127 2.562 -0.266
-1.127 2.561 -0.265
-1.127 2.562 -0.263
-1.128 2.562 -0.262
-1.128 2.562 -0.260
-1.128 2.562 -0.259
-1.128 2.562 -0.257
-1.127 2.562 -0.256
-1.128 2.563 -0.254
-1.128 2.563 -0.253
-1.128 2.563 -0.251
-1.128 2.563 -0.250
-1.127 2.563 -0.249
-1.128 2.564 -0.247
-1.128 2.564 -0.245
-1.128 2.564 -0.244
-1.127 2.564 -0.243
-1.128 2.565 -0.241
-1.127 2.564 -0.240
-1.128 2.565 -0.238
-1.127 2.565 -0.237
-1.128 2.565 -0.235
-1.128 2.565 -0.234
-1.128 2.565 -0.232
-1.128 2.565 -0.231
-1.128 2.565 -0.229
-1.128 2.565 -0.228
-1.127 2.565 -0.227
-1.127 2.565 -0.225
-1.127 2.565 -0.224
-1.128 2.565 -0.222
-1.128 2.565 -0.221
-1.128 2.565 -0.219
-1.128 2.565 -0.218
-1.129 2.565 -0.217
-1.128 2.565 -0.216
-1.129 2.565 -0.214
-1.128 2.565 -0.213
-1.129 2.565 -0.211
-1.128 2.565 -0.210
-1.129 2.565 -0.208
-1.129 2.566 -0.207
-1.129 2.566 -0.206
-1.128 2.566 -0.204
-1.128 2.566 -0.203
-1.128 2.566 -0.201
-1.128 2.566 -0.200
-1.127 2.566 -0.199
-1.127 2.567 -0.197
-1.127 2.567 -0.196
-1.127 2.567 -0.194
-1.127 2.567 -0.193
-1.126 2.567 -0.192
-1.126 2.567 -0.190
-1.126 2.567 -0.189
-1.126 2.567 -0.188
-1.125 2.567 -0.187
-1.125 2.567 -0.185
-1.125 2.567 -0.184
-1.124 2.568 -0.183
-1.124 2.568 -0.182
-1.124 2.568 -0.180
-1.123 2.568 -0.179
-1.123 2.567 -0.178
-1.122 2.566 -0.177
-1.121 2.565 -0.176
-1.120 2.563 -0.175
-1.118 2.560 -0.174
-1.117 2.556 -0.174
-1.115 2.553 -0.174
-1.113 2.548 -0.173
-1.111 2.544 -0.173
-1.109 2.539 -0.173
-1.108 2.534 -0.174
-1.106 2.529 -0.174
-1.103 2.524 -0.175
-1.102 2.519 -0.175
-1.099 2.514 -0.176
-1.097 2.508 -0.177
-1.094 2.503 -0.178
-1.091 2.498 -0.179
-1.088 2.492 -0.180
-1.085 2.486 -0.181
-1.082 2.481 -0.182
-1.078 2.475 -0.184
-1.075 2.469 -0.185
-1.071 2.463 -0.186
-1.067 2.457 -0.188
-1.064 2.450 -0.189
-1.060 2.444 -0.190
-1.056 2.437 -0.192
-1.052 2.431 -0.193
-1.048 2.425 -0.195
-1.044 2.419 -0.197
-1.040 2.412 -0.199
-1.036 2.406 -0.201
-1.032 2.399 -0.202
-1.029 2.392 -0.204
-1.025 2.385 -0.206
-1.021 2.378 -0.208
-1.017 2.371 -0.211
-1.013 2.364 -0.213
-1.009 2.356 -0.215
-1.005 2.349 -0.218
-1.001 2.342 -0.220
-0.996 2.334 -0.222
-0.992 2.327 -0.224
-0.988 2.319 -0.227
-0.984 2.312 -0.229
-0.979 2.304 -0.232
-0.975 2.297 -0.234
-0.970 2.289 -0.236
-0.966 2.281 -0.238
-0.961 2.273 -0.242
-0.957 2.265 -0.244
-0.952 2.257 -0.246
-0.948 2.249 -0.249
-0.943 2.241 -0.252
-0.938 2.232 -0.254
-0.933 2.224 -0.257
-0.929 2.215 -0.259
-0.924 2.206 -0.262
-0.919 2.198 -0.264
-0.914 2.189 -0.267
-0.909 2.180 -0.270
-0.904 2.171 -0.272
-0.899 2.163 -0.275
-0.894 2.154 -0.278
-0.888 2.145 -0.280
-0.883 2.136 -0.283
-0.878 2.127 -0.285
-0.872 2.118 -0.288
-0.867 2.110 -0.291
-0.861 2.101 -0.293
-0.856 2.092 -0.296
-0.850 2.083 -0.298
-0.845 2.073 -0.301
-0.840 2.064 -0.304
-0.834 2.055 -0.306
-0.829 2.046 -0.309
-0.824 2.037 -0.312
-0.818 2.028 -0.314
-0.814 2.021 -0.317
-0.811 2.015 -0.319
-0.810 2.011 -0.320
-0.809 2.010 -0.321
-0.810 2.010 -0.322
-0.812 2.013 -0.324
-0.814 2.017 -0.325
-0.817 2.021 -0.326
-0.820 2.026 -0.328
-0.823 2.030 -0.329
-0.824 2.034 -0.330
-0.826 2.036 -0.331
-0.828 2.038 -0.332
-0.829 2.039 -0.332
-0.831 2.041 -0.333
-0.832 2.042 -0.333
-0.833 2.043 -0.334
-0.834 2.044 -0.334
-0.835 2.044 -0.334
-0.836 2.045 -0.334
-0.837 2.045 -0.334
-0.837 2.044 -0.333
-0.838 2.044 -0.333
-0.838 2.044 -0.333
-0.838 2.043 -0.333
-0.838 2.043 -0.332
-0.837 2.042 -0.332
-0.837 2.041 -0.331
-0.837 2.040 -0.330
-0.837 2.038 -0.329
-0.836 2.037 -0.329
-0.836 2.035 -0.328
-0.836 2.033 -0.327
-0.836 2.031 -0.326
-0.835 2.029 -0.324
-0.835 2.027 -0.323
-0.834 2.025 -0.322
-0.834 2.022 -0.321
-0.834 2.020 -0.320
-0.834 2.018 -0.318
-0.833 2.016 -0.317
-0.833 2.013 -0.315
-0.833 2.011 -0.314
-0.833 2.008 -0.312
-0.832 2.006 -0.311
-0.832 2.004 -0.309
-0.831 2.002 -0.308
-0.831 2.000 -0.306
-0.830 1.998 -0.304
-0.830 1.996 -0.303
-0.829 1.994 -0.301
-0.829 1.992 -0.300
-0.828 1.990 -0.299
-0.828 1.988 -0.297
-0.827 1.987 -0.296
-0.826 1.985 -0.295
-0.826 1.984 -0.293
-0.826 1.982 -0.292
-0.825 1.981 -0.291
-0.825 1.980 -0.290
-0.825 1.979 -0.288
-0.824 1.979 -0.287
-0.824 1.978 -0.287
-0.824 1.977 -0.286
-0.823 1.977 -0.285
-0.823 1.977 -0.285
-0.823 1.976 -0.284
-0.823 1.976 -0.283
-0.822 1.976 -0.283
-0.822 1.976 -0.282
-0.822 1.976 -0.282
-0.822 1.976 -0.281
-0.822 1.976 -0.281
-0.822 1.976 -0.281
-0.823 1.976 -0.280
-0.823 1.977 -0.280
-0.823 1.977 -0.280
-0.823 1.977 -0.280
-0.823 1.978 -0.279
-0.823 1.978 -0.279
-0.823 1.979 -0.279
-0.823 1.979 -0.279
-0.823 1.980 -0.279
-0.822 1.980 -0.279
-0.823 1.980 -0.278
-0.823 1.981 -0.278
-0.823 1.982 -0.278
-0.822 1.982 -0.278
-0.822 1.982 -0.278
-0.822 1.983 -0.277
-0.823 1.983 -0.277
-0.823 1.983 -0.277
-0.823 1.983 -0.276
-0.823 1.983 -0.276
-0.823 1.984 -0.275
-0.823 1.984 -0.275
-0.823 1.984 -0.274
-0.823 1.984 -0.273
-0.822 1.983 -0.273
-0.822 1.983 -0.272
-0.822 1.983 -0.271
-0.822 1.983 -0.270
-0.821 1.982 -0.269
-0.821 1.982 -0.268
-0.821 1.981 -0.267
-0.820 1.981 -0.266
-0.820 1.980 -0.265
-0.820 1.979 -0.264
-0.819 1.979 -0.263
-0.819 1.978 -0.262
-0.819 1.977 -0.261
-0.818 1.976 -0.259
-0.818 1.975 -0.258
-0.818 1.974 -0.257
-0.817 1.973 -0.255
-0.817 1.971 -0.254
-0.816 1.970 -0.253
-0.816 1.969 -0.251
-0.816 1.967 -0.250
-0.815 1.966 -0.249
-0.815 1.965 -0.247
-0.815 1.963 -0.246
-0.814 1.962 -0.244
-0.814 1.960 -0.243
-0.814 1.959 -0.241
-0.813 1.958 -0.239
-0.812 1.956 -0.238
-0.812 1.955 -0.236
-0.811 1.954 -0.235
-0.810 1.952 -0.233
-0.810 1.951 -0.231
-0.809 1.950 -0.230
-0.809 1.949 -0.228
-0.808 1.948 -0.226
-0.808 1.947 -0.225
-0.807 1.946 -0.223
-0.807 1.944 -0.222
-0.807 1.943 -0.220
-0.807 1.942 -0.219
-0.807 1.941 -0.217
-0.807 1.940 -0.216
-0.806 1.939 -0.215
-0.806 1.938 -0.213
-0.806 1.937 -0.212
-0.806 1.936 -0.210
-0.806 1.936 -0.209
-0.806 1.935 -0.208
-0.805 1.934 -0.207
-0.805 1.934 -0.205
-0.805 1.933 -0.204
-0.805 1.933 -0.203
-0.804 1.933 -0.202
-0.804 1.932 -0.201
-0.804 1.932 -0.199
-0.804 1.932 -0.198
-0.804 1.932 -0.197
-0.804 1.931 -0.196
-0.803 1.931 -0.195
-0.804 1.931 -0.193
-0.804 1.930 -0.193
-0.804 1.930 -0.191
-0.804 1.930 -0.190
-0.804 1.929 -0.189
-0.804 1.929 -0.188
-0.804 1.929 -0.187
-0.804 1.928 -0.186
-0.804 1.928 -0.184
-0.804 1.928 -0.183
-0.804 1.928 -0.182
-0.804 1.928 -0.181
-0.804 1.928 -0.180
-0.804 1.927 -0.178
-0.804 1.927 -0.177
-0.804 1.927 -0.176
-0.804 1.927 -0.174
-0.804 1.927 -0.173
-0.804 1.926 -0.172
-0.803 1.926 -0.170
-0.803 1.926 -0.169
-0.803 1.925 -0.168
-0.803 1.924 -0.166
-0.803 1.924 -0.165
-0.803 1.923 -0.163
-0.803 1.923 -0.162
-0.803 1.922 -0.160
-0.803 1.921 -0.158
-0.802 1.921 -0.157
-0.802 1.920 -0.155
-0.802 1.919 -0.153
-0.801 1.919 -0.152
-0.801 1.918 -0.150
-0.801 1.917 -0.148
-0.800 1.916 -0.146
-0.800 1.915 -0.145
-0.799 1.915 -0.143
-0.799 1.913 -0.141
-0.799 1.912 -0.140
-0.799 1.911 -0.138
-0.798 1.910 -0.136
-0.798 1.909 -0.134
-0.798 1.907 -0.133
-0.798 1.906 -0.131
-0.798 1.905 -0.129
-0.798 1.903 -0.127
-0.797 1.902 -0.125
-0.797 1.901 -0.124
-0.797 1.899 -0.122
-0.796 1.898 -0.120
-0.796 1.897 -0.118
