x y z
-1.663 0.842 -0.551
-1.663 0.842 -0.549
-1.662 0.840 -0.548
-1.662 0.840 -0.546
-1.662 0.839 -0.544
-1.661 0.838 -0.542
-1.661 0.837 -0.540
-1.661 0.836 -0.538
-1.660 0.835 -0.537
-1.660 0.834 -0.535
-1.660 0.833 -0.533
-1.659 0.832 -0.531
-1.659 0.831 -0.530
-1.658 0.830 -0.528
-1.658 0.829 -0.526
-1.658 0.828 -0.525
-1.657 0.827 -0.523
-1.657 0.826 -0.521
-1.657 0.825 -0.520
-1.657 0.824 -0.518
-1.656 0.823 -0.516
-1.656 0.822 -0.515
-1.656 0.821 -0.513
-1.655 0.820 -0.512
-1.655 0.819 -0.510
-1.655 0.818 -0.509
-1.654 0.817 -0.507
-1.654 0.816 -0.506
-1.654 0.815 -0.504
-1.653 0.814 -0.503
-1.653 0.813 -0.501
-1.653 0.812 -0.500
-1.652 0.811 -0.498
-1.652 0.810 -0.497
-1.651 0.809 -0.495
-1.651 0.808 -0.494
-1.651 0.807 -0.493
-1.650 0.806 -0.491
-1.650 0.805 -0.490
-1.649 0.804 -0.488
-1.649 0.803 -0.487
-1.649 0.802 -0.486
-1.648 0.801 -0.484
-1.648 0.800 -0.483
-1.647 0.799 -0.482
-1.647 0.798 -0.481
-1.646 0.797 -0.479
-1.646 0.796 -0.478
-1.646 0.795 -0.477
-1.645 0.794 -0.476
-1.645 0.793 -0.475
-1.644 0.792 -0.474
-1.643 0.791 -0.473
-1.643 0.790 -0.472
-1.642 0.789 -0.471
-1.642 0.788 -0.470
-1.641 0.787 -0.468
-1.640 0.787 -0.467
-1.640 0.785 -0.466
-1.639 0.784 -0.465
-1.639 0.783 -0.464
-1.638 0.783 -0.463
-1.638 0.781 -0.462
-1.637 0.781 -0.462
-1.636 0.779 -0.461
-1.636 0.778 -0.460
-1.635 0.777 -0.459
-1.635 0.776 -0.458
-1.634 0.775 -0.458
-1.633 0.774 -0.457
-1.633 0.773 -0.456
-1.632 0.772 -0.455
-1.631 0.772 -0.454
-1.630 0.771 -0.454
-1.629 0.770 -0.453
-1.627 0.771 -0.452
-1.624 0.773 -0.451
-1.620 0.775 -0.450
-1.615 0.780 -0.449
-1.611 0.785 -0.449
-1.605 0.791 -0.449
-1.599 0.798 -0.449
-1.593 0.806 -0.450
-1.587 0.814 -0.450
-1.581 0.822 -0.450
-1.574 0.831 -0.450
-1.567 0.840 -0.450
-1.560 0.848 -0.449
-1.553 0.857 -0.448
-1.545 0.866 -0.448
-1.538 0.875 -0.447
-1.530 0.884 -0.446
-1.522 0.893 -0.445
-1.514 0.902 -0.443
-1.506 0.912 -0.442
-1.498 0.922 -0.441
-1.490 0.932 -0.440
-1.481 0.942 -0.439
-1.473 0.952 -0.438
-1.465 0.962 -0.438
-1.456 0.972 -0.437
-1.448 0.983 -0.436
-1.439 0.993 -0.435
-1.430 1.004 -0.434
-1.421 1.014 -0.433
-1.413 1.025 -0.433
-1.404 1.035 -0.432
-1.395 1.046 -0.431
-1.386 1.057 -0.431
-1.377 1.068 -0.431
-1.368 1.079 -0.430
-1.359 1.090 -0.430
-1.350 1.101 -0.430
-1.340 1.112 -0.430
-1.331 1.124 -0.430
-1.322 1.135 -0.430
-1.313 1.146 -0.430
-1.303 1.158 -0.430
-1.294 1.170 -0.430
-1.284 1.182 -0.431
-1.275 1.194 -0.431
-1.265 1.206 -0.432
-1.256 1.218 -0.432
-1.246 1.230 -0.433
-1.236 1.243 -0.433
-1.226 1.255 -0.434
-1.216 1.268 -0.435
-1.206 1.281 -0.436
-1.196 1.294 -0.437
-1.186 1.306 -0.438
-1.176 1.319 -0.439
-1.166 1.332 -0.440
-1.156 1.345 -0.441
-1.147 1.358 -0.442
-1.137 1.371 -0.443
-1.127 1.385 -0.445
-1.116 1.398 -0.447
-1.106 1.412 -0.448
-1.096 1.425 -0.450
-1.087 1.439 -0.451
-1.077 1.452 -0.452
-1.067 1.466 -0.454
-1.056 1.479 -0.455
-1.047 1.493 -0.457
-1.037 1.506 -0.458
-1.028 1.520 -0.459
-1.018 1.534 -0.461
-1.008 1.547 -0.462
-0.998 1.561 -0.464
-0.988 1.574 -0.465
-0.979 1.587 -0.467
-0.970 1.598 -0.469
-0.963 1.608 -0.470
-0.957 1.616 -0.471
-0.954 1.621 -0.472
-0.953 1.622 -0.473
-0.954 1.621 -0.476
-0.956 1.618 -0.478
-0.961 1.613 -0.481
-0.966 1.606 -0.484
-0.971 1.598 -0.486
-0.976 1.591 -0.488
-0.978 1.586 -0.490
-0.980 1.582 -0.491
-0.981 1.578 -0.492
-0.981 1.574 -0.493
-0.981 1.571 -0.493
-0.981 1.568 -0.494
-0.980 1.566 -0.494
-0.980 1.564 -0.495
-0.979 1.562 -0.495
-0.977 1.561 -0.496
-0.976 1.559 -0.496
-0.974 1.558 -0.496
-0.972 1.557 -0.497
-0.970 1.556 -0.497
-0.968 1.555 -0.498
-0.966 1.554 -0.498
-0.964 1.554 -0.498
-0.962 1.553 -0.499
-0.959 1.553 -0.499
-0.957 1.553 -0.500
-0.954 1.553 -0.500
-0.952 1.553 -0.500
-0.949 1.553 -0.501
-0.947 1.554 -0.501
-0.944 1.554 -0.501
-0.940 1.555 -0.503
-0.937 1.555 -0.503
-0.935 1.555 -0.503
-0.932 1.556 -0.504
-0.930 1.556 -0.504
-0.927 1.557 -0.504
-0.925 1.557 -0.505
-0.922 1.558 -0.505
-0.920 1.558 -0.506
-0.917 1.559 -0.506
-0.915 1.559 -0.507
-0.913 1.559 -0.507
-0.911 1.560 -0.508
-0.909 1.560 -0.508
-0.907 1.561 -0.509
-0.905 1.561 -0.510
-0.903 1.561 -0.510
-0.901 1.562 -0.511
-0.900 1.562 -0.512
-0.898 1.562 -0.513
-0.896 1.563 -0.513
-0.895 1.563 -0.514
-0.893 1.563 -0.515
-0.891 1.563 -0.516
-0.890 1.563 -0.517
-0.888 1.563 -0.517
-0.887 1.563 -0.518
-0.886 1.563 -0.519
-0.885 1.563 -0.520
-0.884 1.563 -0.521
-0.882 1.563 -0.522
-0.881 1.563 -0.523
-0.880 1.563 -0.524
-0.879 1.563 -0.525
-0.878 1.563 -0.525
-0.877 1.562 -0.526
-0.876 1.562 -0.527
-0.875 1.561 -0.528
-0.874 1.561 -0.529
-0.873 1.560 -0.530
-0.872 1.560 -0.531
-0.872 1.559 -0.532
-0.871 1.559 -0.533
-0.869 1.558 -0.534
-0.868 1.558 -0.535
-0.868 1.557 -0.536
-0.867 1.556 -0.536
-0.865 1.556 -0.537
-0.864 1.555 -0.538
-0.863 1.554 -0.539
-0.862 1.553 -0.540
-0.861 1.552 -0.540
-0.860 1.552 -0.541
-0.859 1.551 -0.542
-0.858 1.550 -0.543
-0.856 1.549 -0.543
-0.855 1.548 -0.544
-0.854 1.547 -0.545
-0.853 1.546 -0.546
-0.851 1.546 -0.546
-0.850 1.544 -0.547
-0.849 1.543 -0.548
-0.847 1.543 -0.548
-0.846 1.542 -0.549
-0.845 1.541 -0.550
-0.843 1.540 -0.550
-0.842 1.538 -0.551
-0.840 1.537 -0.552
-0.839 1.536 -0.552
-0.837 1.535 -0.553
-0.836 1.534 -0.554
-0.834 1.533 -0.554
-0.833 1.532 -0.555
-0.831 1.531 -0.555
-0.830 1.530 -0.556
-0.828 1.529 -0.557
-0.826 1.528 -0.557
-0.825 1.527 -0.558
-0.823 1.526 -0.558
-0.821 1.525 -0.559
-0.819 1.524 -0.559
-0.818 1.523 -0.560
-0.816 1.522 -0.560
-0.814 1.521 -0.561
-0.813 1.521 -0.562
-0.811 1.520 -0.562
-0.809 1.519 -0.563
-0.808 1.518 -0.563
-0.806 1.517 -0.564
-0.804 1.516 -0.564
-0.802 1.515 -0.565
-0.800 1.514 -0.566
-0.799 1.513 -0.566
-0.797 1.512 -0.567
-0.795 1.511 -0.568
-0.793 1.510 -0.569
-0.792 1.509 -0.569
-0.790 1.508 -0.570
-0.788 1.507 -0.571
-0.787 1.506 -0.571
-0.785 1.505 -0.572
-0.783 1.504 -0.573
-0.782 1.504 -0.573
-0.780 1.503 -0.574
-0.779 1.502 -0.575
-0.777 1.501 -0.576
-0.776 1.500 -0.576
-0.775 1.500 -0.577
-0.773 1.498 -0.578
-0.772 1.498 -0.579
-0.771 1.497 -0.580
-0.769 1.496 -0.580
-0.768 1.495 -0.582
-0.766 1.494 -0.582
-0.765 1.493 -0.583
-0.764 1.492 -0.584
-0.763 1.491 -0.585
-0.761 1.490 -0.586
-0.760 1.489 -0.587
-0.758 1.488 -0.588
-0.758 1.487 -0.589
-0.756 1.485 -0.589
-0.755 1.484 -0.591
-0.753 1.483 -0.591
