x y z
-0.821 1.759 -1.317
-0.821 1.759 -1.316
-0.820 1.759 -1.315
-0.820 1.759 -1.314
-0.820 1.759 -1.313
-0.821 1.759 -1.312
-0.821 1.759 -1.311
-0.820 1.759 -1.310
-0.821 1.759 -1.309
-0.821 1.759 -1.308
-0.821 1.759 -1.307
-0.821 1.759 -1.307
-0.821 1.759 -1.305
-0.821 1.759 -1.305
-0.822 1.759 -1.304
-0.822 1.760 -1.303
-0.822 1.760 -1.303
-0.822 1.760 -1.302
-0.822 1.760 -1.302
-0.822 1.760 -1.301
-0.822 1.760 -1.300
-0.822 1.760 -1.300
-0.822 1.761 -1.299
-0.822 1.761 -1.299
-0.821 1.761 -1.298
-0.821 1.761 -1.298
-0.821 1.761 -1.297
-0.821 1.761 -1.297
-0.821 1.762 -1.296
-0.821 1.762 -1.296
-0.821 1.762 -1.296
-0.821 1.763 -1.295
-0.821 1.763 -1.295
-0.821 1.763 -1.295
-0.821 1.763 -1.295
-0.821 1.763 -1.295
-0.821 1.763 -1.295
-0.822 1.764 -1.295
-0.822 1.764 -1.295
-0.822 1.764 -1.295
-0.822 1.764 -1.295
-0.822 1.764 -1.295
-0.823 1.765 -1.295
-0.823 1.765 -1.296
-0.823 1.766 -1.296
-0.823 1.766 -1.296
-0.822 1.767 -1.296
-0.822 1.767 -1.296
-0.822 1.768 -1.296
-0.822 1.768 -1.296
-0.822 1.769 -1.296
-0.822 1.770 -1.297
-0.821 1.770 -1.297
-0.821 1.771 -1.297
-0.821 1.771 -1.297
-0.821 1.772 -1.297
-0.820 1.773 -1.297
-0.820 1.774 -1.298
-0.820 1.774 -1.298
-0.820 1.774 -1.298
-0.820 1.774 -1.299
-0.820 1.775 -1.300
-0.819 1.774 -1.300
-0.817 1.773 -1.301
-0.815 1.770 -1.302
-0.812 1.765 -1.303
-0.809 1.759 -1.304
-0.806 1.753 -1.306
-0.803 1.745 -1.307
-0.799 1.738 -1.309
-0.795 1.730 -1.310
-0.790 1.721 -1.312
-0.786 1.712 -1.313
-0.780 1.703 -1.314
-0.774 1.693 -1.315
-0.767 1.683 -1.316
-0.760 1.673 -1.317
-0.753 1.662 -1.318
-0.745 1.651 -1.319
-0.738 1.640 -1.320
-0.729 1.628 -1.322
-0.720 1.617 -1.324
-0.711 1.605 -1.325
-0.702 1.592 -1.327
-0.693 1.579 -1.329
-0.684 1.566 -1.331
-0.675 1.553 -1.334
-0.665 1.540 -1.336
-0.655 1.527 -1.339
-0.645 1.513 -1.341
-0.635 1.499 -1.344
-0.625 1.486 -1.347
-0.614 1.472 -1.351
-0.603 1.458 -1.354
-0.592 1.444 -1.357
-0.582 1.429 -1.361
-0.571 1.414 -1.365
-0.561 1.400 -1.369
-0.551 1.384 -1.373
-0.540 1.369 -1.377
-0.529 1.354 -1.382
-0.519 1.338 -1.387
-0.509 1.322 -1.391
-0.499 1.306 -1.396
-0.488 1.291 -1.401
-0.478 1.275 -1.407
-0.467 1.259 -1.412
-0.457 1.243 -1.417
-0.446 1.227 -1.422
-0.436 1.211 -1.428
-0.425 1.195 -1.433
-0.413 1.180 -1.438
-0.402 1.164 -1.444
-0.391 1.148 -1.449
-0.380 1.132 -1.455
-0.370 1.116 -1.461
-0.358 1.101 -1.467
-0.347 1.085 -1.473
-0.336 1.070 -1.479
-0.325 1.054 -1.484
-0.313 1.038 -1.490
-0.302 1.022 -1.496
-0.291 1.007 -1.501
-0.281 0.991 -1.507
-0.269 0.975 -1.512
-0.259 0.959 -1.518
-0.248 0.943 -1.522
-0.237 0.927 -1.527
-0.226 0.912 -1.532
-0.215 0.896 -1.537
-0.205 0.880 -1.541
-0.194 0.864 -1.545
-0.183 0.848 -1.549
-0.172 0.832 -1.553
-0.161 0.816 -1.556
-0.151 0.801 -1.560
-0.140 0.785 -1.563
-0.129 0.770 -1.565
-0.120 0.755 -1.568
-0.112 0.743 -1.568
-0.105 0.734 -1.567
-0.101 0.727 -1.567
-0.100 0.723 -1.568
-0.101 0.722 -1.569
-0.102 0.724 -1.569
-0.105 0.726 -1.568
-0.108 0.728 -1.567
-0.112 0.730 -1.567
-0.115 0.734 -1.566
-0.117 0.734 -1.565
-0.118 0.735 -1.564
-0.120 0.735 -1.563
-0.122 0.736 -1.563
-0.123 0.736 -1.562
-0.125 0.737 -1.562
-0.126 0.736 -1.561
-0.128 0.736 -1.562
-0.129 0.735 -1.562
-0.130 0.734 -1.563
-0.131 0.732 -1.564
-0.132 0.731 -1.565
-0.132 0.729 -1.566
-0.133 0.727 -1.567
-0.133 0.725 -1.568
-0.133 0.724 -1.568
-0.133 0.723 -1.569
-0.133 0.721 -1.569
-0.133 0.720 -1.569
-0.132 0.718 -1.569
-0.132 0.717 -1.569
-0.131 0.716 -1.569
-0.130 0.714 -1.569
-0.129 0.713 -1.570
-0.128 0.712 -1.570
-0.127 0.710 -1.571
-0.126 0.709 -1.572
-0.125 0.707 -1.573
-0.124 0.706 -1.574
-0.123 0.705 -1.575
-0.122 0.704 -1.576
-0.120 0.702 -1.578
-0.119 0.701 -1.579
-0.118 0.699 -1.581
-0.117 0.698 -1.582
-0.115 0.697 -1.583
-0.113 0.696 -1.585
-0.112 0.695 -1.586
-0.111 0.694 -1.588
-0.110 0.693 -1.589
-0.108 0.692 -1.590
-0.108 0.691 -1.592
-0.107 0.690 -1.594
-0.106 0.689 -1.595
-0.106 0.688 -1.597
-0.105 0.687 -1.598
-0.104 0.686 -1.599
-0.104 0.685 -1.600
-0.103 0.684 -1.601
-0.103 0.683 -1.602
-0.102 0.682 -1.603
-0.101 0.682 -1.604
-0.100 0.681 -1.606
-0.100 0.680 -1.607
-0.099 0.680 -1.607
-0.098 0.679 -1.608
-0.098 0.678 -1.609
-0.097 0.678 -1.610
-0.096 0.677 -1.610
-0.101 0.676 -1.613
-0.100 0.676 -1.613
-0.100 0.675 -1.613
-0.099 0.674 -1.614
-0.099 0.674 -1.614
-0.099 0.673 -1.614
-0.099 0.672 -1.614
-0.098 0.671 -1.614
-0.098 0.670 -1.614
-0.097 0.670 -1.614
-0.096 0.669 -1.614
-0.096 0.669 -1.614
-0.095 0.668 -1.614
-0.095 0.667 -1.614
-0.094 0.667 -1.614
-0.093 0.666 -1.614
-0.093 0.666 -1.614
-0.092 0.665 -1.614
-0.092 0.665 -1.613
-0.091 0.664 -1.613
-0.091 0.664 -1.613
-0.090 0.663 -1.612
-0.089 0.662 -1.612
-0.089 0.662 -1.611
-0.089 0.661 -1.611
-0.089 0.660 -1.610
-0.088 0.660 -1.609
-0.088 0.659 -1.609
-0.087 0.658 -1.608
-0.087 0.658 -1.607
-0.086 0.657 -1.607
-0.086 0.656 -1.606
-0.085 0.656 -1.605
-0.085 0.655 -1.605
-0.085 0.655 -1.604
-0.084 0.654 -1.604
-0.084 0.654 -1.603
-0.083 0.653 -1.603
-0.083 0.653 -1.603
-0.082 0.652 -1.602
-0.081 0.652 -1.602
-0.081 0.651 -1.602
-0.080 0.651 -1.602
-0.080 0.650 -1.601
-0.079 0.650 -1.601
-0.078 0.650 -1.601
-0.078 0.649 -1.601
-0.077 0.649 -1.601
-0.076 0.648 -1.601
-0.075 0.648 -1.601
-0.075 0.647 -1.601
-0.074 0.647 -1.601
-0.074 0.646 -1.602
-0.073 0.646 -1.602
-0.072 0.645 -1.602
-0.073 0.645 -1.603
-0.072 0.644 -1.604
-0.071 0.644 -1.604
-0.071 0.644 -1.605
-0.070 0.644 -1.606
-0.069 0.643 -1.607
-0.068 0.643 -1.607
-0.068 0.643 -1.608
-0.067 0.643 -1.609
-0.067 0.643 -1.610
-0.065 0.643 -1.611
-0.065 0.643 -1.613
-0.064 0.643 -1.613
-0.063 0.643 -1.615
-0.063 0.643 -1.615
-0.062 0.643 -1.615
-0.062 0.643 -1.615
-0.062 0.642 -1.616
-0.062 0.642 -1.615
-0.062 0.642 -1.615
-0.062 0.642 -1.615
-0.063 0.642 -1.615
-0.063 0.641 -1.615
-0.063 0.641 -1.615
-0.063 0.641 -1.615
-0.063 0.641 -1.615
-0.064 0.641 -1.615
-0.063 0.641 -1.615
-0.064 0.641 -1.615
-0.063 0.641 -1.614
-0.063 0.641 -1.614
-0.063 0.641 -1.614
-0.063 0.641 -1.614
-0.064 0.641 -1.614
-0.064 0.641 -1.614
-0.064 0.641 -1.615
-0.064 0.641 -1.614
-0.064 0.641 -1.615
-0.064 0.641 -1.614
-0.064 0.641 -1.615
-0.064 0.641 -1.615
-0.064 0.641 -1.615
-0.064 0.641 -1.615
-0.064 0.641 -1.615
-0.064 0.641 -1.615
-0.064 0.641 -1.615
-0.064 0.641 -1.615
-0.065 0.641 -1.615
-0.065 0.641 -1.615
-0.065 0.641 -1.614
-0.065 0.641 -1.614
-0.065 0.641 -1.614
-0.065 0.641 -1.614
-0.065 0.641 -1.614
-0.065 0.641 -1.614
-0.065 0.641 -1.613
-0.064 0.641 -1.613
-0.065 0.641 -1.613
-0.065 0.641 -1.613
-0.065 0.641 -1.613
-0.064 0.641 -1.613
-0.064 0.641 -1.613
-0.064 0.641 -1.613
-0.064 0.641 -1.613
-0.064 0.641 -1.613
-0.064 0.641 -1.613
-0.064 0.641 -1.613
-0.064 0.641 -1.613
-0.064 0.641 -1.613
-0.064 0.641 -1.613
-0.064 0.641 -1.613
-0.063 0.642 -1.613
-0.063 0.642 -1.614
-0.063 0.642 -1.613
-0.063 0.642 -1.614
-0.063 0.642 -1.613
-0.063 0.642 -1.613
-0.063 0.642 -1.613
-0.063 0.642 -1.614
-0.063 0.642 -1.614
-0.063 0.642 -1.614
-0.063 0.642 -1.614
-0.063 0.642 -1.614
-0.063 0.642 -1.614
-0.063 0.642 -1.614
-0.063 0.642 -1.614
-0.063 0.642 -1.613
-0.064 0.642 -1.613
-0.064 0.642 -1.613
-0.064 0.642 -1.613
-0.064 0.642 -1.613
-0.064 0.642 -1.613
-0.064 0.642 -1.613
-0.064 0.642 -1.613
-0.064 0.642 -1.613
-0.064 0.642 -1.613
-0.064 0.642 -1.612
-0.064 0.643 -1.612
-0.064 0.643 -1.612
-0.064 0.643 -1.612
-0.065 0.643 -1.612
-0.064 0.643 -1.612
-0.065 0.643 -1.612
-0.065 0.643 -1.612
-0.065 0.643 -1.612
-0.065 0.643 -1.611
-0.065 0.643 -1.611
-0.065 0.643 -1.611
-0.065 0.643 -1.611
-0.065 0.643 -1.611
-0.064 0.644 -1.611
-0.065 0.644 -1.611
-0.065 0.644 -1.611
-0.064 0.644 -1.611
-0.064 0.644 -1.611
-0.064 0.644 -1.611
-0.064 0.645 -1.611
-0.064 0.645 -1.611
-0.064 0.645 -1.611
-0.064 0.645 -1.611
-0.064 0.645 -1.611
-0.064 0.645 -1.611
-0.064 0.646 -1.611
-0.064 0.645 -1.611
-0.065 0.645 -1.611
-0.065 0.645 -1.611
-0.065 0.645 -1.611
-0.065 0.645 -1.611
-0.065 0.645 -1.611
-0.065 0.645 -1.610
-0.065 0.645 -1.610
-0.065 0.645 -1.610
-0.065 0.644 -1.610
-0.065 0.645 -1.610
-0.065 0.645 -1.610
-0.065 0.645 -1.610
-0.065 0.645 -1.610
-0.065 0.645 -1.610
-0.065 0.645 -1.610
-0.065 0.645 -1.610
-0.065 0.645 -1.610
-0.065 0.645 -1.610
-0.065 0.645 -1.610
-0.065 0.645 -1.610
-0.065 0.645 -1.611
-0.065 0.645 -1.610
-0.065 0.645 -1.610
-0.065 0.645 -1.610
-0.065 0.645 -1.610
-0.065 0.644 -1.611
-0.065 0.644 -1.611
-0.065 0.644 -1.611
-0.065 0.644 -1.611
-0.065 0.644 -1.611
-0.065 0.644 -1.611
-0.065 0.644 -1.611
-0.065 0.644 -1.611
-0.065 0.644 -1.611
-0.065 0.644 -1.611
-0.065 0.644 -1.611
-0.065 0.645 -1.611
-0.065 0.645 -1.611
-0.065 0.645 -1.611
-0.064 0.645 -1.611
-0.064 0.645 -1.611
-0.064 0.645 -1.611
-0.064 0.646 -1.612
-0.064 0.646 -1.612
-0.064 0.646 -1.612
