x y z
-1.327 2.036 -0.348
-1.328 2.035 -0.347
-1.328 2.035 -0.345
-1.328 2.035 -0.344
-1.328 2.035 -0.343
-1.329 2.035 -0.341
-1.329 2.035 -0.340
-1.329 2.035 -0.339
-1.329 2.035 -0.337
-1.329 2.035 -0.336
-1.329 2.035 -0.335
-1.329 2.035 -0.333
-1.329 2.034 -0.332
-1.329 2.035 -0.331
-1.329 2.035 -0.329
-1.329 2.035 -0.328
-1.329 2.034 -0.326
-1.329 2.034 -0.325
-1.329 2.034 -0.324
-1.329 2.034 -0.322
-1.329 2.034 -0.321
-1.329 2.034 -0.320
-1.329 2.034 -0.319
-1.328 2.034 -0.317
-1.328 2.034 -0.316
-1.328 2.034 -0.315
-1.328 2.034 -0.314
-1.328 2.034 -0.313
-1.328 2.034 -0.311
-1.328 2.033 -0.310
-1.328 2.033 -0.308
-1.328 2.033 -0.308
-1.328 2.033 -0.306
-1.328 2.033 -0.305
-1.328 2.033 -0.304
-1.328 2.033 -0.303
-1.328 2.033 -0.302
-1.328 2.033 -0.300
-1.328 2.033 -0.299
-1.328 2.033 -0.298
-1.328 2.033 -0.297
-1.328 2.033 -0.296
-1.328 2.033 -0.295
-1.329 2.033 -0.294
-1.329 2.034 -0.293
-1.329 2.034 -0.292
-1.329 2.034 -0.291
-1.329 2.034 -0.290
-1.329 2.034 -0.289
-1.329 2.034 -0.287
-1.329 2.034 -0.287
-1.329 2.034 -0.285
-1.329 2.034 -0.284
-1.328 2.035 -0.283
-1.328 2.034 -0.282
-1.328 2.035 -0.281
-1.328 2.035 -0.280
-1.328 2.035 -0.279
-1.328 2.035 -0.278
-1.328 2.035 -0.277
-1.328 2.036 -0.276
-1.327 2.036 -0.275
-1.328 2.036 -0.274
-1.327 2.036 -0.273
-1.328 2.036 -0.272
-1.327 2.036 -0.271
-1.327 2.036 -0.270
-1.327 2.036 -0.269
-1.326 2.036 -0.268
-1.326 2.036 -0.267
-1.326 2.037 -0.266
-1.326 2.037 -0.265
-1.325 2.037 -0.264
-1.325 2.037 -0.264
-1.325 2.037 -0.263
-1.325 2.037 -0.262
-1.325 2.037 -0.261
-1.326 2.036 -0.261
-1.327 2.035 -0.260
-1.329 2.034 -0.260
-1.331 2.032 -0.260
-1.333 2.030 -0.260
-1.335 2.028 -0.259
-1.336 2.024 -0.260
-1.337 2.021 -0.260
-1.338 2.017 -0.260
-1.337 2.013 -0.260
-1.337 2.009 -0.261
-1.335 2.004 -0.261
-1.334 1.999 -0.262
-1.332 1.993 -0.263
-1.330 1.988 -0.263
-1.327 1.982 -0.264
-1.324 1.977 -0.265
-1.320 1.971 -0.265
-1.317 1.966 -0.266
-1.313 1.960 -0.267
-1.310 1.954 -0.267
-1.306 1.948 -0.268
-1.302 1.942 -0.269
-1.299 1.935 -0.270
-1.296 1.929 -0.271
-1.293 1.922 -0.272
-1.290 1.915 -0.274
-1.288 1.908 -0.275
-1.285 1.901 -0.276
-1.282 1.894 -0.277
-1.280 1.887 -0.279
-1.277 1.880 -0.280
-1.275 1.872 -0.282
-1.272 1.865 -0.284
-1.269 1.858 -0.285
-1.267 1.850 -0.287
-1.264 1.843 -0.289
-1.262 1.835 -0.291
-1.259 1.828 -0.292
-1.256 1.820 -0.294
-1.253 1.813 -0.296
-1.250 1.805 -0.298
-1.247 1.797 -0.300
-1.244 1.789 -0.302
-1.241 1.781 -0.304
-1.238 1.774 -0.306
-1.235 1.765 -0.308
-1.231 1.758 -0.310
-1.228 1.749 -0.312
-1.225 1.741 -0.314
-1.221 1.733 -0.317
-1.217 1.724 -0.319
-1.213 1.716 -0.321
-1.209 1.708 -0.323
-1.205 1.699 -0.326
-1.201 1.691 -0.328
-1.197 1.683 -0.330
-1.193 1.674 -0.333
-1.189 1.666 -0.336
-1.185 1.656 -0.337
-1.180 1.648 -0.340
-1.176 1.639 -0.342
-1.172 1.630 -0.344
-1.168 1.622 -0.347
-1.164 1.613 -0.350
-1.160 1.604 -0.351
-1.155 1.595 -0.355
-1.152 1.586 -0.358
-1.147 1.577 -0.360
-1.143 1.568 -0.362
-1.139 1.559 -0.365
-1.135 1.549 -0.368
-1.132 1.540 -0.370
-1.127 1.531 -0.373
-1.124 1.521 -0.376
-1.120 1.512 -0.379
-1.116 1.502 -0.382
-1.112 1.493 -0.384
-1.108 1.483 -0.387
-1.104 1.473 -0.390
-1.100 1.463 -0.393
-1.095 1.454 -0.396
-1.092 1.445 -0.398
-1.088 1.436 -0.401
-1.086 1.430 -0.403
-1.084 1.426 -0.404
-1.083 1.424 -0.405
-1.084 1.425 -0.406
-1.085 1.427 -0.407
-1.086 1.430 -0.408
-1.088 1.435 -0.409
-1.090 1.440 -0.410
-1.092 1.443 -0.411
-1.093 1.446 -0.412
-1.094 1.448 -0.413
-1.094 1.450 -0.414
-1.095 1.451 -0.415
-1.096 1.452 -0.415
-1.096 1.453 -0.415
-1.096 1.454 -0.415
-1.097 1.454 -0.415
-1.097 1.454 -0.415
-1.097 1.454 -0.415
-1.097 1.454 -0.415
-1.097 1.454 -0.415
-1.097 1.454 -0.414
-1.097 1.453 -0.414
-1.097 1.452 -0.414
-1.096 1.451 -0.413
-1.096 1.450 -0.413
-1.096 1.449 -0.412
-1.095 1.447 -0.410
-1.095 1.446 -0.410
-1.095 1.445 -0.410
-1.094 1.443 -0.409
-1.094 1.442 -0.408
-1.093 1.439 -0.407
-1.093 1.438 -0.407
-1.093 1.436 -0.406
-1.092 1.434 -0.405
-1.092 1.432 -0.404
-1.091 1.430 -0.402
-1.091 1.428 -0.401
-1.090 1.426 -0.400
-1.089 1.423 -0.399
-1.089 1.421 -0.398
-1.088 1.419 -0.396
-1.088 1.417 -0.395
-1.087 1.415 -0.393
-1.087 1.413 -0.392
-1.086 1.411 -0.391
-1.086 1.409 -0.389
-1.085 1.407 -0.388
-1.085 1.405 -0.387
-1.084 1.404 -0.386
-1.084 1.402 -0.384
-1.084 1.400 -0.383
-1.083 1.399 -0.382
-1.083 1.397 -0.381
-1.083 1.396 -0.380
-1.082 1.395 -0.379
-1.082 1.394 -0.378
-1.082 1.392 -0.377
-1.082 1.391 -0.376
-1.081 1.390 -0.376
-1.081 1.390 -0.375
-1.081 1.389 -0.374
-1.080 1.389 -0.374
-1.080 1.388 -0.373
-1.080 1.388 -0.373
-1.080 1.387 -0.372
-1.079 1.387 -0.372
-1.079 1.387 -0.371
-1.079 1.387 -0.371
-1.079 1.386 -0.371
-1.079 1.386 -0.371
-1.079 1.386 -0.370
-1.080 1.386 -0.370
-1.080 1.386 -0.370
-1.080 1.386 -0.370
-1.080 1.386 -0.370
-1.080 1.386 -0.370
-1.080 1.387 -0.370
-1.080 1.387 -0.371
-1.080 1.387 -0.369
-1.080 1.387 -0.369
-1.080 1.388 -0.370
-1.080 1.388 -0.369
-1.079 1.389 -0.369
-1.079 1.389 -0.368
-1.079 1.389 -0.368
-1.079 1.389 -0.368
-1.080 1.389 -0.368
-1.080 1.389 -0.367
-1.080 1.389 -0.367
-1.080 1.389 -0.366
-1.080 1.388 -0.366
-1.080 1.388 -0.365
-1.081 1.388 -0.365
-1.081 1.388 -0.364
-1.081 1.387 -0.364
-1.081 1.387 -0.363
-1.080 1.387 -0.362
-1.080 1.386 -0.361
-1.080 1.386 -0.361
-1.080 1.385 -0.360
-1.079 1.384 -0.359
-1.079 1.384 -0.358
-1.079 1.383 -0.357
-1.079 1.382 -0.356
-1.078 1.381 -0.355
-1.078 1.380 -0.354
-1.078 1.379 -0.353
-1.078 1.378 -0.352
