x y z
-1.186 1.404 -0.415
-1.186 1.405 -0.414
-1.187 1.405 -0.412
-1.187 1.405 -0.411
-1.187 1.406 -0.410
-1.188 1.407 -0.408
-1.188 1.407 -0.407
-1.188 1.407 -0.405
-1.188 1.408 -0.404
-1.188 1.408 -0.403
-1.189 1.408 -0.402
-1.189 1.409 -0.400
-1.189 1.409 -0.399
-1.190 1.409 -0.398
-1.190 1.409 -0.397
-1.190 1.409 -0.395
-1.191 1.410 -0.394
-1.191 1.410 -0.393
-1.191 1.410 -0.392
-1.192 1.410 -0.390
-1.192 1.411 -0.389
-1.192 1.411 -0.388
-1.192 1.412 -0.387
-1.192 1.412 -0.385
-1.193 1.413 -0.384
-1.193 1.413 -0.383
-1.193 1.413 -0.381
-1.193 1.413 -0.380
-1.194 1.414 -0.379
-1.194 1.414 -0.378
-1.195 1.414 -0.376
-1.195 1.414 -0.375
-1.196 1.414 -0.374
-1.196 1.413 -0.373
-1.196 1.414 -0.372
-1.196 1.414 -0.371
-1.197 1.414 -0.370
-1.197 1.414 -0.368
-1.197 1.414 -0.367
-1.198 1.415 -0.366
-1.198 1.415 -0.365
-1.198 1.415 -0.364
-1.198 1.416 -0.363
-1.198 1.416 -0.361
-1.198 1.416 -0.360
-1.198 1.416 -0.359
-1.199 1.417 -0.358
-1.199 1.416 -0.357
-1.200 1.416 -0.356
-1.200 1.416 -0.355
-1.200 1.416 -0.354
-1.200 1.416 -0.353
-1.201 1.416 -0.352
-1.201 1.416 -0.351
-1.201 1.416 -0.350
-1.200 1.416 -0.349
-1.200 1.416 -0.347
-1.200 1.416 -0.347
-1.200 1.417 -0.345
-1.199 1.417 -0.344
-1.199 1.417 -0.343
-1.199 1.417 -0.342
-1.199 1.417 -0.341
-1.199 1.417 -0.340
-1.199 1.417 -0.340
-1.199 1.417 -0.339
-1.199 1.417 -0.338
-1.200 1.417 -0.337
-1.200 1.417 -0.336
-1.200 1.417 -0.335
-1.200 1.418 -0.335
-1.200 1.418 -0.334
-1.200 1.418 -0.333
-1.199 1.419 -0.332
-1.198 1.421 -0.331
-1.195 1.423 -0.330
-1.191 1.426 -0.330
-1.186 1.429 -0.329
-1.180 1.433 -0.329
-1.174 1.438 -0.329
-1.167 1.444 -0.329
-1.159 1.449 -0.329
-1.151 1.455 -0.329
-1.143 1.462 -0.329
-1.135 1.468 -0.329
-1.126 1.475 -0.329
-1.117 1.481 -0.329
-1.107 1.488 -0.328
-1.097 1.495 -0.327
-1.087 1.501 -0.326
-1.077 1.507 -0.325
-1.066 1.514 -0.324
-1.055 1.521 -0.323
-1.044 1.528 -0.322
-1.032 1.534 -0.321
-1.021 1.541 -0.320
-1.010 1.548 -0.319
-0.998 1.555 -0.319
-0.986 1.561 -0.318
-0.974 1.568 -0.317
-0.962 1.576 -0.316
-0.950 1.583 -0.316
-0.938 1.590 -0.315
-0.926 1.598 -0.314
-0.913 1.606 -0.314
-0.901 1.613 -0.313
-0.888 1.620 -0.313
-0.876 1.628 -0.313
-0.864 1.635 -0.312
-0.851 1.643 -0.312
-0.839 1.650 -0.312
-0.826 1.658 -0.312
-0.813 1.665 -0.312
-0.801 1.672 -0.312
-0.788 1.680 -0.312
-0.775 1.688 -0.312
-0.761 1.695 -0.313
-0.749 1.703 -0.313
-0.735 1.711 -0.313
-0.722 1.718 -0.314
-0.708 1.727 -0.314
-0.694 1.735 -0.315
-0.680 1.743 -0.316
-0.666 1.751 -0.317
-0.652 1.759 -0.317
-0.638 1.768 -0.318
-0.623 1.776 -0.319
-0.609 1.785 -0.320
-0.595 1.793 -0.321
-0.580 1.801 -0.323
-0.566 1.810 -0.324
-0.552 1.818 -0.325
-0.538 1.826 -0.326
-0.524 1.835 -0.327
-0.509 1.843 -0.329
-0.495 1.852 -0.331
-0.481 1.860 -0.333
-0.466 1.869 -0.334
-0.451 1.877 -0.336
-0.437 1.886 -0.338
-0.423 1.895 -0.340
-0.409 1.903 -0.342
-0.394 1.912 -0.345
-0.379 1.920 -0.347
-0.365 1.929 -0.350
-0.350 1.938 -0.352
-0.335 1.946 -0.355
-0.321 1.955 -0.357
-0.306 1.964 -0.360
-0.293 1.972 -0.362
-0.281 1.980 -0.364
-0.271 1.987 -0.366
-0.264 1.992 -0.368
-0.260 1.995 -0.368
-0.259 1.996 -0.370
-0.262 1.995 -0.371
-0.266 1.992 -0.372
-0.273 1.988 -0.373
-0.280 1.983 -0.374
-0.286 1.977 -0.374
-0.291 1.973 -0.375
-0.294 1.969 -0.375
-0.297 1.965 -0.374
-0.298 1.962 -0.374
-0.299 1.959 -0.373
-0.300 1.956 -0.372
-0.301 1.954 -0.372
-0.301 1.952 -0.371
-0.300 1.950 -0.371
-0.299 1.949 -0.371
-0.298 1.948 -0.370
-0.296 1.947 -0.370
-0.295 1.946 -0.370
-0.293 1.945 -0.370
-0.291 1.945 -0.369
-0.289 1.945 -0.369
-0.286 1.944 -0.369
-0.284 1.944 -0.369
-0.280 1.943 -0.369
-0.278 1.943 -0.369
-0.275 1.943 -0.369
-0.272 1.944 -0.369
-0.268 1.944 -0.369
-0.265 1.944 -0.369
-0.262 1.945 -0.369
-0.259 1.944 -0.368
-0.255 1.945 -0.368
-0.252 1.945 -0.368
-0.248 1.945 -0.368
-0.245 1.945 -0.368
-0.241 1.945 -0.368
-0.238 1.945 -0.367
-0.234 1.946 -0.367
-0.230 1.946 -0.366
-0.227 1.947 -0.366
-0.223 1.947 -0.365
-0.220 1.948 -0.365
-0.216 1.948 -0.364
-0.213 1.948 -0.364
-0.210 1.949 -0.363
-0.207 1.949 -0.363
-0.204 1.949 -0.362
-0.201 1.949 -0.361
-0.199 1.949 -0.361
-0.196 1.949 -0.360
-0.193 1.950 -0.359
-0.191 1.950 -0.359
-0.188 1.950 -0.358
-0.186 1.949 -0.358
-0.183 1.949 -0.357
-0.181 1.949 -0.356
-0.178 1.949 -0.356
-0.176 1.949 -0.355
-0.174 1.949 -0.354
-0.171 1.949 -0.353
-0.170 1.950 -0.353
-0.168 1.950 -0.352
-0.166 1.950 -0.351
-0.164 1.950 -0.351
-0.163 1.949 -0.350
-0.161 1.949 -0.349
-0.159 1.949 -0.349
-0.158 1.949 -0.348
-0.157 1.949 -0.348
-0.157 1.949 -0.347
-0.155 1.948 -0.346
-0.154 1.948 -0.346
-0.153 1.948 -0.345
-0.151 1.948 -0.345
-0.149 1.948 -0.345
-0.148 1.949 -0.344
-0.146 1.949 -0.344
-0.145 1.949 -0.343
-0.144 1.949 -0.343
-0.143 1.949 -0.343
-0.142 1.949 -0.342
-0.141 1.949 -0.342
-0.140 1.949 -0.341
-0.139 1.948 -0.341
-0.138 1.948 -0.340
-0.138 1.948 -0.340
-0.137 1.948 -0.339
-0.136 1.948 -0.339
-0.135 1.948 -0.338
-0.135 1.948 -0.338
-0.133 1.948 -0.337
-0.133 1.947 -0.337
-0.132 1.948 -0.336
-0.131 1.948 -0.336
-0.130 1.947 -0.335
-0.129 1.947 -0.335
-0.128 1.947 -0.334
-0.127 1.947 -0.334
-0.126 1.947 -0.333
-0.125 1.946 -0.333
-0.124 1.946 -0.332
-0.123 1.946 -0.331
-0.122 1.946 -0.331
-0.121 1.946 -0.330
-0.120 1.945 -0.329
-0.118 1.945 -0.328
-0.117 1.945 -0.328
-0.116 1.945 -0.327
-0.115 1.945 -0.326
-0.113 1.944 -0.326
-0.112 1.944 -0.325
-0.110 1.944 -0.324
-0.109 1.944 -0.323
-0.107 1.944 -0.322
-0.106 1.943 -0.321
-0.105 1.943 -0.320
-0.103 1.943 -0.320
-0.101 1.942 -0.319
-0.100 1.942 -0.318
-0.099 1.942 -0.317
-0.097 1.941 -0.316
-0.095 1.941 -0.315
-0.094 1.941 -0.314
-0.092 1.940 -0.313
-0.091 1.940 -0.312
-0.089 1.940 -0.311
-0.087 1.939 -0.310
-0.086 1.939 -0.309
-0.084 1.939 -0.308
-0.082 1.938 -0.307
-0.081 1.938 -0.306
-0.079 1.938 -0.305
-0.078 1.937 -0.304
-0.076 1.937 -0.303
-0.074 1.937 -0.302
-0.072 1.937 -0.301
-0.071 1.937 -0.300
-0.069 1.936 -0.298
-0.068 1.936 -0.297
-0.066 1.936 -0.296
-0.065 1.936 -0.295
-0.063 1.936 -0.295
-0.062 1.935 -0.293
-0.060 1.935 -0.292
-0.059 1.935 -0.291
-0.058 1.934 -0.291
-0.057 1.934 -0.290
-0.055 1.934 -0.289
-0.055 1.933 -0.287
-0.053 1.933 -0.286
-0.052 1.933 -0.285
-0.051 1.932 -0.284
-0.050 1.932 -0.283
-0.049 1.932 -0.283
-0.048 1.932 -0.282
-0.047 1.931 -0.281
-0.046 1.931 -0.280
-0.045 1.931 -0.279
-0.044 1.930 -0.278
-0.043 1.930 -0.277
-0.042 1.930 -0.276
-0.042 1.930 -0.275
-0.040 1.930 -0.274
-0.040 1.930 -0.273
-0.039 1.929 -0.272
-0.038 1.929 -0.271
-0.037 1.929 -0.270
-0.036 1.928 -0.269
-0.035 1.928 -0.268
-0.035 1.928 -0.267
-0.034 1.928 -0.266
-0.033 1.927 -0.265
-0.032 1.927 -0.264
-0.031 1.926 -0.263
-0.030 1.925 -0.262
-0.030 1.925 -0.261
-0.029 1.925 -0.260
-0.028 1.924 -0.259
-0.028 1.923 -0.258
-0.027 1.923 -0.257
-0.026 1.922 -0.256
-0.026 1.922 -0.255
-0.025 1.922 -0.254
-0.024 1.921 -0.253
-0.023 1.921 -0.252
-0.022 1.920 -0.250
-0.022 1.920 -0.249
-0.021 1.920 -0.248
-0.016 1.918 -0.248
-0.019 1.919 -0.246
-0.017 1.918 -0.245
-0.016 1.918 -0.244
-0.015 1.917 -0.243
-0.015 1.917 -0.241
-0.014 1.916 -0.240
-0.013 1.915 -0.239
