x y z
-1.367 2.113 -0.347
-1.366 2.114 -0.345
-1.366 2.114 -0.343
-1.366 2.114 -0.342
-1.365 2.115 -0.341
-1.365 2.115 -0.339
-1.365 2.115 -0.337
-1.364 2.116 -0.336
-1.364 2.116 -0.334
-1.364 2.116 -0.333
-1.363 2.116 -0.331
-1.364 2.117 -0.329
-1.363 2.117 -0.328
-1.363 2.117 -0.327
-1.363 2.117 -0.325
-1.363 2.118 -0.324
-1.363 2.118 -0.322
-1.362 2.118 -0.321
-1.363 2.119 -0.319
-1.363 2.120 -0.318
-1.364 2.120 -0.316
-1.363 2.120 -0.315
-1.363 2.120 -0.313
-1.363 2.120 -0.312
-1.363 2.121 -0.311
-1.363 2.121 -0.309
-1.363 2.121 -0.308
-1.363 2.122 -0.307
-1.363 2.122 -0.305
-1.363 2.122 -0.304
-1.363 2.123 -0.302
-1.363 2.123 -0.301
-1.363 2.123 -0.300
-1.363 2.124 -0.299
-1.363 2.124 -0.298
-1.363 2.124 -0.296
-1.363 2.124 -0.295
-1.364 2.125 -0.294
-1.364 2.125 -0.293
-1.364 2.125 -0.291
-1.364 2.125 -0.290
-1.363 2.125 -0.289
-1.364 2.125 -0.288
-1.364 2.125 -0.287
-1.364 2.125 -0.286
-1.364 2.125 -0.284
-1.363 2.125 -0.283
-1.363 2.125 -0.282
-1.363 2.126 -0.280
-1.363 2.126 -0.279
-1.363 2.126 -0.278
-1.363 2.126 -0.277
-1.363 2.126 -0.275
-1.362 2.126 -0.274
-1.362 2.126 -0.273
-1.362 2.127 -0.272
-1.361 2.126 -0.270
-1.360 2.127 -0.269
-1.360 2.127 -0.268
-1.359 2.127 -0.267
-1.359 2.127 -0.266
-1.359 2.126 -0.264
-1.359 2.127 -0.263
-1.358 2.126 -0.262
-1.358 2.126 -0.261
-1.358 2.126 -0.260
-1.357 2.126 -0.259
-1.356 2.125 -0.258
-1.355 2.124 -0.257
-1.353 2.122 -0.257
-1.351 2.119 -0.256
-1.350 2.117 -0.256
-1.347 2.113 -0.255
-1.345 2.110 -0.255
-1.342 2.106 -0.255
-1.339 2.102 -0.255
-1.337 2.097 -0.255
-1.334 2.093 -0.256
-1.331 2.088 -0.256
-1.328 2.083 -0.257
-1.325 2.079 -0.258
-1.322 2.074 -0.259
-1.319 2.069 -0.259
-1.315 2.064 -0.260
-1.312 2.059 -0.262
-1.309 2.053 -0.263
-1.305 2.048 -0.264
-1.301 2.042 -0.265
-1.296 2.037 -0.267
-1.292 2.031 -0.268
-1.288 2.025 -0.270
-1.284 2.020 -0.272
-1.280 2.014 -0.274
-1.276 2.008 -0.275
-1.272 2.002 -0.276
-1.267 1.995 -0.278
-1.263 1.989 -0.279
-1.259 1.983 -0.281
-1.255 1.976 -0.283
-1.250 1.970 -0.285
-1.246 1.963 -0.287
-1.241 1.956 -0.289
-1.237 1.950 -0.292
-1.232 1.943 -0.294
-1.228 1.936 -0.296
-1.223 1.929 -0.298
-1.219 1.922 -0.301
-1.215 1.915 -0.303
-1.210 1.908 -0.306
-1.205 1.901 -0.308
-1.201 1.893 -0.311
-1.196 1.886 -0.313
-1.191 1.878 -0.316
-1.186 1.871 -0.318
-1.181 1.864 -0.321
-1.177 1.856 -0.323
-1.172 1.848 -0.326
-1.167 1.840 -0.329
-1.162 1.832 -0.331
-1.157 1.824 -0.334
-1.152 1.816 -0.336
-1.147 1.807 -0.339
-1.142 1.799 -0.342
-1.136 1.791 -0.345
-1.132 1.783 -0.347
-1.126 1.775 -0.350
-1.121 1.766 -0.352
-1.116 1.758 -0.355
-1.110 1.749 -0.358
-1.105 1.741 -0.361
-1.099 1.732 -0.363
-1.094 1.723 -0.366
-1.088 1.714 -0.369
-1.083 1.705 -0.371
-1.077 1.696 -0.374
-1.071 1.687 -0.377
-1.066 1.678 -0.379
-1.060 1.669 -0.382
-1.054 1.660 -0.384
-1.049 1.650 -0.387
-1.043 1.641 -0.390
-1.038 1.632 -0.392
-1.032 1.622 -0.395
-1.027 1.613 -0.397
-1.021 1.604 -0.400
-1.017 1.596 -0.402
-1.014 1.590 -0.404
-1.013 1.586 -0.405
-1.013 1.585 -0.406
-1.014 1.585 -0.407
-1.016 1.587 -0.409
-1.018 1.590 -0.410
-1.021 1.594 -0.411
-1.024 1.598 -0.413
-1.026 1.601 -0.414
-1.028 1.604 -0.415
-1.029 1.606 -0.416
-1.031 1.607 -0.417
-1.032 1.608 -0.418
-1.034 1.610 -0.418
-1.035 1.611 -0.418
-1.036 1.611 -0.418
-1.037 1.612 -0.418
-1.037 1.612 -0.418
-1.038 1.612 -0.418
-1.038 1.612 -0.418
-1.039 1.612 -0.418
-1.039 1.612 -0.418
-1.039 1.611 -0.417
-1.040 1.610 -0.417
-1.040 1.610 -0.416
-1.040 1.609 -0.416
-1.040 1.607 -0.415
-1.040 1.606 -0.415
-1.040 1.605 -0.414
-1.040 1.603 -0.413
-1.040 1.601 -0.413
-1.040 1.600 -0.412
-1.040 1.598 -0.411
-1.039 1.596 -0.410
-1.039 1.594 -0.409
-1.039 1.592 -0.408
-1.038 1.590 -0.406
-1.038 1.588 -0.405
-1.037 1.587 -0.404
-1.036 1.584 -0.403
-1.036 1.582 -0.401
-1.035 1.580 -0.400
-1.035 1.578 -0.399
-1.034 1.576 -0.397
-1.034 1.574 -0.396
-1.033 1.572 -0.395
-1.033 1.570 -0.393
-1.033 1.568 -0.392
-1.032 1.566 -0.390
-1.032 1.564 -0.389
-1.032 1.562 -0.388
-1.031 1.560 -0.386
-1.031 1.559 -0.385
-1.031 1.557 -0.384
-1.031 1.555 -0.382
-1.030 1.554 -0.381
-1.030 1.552 -0.380
-1.030 1.551 -0.379
-1.030 1.550 -0.378
-1.030 1.549 -0.377
-1.029 1.548 -0.376
-1.029 1.547 -0.375
-1.029 1.546 -0.374
-1.029 1.545 -0.373
-1.029 1.544 -0.372
-1.029 1.543 -0.371
-1.029 1.543 -0.370
-1.029 1.542 -0.370
-1.029 1.541 -0.369
-1.029 1.541 -0.369
-1.029 1.541 -0.368
-1.029 1.540 -0.367
-1.030 1.540 -0.367
-1.030 1.540 -0.366
-1.030 1.540 -0.365
-1.030 1.539 -0.365
-1.030 1.539 -0.365
-1.030 1.540 -0.364
-1.030 1.539 -0.364
-1.030 1.540 -0.363
-1.030 1.540 -0.363
-1.030 1.540 -0.363
-1.030 1.540 -0.362
-1.031 1.540 -0.362
-1.031 1.540 -0.361
-1.031 1.540 -0.361
-1.031 1.540 -0.360
-1.031 1.541 -0.360
-1.031 1.541 -0.359
-1.031 1.541 -0.358
-1.031 1.541 -0.358
-1.031 1.541 -0.357
-1.031 1.541 -0.356
-1.032 1.541 -0.356
-1.031 1.541 -0.355
-1.032 1.541 -0.354
-1.032 1.541 -0.353
-1.032 1.540 -0.352
-1.032 1.540 -0.351
-1.032 1.540 -0.350
-1.032 1.539 -0.349
-1.032 1.539 -0.348
-1.031 1.538 -0.347
-1.031 1.538 -0.346
-1.031 1.537 -0.345
-1.031 1.537 -0.344
-1.031 1.536 -0.343
-1.030 1.535 -0.341
-1.030 1.534 -0.340
-1.030 1.533 -0.339
-1.030 1.533 -0.337
-1.029 1.531 -0.336
-1.029 1.530 -0.335
-1.029 1.529 -0.333
-1.028 1.528 -0.332
-1.028 1.527 -0.330
-1.028 1.526 -0.329
-1.027 1.524 -0.327
-1.027 1.523 -0.326
-1.026 1.522 -0.324
-1.026 1.520 -0.322
-1.026 1.519 -0.321
-1.025 1.518 -0.319
-1.025 1.516 -0.318
-1.024 1.515 -0.316
-1.024 1.514 -0.314
-1.024 1.512 -0.313
-1.023 1.511 -0.311
-1.023 1.510 -0.309
-1.022 1.508 -0.308
-1.022 1.507 -0.306
-1.021 1.506 -0.304
-1.021 1.505 -0.303
-1.021 1.503 -0.301
-1.021 1.502 -0.300
-1.020 1.501 -0.298
-1.020 1.500 -0.296
-1.020 1.499 -0.295
-1.019 1.498 -0.294
-1.019 1.497 -0.292
-1.019 1.496 -0.291
-1.019 1.495 -0.289
-1.019 1.494 -0.288
-1.018 1.493 -0.286
-1.018 1.492 -0.285
-1.018 1.492 -0.283
-1.018 1.491 -0.282
-1.018 1.490 -0.280
-1.017 1.490 -0.279
-1.017 1.489 -0.278
-1.017 1.488 -0.277
-1.017 1.488 -0.275
-1.017 1.487 -0.274
-1.017 1.487 -0.273
-1.017 1.486 -0.272
-1.017 1.486 -0.270
-1.017 1.485 -0.269
-1.017 1.485 -0.268
-1.017 1.485 -0.267
-1.017 1.484 -0.265
-1.017 1.484 -0.264
-1.017 1.484 -0.263
-1.017 1.483 -0.261
-1.016 1.483 -0.260
-1.016 1.483 -0.259
-1.016 1.483 -0.258
-1.016 1.482 -0.257
-1.016 1.482 -0.255
-1.016 1.482 -0.254
-1.016 1.482 -0.253
-1.016 1.481 -0.251
-1.016 1.481 -0.250
-1.016 1.481 -0.249
-1.016 1.480 -0.247
-1.016 1.480 -0.246
-1.016 1.479 -0.244
-1.016 1.478 -0.243
-1.016 1.478 -0.242
-1.016 1.477 -0.240
-1.016 1.477 -0.239
-1.016 1.476 -0.237
-1.016 1.475 -0.236
-1.015 1.475 -0.234
-1.015 1.474 -0.232
-1.015 1.474 -0.231
-1.014 1.473 -0.229
-1.014 1.473 -0.227
-1.014 1.472 -0.226
-1.013 1.471 -0.224
-1.013 1.470 -0.222
-1.013 1.469 -0.221
-1.013 1.469 -0.219
-1.012 1.468 -0.217
-1.012 1.467 -0.215
-1.012 1.466 -0.214
-1.012 1.464 -0.212
-1.012 1.463 -0.210
-1.011 1.462 -0.208
-1.011 1.462 -0.206
-1.011 1.461 -0.204
-1.010 1.460 -0.203
-1.010 1.459 -0.201
-1.010 1.458 -0.199
-1.009 1.457 -0.197
-1.009 1.456 -0.195
-1.008 1.455 -0.193
-1.008 1.454 -0.191
-1.008 1.453 -0.190
-1.007 1.452 -0.188
-1.007 1.452 -0.186
-1.007 1.451 -0.184
-1.007 1.450 -0.182
-1.006 1.449 -0.180
-1.006 1.448 -0.178
-1.006 1.447 -0.176
