x y z
-0.797 1.705 -1.269
-0.796 1.705 -1.269
-0.796 1.705 -1.269
-0.795 1.705 -1.269
-0.794 1.704 -1.268
-0.793 1.704 -1.268
-0.793 1.704 -1.268
-0.792 1.704 -1.267
-0.791 1.704 -1.267
-0.790 1.704 -1.267
-0.789 1.704 -1.266
-0.789 1.704 -1.266
-0.788 1.704 -1.266
-0.787 1.704 -1.266
-0.787 1.704 -1.265
-0.786 1.704 -1.265
-0.786 1.704 -1.265
-0.785 1.704 -1.265
-0.785 1.704 -1.264
-0.784 1.704 -1.264
-0.784 1.704 -1.264
-0.783 1.704 -1.264
-0.784 1.704 -1.262
-0.783 1.705 -1.262
-0.782 1.705 -1.262
-0.781 1.705 -1.261
-0.781 1.706 -1.261
-0.780 1.707 -1.261
-0.779 1.707 -1.261
-0.777 1.708 -1.262
-0.776 1.708 -1.262
-0.775 1.709 -1.262
-0.774 1.710 -1.261
-0.773 1.710 -1.261
-0.772 1.710 -1.261
-0.772 1.711 -1.261
-0.771 1.711 -1.260
-0.770 1.712 -1.260
-0.769 1.712 -1.260
-0.769 1.712 -1.260
-0.768 1.713 -1.260
-0.767 1.713 -1.260
-0.767 1.714 -1.259
-0.766 1.715 -1.259
-0.765 1.715 -1.259
-0.765 1.716 -1.259
-0.764 1.716 -1.259
-0.764 1.716 -1.259
-0.763 1.717 -1.259
-0.762 1.717 -1.259
-0.762 1.718 -1.259
-0.761 1.718 -1.259
-0.760 1.719 -1.259
-0.760 1.719 -1.259
-0.759 1.720 -1.259
-0.758 1.721 -1.259
-0.757 1.721 -1.258
-0.756 1.722 -1.258
-0.755 1.723 -1.258
-0.754 1.724 -1.258
-0.753 1.725 -1.258
-0.752 1.726 -1.258
-0.751 1.727 -1.258
-0.750 1.728 -1.259
-0.749 1.729 -1.259
-0.748 1.730 -1.259
-0.748 1.730 -1.259
-0.747 1.731 -1.260
-0.746 1.732 -1.260
-0.746 1.732 -1.261
-0.745 1.733 -1.261
-0.743 1.734 -1.262
-0.742 1.735 -1.263
-0.740 1.737 -1.263
-0.738 1.738 -1.264
-0.736 1.740 -1.265
-0.734 1.742 -1.266
-0.732 1.743 -1.267
-0.730 1.746 -1.268
-0.727 1.748 -1.269
-0.725 1.750 -1.271
-0.722 1.752 -1.272
-0.719 1.756 -1.274
-0.715 1.758 -1.276
-0.712 1.761 -1.278
-0.708 1.765 -1.280
-0.703 1.768 -1.283
-0.699 1.772 -1.285
-0.694 1.776 -1.286
-0.689 1.779 -1.288
-0.684 1.783 -1.290
-0.678 1.787 -1.292
-0.672 1.792 -1.294
-0.667 1.795 -1.295
-0.661 1.800 -1.297
-0.655 1.804 -1.297
-0.649 1.808 -1.298
-0.643 1.812 -1.300
-0.637 1.816 -1.301
-0.631 1.821 -1.302
-0.625 1.824 -1.304
-0.620 1.829 -1.305
-0.614 1.832 -1.307
-0.608 1.836 -1.308
-0.602 1.841 -1.311
-0.597 1.844 -1.312
-0.591 1.848 -1.314
-0.585 1.852 -1.316
-0.580 1.856 -1.318
-0.574 1.860 -1.319
-0.569 1.864 -1.321
-0.563 1.867 -1.323
-0.557 1.871 -1.325
-0.552 1.875 -1.327
-0.545 1.879 -1.329
-0.539 1.884 -1.331
-0.534 1.888 -1.332
-0.528 1.892 -1.334
-0.522 1.896 -1.336
-0.515 1.900 -1.337
-0.509 1.905 -1.339
-0.503 1.909 -1.341
-0.496 1.913 -1.342
-0.490 1.918 -1.343
-0.483 1.922 -1.345
-0.476 1.926 -1.346
-0.469 1.930 -1.348
-0.463 1.934 -1.349
-0.456 1.938 -1.350
-0.448 1.943 -1.351
-0.441 1.947 -1.352
-0.433 1.951 -1.353
-0.426 1.956 -1.354
-0.418 1.960 -1.354
-0.410 1.965 -1.355
-0.402 1.969 -1.356
-0.394 1.974 -1.356
-0.386 1.978 -1.357
-0.377 1.983 -1.358
-0.370 1.987 -1.358
-0.361 1.991 -1.359
-0.353 1.995 -1.360
-0.346 1.999 -1.360
-0.338 2.003 -1.361
-0.330 2.007 -1.361
-0.322 2.011 -1.362
-0.315 2.015 -1.362
-0.309 2.018 -1.361
-0.303 2.021 -1.361
-0.298 2.023 -1.361
-0.295 2.023 -1.360
-0.294 2.024 -1.361
-0.293 2.024 -1.362
-0.293 2.024 -1.363
-0.294 2.024 -1.364
-0.293 2.024 -1.365
-0.293 2.024 -1.367
-0.292 2.024 -1.369
-0.290 2.025 -1.368
-0.290 2.026 -1.368
-0.289 2.027 -1.366
-0.288 2.028 -1.365
-0.288 2.028 -1.364
-0.288 2.028 -1.363
-0.287 2.028 -1.362
-0.286 2.029 -1.362
-0.285 2.029 -1.362
-0.284 2.029 -1.361
-0.283 2.030 -1.361
-0.282 2.030 -1.361
-0.281 2.031 -1.361
-0.280 2.032 -1.361
-0.278 2.033 -1.361
-0.277 2.033 -1.360
-0.275 2.034 -1.360
-0.274 2.034 -1.360
-0.273 2.034 -1.360
-0.271 2.035 -1.360
-0.271 2.035 -1.360
-0.270 2.035 -1.360
-0.269 2.035 -1.360
-0.268 2.035 -1.360
-0.267 2.035 -1.360
-0.267 2.035 -1.360
-0.267 2.035 -1.360
-0.266 2.034 -1.360
-0.265 2.035 -1.360
-0.264 2.034 -1.360
-0.264 2.034 -1.361
-0.263 2.035 -1.361
-0.262 2.035 -1.361
-0.262 2.034 -1.361
-0.261 2.035 -1.361
-0.260 2.035 -1.361
-0.260 2.035 -1.362
-0.259 2.035 -1.362
-0.258 2.035 -1.362
-0.258 2.035 -1.362
-0.257 2.035 -1.362
-0.257 2.036 -1.362
-0.256 2.036 -1.363
-0.256 2.036 -1.363
-0.255 2.036 -1.363
-0.254 2.036 -1.363
-0.254 2.036 -1.363
-0.254 2.035 -1.362
-0.254 2.036 -1.363
-0.252 2.036 -1.364
-0.252 2.036 -1.364
-0.251 2.036 -1.364
-0.251 2.036 -1.364
-0.250 2.036 -1.364
-0.250 2.036 -1.364
-0.249 2.037 -1.364
-0.248 2.037 -1.364
-0.248 2.036 -1.364
-0.247 2.036 -1.364
-0.247 2.037 -1.364
-0.246 2.036 -1.364
-0.245 2.037 -1.364
-0.244 2.037 -1.366
-0.244 2.037 -1.364
-0.243 2.037 -1.364
-0.242 2.037 -1.364
-0.241 2.038 -1.365
-0.240 2.038 -1.364
-0.238 2.039 -1.364
-0.238 2.039 -1.365
-0.236 2.039 -1.365
-0.235 2.040 -1.365
-0.234 2.040 -1.365
-0.233 2.040 -1.365
-0.233 2.040 -1.365
-0.232 2.040 -1.365
-0.231 2.040 -1.365
-0.230 2.040 -1.366
-0.230 2.040 -1.366
-0.229 2.040 -1.366
-0.228 2.040 -1.366
-0.228 2.040 -1.366
-0.227 2.041 -1.366
-0.226 2.041 -1.366
-0.225 2.041 -1.366
-0.224 2.041 -1.366
-0.224 2.042 -1.367
-0.223 2.042 -1.366
-0.222 2.042 -1.366
-0.221 2.043 -1.366
-0.220 2.043 -1.366
-0.220 2.043 -1.366
-0.219 2.043 -1.366
-0.219 2.043 -1.365
-0.218 2.043 -1.365
-0.218 2.044 -1.365
-0.217 2.044 -1.365
-0.217 2.044 -1.365
-0.216 2.044 -1.365
-0.216 2.044 -1.365
-0.215 2.044 -1.365
-0.215 2.044 -1.365
-0.214 2.044 -1.364
-0.214 2.044 -1.364
-0.213 2.044 -1.364
-0.213 2.045 -1.364
-0.212 2.045 -1.364
-0.211 2.045 -1.364
-0.211 2.046 -1.364
-0.210 2.046 -1.364
-0.210 2.046 -1.364
-0.209 2.047 -1.364
-0.209 2.047 -1.364
-0.209 2.047 -1.364
-0.209 2.047 -1.363
-0.209 2.047 -1.363
-0.208 2.047 -1.363
-0.209 2.047 -1.363
-0.209 2.047 -1.363
-0.209 2.047 -1.363
-0.209 2.047 -1.363
-0.209 2.047 -1.363
-0.209 2.047 -1.363
-0.209 2.047 -1.363
-0.208 2.047 -1.363
-0.208 2.047 -1.362
-0.208 2.047 -1.362
-0.208 2.047 -1.362
-0.208 2.048 -1.362
-0.207 2.048 -1.362
-0.207 2.048 -1.362
-0.207 2.049 -1.362
-0.206 2.049 -1.362
-0.206 2.049 -1.362
-0.206 2.049 -1.361
-0.205 2.049 -1.361
-0.205 2.050 -1.361
-0.205 2.050 -1.361
-0.205 2.050 -1.361
-0.205 2.050 -1.361
-0.205 2.050 -1.361
-0.205 2.050 -1.361
-0.205 2.050 -1.361
-0.205 2.050 -1.361
-0.204 2.050 -1.361
-0.204 2.050 -1.361
-0.204 2.050 -1.361
-0.205 2.050 -1.360
-0.205 2.050 -1.360
-0.205 2.050 -1.360
-0.205 2.050 -1.360
-0.205 2.050 -1.360
-0.205 2.050 -1.360
-0.205 2.050 -1.360
-0.205 2.050 -1.360
-0.205 2.050 -1.360
-0.205 2.051 -1.360
-0.205 2.051 -1.360
-0.205 2.051 -1.360
-0.205 2.051 -1.360
-0.204 2.051 -1.360
-0.204 2.051 -1.360
-0.204 2.051 -1.360
-0.205 2.051 -1.360
-0.205 2.051 -1.360
-0.205 2.051 -1.360
-0.205 2.051 -1.360
-0.205 2.051 -1.360
-0.205 2.051 -1.360
-0.205 2.051 -1.360
-0.206 2.051 -1.359
-0.206 2.051 -1.359
-0.206 2.051 -1.359
-0.206 2.051 -1.359
-0.205 2.051 -1.359
-0.205 2.051 -1.359
-0.205 2.051 -1.359
-0.205 2.052 -1.359
