x y z
-1.462 0.897 -0.478
-1.462 0.897 -0.477
-1.461 0.897 -0.476
-1.460 0.897 -0.475
-1.459 0.896 -0.475
-1.458 0.896 -0.474
-1.458 0.895 -0.473
-1.457 0.895 -0.472
-1.456 0.895 -0.471
-1.455 0.895 -0.471
-1.455 0.894 -0.470
-1.454 0.894 -0.469
-1.453 0.893 -0.468
-1.452 0.893 -0.468
-1.451 0.893 -0.467
-1.450 0.892 -0.466
-1.450 0.892 -0.466
-1.449 0.892 -0.465
-1.447 0.891 -0.464
-1.448 0.891 -0.464
-1.446 0.890 -0.463
-1.446 0.889 -0.462
-1.445 0.889 -0.461
-1.444 0.888 -0.460
-1.443 0.888 -0.460
-1.442 0.887 -0.459
-1.441 0.886 -0.458
-1.441 0.886 -0.458
-1.440 0.885 -0.457
-1.439 0.885 -0.456
-1.438 0.884 -0.455
-1.437 0.884 -0.454
-1.436 0.884 -0.454
-1.435 0.883 -0.453
-1.434 0.883 -0.453
-1.433 0.882 -0.452
-1.432 0.882 -0.451
-1.432 0.881 -0.451
-1.431 0.880 -0.450
-1.430 0.880 -0.449
-1.429 0.879 -0.449
-1.428 0.878 -0.448
-1.427 0.877 -0.447
-1.426 0.876 -0.447
-1.425 0.875 -0.446
-1.424 0.875 -0.445
-1.423 0.874 -0.445
-1.422 0.873 -0.444
-1.422 0.873 -0.444
-1.421 0.872 -0.443
-1.420 0.871 -0.443
-1.419 0.871 -0.442
-1.418 0.871 -0.442
-1.417 0.870 -0.441
-1.416 0.870 -0.441
-1.415 0.869 -0.440
-1.414 0.869 -0.440
-1.413 0.868 -0.439
-1.412 0.868 -0.439
-1.410 0.867 -0.438
-1.409 0.866 -0.438
-1.408 0.866 -0.437
-1.407 0.865 -0.437
-1.405 0.865 -0.436
-1.402 0.866 -0.436
-1.399 0.867 -0.435
-1.396 0.869 -0.434
-1.393 0.871 -0.434
-1.389 0.873 -0.434
-1.385 0.876 -0.434
-1.381 0.879 -0.434
-1.377 0.883 -0.434
-1.373 0.886 -0.434
-1.368 0.890 -0.434
-1.364 0.893 -0.434
-1.360 0.897 -0.434
-1.355 0.901 -0.435
-1.350 0.905 -0.435
-1.346 0.909 -0.435
-1.341 0.912 -0.435
-1.337 0.916 -0.435
-1.332 0.920 -0.436
-1.327 0.923 -0.435
-1.323 0.927 -0.436
-1.318 0.930 -0.436
-1.313 0.934 -0.436
-1.308 0.938 -0.436
-1.304 0.942 -0.435
-1.299 0.946 -0.435
-1.294 0.950 -0.435
-1.290 0.954 -0.435
-1.285 0.958 -0.435
-1.280 0.962 -0.435
-1.275 0.966 -0.435
-1.271 0.970 -0.434
-1.266 0.974 -0.434
-1.261 0.979 -0.434
-1.256 0.983 -0.434
-1.251 0.987 -0.434
-1.246 0.992 -0.434
-1.241 0.996 -0.434
-1.236 1.001 -0.434
-1.231 1.006 -0.433
-1.225 1.010 -0.433
-1.220 1.015 -0.433
-1.215 1.020 -0.433
-1.209 1.025 -0.433
-1.203 1.030 -0.432
-1.198 1.034 -0.432
-1.192 1.039 -0.432
-1.186 1.044 -0.432
-1.180 1.049 -0.432
-1.174 1.054 -0.431
-1.168 1.059 -0.431
-1.162 1.064 -0.431
-1.157 1.069 -0.431
-1.151 1.074 -0.431
-1.144 1.079 -0.431
-1.138 1.084 -0.430
-1.132 1.090 -0.430
-1.126 1.095 -0.430
-1.120 1.100 -0.430
-1.114 1.105 -0.430
-1.108 1.111 -0.430
-1.102 1.116 -0.430
-1.096 1.121 -0.430
-1.090 1.127 -0.430
-1.083 1.132 -0.430
-1.079 1.136 -0.429
-1.073 1.141 -0.429
-1.067 1.147 -0.429
-1.060 1.152 -0.429
-1.055 1.157 -0.429
-1.049 1.163 -0.429
-1.042 1.168 -0.429
-1.036 1.174 -0.429
-1.030 1.179 -0.429
-1.024 1.185 -0.429
-1.017 1.191 -0.429
-1.011 1.196 -0.429
-1.006 1.201 -0.429
-1.002 1.204 -0.430
-0.999 1.207 -0.430
-0.997 1.208 -0.430
-0.997 1.208 -0.431
-0.997 1.207 -0.433
-0.998 1.205 -0.435
-1.000 1.202 -0.437
-1.003 1.199 -0.439
-1.005 1.196 -0.442
-1.007 1.193 -0.444
-1.009 1.190 -0.447
-1.010 1.188 -0.449
-1.011 1.186 -0.451
-1.012 1.183 -0.452
-1.012 1.180 -0.454
-1.012 1.178 -0.455
-1.012 1.176 -0.456
-1.012 1.174 -0.457
-1.011 1.173 -0.458
-1.010 1.171 -0.459
-1.009 1.169 -0.459
-1.007 1.168 -0.460
-1.006 1.167 -0.461
-1.004 1.166 -0.461
-1.003 1.165 -0.462
-1.001 1.164 -0.462
-0.999 1.163 -0.462
-0.997 1.162 -0.463
-0.995 1.161 -0.463
-0.993 1.160 -0.464
-0.990 1.160 -0.464
-0.988 1.159 -0.464
-0.986 1.158 -0.465
-0.983 1.158 -0.465
-0.981 1.157 -0.465
-0.979 1.157 -0.466
-0.976 1.156 -0.466
-0.974 1.156 -0.466
-0.972 1.156 -0.467
-0.969 1.155 -0.467
-0.967 1.155 -0.467
-0.964 1.155 -0.468
-0.962 1.155 -0.468
-0.960 1.154 -0.468
-0.957 1.154 -0.469
-0.955 1.154 -0.469
-0.952 1.154 -0.469
-0.950 1.154 -0.470
-0.948 1.154 -0.470
-0.945 1.154 -0.470
-0.943 1.154 -0.471
-0.941 1.154 -0.471
-0.938 1.154 -0.472
-0.936 1.154 -0.473
-0.934 1.155 -0.473
-0.932 1.155 -0.473
-0.930 1.155 -0.474
-0.928 1.155 -0.474
-0.926 1.155 -0.475
-0.924 1.155 -0.475
-0.922 1.155 -0.476
-0.920 1.155 -0.476
-0.918 1.155 -0.477
-0.916 1.156 -0.478
-0.914 1.156 -0.478
-0.913 1.156 -0.479
-0.911 1.156 -0.479
-0.909 1.155 -0.480
-0.907 1.155 -0.480
-0.906 1.155 -0.481
-0.904 1.155 -0.482
-0.903 1.155 -0.482
-0.902 1.155 -0.483
-0.900 1.154 -0.484
-0.899 1.154 -0.484
-0.898 1.153 -0.485
-0.897 1.153 -0.485
-0.896 1.153 -0.486
-0.894 1.152 -0.487
-0.893 1.152 -0.487
-0.892 1.151 -0.488
-0.891 1.151 -0.489
-0.890 1.150 -0.489
-0.889 1.150 -0.490
-0.887 1.149 -0.491
-0.886 1.149 -0.491
-0.885 1.148 -0.492
-0.884 1.147 -0.492
-0.883 1.147 -0.493
-0.882 1.146 -0.493
-0.881 1.145 -0.494
-0.879 1.144 -0.495
-0.878 1.144 -0.495
-0.877 1.143 -0.496
-0.876 1.142 -0.496
-0.875 1.142 -0.497
-0.873 1.141 -0.497
-0.872 1.140 -0.498
-0.871 1.139 -0.498
-0.870 1.139 -0.499
-0.869 1.138 -0.499
-0.867 1.137 -0.500
-0.866 1.136 -0.500
-0.865 1.135 -0.500
-0.863 1.134 -0.501
-0.862 1.134 -0.501
-0.861 1.133 -0.502
-0.859 1.132 -0.502
-0.858 1.131 -0.503
-0.856 1.130 -0.503
-0.855 1.129 -0.503
-0.853 1.128 -0.504
-0.852 1.127 -0.504
-0.850 1.126 -0.505
-0.849 1.126 -0.505
-0.847 1.125 -0.505
-0.845 1.124 -0.506
-0.844 1.124 -0.506
-0.842 1.123 -0.506
-0.840 1.123 -0.507
-0.838 1.122 -0.507
-0.836 1.122 -0.507
-0.835 1.122 -0.508
-0.833 1.121 -0.508
-0.831 1.121 -0.508
-0.829 1.120 -0.509
-0.828 1.120 -0.509
-0.826 1.119 -0.510
-0.824 1.119 -0.510
-0.823 1.118 -0.510
-0.821 1.118 -0.511
-0.820 1.117 -0.511
-0.818 1.117 -0.512
-0.817 1.116 -0.512
-0.815 1.116 -0.513
-0.814 1.115 -0.513
-0.812 1.115 -0.513
-0.811 1.114 -0.514
-0.810 1.114 -0.514
-0.808 1.114 -0.515
-0.807 1.114 -0.515
-0.805 1.114 -0.516
-0.804 1.113 -0.516
-0.802 1.113 -0.517
-0.801 1.113 -0.517
-0.800 1.113 -0.517
-0.798 1.113 -0.518
-0.797 1.112 -0.518
-0.796 1.112 -0.519
-0.795 1.112 -0.519
-0.793 1.112 -0.520
-0.792 1.111 -0.521
-0.791 1.110 -0.521
