x y z
-1.129 1.385 -0.431
-1.130 1.385 -0.429
-1.130 1.384 -0.427
-1.131 1.384 -0.425
-1.131 1.383 -0.423
-1.132 1.383 -0.421
-1.132 1.382 -0.419
-1.133 1.382 -0.418
-1.133 1.382 -0.416
-1.133 1.381 -0.414
-1.134 1.381 -0.412
-1.134 1.381 -0.410
-1.134 1.381 -0.408
-1.135 1.381 -0.407
-1.135 1.381 -0.405
-1.135 1.380 -0.403
-1.135 1.380 -0.401
-1.136 1.379 -0.399
-1.137 1.379 -0.398
-1.137 1.379 -0.396
-1.138 1.378 -0.394
-1.138 1.378 -0.392
-1.139 1.377 -0.390
-1.139 1.376 -0.389
-1.140 1.376 -0.387
-1.141 1.375 -0.385
-1.141 1.374 -0.384
-1.141 1.374 -0.382
-1.142 1.374 -0.380
-1.143 1.373 -0.379
-1.143 1.373 -0.377
-1.143 1.373 -0.375
-1.144 1.372 -0.374
-1.144 1.372 -0.372
-1.145 1.372 -0.371
-1.145 1.372 -0.369
-1.145 1.372 -0.368
-1.146 1.372 -0.366
-1.146 1.371 -0.365
-1.147 1.371 -0.363
-1.147 1.370 -0.362
-1.148 1.370 -0.360
-1.148 1.369 -0.359
-1.148 1.369 -0.357
-1.149 1.368 -0.356
-1.149 1.368 -0.354
-1.150 1.368 -0.353
-1.150 1.367 -0.352
-1.150 1.367 -0.350
-1.150 1.367 -0.349
-1.151 1.366 -0.348
-1.151 1.366 -0.346
-1.151 1.365 -0.345
-1.151 1.365 -0.343
-1.151 1.365 -0.342
-1.151 1.365 -0.341
-1.152 1.364 -0.340
-1.152 1.364 -0.338
-1.152 1.363 -0.337
-1.152 1.363 -0.336
-1.153 1.362 -0.334
-1.153 1.362 -0.333
-1.153 1.361 -0.332
-1.154 1.361 -0.331
-1.154 1.361 -0.330
-1.154 1.361 -0.329
-1.155 1.360 -0.328
-1.155 1.360 -0.327
-1.156 1.360 -0.326
-1.156 1.360 -0.325
-1.157 1.360 -0.324
-1.157 1.360 -0.323
-1.157 1.360 -0.322
-1.158 1.360 -0.321
-1.158 1.360 -0.320
-1.157 1.361 -0.319
-1.155 1.363 -0.318
-1.151 1.365 -0.317
-1.147 1.369 -0.316
-1.141 1.374 -0.315
-1.134 1.380 -0.315
-1.127 1.386 -0.315
-1.118 1.393 -0.316
-1.109 1.400 -0.316
-1.100 1.407 -0.315
-1.091 1.414 -0.315
-1.081 1.422 -0.314
-1.071 1.429 -0.313
-1.062 1.436 -0.312
-1.052 1.444 -0.311
-1.042 1.451 -0.310
-1.032 1.459 -0.309
-1.022 1.466 -0.308
-1.012 1.474 -0.307
-1.003 1.481 -0.307
-0.993 1.489 -0.306
-0.983 1.497 -0.305
-0.974 1.505 -0.304
-0.964 1.513 -0.304
-0.954 1.521 -0.303
-0.943 1.529 -0.303
-0.934 1.538 -0.302
-0.924 1.546 -0.301
-0.913 1.555 -0.301
-0.903 1.564 -0.300
-0.892 1.572 -0.300
-0.881 1.581 -0.300
-0.870 1.590 -0.299
-0.858 1.599 -0.299
-0.847 1.608 -0.299
-0.836 1.617 -0.299
-0.824 1.626 -0.299
-0.812 1.635 -0.299
-0.801 1.644 -0.299
-0.789 1.654 -0.299
-0.777 1.663 -0.300
-0.765 1.673 -0.300
-0.752 1.683 -0.301
-0.740 1.692 -0.302
-0.728 1.702 -0.303
-0.715 1.711 -0.304
-0.702 1.721 -0.304
-0.689 1.730 -0.305
-0.676 1.740 -0.306
-0.663 1.750 -0.308
-0.650 1.760 -0.309
-0.637 1.771 -0.311
-0.624 1.781 -0.312
-0.611 1.791 -0.314
-0.598 1.802 -0.316
-0.585 1.812 -0.317
-0.572 1.822 -0.319
-0.559 1.833 -0.321
-0.546 1.843 -0.323
-0.533 1.853 -0.325
-0.520 1.864 -0.327
-0.507 1.874 -0.329
-0.494 1.885 -0.331
-0.481 1.896 -0.333
-0.468 1.906 -0.335
-0.454 1.917 -0.337
-0.441 1.928 -0.339
-0.428 1.938 -0.341
-0.415 1.949 -0.344
-0.402 1.960 -0.346
-0.389 1.971 -0.348
-0.376 1.982 -0.351
-0.363 1.993 -0.353
-0.350 2.003 -0.355
-0.337 2.014 -0.358
-0.324 2.025 -0.360
-0.312 2.035 -0.362
-0.301 2.044 -0.364
-0.292 2.052 -0.366
-0.286 2.058 -0.367
-0.283 2.061 -0.368
-0.282 2.062 -0.369
-0.284 2.061 -0.370
-0.289 2.058 -0.372
-0.295 2.053 -0.374
-0.301 2.047 -0.376
-0.307 2.042 -0.378
-0.311 2.038 -0.379
-0.313 2.034 -0.380
-0.315 2.031 -0.381
-0.317 2.027 -0.381
-0.318 2.024 -0.381
-0.318 2.021 -0.381
-0.318 2.020 -0.381
-0.317 2.018 -0.381
-0.315 2.017 -0.381
-0.314 2.017 -0.381
-0.312 2.016 -0.381
-0.310 2.015 -0.382
-0.308 2.015 -0.381
-0.306 2.015 -0.381
-0.304 2.014 -0.381
-0.301 2.014 -0.381
-0.299 2.014 -0.382
-0.296 2.014 -0.381
-0.293 2.014 -0.382
-0.291 2.015 -0.382
-0.288 2.016 -0.382
-0.285 2.016 -0.382
-0.282 2.016 -0.382
-0.278 2.017 -0.382
-0.275 2.018 -0.381
-0.272 2.018 -0.381
-0.269 2.019 -0.381
-0.265 2.019 -0.381
-0.262 2.020 -0.381
-0.259 2.021 -0.381
-0.255 2.022 -0.380
-0.252 2.022 -0.380
-0.249 2.023 -0.380
-0.246 2.024 -0.380
-0.243 2.024 -0.379
-0.240 2.025 -0.379
-0.237 2.026 -0.378
-0.233 2.027 -0.378
-0.231 2.027 -0.377
-0.228 2.028 -0.377
-0.225 2.028 -0.376
-0.223 2.029 -0.376
-0.220 2.029 -0.376
-0.217 2.030 -0.375
-0.215 2.031 -0.375
-0.213 2.031 -0.374
-0.210 2.032 -0.374
-0.208 2.032 -0.374
-0.206 2.033 -0.373
-0.204 2.033 -0.373
-0.202 2.034 -0.372
-0.200 2.034 -0.372
-0.199 2.035 -0.371
-0.197 2.035 -0.371
-0.195 2.036 -0.371
-0.193 2.036 -0.370
-0.192 2.037 -0.370
-0.190 2.037 -0.369
-0.189 2.037 -0.369
-0.187 2.037 -0.369
-0.186 2.038 -0.368
-0.184 2.038 -0.368
-0.183 2.038 -0.368
-0.182 2.039 -0.367
-0.181 2.039 -0.367
-0.179 2.039 -0.367
-0.179 2.039 -0.366
-0.177 2.040 -0.366
-0.176 2.040 -0.366
-0.175 2.040 -0.365
-0.174 2.041 -0.365
-0.173 2.041 -0.365
-0.172 2.041 -0.364
-0.170 2.042 -0.364
-0.170 2.042 -0.363
-0.169 2.042 -0.363
-0.168 2.042 -0.363
-0.167 2.042 -0.362
-0.166 2.042 -0.362
-0.165 2.042 -0.361
-0.164 2.042 -0.361
-0.163 2.043 -0.361
-0.163 2.042 -0.360
-0.162 2.042 -0.360
-0.161 2.042 -0.359
-0.160 2.043 -0.359
-0.160 2.042 -0.358
-0.159 2.043 -0.358
-0.158 2.043 -0.357
-0.157 2.043 -0.357
-0.156 2.043 -0.356
-0.155 2.043 -0.356
-0.154 2.043 -0.355
-0.153 2.043 -0.354
-0.151 2.043 -0.353
-0.151 2.043 -0.353
-0.150 2.043 -0.352
-0.149 2.043 -0.352
-0.147 2.043 -0.351
-0.146 2.043 -0.350
-0.145 2.044 -0.349
-0.144 2.044 -0.349
-0.143 2.044 -0.348
-0.142 2.044 -0.347
-0.140 2.044 -0.346
-0.139 2.044 -0.345
-0.137 2.044 -0.345
-0.136 2.044 -0.344
-0.135 2.044 -0.343
-0.134 2.044 -0.342
-0.132 2.044 -0.341
-0.131 2.045 -0.340
-0.130 2.044 -0.339
-0.128 2.045 -0.338
-0.127 2.045 -0.338
-0.125 2.045 -0.337
-0.124 2.045 -0.336
-0.122 2.045 -0.335
-0.121 2.045 -0.334
-0.119 2.045 -0.333
-0.118 2.046 -0.332
-0.117 2.046 -0.331
-0.116 2.046 -0.330
-0.114 2.046 -0.329
-0.113 2.046 -0.328
-0.111 2.046 -0.327
-0.110 2.046 -0.326
-0.109 2.047 -0.325
-0.107 2.047 -0.324
-0.106 2.047 -0.323
-0.105 2.047 -0.322
-0.104 2.047 -0.321
-0.102 2.047 -0.320
-0.101 2.047 -0.319
-0.100 2.047 -0.318
-0.099 2.047 -0.317
-0.097 2.048 -0.316
-0.096 2.047 -0.315
-0.095 2.047 -0.314
-0.094 2.048 -0.313
-0.092 2.048 -0.312
-0.091 2.048 -0.312
-0.090 2.048 -0.311
-0.089 2.048 -0.310
-0.088 2.048 -0.309
-0.086 2.048 -0.308
-0.085 2.048 -0.307
-0.084 2.048 -0.306
-0.083 2.048 -0.305
-0.082 2.048 -0.304
-0.081 2.048 -0.303
-0.080 2.049 -0.302
-0.079 2.049 -0.301
-0.078 2.049 -0.300
-0.077 2.049 -0.300
-0.076 2.049 -0.299
-0.075 2.049 -0.298
-0.074 2.049 -0.297
-0.073 2.050 -0.296
-0.072 2.050 -0.295
-0.071 2.050 -0.294
-0.070 2.050 -0.293
-0.069 2.051 -0.292
-0.068 2.050 -0.291
-0.067 2.050 -0.290
-0.067 2.050 -0.289
-0.066 2.050 -0.288
-0.065 2.050 -0.287
-0.064 2.050 -0.286
-0.064 2.050 -0.285
-0.063 2.050 -0.284
-0.062 2.050 -0.283
