x y z
-1.382 2.268 -0.326
-1.382 2.268 -0.324
-1.382 2.267 -0.322
-1.381 2.267 -0.320
-1.380 2.267 -0.319
-1.380 2.267 -0.317
-1.378 2.266 -0.315
-1.377 2.267 -0.314
-1.376 2.266 -0.313
-1.376 2.266 -0.310
-1.375 2.266 -0.309
-1.376 2.265 -0.307
-1.374 2.265 -0.306
-1.374 2.264 -0.304
-1.373 2.263 -0.303
-1.374 2.263 -0.301
-1.374 2.263 -0.299
-1.373 2.262 -0.297
-1.372 2.262 -0.296
-1.371 2.261 -0.295
-1.372 2.261 -0.292
-1.371 2.260 -0.291
-1.371 2.260 -0.289
-1.370 2.260 -0.287
-1.369 2.260 -0.286
-1.368 2.260 -0.284
-1.368 2.260 -0.283
-1.368 2.259 -0.281
-1.367 2.259 -0.279
-1.366 2.259 -0.278
-1.366 2.258 -0.276
-1.364 2.258 -0.276
-1.365 2.258 -0.273
-1.364 2.257 -0.273
-1.365 2.257 -0.270
-1.364 2.257 -0.269
-1.363 2.257 -0.268
-1.363 2.257 -0.266
-1.363 2.256 -0.265
-1.362 2.256 -0.263
-1.362 2.256 -0.262
-1.361 2.255 -0.261
-1.361 2.255 -0.260
-1.360 2.255 -0.258
-1.359 2.255 -0.257
-1.359 2.255 -0.255
-1.359 2.255 -0.254
-1.358 2.255 -0.253
-1.358 2.254 -0.251
-1.358 2.254 -0.250
-1.357 2.254 -0.249
-1.356 2.254 -0.247
-1.356 2.253 -0.246
-1.356 2.253 -0.245
-1.355 2.253 -0.243
-1.355 2.253 -0.242
-1.354 2.253 -0.241
-1.353 2.252 -0.239
-1.353 2.252 -0.238
-1.352 2.252 -0.237
-1.352 2.251 -0.235
-1.351 2.251 -0.234
-1.350 2.251 -0.233
-1.350 2.251 -0.232
-1.349 2.251 -0.231
-1.349 2.251 -0.229
-1.348 2.250 -0.228
-1.348 2.250 -0.227
-1.347 2.249 -0.226
-1.347 2.248 -0.225
-1.347 2.247 -0.224
-1.347 2.244 -0.223
-1.347 2.241 -0.223
-1.346 2.238 -0.223
-1.346 2.235 -0.222
-1.345 2.231 -0.223
-1.345 2.227 -0.222
-1.344 2.222 -0.222
-1.342 2.217 -0.222
-1.340 2.213 -0.223
-1.338 2.207 -0.223
-1.336 2.202 -0.224
-1.334 2.197 -0.224
-1.331 2.191 -0.225
-1.328 2.186 -0.226
-1.324 2.181 -0.226
-1.321 2.175 -0.227
-1.317 2.169 -0.228
-1.314 2.163 -0.228
-1.310 2.158 -0.230
-1.306 2.152 -0.231
-1.302 2.146 -0.232
-1.298 2.140 -0.234
-1.294 2.133 -0.235
-1.290 2.127 -0.236
-1.286 2.121 -0.238
-1.282 2.114 -0.240
-1.279 2.109 -0.242
-1.274 2.101 -0.243
-1.271 2.094 -0.245
-1.267 2.087 -0.247
-1.264 2.081 -0.249
-1.260 2.073 -0.251
-1.256 2.066 -0.253
-1.252 2.059 -0.255
-1.249 2.052 -0.257
-1.245 2.044 -0.259
-1.242 2.037 -0.262
-1.238 2.030 -0.264
-1.235 2.022 -0.266
-1.231 2.015 -0.269
-1.227 2.007 -0.271
-1.223 1.999 -0.274
-1.219 1.991 -0.276
-1.216 1.983 -0.279
-1.211 1.975 -0.281
-1.207 1.967 -0.284
-1.203 1.959 -0.287
-1.199 1.951 -0.290
-1.195 1.943 -0.292
-1.191 1.934 -0.295
-1.187 1.926 -0.298
-1.182 1.917 -0.301
-1.178 1.909 -0.303
-1.173 1.900 -0.306
-1.168 1.892 -0.309
-1.164 1.883 -0.312
-1.159 1.874 -0.314
-1.154 1.865 -0.317
-1.149 1.856 -0.320
-1.144 1.848 -0.323
-1.139 1.839 -0.326
-1.135 1.829 -0.328
-1.130 1.820 -0.331
-1.125 1.811 -0.334
-1.120 1.802 -0.337
-1.116 1.792 -0.340
-1.111 1.783 -0.342
-1.107 1.774 -0.345
-1.102 1.764 -0.348
-1.097 1.754 -0.351
-1.093 1.745 -0.353
-1.088 1.735 -0.356
-1.083 1.725 -0.359
-1.078 1.715 -0.362
-1.074 1.706 -0.364
-1.069 1.696 -0.367
-1.064 1.686 -0.370
-1.059 1.676 -0.373
-1.055 1.666 -0.375
-1.050 1.657 -0.378
-1.047 1.649 -0.381
-1.044 1.643 -0.382
-1.042 1.640 -0.384
-1.041 1.638 -0.385
-1.042 1.639 -0.386
-1.043 1.641 -0.387
-1.045 1.645 -0.388
-1.048 1.649 -0.389
-1.050 1.654 -0.391
-1.052 1.657 -0.392
-1.053 1.659 -0.393
-1.054 1.661 -0.394
-1.055 1.663 -0.395
-1.056 1.664 -0.396
-1.057 1.666 -0.396
-1.057 1.666 -0.397
-1.058 1.667 -0.397
-1.059 1.668 -0.397
-1.059 1.668 -0.397
-1.060 1.668 -0.397
-1.060 1.668 -0.397
-1.060 1.668 -0.397
-1.060 1.667 -0.397
-1.060 1.667 -0.396
-1.061 1.665 -0.396
-1.061 1.664 -0.395
-1.061 1.663 -0.395
-1.060 1.662 -0.394
-1.060 1.660 -0.394
-1.060 1.659 -0.393
-1.060 1.657 -0.392
-1.060 1.655 -0.392
-1.060 1.654 -0.391
-1.059 1.652 -0.390
-1.059 1.650 -0.389
-1.059 1.648 -0.388
-1.058 1.646 -0.387
-1.058 1.644 -0.386
-1.057 1.641 -0.385
-1.057 1.639 -0.384
-1.056 1.637 -0.383
-1.056 1.635 -0.381
-1.055 1.633 -0.380
-1.055 1.631 -0.379
-1.054 1.629 -0.378
-1.053 1.627 -0.377
-1.053 1.625 -0.375
-1.053 1.623 -0.374
-1.052 1.621 -0.373
-1.052 1.619 -0.372
-1.051 1.617 -0.371
-1.051 1.615 -0.369
-1.050 1.613 -0.368
-1.050 1.612 -0.367
-1.049 1.610 -0.366
-1.049 1.609 -0.365
-1.049 1.607 -0.364
-1.048 1.606 -0.363
-1.048 1.605 -0.362
-1.048 1.604 -0.361
-1.047 1.603 -0.360
-1.047 1.601 -0.360
-1.047 1.600 -0.359
-1.047 1.600 -0.358
-1.046 1.599 -0.358
-1.046 1.598 -0.357
-1.046 1.598 -0.356
-1.046 1.597 -0.356
-1.046 1.596 -0.356
-1.045 1.596 -0.355
-1.045 1.596 -0.355
-1.045 1.596 -0.354
-1.045 1.595 -0.354
-1.045 1.595 -0.354
-1.045 1.595 -0.353
-1.045 1.595 -0.353
-1.045 1.595 -0.353
-1.045 1.595 -0.353
-1.045 1.595 -0.352
-1.045 1.595 -0.352
-1.045 1.595 -0.352
-1.045 1.595 -0.351
-1.045 1.595 -0.351
-1.045 1.595 -0.351
-1.046 1.595 -0.350
-1.046 1.595 -0.350
-1.046 1.595 -0.350
-1.046 1.595 -0.349
-1.046 1.595 -0.349
-1.046 1.595 -0.349
-1.046 1.595 -0.348
-1.046 1.594 -0.347
-1.046 1.594 -0.347
-1.046 1.594 -0.346
-1.046 1.594 -0.346
-1.046 1.594 -0.345
-1.046 1.593 -0.344
-1.046 1.593 -0.343
-1.046 1.592 -0.343
-1.046 1.592 -0.342
-1.045 1.591 -0.341
-1.045 1.591 -0.340
-1.045 1.590 -0.339
-1.045 1.589 -0.338
-1.045 1.588 -0.337
-1.044 1.587 -0.336
-1.044 1.586 -0.335
-1.044 1.585 -0.334
-1.044 1.584 -0.333
-1.044 1.583 -0.331
-1.043 1.582 -0.330
-1.043 1.580 -0.329
-1.043 1.579 -0.328
-1.043 1.578 -0.326
-1.042 1.576 -0.325
-1.042 1.575 -0.323
-1.041 1.574 -0.322
-1.041 1.572 -0.321
-1.041 1.571 -0.318
-1.040 1.569 -0.318
-1.039 1.568 -0.316
-1.039 1.567 -0.315
-1.038 1.565 -0.313
-1.037 1.563 -0.311
-1.037 1.562 -0.310
-1.037 1.561 -0.308
-1.036 1.559 -0.307
-1.036 1.557 -0.305
-1.036 1.556 -0.304
-1.035 1.554 -0.302
-1.035 1.553 -0.301
-1.035 1.551 -0.299
-1.034 1.550 -0.298
-1.034 1.549 -0.296
-1.034 1.547 -0.295
-1.033 1.546 -0.293
-1.033 1.545 -0.292
-1.032 1.544 -0.291
-1.032 1.543 -0.289
-1.031 1.542 -0.288
-1.031 1.541 -0.286
-1.030 1.540 -0.285
-1.030 1.539 -0.284
-1.030 1.538 -0.282
-1.029 1.537 -0.281
-1.029 1.537 -0.280
-1.029 1.536 -0.279
-1.029 1.535 -0.277
-1.029 1.534 -0.276
-1.029 1.533 -0.275
-1.029 1.532 -0.274
-1.028 1.532 -0.273
-1.028 1.531 -0.271
-1.028 1.530 -0.270
-1.028 1.530 -0.269
-1.028 1.529 -0.268
-1.028 1.529 -0.267
-1.028 1.528 -0.266
-1.028 1.528 -0.265
-1.027 1.527 -0.264
-1.027 1.527 -0.262
-1.027 1.526 -0.261
-1.026 1.526 -0.260
-1.026 1.526 -0.259
-1.026 1.525 -0.258
-1.026 1.525 -0.256
-1.026 1.525 -0.255
-1.025 1.524 -0.254
-1.025 1.524 -0.253
-1.025 1.523 -0.252
-1.025 1.523 -0.250
-1.025 1.522 -0.249
-1.025 1.522 -0.248
-1.025 1.521 -0.247
-1.025 1.520 -0.245
-1.025 1.519 -0.244
-1.025 1.519 -0.243
-1.025 1.518 -0.242
-1.025 1.517 -0.240
-1.024 1.516 -0.239
-1.024 1.515 -0.237
-1.024 1.515 -0.236
-1.024 1.514 -0.234
-1.023 1.513 -0.233
-1.023 1.512 -0.232
-1.022 1.512 -0.230
-1.022 1.511 -0.228
-1.022 1.510 -0.226
-1.024 1.508 -0.217
-1.021 1.508 -0.223
-1.020 1.507 -0.221
-1.020 1.506 -0.219
-1.020 1.505 -0.217
-1.019 1.504 -0.217
-1.019 1.503 -0.216
-1.019 1.502 -0.213
-1.018 1.500 -0.211
-1.018 1.499 -0.210
-1.018 1.498 -0.208
-1.018 1.497 -0.206
-1.017 1.496 -0.205
-1.017 1.494 -0.203
-1.017 1.493 -0.201
