x y z
-1.316 2.283 -0.316
-1.316 2.284 -0.314
-1.316 2.285 -0.312
-1.316 2.285 -0.311
-1.316 2.286 -0.309
-1.316 2.286 -0.307
-1.316 2.287 -0.306
-1.316 2.287 -0.304
-1.316 2.288 -0.303
-1.316 2.288 -0.301
-1.316 2.289 -0.299
-1.316 2.289 -0.298
-1.316 2.290 -0.296
-1.315 2.290 -0.296
-1.316 2.291 -0.293
-1.317 2.291 -0.292
-1.317 2.291 -0.290
-1.317 2.292 -0.289
-1.317 2.292 -0.287
-1.317 2.293 -0.286
-1.318 2.293 -0.284
-1.318 2.294 -0.283
-1.317 2.294 -0.282
-1.318 2.295 -0.280
-1.319 2.295 -0.278
-1.319 2.296 -0.277
-1.319 2.296 -0.275
-1.319 2.296 -0.274
-1.320 2.297 -0.273
-1.320 2.298 -0.271
-1.320 2.298 -0.270
-1.320 2.298 -0.269
-1.321 2.299 -0.267
-1.321 2.299 -0.266
-1.319 2.300 -0.265
-1.321 2.300 -0.263
-1.321 2.301 -0.262
-1.322 2.301 -0.260
-1.322 2.302 -0.259
-1.320 2.302 -0.259
-1.323 2.302 -0.256
-1.323 2.303 -0.255
-1.323 2.303 -0.254
-1.322 2.303 -0.254
-1.323 2.304 -0.251
-1.324 2.304 -0.250
-1.324 2.305 -0.249
-1.324 2.306 -0.248
-1.324 2.306 -0.246
-1.324 2.307 -0.245
-1.324 2.307 -0.244
-1.323 2.308 -0.242
-1.323 2.309 -0.241
-1.323 2.309 -0.240
-1.323 2.310 -0.239
-1.323 2.310 -0.237
-1.321 2.311 -0.237
-1.323 2.311 -0.235
-1.321 2.311 -0.234
-1.323 2.312 -0.232
-1.323 2.312 -0.231
-1.321 2.312 -0.230
-1.322 2.312 -0.229
-1.323 2.312 -0.227
-1.322 2.310 -0.227
-1.321 2.307 -0.226
-1.319 2.302 -0.226
-1.316 2.295 -0.226
-1.311 2.288 -0.226
-1.307 2.280 -0.227
-1.303 2.271 -0.229
-1.298 2.262 -0.230
-1.293 2.252 -0.232
-1.288 2.241 -0.234
-1.282 2.231 -0.236
-1.276 2.219 -0.238
-1.270 2.208 -0.240
-1.263 2.196 -0.242
-1.257 2.184 -0.245
-1.250 2.171 -0.247
-1.243 2.158 -0.249
-1.235 2.146 -0.252
-1.228 2.133 -0.255
-1.221 2.119 -0.257
-1.212 2.105 -0.260
-1.206 2.092 -0.264
-1.198 2.078 -0.267
-1.192 2.064 -0.269
-1.185 2.050 -0.272
-1.175 2.035 -0.277
-1.167 2.021 -0.281
-1.159 2.007 -0.286
-1.152 1.992 -0.289
-1.144 1.977 -0.291
-1.136 1.962 -0.295
-1.129 1.947 -0.299
-1.120 1.932 -0.303
-1.112 1.917 -0.307
-1.103 1.902 -0.312
-1.095 1.886 -0.316
-1.086 1.870 -0.321
-1.078 1.855 -0.325
-1.070 1.839 -0.330
-1.061 1.823 -0.335
-1.053 1.807 -0.340
-1.044 1.791 -0.345
-1.035 1.774 -0.350
-1.027 1.758 -0.355
-1.018 1.742 -0.361
-1.009 1.725 -0.366
-1.000 1.709 -0.372
-0.991 1.692 -0.377
-0.982 1.675 -0.383
-0.974 1.658 -0.389
-0.964 1.641 -0.395
-0.955 1.624 -0.401
-0.946 1.608 -0.406
-0.936 1.590 -0.413
-0.927 1.573 -0.419
-0.917 1.556 -0.425
-0.908 1.539 -0.431
-0.898 1.521 -0.437
-0.888 1.504 -0.444
-0.878 1.486 -0.450
-0.869 1.469 -0.456
-0.860 1.451 -0.462
-0.850 1.433 -0.469
-0.841 1.415 -0.475
-0.831 1.397 -0.482
-0.821 1.379 -0.488
-0.812 1.361 -0.495
-0.802 1.343 -0.501
-0.792 1.324 -0.508
-0.782 1.306 -0.514
-0.772 1.288 -0.520
-0.762 1.269 -0.527
-0.752 1.251 -0.533
-0.742 1.232 -0.540
-0.732 1.213 -0.546
-0.722 1.195 -0.552
-0.714 1.179 -0.558
-0.706 1.163 -0.563
-0.700 1.151 -0.567
-0.697 1.142 -0.571
-0.697 1.139 -0.574
-0.699 1.139 -0.578
-0.702 1.142 -0.581
-0.706 1.147 -0.585
-0.712 1.153 -0.587
-0.716 1.160 -0.589
-0.720 1.164 -0.591
-0.723 1.168 -0.593
-0.726 1.172 -0.595
-0.728 1.176 -0.595
-0.732 1.180 -0.596
-0.735 1.184 -0.597
-0.737 1.188 -0.597
-0.740 1.192 -0.597
-0.742 1.194 -0.597
-0.744 1.196 -0.598
-0.746 1.197 -0.598
-0.747 1.198 -0.598
-0.748 1.198 -0.598
-0.749 1.198 -0.597
-0.749 1.198 -0.597
-0.749 1.198 -0.597
-0.750 1.199 -0.596
-0.750 1.198 -0.596
-0.749 1.198 -0.596
-0.749 1.196 -0.595
-0.748 1.195 -0.594
-0.748 1.192 -0.593
-0.747 1.190 -0.592
-0.746 1.187 -0.591
-0.746 1.184 -0.590
-0.745 1.181 -0.589
-0.744 1.178 -0.588
-0.744 1.175 -0.586
-0.743 1.171 -0.585
-0.742 1.167 -0.584
-0.740 1.164 -0.582
-0.739 1.160 -0.580
-0.738 1.156 -0.578
-0.738 1.152 -0.576
-0.737 1.148 -0.574
-0.736 1.144 -0.572
-0.735 1.140 -0.570
-0.734 1.137 -0.568
-0.732 1.133 -0.566
-0.731 1.129 -0.564
-0.730 1.126 -0.562
-0.729 1.122 -0.560
-0.729 1.118 -0.558
-0.727 1.115 -0.556
-0.727 1.112 -0.554
-0.726 1.109 -0.552
-0.725 1.106 -0.550
-0.725 1.103 -0.548
-0.724 1.101 -0.546
-0.723 1.099 -0.544
-0.722 1.096 -0.542
-0.721 1.094 -0.541
-0.721 1.092 -0.539
-0.721 1.090 -0.538
-0.720 1.088 -0.537
-0.719 1.087 -0.535
-0.718 1.085 -0.534
-0.718 1.084 -0.533
-0.718 1.083 -0.532
-0.717 1.081 -0.532
-0.717 1.080 -0.531
-0.717 1.079 -0.530
-0.716 1.078 -0.530
-0.717 1.078 -0.529
-0.717 1.077 -0.529
-0.716 1.076 -0.529
-0.717 1.076 -0.528
-0.717 1.075 -0.528
-0.717 1.075 -0.528
-0.717 1.075 -0.528
-0.717 1.075 -0.528
-0.717 1.075 -0.528
-0.717 1.075 -0.528
-0.718 1.075 -0.528
-0.718 1.075 -0.528
-0.718 1.075 -0.528
-0.718 1.075 -0.528
-0.719 1.075 -0.527
-0.719 1.075 -0.528
-0.719 1.076 -0.527
-0.719 1.076 -0.527
-0.719 1.076 -0.527
-0.719 1.076 -0.527
-0.719 1.076 -0.527
-0.719 1.076 -0.526
-0.719 1.076 -0.526
-0.719 1.076 -0.526
-0.719 1.076 -0.525
-0.719 1.076 -0.525
-0.719 1.076 -0.524
-0.719 1.076 -0.523
-0.718 1.076 -0.523
-0.718 1.076 -0.522
-0.718 1.075 -0.521
-0.717 1.074 -0.520
-0.717 1.074 -0.520
-0.716 1.073 -0.519
-0.716 1.072 -0.518
-0.715 1.071 -0.517
-0.715 1.070 -0.516
-0.714 1.069 -0.515
-0.714 1.068 -0.514
-0.713 1.067 -0.512
-0.713 1.065 -0.511
-0.712 1.064 -0.510
-0.712 1.062 -0.509
-0.711 1.061 -0.507
-0.710 1.059 -0.506
-0.709 1.057 -0.504
-0.709 1.056 -0.503
-0.708 1.054 -0.501
-0.707 1.052 -0.500
-0.707 1.050 -0.498
-0.706 1.048 -0.497
-0.706 1.046 -0.495
-0.705 1.044 -0.494
-0.704 1.042 -0.492
-0.704 1.040 -0.490
-0.703 1.038 -0.489
-0.702 1.036 -0.487
-0.702 1.034 -0.485
-0.701 1.032 -0.484
-0.700 1.030 -0.482
-0.699 1.029 -0.480
-0.699 1.027 -0.479
-0.698 1.025 -0.477
-0.697 1.023 -0.475
-0.697 1.022 -0.473
-0.697 1.020 -0.472
-0.696 1.018 -0.470
-0.695 1.017 -0.469
-0.695 1.015 -0.467
-0.695 1.014 -0.466
-0.695 1.012 -0.464
-0.694 1.010 -0.462
-0.694 1.009 -0.461
-0.694 1.008 -0.460
-0.694 1.006 -0.458
-0.693 1.005 -0.457
-0.693 1.004 -0.456
-0.693 1.003 -0.454
-0.693 1.002 -0.453
-0.693 1.001 -0.452
-0.693 1.001 -0.451
-0.693 0.999 -0.449
-0.693 0.998 -0.448
-0.692 0.997 -0.447
-0.692 0.996 -0.446
-0.692 0.996 -0.445
-0.692 0.995 -0.444
-0.692 0.995 -0.443
-0.692 0.994 -0.442
-0.692 0.994 -0.440
-0.692 0.993 -0.439
-0.692 0.993 -0.438
-0.692 0.993 -0.437
-0.692 0.992 -0.436
-0.692 0.992 -0.435
-0.692 0.991 -0.434
-0.692 0.991 -0.433
-0.692 0.990 -0.432
-0.692 0.990 -0.431
-0.692 0.989 -0.430
-0.692 0.989 -0.428
-0.691 0.989 -0.427
-0.692 0.988 -0.426
-0.691 0.988 -0.425
-0.691 0.987 -0.424
-0.691 0.987 -0.422
-0.691 0.986 -0.421
-0.691 0.986 -0.420
-0.691 0.985 -0.418
-0.690 0.984 -0.417
-0.690 0.984 -0.416
-0.690 0.983 -0.414
-0.690 0.982 -0.413
-0.690 0.982 -0.411
-0.690 0.981 -0.410
-0.690 0.980 -0.408
-0.690 0.979 -0.407
-0.689 0.978 -0.405
-0.689 0.977 -0.403
-0.689 0.976 -0.402
-0.688 0.975 -0.400
-0.688 0.974 -0.398
-0.688 0.973 -0.396
-0.687 0.972 -0.395
-0.687 0.971 -0.393
-0.686 0.970 -0.391
-0.686 0.969 -0.389
-0.685 0.968 -0.387
-0.685 0.966 -0.386
-0.684 0.965 -0.384
-0.684 0.964 -0.382
-0.684 0.962 -0.380
-0.683 0.961 -0.378
-0.683 0.960 -0.376
-0.683 0.959 -0.374
-0.682 0.957 -0.372
-0.681 0.956 -0.370
-0.681 0.954 -0.368
-0.681 0.953 -0.366
-0.680 0.952 -0.364
-0.680 0.950 -0.362
-0.680 0.949 -0.360
-0.679 0.948 -0.359
-0.679 0.947 -0.357
-0.679 0.946 -0.355
-0.678 0.945 -0.353
-0.678 0.943 -0.351
-0.678 0.942 -0.349
-0.677 0.941 -0.347
-0.677 0.940 -0.345
-0.677 0.939 -0.343
-0.677 0.937 -0.341
-0.676 0.936 -0.339
-0.676 0.935 -0.338
-0.676 0.934 -0.336
-0.676 0.933 -0.334
-0.676 0.932 -0.332
-0.675 0.931 -0.330
-0.675 0.930 -0.329
-0.675 0.929 -0.327
-0.674 0.928 -0.325
-0.674 0.927 -0.323
-0.674 0.926 -0.322
-0.674 0.925 -0.320
-0.673 0.925 -0.318
-0.673 0.924 -0.317
-0.672 0.923 -0.315
-0.672 0.922 -0.313
-0.672 0.922 -0.312
-0.672 0.921 -0.310
-0.671 0.921 -0.308
-0.671 0.920 -0.307
-0.671 0.919 -0.305
-0.670 0.919 -0.303
-0.670 0.918 -0.302
-0.670 0.918 -0.300
-0.670 0.917 -0.299
-0.670 0.917 -0.297
-0.669 0.916 -0.295
-0.669 0.916 -0.294
-0.669 0.915 -0.292
-0.669 0.914 -0.290
-0.669 0.914 -0.289
-0.669 0.913 -0.287
-0.669 0.913 -0.285
-0.669 0.913 -0.284
-0.669 0.911 -0.282
-0.668 0.910 -0.280
-0.668 0.910 -0.279
-0.668 0.909 -0.277
-0.668 0.908 -0.275
-0.668 0.908 -0.273
-0.667 0.907 -0.271
-0.667 0.907 -0.270
-0.666 0.906 -0.268
-0.666 0.906 -0.266
-0.666 0.905 -0.264
-0.665 0.904 -0.262
-0.665 0.904 -0.260
-0.665 0.903 -0.258
-0.665 0.902 -0.256
-0.664 0.901 -0.254
-0.664 0.900 -0.252
-0.664 0.899 -0.250
-0.664 0.898 -0.248
-0.664 0.897 -0.246
-0.664 0.896 -0.244
-0.663 0.895 -0.242
-0.663 0.894 -0.240
-0.663 0.893 -0.238
-0.663 0.892 -0.236
-0.662 0.891 -0.234
-0.662 0.891 -0.231
-0.661 0.890 -0.229
-0.661 0.889 -0.227
-0.661 0.888 -0.225
-0.660 0.887 -0.223
-0.660 0.887 -0.221
-0.659 0.886 -0.219
-0.659 0.885 -0.216
-0.659 0.884 -0.214
-0.659 0.883 -0.212
-0.659 0.882 -0.210
-0.659 0.880 -0.207
-0.659 0.880 -0.205
-0.659 0.878 -0.203
-0.659 0.877 -0.201
-0.659 0.876 -0.199
-0.658 0.876 -0.197
-0.658 0.875 -0.195
-0.658 0.874 -0.193
-0.658 0.873 -0.191
-0.657 0.873 -0.189
-0.657 0.872 -0.187
-0.657 0.871 -0.185
-0.657 0.870 -0.183
-0.657 0.870 -0.181
-0.656 0.870 -0.179
-0.656 0.869 -0.177
-0.656 0.868 -0.174
-0.656 0.867 -0.172
-0.656 0.867 -0.171
-0.656 0.866 -0.169
-0.655 0.866 -0.167
-0.655 0.865 -0.164
-0.655 0.864 -0.162
-0.655 0.864 -0.160
-0.655 0.863 -0.158
-0.655 0.862 -0.156
-0.655 0.862 -0.154
-0.655 0.861 -0.152
-0.655 0.861 -0.150
-0.655 0.860 -0.148
-0.655 0.860 -0.146
-0.655 0.859 -0.144
-0.655 0.859 -0.142
-0.654 0.859 -0.140
-0.654 0.858 -0.138
-0.654 0.858 -0.135
-0.654 0.857 -0.133
-0.654 0.857 -0.131
-0.654 0.857 -0.129
-0.654 0.856 -0.127
-0.654 0.856 -0.125
-0.654 0.855 -0.123
-0.654 0.855 -0.121
-0.654 0.854 -0.119
-0.654 0.854 -0.117
-0.654 0.853 -0.115
-0.654 0.853 -0.113
-0.654 0.852 -0.111
-0.654 0.852 -0.108
-0.654 0.851 -0.106
-0.654 0.850 -0.104
-0.654 0.850 -0.102
-0.653 0.849 -0.100
-0.653 0.849 -0.098
-0.653 0.848 -0.096
-0.653 0.848 -0.094
-0.653 0.847 -0.091
-0.653 0.847 -0.089
-0.652 0.846 -0.087
-0.652 0.846 -0.085
-0.652 0.846 -0.083
-0.652 0.845 -0.080
-0.652 0.844 -0.078
-0.652 0.844 -0.075
-0.652 0.843 -0.073
-0.652 0.842 -0.071
-0.651 0.842 -0.069
-0.651 0.841 -0.066
-0.651 0.840 -0.064
-0.651 0.840 -0.062
-0.651 0.839 -0.059
-0.651 0.839 -0.058
-0.651 0.838 -0.055
-0.651 0.837 -0.053
-0.651 0.836 -0.050
-0.651 0.836 -0.048
-0.651 0.836 -0.046
-0.651 0.835 -0.043
-0.651 0.834 -0.041
-0.651 0.834 -0.039
-0.651 0.833 -0.036
-0.651 0.833 -0.034
-0.650 0.832 -0.032
-0.651 0.832 -0.030
-0.650 0.831 -0.027
-0.650 0.831 -0.026
-0.650 0.830 -0.023
-0.650 0.830 -0.020
-0.650 0.829 -0.018
-0.650 0.829 -0.016
-0.650 0.828 -0.013
-0.650 0.828 -0.011
-0.649 0.827 -0.009
-0.649 0.827 -0.007
-0.649 0.827 -0.004
-0.649 0.826 -0.002
-0.649 0.826 0.000
-0.649 0.825 0.003
-0.649 0.825 0.005
-0.650 0.824 0.007
-0.650 0.824 0.009
-0.650 0.823 0.011
-0.650 0.823 0.014
-0.650 0.822 0.016
-0.650 0.822 0.018
-0.650 0.822 0.021
-0.650 0.821 0.023
-0.650 0.821 0.025
