x y z
-0.966 1.717 -0.351
-0.966 1.718 -0.350
-0.966 1.718 -0.348
-0.966 1.718 -0.347
-0.966 1.719 -0.346
-0.965 1.719 -0.345
-0.965 1.719 -0.344
-0.965 1.720 -0.343
-0.965 1.720 -0.342
-0.965 1.720 -0.341
-0.965 1.720 -0.340
-0.965 1.720 -0.339
-0.966 1.721 -0.338
-0.966 1.721 -0.337
-0.966 1.721 -0.336
-0.966 1.721 -0.335
-0.967 1.721 -0.334
-0.967 1.721 -0.333
-0.967 1.721 -0.332
-0.967 1.721 -0.331
-0.967 1.722 -0.330
-0.967 1.722 -0.329
-0.967 1.722 -0.328
-0.967 1.722 -0.327
-0.967 1.722 -0.325
-0.967 1.723 -0.324
-0.967 1.723 -0.323
-0.967 1.723 -0.322
-0.967 1.723 -0.321
-0.967 1.723 -0.320
-0.967 1.723 -0.319
-0.967 1.723 -0.318
-0.967 1.724 -0.316
-0.967 1.724 -0.315
-0.967 1.724 -0.314
-0.967 1.724 -0.313
-0.967 1.724 -0.312
-0.967 1.724 -0.311
-0.967 1.724 -0.309
-0.967 1.725 -0.308
-0.967 1.725 -0.307
-0.967 1.725 -0.306
-0.967 1.725 -0.305
-0.968 1.725 -0.304
-0.968 1.725 -0.302
-0.968 1.725 -0.301
-0.968 1.725 -0.300
-0.968 1.725 -0.299
-0.968 1.725 -0.298
-0.968 1.725 -0.297
-0.968 1.726 -0.296
-0.969 1.726 -0.295
-0.968 1.726 -0.294
-0.968 1.727 -0.293
-0.968 1.727 -0.292
-0.968 1.727 -0.291
-0.968 1.727 -0.290
-0.968 1.727 -0.289
-0.968 1.727 -0.288
-0.968 1.727 -0.286
-0.968 1.727 -0.285
-0.967 1.727 -0.284
-0.967 1.727 -0.283
-0.966 1.728 -0.282
-0.963 1.728 -0.281
-0.959 1.730 -0.280
-0.953 1.732 -0.279
-0.947 1.735 -0.278
-0.939 1.738 -0.278
-0.931 1.743 -0.278
-0.922 1.747 -0.278
-0.913 1.752 -0.279
-0.903 1.757 -0.279
-0.893 1.762 -0.279
-0.882 1.767 -0.278
-0.872 1.772 -0.278
-0.862 1.776 -0.277
-0.851 1.781 -0.276
-0.840 1.786 -0.276
-0.830 1.792 -0.275
-0.818 1.797 -0.274
-0.807 1.802 -0.273
-0.796 1.807 -0.272
-0.785 1.812 -0.272
-0.774 1.818 -0.271
-0.763 1.823 -0.270
-0.751 1.829 -0.269
-0.741 1.835 -0.268
-0.729 1.841 -0.267
-0.717 1.846 -0.267
-0.706 1.852 -0.266
-0.694 1.858 -0.265
-0.682 1.865 -0.265
-0.670 1.871 -0.265
-0.658 1.878 -0.264
-0.646 1.884 -0.264
-0.633 1.890 -0.264
-0.621 1.896 -0.263
-0.608 1.903 -0.263
-0.595 1.909 -0.264
-0.583 1.915 -0.263
-0.570 1.921 -0.264
-0.558 1.928 -0.264
-0.545 1.934 -0.264
-0.532 1.941 -0.265
-0.519 1.948 -0.265
-0.506 1.954 -0.266
-0.492 1.960 -0.267
-0.479 1.967 -0.267
-0.465 1.974 -0.268
-0.451 1.981 -0.269
-0.438 1.988 -0.270
-0.424 1.995 -0.271
-0.410 2.002 -0.272
-0.396 2.009 -0.273
-0.381 2.016 -0.275
-0.367 2.023 -0.276
-0.352 2.031 -0.278
-0.338 2.038 -0.279
-0.324 2.045 -0.280
-0.309 2.052 -0.282
-0.294 2.060 -0.283
-0.280 2.068 -0.285
-0.265 2.076 -0.287
-0.251 2.083 -0.289
-0.236 2.091 -0.290
-0.222 2.099 -0.292
-0.208 2.106 -0.294
-0.193 2.114 -0.296
-0.179 2.122 -0.298
-0.165 2.130 -0.300
-0.151 2.138 -0.302
-0.137 2.145 -0.304
-0.122 2.153 -0.306
-0.108 2.161 -0.308
-0.094 2.169 -0.309
-0.080 2.177 -0.312
-0.065 2.184 -0.313
-0.051 2.192 -0.316
-0.037 2.200 -0.318
-0.024 2.207 -0.319
-0.013 2.214 -0.321
-0.002 2.219 -0.323
0.006 2.222 -0.323
0.011 2.224 -0.324
0.013 2.223 -0.325
0.012 2.222 -0.326
0.009 2.219 -0.328
0.004 2.217 -0.330
0.000 2.214 -0.332
-0.003 2.211 -0.334
-0.005 2.209 -0.336
-0.006 2.206 -0.337
-0.007 2.203 -0.338
-0.007 2.200 -0.338
-0.007 2.198 -0.338
-0.007 2.195 -0.339
-0.006 2.193 -0.339
-0.004 2.191 -0.339
-0.002 2.190 -0.339
0.001 2.189 -0.340
0.003 2.187 -0.340
0.006 2.187 -0.340
0.009 2.186 -0.340
0.012 2.185 -0.340
0.016 2.184 -0.340
0.019 2.184 -0.340
0.023 2.183 -0.340
0.026 2.183 -0.340
0.030 2.182 -0.340
0.034 2.181 -0.340
0.037 2.181 -0.340
0.041 2.181 -0.340
0.045 2.180 -0.340
0.048 2.179 -0.340
0.052 2.179 -0.340
0.055 2.179 -0.340
0.059 2.178 -0.340
0.063 2.178 -0.339
0.067 2.178 -0.339
0.070 2.178 -0.339
0.074 2.178 -0.339
0.078 2.178 -0.338
0.081 2.180 -0.339
0.085 2.181 -0.339
0.089 2.181 -0.338
0.092 2.182 -0.338
0.096 2.182 -0.338
0.100 2.183 -0.338
0.103 2.183 -0.337
0.106 2.184 -0.337
0.110 2.184 -0.337
0.113 2.185 -0.337
0.116 2.186 -0.336
0.119 2.186 -0.336
0.122 2.187 -0.336
0.125 2.187 -0.335
0.127 2.188 -0.335
0.129 2.188 -0.335
0.132 2.189 -0.334
0.134 2.190 -0.334
0.137 2.190 -0.334
0.139 2.191 -0.333
0.142 2.192 -0.333
0.144 2.193 -0.333
0.146 2.194 -0.332
0.148 2.195 -0.332
0.150 2.196 -0.332
0.152 2.197 -0.332
0.154 2.198 -0.331
0.156 2.198 -0.331
0.158 2.199 -0.331
0.160 2.200 -0.330
0.161 2.201 -0.330
0.163 2.202 -0.330
0.164 2.202 -0.329
0.165 2.203 -0.329
0.166 2.204 -0.329
0.167 2.204 -0.328
0.168 2.204 -0.328
0.169 2.204 -0.327
0.170 2.205 -0.327
0.171 2.205 -0.326
0.172 2.205 -0.326
0.173 2.206 -0.325
0.174 2.206 -0.325
0.174 2.207 -0.325
0.175 2.207 -0.324
0.176 2.207 -0.323
0.177 2.207 -0.322
0.178 2.207 -0.322
0.179 2.207 -0.321
0.179 2.207 -0.321
0.180 2.207 -0.320
0.181 2.207 -0.319
0.181 2.207 -0.318
0.182 2.207 -0.317
0.182 2.206 -0.317
0.183 2.206 -0.316
0.184 2.205 -0.315
0.184 2.205 -0.314
0.185 2.204 -0.313
0.186 2.204 -0.312
0.186 2.203 -0.311
0.187 2.203 -0.310
0.188 2.202 -0.309
0.189 2.202 -0.308
0.190 2.202 -0.307
0.191 2.201 -0.306
0.193 2.201 -0.305
0.194 2.200 -0.304
0.195 2.200 -0.301
0.196 2.200 -0.301
0.198 2.200 -0.300
0.199 2.198 -0.298
0.201 2.197 -0.297
0.202 2.197 -0.296
0.203 2.197 -0.295
0.205 2.197 -0.294
0.206 2.196 -0.293
0.208 2.196 -0.291
0.209 2.196 -0.290
0.210 2.196 -0.289
0.212 2.196 -0.288
0.213 2.197 -0.288
0.214 2.197 -0.287
0.216 2.198 -0.286
0.217 2.198 -0.285
0.219 2.196 -0.283
0.220 2.198 -0.283
0.221 2.198 -0.281
0.222 2.198 -0.281
0.224 2.198 -0.279
0.225 2.199 -0.278
0.226 2.199 -0.277
0.228 2.199 -0.276
0.229 2.199 -0.275
0.230 2.199 -0.274
0.231 2.200 -0.273
0.232 2.200 -0.273
0.233 2.200 -0.272
0.235 2.201 -0.271
0.236 2.201 -0.269
0.237 2.202 -0.269
0.238 2.202 -0.268
0.239 2.202 -0.267
0.240 2.203 -0.267
0.241 2.204 -0.265
0.242 2.204 -0.264
0.244 2.204 -0.264
0.245 2.204 -0.263
0.246 2.205 -0.262
0.247 2.205 -0.261
0.249 2.205 -0.260
0.249 2.206 -0.259
0.250 2.206 -0.258
0.251 2.206 -0.258
0.252 2.207 -0.257
0.253 2.207 -0.256
0.254 2.208 -0.255
0.255 2.208 -0.254
0.256 2.208 -0.253
0.257 2.208 -0.252
0.258 2.209 -0.251
0.259 2.209 -0.250
0.259 2.209 -0.249
0.260 2.209 -0.248
0.261 2.209 -0.247
0.262 2.210 -0.246
0.263 2.210 -0.245
0.263 2.210 -0.243
0.264 2.210 -0.242
0.265 2.210 -0.241
0.266 2.210 -0.240
0.267 2.210 -0.239
0.267 2.210 -0.237
0.268 2.210 -0.236
0.269 2.210 -0.235
0.269 2.211 -0.234
0.270 2.211 -0.233
0.271 2.211 -0.231
0.272 2.211 -0.230
0.273 2.211 -0.229
0.273 2.211 -0.227
0.274 2.211 -0.226
0.275 2.211 -0.224
0.276 2.211 -0.223
0.277 2.211 -0.222
0.278 2.210 -0.220
0.279 2.210 -0.219
0.280 2.210 -0.217
0.280 2.210 -0.216
0.281 2.209 -0.214
0.282 2.209 -0.212
0.283 2.209 -0.211
0.284 2.209 -0.209
0.285 2.209 -0.208
0.287 2.209 -0.207
0.288 2.209 -0.206
0.289 2.209 -0.204
0.290 2.209 -0.202
0.291 2.210 -0.201
0.292 2.210 -0.200
0.293 2.210 -0.198
0.294 2.210 -0.197
0.295 2.210 -0.195
0.296 2.210 -0.194
0.297 2.210 -0.193
0.298 2.210 -0.191
0.299 2.210 -0.190
0.300 2.209 -0.187
0.301 2.210 -0.186
0.302 2.210 -0.185
0.304 2.209 -0.184
0.305 2.209 -0.182
0.305 2.210 -0.181
0.306 2.210 -0.179
0.307 2.211 -0.178
0.308 2.211 -0.176
0.309 2.212 -0.174
0.310 2.212 -0.173
0.311 2.212 -0.172
0.312 2.213 -0.170
0.313 2.213 -0.169
0.313 2.213 -0.167
0.315 2.213 -0.165
0.315 2.214 -0.165
0.316 2.214 -0.163
0.317 2.214 -0.162
0.318 2.214 -0.160
0.319 2.215 -0.159
0.319 2.215 -0.157
0.320 2.215 -0.156
0.321 2.215 -0.154
0.322 2.215 -0.153
0.323 2.216 -0.151
0.323 2.216 -0.149
0.324 2.216 -0.148
0.325 2.216 -0.146
0.326 2.217 -0.145
0.327 2.217 -0.143
0.328 2.218 -0.142
0.329 2.218 -0.140
0.330 2.218 -0.138
0.331 2.218 -0.136
0.331 2.219 -0.135
0.332 2.219 -0.134
0.333 2.219 -0.132
0.334 2.219 -0.130
0.334 2.219 -0.129
0.335 2.219 -0.127
0.336 2.219 -0.125
0.336 2.219 -0.124
0.337 2.219 -0.122
0.337 2.219 -0.120
0.338 2.219 -0.118
0.339 2.219 -0.117
0.340 2.219 -0.114
0.340 2.219 -0.113
0.341 2.219 -0.111
0.342 2.220 -0.110
0.343 2.220 -0.108
0.343 2.220 -0.106
0.344 2.220 -0.104
0.345 2.220 -0.103
0.346 2.220 -0.101
0.347 2.220 -0.099
0.347 2.220 -0.097
0.348 2.220 -0.095
0.348 2.220 -0.094
0.349 2.220 -0.092
0.350 2.220 -0.090
0.350 2.220 -0.088
0.351 2.220 -0.086
0.352 2.220 -0.084
0.352 2.220 -0.083
0.353 2.220 -0.081
0.354 2.220 -0.079
0.354 2.220 -0.077
0.355 2.220 -0.075
0.353 2.221 -0.073
0.354 2.221 -0.071
0.355 2.221 -0.069
0.355 2.221 -0.067
0.356 2.221 -0.066
0.357 2.221 -0.064
0.357 2.221 -0.062
0.358 2.221 -0.060
0.359 2.221 -0.058
0.359 2.221 -0.056
0.360 2.222 -0.054
0.360 2.222 -0.052
0.361 2.222 -0.051
0.361 2.222 -0.049
0.362 2.222 -0.047
0.363 2.222 -0.044
0.363 2.222 -0.042
0.364 2.222 -0.040
0.365 2.222 -0.039
0.365 2.222 -0.037
0.366 2.222 -0.035
0.366 2.222 -0.034
0.367 2.222 -0.032
0.367 2.222 -0.030
0.370 2.222 -0.028
0.368 2.223 -0.026
0.369 2.223 -0.024
0.370 2.223 -0.022
0.370 2.223 -0.020
0.371 2.224 -0.018
0.371 2.224 -0.016
0.371 2.224 -0.015
0.372 2.224 -0.013
0.373 2.224 -0.011
0.373 2.224 -0.009
0.373 2.224 -0.007
0.374 2.224 -0.005
0.375 2.224 -0.003
0.377 2.223 -0.001
0.378 2.224 0.001
0.378 2.224 0.003
0.379 2.224 0.005
0.379 2.224 0.007
0.380 2.224 0.009
0.380 2.224 0.011
0.381 2.224 0.013
0.381 2.225 0.015
0.382 2.225 0.017
0.382 2.225 0.019
0.383 2.225 0.021
0.383 2.225 0.023
0.383 2.225 0.025
0.384 2.225 0.027
0.384 2.225 0.029
0.384 2.225 0.031
0.385 2.225 0.033
0.385 2.225 0.035
0.385 2.225 0.038
0.386 2.225 0.039
0.386 2.225 0.042
0.386 2.225 0.044
0.387 2.225 0.046
0.387 2.225 0.048
0.388 2.225 0.050
0.388 2.225 0.052
0.389 2.225 0.054
0.389 2.225 0.056
0.389 2.225 0.058
0.390 2.225 0.061
0.390 2.225 0.063
0.390 2.225 0.065
0.391 2.225 0.067
0.391 2.225 0.069
0.391 2.225 0.071
0.391 2.225 0.073
0.392 2.225 0.075
0.392 2.224 0.078
0.392 2.224 0.080
0.392 2.224 0.082
0.393 2.224 0.084
0.393 2.224 0.086
0.394 2.224 0.088
0.394 2.225 0.090
0.394 2.225 0.092
0.395 2.225 0.094
0.395 2.225 0.097
0.397 2.225 0.099
0.397 2.225 0.101
0.397 2.225 0.103
0.397 2.224 0.105
0.398 2.225 0.107
0.398 2.225 0.109
0.398 2.224 0.111
0.398 2.224 0.113
0.398 2.224 0.115
0.399 2.224 0.117
0.399 2.224 0.119
0.399 2.224 0.122
0.399 2.224 0.124
0.400 2.224 0.126
0.400 2.224 0.128
0.400 2.224 0.130
0.401 2.224 0.132
0.401 2.225 0.134
0.401 2.225 0.137
0.402 2.225 0.139
0.402 2.225 0.141
0.402 2.225 0.143
0.403 2.226 0.145
0.403 2.226 0.147
0.403 2.225 0.149
0.403 2.225 0.151
0.403 2.225 0.153
0.403 2.225 0.156
0.402 2.225 0.158
0.402 2.225 0.160
0.402 2.225 0.162
0.402 2.225 0.164
0.402 2.225 0.166
0.402 2.225 0.168
0.402 2.225 0.171
0.403 2.225 0.173
0.403 2.225 0.175
0.403 2.225 0.177
0.403 2.225 0.179
0.403 2.225 0.181
0.404 2.225 0.184
0.404 2.226 0.186
0.404 2.226 0.188
0.404 2.226 0.190
0.405 2.226 0.192
0.405 2.226 0.195
0.405 2.226 0.197
0.405 2.225 0.199
0.405 2.226 0.201
0.405 2.225 0.204
0.405 2.225 0.206
0.405 2.225 0.208
0.405 2.225 0.210
0.405 2.225 0.212
0.405 2.225 0.214
0.405 2.224 0.217
0.405 2.224 0.219
0.405 2.224 0.221
0.405 2.224 0.223
0.405 2.224 0.226
0.405 2.224 0.228
0.406 2.224 0.230
0.406 2.224 0.232
0.406 2.224 0.235
0.406 2.224 0.237
0.406 2.224 0.239
0.406 2.224 0.241
0.406 2.224 0.244
0.406 2.224 0.246
0.407 2.224 0.248
0.406 2.224 0.250
0.406 2.223 0.252
0.406 2.223 0.255
0.406 2.223 0.257
0.406 2.223 0.259
0.406 2.223 0.261
0.406 2.222 0.264
0.406 2.222 0.266
0.406 2.222 0.268
0.406 2.222 0.270
0.406 2.222 0.273
0.406 2.222 0.275
0.406 2.222 0.277
0.406 2.222 0.280
0.406 2.222 0.282
0.406 2.222 0.284
0.406 2.222 0.286
0.406 2.222 0.289
0.407 2.221 0.291
0.407 2.221 0.293
0.406 2.221 0.296
0.406 2.221 0.298
0.406 2.221 0.300
0.406 2.221 0.303
0.406 2.221 0.305
0.406 2.221 0.307
0.406 2.220 0.309
0.406 2.220 0.312
0.406 2.220 0.314
0.406 2.220 0.316
0.406 2.220 0.318
0.405 2.219 0.321
0.405 2.219 0.323
0.407 2.219 0.325
0.407 2.219 0.327
0.407 2.219 0.329
0.407 2.218 0.332
0.407 2.218 0.334
0.407 2.218 0.336
0.406 2.217 0.338
0.406 2.217 0.341
0.405 2.217 0.343
0.405 2.216 0.345
0.405 2.216 0.348
0.405 2.215 0.350
0.404 2.215 0.352
0.404 2.215 0.355
0.404 2.214 0.357
0.404 2.214 0.359
0.404 2.213 0.361
0.404 2.213 0.364
0.404 2.213 0.366
0.403 2.212 0.368
0.403 2.212 0.371
0.403 2.212 0.373
0.403 2.211 0.375
0.403 2.211 0.377
0.405 2.210 0.380
0.404 2.210 0.382
0.404 2.210 0.384
0.404 2.209 0.386
0.404 2.209 0.389
0.404 2.209 0.391
0.404 2.209 0.393
0.404 2.208 0.395
0.403 2.208 0.398
0.403 2.207 0.400
0.403 2.207 0.402
