x y z
-1.522 0.859 -0.544
-1.521 0.859 -0.542
-1.520 0.859 -0.541
-1.519 0.859 -0.540
-1.518 0.859 -0.539
-1.517 0.859 -0.538
-1.516 0.859 -0.536
-1.516 0.859 -0.535
-1.515 0.860 -0.534
-1.514 0.859 -0.533
-1.514 0.859 -0.532
-1.513 0.859 -0.531
-1.512 0.859 -0.530
-1.512 0.858 -0.529
-1.511 0.858 -0.527
-1.510 0.858 -0.526
-1.510 0.858 -0.525
-1.509 0.858 -0.524
-1.509 0.857 -0.523
-1.508 0.857 -0.522
-1.508 0.857 -0.521
-1.507 0.856 -0.520
-1.506 0.856 -0.519
-1.506 0.855 -0.518
-1.505 0.855 -0.517
-1.505 0.855 -0.516
-1.504 0.854 -0.515
-1.504 0.854 -0.514
-1.503 0.853 -0.513
-1.503 0.853 -0.512
-1.502 0.853 -0.511
-1.501 0.852 -0.510
-1.501 0.852 -0.510
-1.500 0.852 -0.509
-1.499 0.851 -0.508
-1.499 0.851 -0.507
-1.498 0.851 -0.506
-1.497 0.851 -0.505
-1.496 0.851 -0.504
-1.496 0.850 -0.503
-1.495 0.850 -0.502
-1.494 0.850 -0.501
-1.493 0.850 -0.501
-1.493 0.849 -0.500
-1.492 0.849 -0.499
-1.491 0.849 -0.498
-1.491 0.848 -0.497
-1.490 0.847 -0.497
-1.489 0.847 -0.496
-1.489 0.847 -0.495
-1.488 0.846 -0.494
-1.487 0.846 -0.493
-1.486 0.845 -0.493
-1.486 0.845 -0.492
-1.485 0.844 -0.491
-1.484 0.844 -0.490
-1.483 0.844 -0.489
-1.482 0.843 -0.488
-1.481 0.843 -0.488
-1.481 0.843 -0.487
-1.480 0.842 -0.486
-1.479 0.842 -0.485
-1.478 0.842 -0.485
-1.477 0.841 -0.484
-1.476 0.841 -0.483
-1.475 0.840 -0.482
-1.474 0.840 -0.482
-1.474 0.839 -0.481
-1.473 0.839 -0.480
-1.472 0.838 -0.480
-1.471 0.838 -0.479
-1.470 0.838 -0.479
-1.469 0.837 -0.478
-1.468 0.837 -0.478
-1.466 0.837 -0.477
-1.464 0.838 -0.476
-1.462 0.839 -0.476
-1.460 0.839 -0.475
-1.457 0.841 -0.475
-1.454 0.842 -0.474
-1.451 0.843 -0.474
-1.448 0.845 -0.474
-1.444 0.847 -0.474
-1.441 0.849 -0.474
-1.438 0.852 -0.473
-1.434 0.854 -0.474
-1.429 0.857 -0.474
-1.424 0.860 -0.475
-1.420 0.864 -0.475
-1.417 0.867 -0.475
-1.412 0.871 -0.475
-1.407 0.875 -0.476
-1.403 0.879 -0.475
-1.398 0.883 -0.476
-1.394 0.887 -0.476
-1.388 0.890 -0.476
-1.383 0.895 -0.476
-1.378 0.898 -0.476
-1.372 0.902 -0.476
-1.367 0.906 -0.476
-1.362 0.910 -0.476
-1.356 0.914 -0.476
-1.350 0.918 -0.476
-1.345 0.923 -0.476
-1.339 0.927 -0.475
-1.333 0.931 -0.475
-1.328 0.935 -0.475
-1.322 0.939 -0.475
-1.316 0.943 -0.475
-1.310 0.947 -0.475
-1.305 0.951 -0.475
-1.299 0.955 -0.475
-1.293 0.959 -0.475
-1.287 0.963 -0.475
-1.282 0.967 -0.474
-1.276 0.971 -0.474
-1.270 0.975 -0.474
-1.264 0.980 -0.474
-1.258 0.984 -0.474
-1.252 0.989 -0.474
-1.246 0.993 -0.475
-1.240 0.997 -0.475
-1.234 1.002 -0.475
-1.228 1.006 -0.475
-1.222 1.011 -0.475
-1.216 1.015 -0.475
-1.210 1.020 -0.475
-1.204 1.024 -0.475
-1.197 1.029 -0.475
-1.191 1.033 -0.476
-1.185 1.038 -0.476
-1.178 1.042 -0.476
-1.172 1.047 -0.476
-1.165 1.051 -0.476
-1.159 1.056 -0.477
-1.152 1.061 -0.477
-1.145 1.066 -0.477
-1.139 1.071 -0.477
-1.132 1.076 -0.477
-1.125 1.080 -0.478
-1.118 1.085 -0.478
-1.112 1.091 -0.478
-1.105 1.096 -0.479
-1.098 1.101 -0.479
-1.091 1.106 -0.479
-1.084 1.111 -0.480
-1.077 1.116 -0.480
-1.070 1.121 -0.480
-1.063 1.126 -0.480
-1.056 1.131 -0.481
-1.050 1.136 -0.481
-1.045 1.140 -0.481
-1.040 1.144 -0.482
-1.038 1.146 -0.482
-1.036 1.148 -0.483
-1.036 1.148 -0.484
-1.037 1.148 -0.486
-1.039 1.147 -0.488
-1.041 1.144 -0.490
-1.045 1.141 -0.493
-1.048 1.138 -0.495
-1.051 1.136 -0.498
-1.053 1.134 -0.500
-1.055 1.131 -0.502
-1.057 1.128 -0.503
-1.058 1.126 -0.504
-1.059 1.124 -0.505
-1.060 1.122 -0.507
-1.060 1.120 -0.508
-1.060 1.118 -0.509
-1.060 1.117 -0.509
-1.059 1.115 -0.510
-1.059 1.114 -0.511
-1.058 1.113 -0.511
-1.057 1.113 -0.513
-1.056 1.112 -0.513
-1.054 1.111 -0.514
-1.053 1.110 -0.514
-1.051 1.110 -0.515
-1.050 1.109 -0.515
-1.048 1.109 -0.516
-1.046 1.108 -0.516
-1.044 1.108 -0.517
-1.042 1.108 -0.517
-1.040 1.108 -0.518
-1.038 1.108 -0.518
-1.036 1.108 -0.518
-1.034 1.108 -0.518
-1.032 1.108 -0.519
-1.030 1.108 -0.519
-1.028 1.108 -0.520
-1.026 1.108 -0.520
-1.024 1.108 -0.520
-1.021 1.108 -0.521
-1.019 1.108 -0.521
-1.017 1.108 -0.522
-1.015 1.108 -0.522
-1.013 1.109 -0.523
-1.011 1.109 -0.523
-1.009 1.109 -0.524
-1.007 1.109 -0.524
-1.006 1.109 -0.525
-1.003 1.110 -0.525
-1.001 1.110 -0.526
-1.000 1.110 -0.527
-0.998 1.111 -0.527
-0.996 1.111 -0.528
-0.995 1.111 -0.528
-0.994 1.112 -0.529
-0.992 1.112 -0.530
-0.990 1.113 -0.530
-0.989 1.113 -0.531
-0.988 1.113 -0.531
-0.987 1.114 -0.532
-0.985 1.114 -0.533
-0.984 1.114 -0.534
-0.983 1.114 -0.535
-0.982 1.114 -0.535
-0.981 1.115 -0.536
-0.980 1.115 -0.537
-0.979 1.115 -0.538
-0.978 1.114 -0.539
-0.977 1.114 -0.539
-0.976 1.114 -0.540
-0.976 1.114 -0.541
-0.975 1.114 -0.542
-0.974 1.114 -0.543
-0.973 1.114 -0.544
-0.972 1.113 -0.544
-0.971 1.113 -0.545
-0.970 1.113 -0.546
-0.969 1.113 -0.547
-0.968 1.113 -0.548
-0.968 1.113 -0.549
-0.967 1.113 -0.549
-0.966 1.113 -0.550
-0.965 1.112 -0.551
-0.964 1.112 -0.552
-0.963 1.111 -0.552
-0.962 1.110 -0.553
-0.961 1.109 -0.554
-0.960 1.109 -0.554
-0.959 1.108 -0.555
-0.958 1.107 -0.555
-0.957 1.106 -0.556
-0.956 1.105 -0.557
-0.955 1.105 -0.557
-0.954 1.104 -0.558
-0.953 1.103 -0.559
-0.951 1.103 -0.559
-0.950 1.102 -0.560
-0.949 1.101 -0.560
-0.948 1.101 -0.561
-0.946 1.100 -0.561
-0.945 1.099 -0.562
-0.943 1.099 -0.562
-0.942 1.098 -0.563
-0.941 1.098 -0.563
-0.939 1.097 -0.564
-0.938 1.097 -0.565
-0.936 1.096 -0.565
-0.935 1.095 -0.566
-0.933 1.095 -0.566
-0.932 1.094 -0.567
-0.930 1.093 -0.567
-0.929 1.093 -0.568
-0.927 1.092 -0.568
-0.925 1.092 -0.569
-0.924 1.091 -0.569
-0.922 1.091 -0.570
-0.921 1.090 -0.570
-0.919 1.090 -0.571
-0.918 1.090 -0.571
-0.916 1.089 -0.572
-0.914 1.089 -0.573
-0.913 1.089 -0.573
-0.911 1.089 -0.574
-0.910 1.089 -0.574
-0.908 1.088 -0.575
-0.907 1.088 -0.575
-0.905 1.087 -0.576
-0.904 1.087 -0.577
-0.902 1.087 -0.577
-0.901 1.086 -0.578
-0.899 1.086 -0.579
-0.898 1.086 -0.579
-0.896 1.085 -0.580
-0.895 1.085 -0.581
-0.894 1.084 -0.581
-0.892 1.084 -0.582
-0.891 1.084 -0.583
-0.890 1.083 -0.584
-0.888 1.083 -0.584
-0.887 1.082 -0.585
-0.886 1.082 -0.586
-0.884 1.082 -0.586
-0.883 1.081 -0.587
-0.882 1.081 -0.588
-0.880 1.081 -0.589
-0.879 1.080 -0.590
-0.878 1.080 -0.590
-0.877 1.079 -0.591
-0.875 1.078 -0.592
-0.874 1.078 -0.593
-0.873 1.077 -0.594
-0.872 1.077 -0.594
-0.871 1.076 -0.595
-0.870 1.075 -0.596
-0.869 1.074 -0.597
-0.868 1.073 -0.597
-0.867 1.072 -0.598
-0.866 1.071 -0.599
-0.865 1.070 -0.600
-0.863 1.069 -0.600
-0.862 1.068 -0.601
-0.861 1.067 -0.602
-0.860 1.066 -0.602
