x y z
-1.201 1.960 -0.336
-1.201 1.960 -0.334
-1.201 1.959 -0.333
-1.200 1.959 -0.331
-1.200 1.959 -0.330
-1.199 1.958 -0.329
-1.199 1.958 -0.328
-1.198 1.958 -0.326
-1.198 1.958 -0.325
-1.198 1.957 -0.324
-1.197 1.957 -0.322
-1.197 1.956 -0.321
-1.197 1.956 -0.320
-1.196 1.955 -0.318
-1.196 1.955 -0.317
-1.196 1.955 -0.316
-1.195 1.954 -0.315
-1.195 1.954 -0.313
-1.195 1.954 -0.312
-1.194 1.954 -0.311
-1.195 1.954 -0.309
-1.194 1.953 -0.308
-1.193 1.953 -0.307
-1.193 1.953 -0.306
-1.193 1.953 -0.304
-1.192 1.952 -0.303
-1.193 1.952 -0.302
-1.192 1.952 -0.301
-1.192 1.952 -0.299
-1.192 1.952 -0.298
-1.192 1.952 -0.297
-1.192 1.951 -0.296
-1.192 1.951 -0.295
-1.192 1.951 -0.294
-1.192 1.951 -0.293
-1.191 1.951 -0.292
-1.192 1.950 -0.291
-1.191 1.950 -0.290
-1.191 1.950 -0.289
-1.191 1.950 -0.288
-1.190 1.950 -0.287
-1.190 1.950 -0.286
-1.189 1.949 -0.285
-1.189 1.949 -0.284
-1.189 1.949 -0.283
-1.188 1.948 -0.282
-1.188 1.948 -0.281
-1.188 1.948 -0.280
-1.187 1.947 -0.279
-1.187 1.947 -0.278
-1.187 1.947 -0.277
-1.187 1.946 -0.276
-1.187 1.946 -0.275
-1.187 1.946 -0.275
-1.186 1.945 -0.274
-1.186 1.945 -0.273
-1.187 1.945 -0.272
-1.187 1.944 -0.272
-1.187 1.944 -0.271
-1.187 1.944 -0.271
-1.187 1.944 -0.270
-1.187 1.943 -0.270
-1.187 1.943 -0.269
-1.187 1.943 -0.269
-1.187 1.943 -0.268
-1.187 1.943 -0.267
-1.187 1.943 -0.267
-1.187 1.943 -0.267
-1.187 1.943 -0.266
-1.188 1.942 -0.265
-1.188 1.942 -0.265
-1.188 1.942 -0.265
-1.188 1.942 -0.264
-1.189 1.942 -0.263
-1.188 1.942 -0.263
-1.188 1.942 -0.262
-1.186 1.944 -0.261
-1.182 1.946 -0.260
-1.177 1.950 -0.260
-1.171 1.954 -0.260
-1.163 1.959 -0.260
-1.156 1.965 -0.260
-1.146 1.971 -0.261
-1.137 1.977 -0.261
-1.128 1.982 -0.261
-1.117 1.989 -0.261
-1.107 1.994 -0.261
-1.097 2.001 -0.260
-1.087 2.007 -0.260
-1.076 2.013 -0.260
-1.066 2.019 -0.259
-1.055 2.026 -0.258
-1.045 2.032 -0.258
-1.034 2.039 -0.257
-1.024 2.045 -0.257
-1.013 2.052 -0.256
-1.003 2.059 -0.255
-0.992 2.066 -0.254
-0.981 2.073 -0.254
-0.971 2.081 -0.253
-0.959 2.088 -0.252
-0.948 2.095 -0.252
-0.937 2.102 -0.251
-0.925 2.110 -0.251
-0.914 2.118 -0.250
-0.902 2.125 -0.250
-0.890 2.133 -0.250
-0.877 2.141 -0.249
-0.865 2.148 -0.249
-0.853 2.155 -0.248
-0.841 2.162 -0.247
-0.827 2.170 -0.248
-0.814 2.178 -0.248
-0.801 2.186 -0.248
-0.789 2.194 -0.249
-0.775 2.201 -0.249
-0.762 2.209 -0.250
-0.749 2.217 -0.251
-0.736 2.225 -0.251
-0.722 2.234 -0.252
-0.708 2.242 -0.253
-0.695 2.250 -0.254
-0.681 2.259 -0.255
-0.667 2.267 -0.256
-0.653 2.276 -0.257
-0.639 2.285 -0.258
-0.626 2.293 -0.260
-0.611 2.302 -0.261
-0.597 2.311 -0.263
-0.583 2.320 -0.264
-0.569 2.329 -0.266
-0.555 2.338 -0.268
-0.541 2.347 -0.270
-0.527 2.356 -0.272
-0.513 2.366 -0.274
-0.499 2.375 -0.276
-0.485 2.384 -0.279
-0.471 2.393 -0.281
-0.457 2.403 -0.284
-0.443 2.412 -0.286
-0.429 2.421 -0.289
-0.416 2.431 -0.291
-0.401 2.441 -0.294
-0.387 2.450 -0.297
-0.373 2.460 -0.299
-0.358 2.470 -0.302
-0.343 2.479 -0.305
-0.329 2.489 -0.308
-0.315 2.499 -0.310
-0.301 2.509 -0.314
-0.287 2.519 -0.316
-0.274 2.527 -0.319
-0.262 2.534 -0.321
-0.252 2.540 -0.323
-0.245 2.543 -0.324
-0.240 2.543 -0.325
-0.238 2.542 -0.327
-0.240 2.539 -0.329
-0.244 2.536 -0.332
-0.250 2.532 -0.334
-0.257 2.525 -0.336
-0.263 2.519 -0.338
-0.268 2.514 -0.340
-0.272 2.509 -0.342
-0.274 2.504 -0.343
-0.276 2.499 -0.343
-0.277 2.495 -0.343
-0.278 2.490 -0.343
-0.279 2.487 -0.344
-0.278 2.483 -0.344
-0.278 2.480 -0.344
-0.277 2.478 -0.345
-0.276 2.475 -0.345
-0.275 2.473 -0.345
-0.274 2.470 -0.346
-0.272 2.468 -0.346
-0.270 2.466 -0.346
-0.268 2.464 -0.346
-0.266 2.462 -0.347
-0.263 2.460 -0.347
-0.261 2.459 -0.347
-0.258 2.457 -0.347
-0.254 2.456 -0.348
-0.251 2.455 -0.348
-0.248 2.454 -0.348
-0.245 2.453 -0.348
-0.242 2.452 -0.348
-0.239 2.451 -0.348
-0.236 2.450 -0.348
-0.233 2.450 -0.349
-0.230 2.449 -0.349
-0.227 2.449 -0.349
-0.224 2.448 -0.349
-0.221 2.447 -0.349
-0.218 2.447 -0.349
-0.216 2.446 -0.349
-0.213 2.446 -0.349
-0.210 2.445 -0.349
-0.208 2.444 -0.349
-0.205 2.444 -0.349
-0.203 2.443 -0.349
-0.201 2.443 -0.349
-0.198 2.443 -0.348
-0.196 2.442 -0.348
-0.194 2.442 -0.348
-0.192 2.441 -0.348
-0.190 2.441 -0.348
-0.188 2.441 -0.348
-0.186 2.440 -0.348
-0.185 2.440 -0.347
-0.183 2.439 -0.347
-0.181 2.439 -0.347
-0.180 2.438 -0.347
-0.179 2.437 -0.347
-0.178 2.437 -0.347
-0.176 2.436 -0.347
-0.175 2.435 -0.346
-0.174 2.435 -0.346
-0.173 2.434 -0.346
-0.172 2.434 -0.346
-0.171 2.433 -0.346
-0.170 2.433 -0.346
-0.169 2.432 -0.346
-0.168 2.431 -0.345
-0.166 2.431 -0.345
-0.166 2.430 -0.345
-0.165 2.429 -0.345
-0.164 2.428 -0.345
-0.163 2.427 -0.345
-0.163 2.427 -0.344
-0.162 2.426 -0.344
-0.161 2.425 -0.344
-0.160 2.424 -0.344
-0.160 2.423 -0.344
-0.160 2.422 -0.344
-0.159 2.421 -0.344
-0.158 2.420 -0.344
-0.158 2.419 -0.343
-0.157 2.419 -0.343
-0.157 2.418 -0.343
-0.156 2.417 -0.343
-0.156 2.416 -0.343
-0.155 2.415 -0.343
-0.155 2.414 -0.342
-0.154 2.413 -0.342
-0.154 2.412 -0.342
-0.153 2.412 -0.342
-0.153 2.410 -0.342
-0.152 2.409 -0.341
-0.152 2.408 -0.341
-0.152 2.407 -0.341
-0.151 2.406 -0.340
-0.151 2.405 -0.340
-0.150 2.404 -0.340
-0.150 2.403 -0.339
-0.149 2.402 -0.339
-0.149 2.401 -0.339
-0.148 2.400 -0.338
-0.147 2.399 -0.338
-0.147 2.398 -0.338
-0.146 2.397 -0.337
-0.145 2.396 -0.337
-0.145 2.395 -0.336
-0.144 2.394 -0.336
-0.143 2.394 -0.335
-0.143 2.392 -0.335
-0.142 2.392 -0.334
-0.141 2.391 -0.334
-0.140 2.390 -0.333
-0.139 2.389 -0.333
-0.138 2.388 -0.332
-0.138 2.387 -0.332
-0.137 2.386 -0.331
-0.136 2.385 -0.331
-0.135 2.383 -0.330
-0.134 2.383 -0.329
-0.134 2.381 -0.329
-0.133 2.380 -0.328
-0.132 2.379 -0.327
-0.131 2.378 -0.327
-0.131 2.377 -0.326
-0.130 2.376 -0.326
-0.129 2.375 -0.325
-0.128 2.374 -0.324
-0.127 2.373 -0.324
-0.127 2.372 -0.323
-0.126 2.371 -0.322
-0.125 2.371 -0.322
-0.124 2.370 -0.321
-0.123 2.369 -0.320
-0.122 2.368 -0.320
-0.122 2.367 -0.319
-0.121 2.366 -0.318
-0.120 2.365 -0.318
-0.120 2.364 -0.317
-0.119 2.363 -0.316
-0.118 2.362 -0.316
-0.118 2.361 -0.315
-0.117 2.360 -0.314
-0.117 2.359 -0.314
-0.116 2.358 -0.313
-0.116 2.357 -0.312
-0.115 2.356 -0.312
-0.115 2.355 -0.311
-0.114 2.354 -0.311
-0.114 2.353 -0.310
-0.114 2.352 -0.309
-0.113 2.351 -0.309
-0.113 2.350 -0.308
-0.113 2.349 -0.308
-0.112 2.348 -0.307
-0.112 2.347 -0.306
-0.111 2.346 -0.306
-0.111 2.345 -0.305
-0.111 2.344 -0.304
-0.111 2.343 -0.304
-0.110 2.342 -0.303
-0.110 2.342 -0.302
-0.110 2.340 -0.302
-0.110 2.339 -0.301
-0.110 2.338 -0.301
-0.109 2.337 -0.300
-0.109 2.336 -0.299
-0.109 2.335 -0.299
-0.109 2.334 -0.298
-0.109 2.332 -0.297
-0.109 2.331 -0.297
-0.109 2.330 -0.296
-0.109 2.329 -0.295
-0.109 2.328 -0.295
-0.108 2.327 -0.294
-0.108 2.326 -0.293
-0.108 2.324 -0.293
-0.108 2.323 -0.292
-0.107 2.322 -0.291
-0.107 2.321 -0.290
-0.107 2.320 -0.290
-0.106 2.319 -0.289
-0.106 2.318 -0.288
-0.106 2.317 -0.287
-0.105 2.315 -0.287
