x y z
-1.289 2.237 -0.332
-1.289 2.239 -0.330
-1.289 2.239 -0.329
-1.289 2.240 -0.327
-1.289 2.241 -0.325
-1.289 2.242 -0.324
-1.289 2.243 -0.322
-1.289 2.243 -0.321
-1.288 2.244 -0.320
-1.288 2.245 -0.318
-1.289 2.246 -0.317
-1.289 2.246 -0.315
-1.289 2.247 -0.314
-1.289 2.248 -0.312
-1.289 2.248 -0.311
-1.289 2.249 -0.309
-1.288 2.250 -0.308
-1.288 2.250 -0.307
-1.289 2.251 -0.305
-1.289 2.252 -0.303
-1.289 2.252 -0.302
-1.289 2.253 -0.300
-1.289 2.253 -0.299
-1.289 2.254 -0.298
-1.289 2.254 -0.296
-1.289 2.255 -0.295
-1.289 2.256 -0.293
-1.289 2.256 -0.292
-1.289 2.257 -0.290
-1.289 2.257 -0.289
-1.289 2.258 -0.287
-1.289 2.258 -0.286
-1.289 2.259 -0.285
-1.289 2.260 -0.283
-1.289 2.261 -0.281
-1.290 2.261 -0.280
-1.290 2.262 -0.279
-1.290 2.262 -0.277
-1.290 2.263 -0.276
-1.290 2.264 -0.274
-1.290 2.264 -0.273
-1.290 2.265 -0.272
-1.290 2.265 -0.270
-1.290 2.266 -0.269
-1.290 2.266 -0.267
-1.290 2.266 -0.266
-1.291 2.267 -0.264
-1.291 2.268 -0.263
-1.292 2.268 -0.262
-1.292 2.269 -0.260
-1.292 2.269 -0.259
-1.292 2.270 -0.258
-1.292 2.270 -0.257
-1.292 2.271 -0.256
-1.292 2.272 -0.254
-1.292 2.272 -0.252
-1.292 2.273 -0.251
-1.291 2.274 -0.250
-1.291 2.275 -0.248
-1.291 2.275 -0.247
-1.291 2.276 -0.246
-1.291 2.276 -0.244
-1.291 2.277 -0.243
-1.292 2.277 -0.242
-1.292 2.278 -0.240
-1.292 2.278 -0.239
-1.291 2.279 -0.238
-1.291 2.280 -0.236
-1.290 2.281 -0.235
-1.288 2.283 -0.233
-1.287 2.284 -0.232
-1.285 2.286 -0.231
-1.283 2.288 -0.229
-1.280 2.290 -0.228
-1.277 2.292 -0.227
-1.274 2.294 -0.226
-1.271 2.296 -0.225
-1.268 2.299 -0.224
-1.264 2.302 -0.224
-1.260 2.305 -0.223
-1.256 2.307 -0.223
-1.252 2.311 -0.222
-1.248 2.314 -0.221
-1.244 2.318 -0.221
-1.240 2.321 -0.220
-1.235 2.325 -0.220
-1.230 2.328 -0.220
-1.226 2.332 -0.219
-1.222 2.336 -0.218
-1.217 2.339 -0.217
-1.211 2.342 -0.217
-1.207 2.346 -0.216
-1.202 2.350 -0.215
-1.197 2.353 -0.214
-1.192 2.357 -0.213
-1.187 2.361 -0.212
-1.182 2.364 -0.211
-1.177 2.368 -0.211
-1.172 2.372 -0.210
-1.166 2.375 -0.209
-1.161 2.379 -0.208
-1.156 2.383 -0.208
-1.150 2.387 -0.207
-1.145 2.390 -0.207
-1.140 2.394 -0.206
-1.135 2.398 -0.205
-1.130 2.402 -0.205
-1.124 2.406 -0.204
-1.119 2.410 -0.204
-1.113 2.413 -0.204
-1.108 2.417 -0.203
-1.103 2.421 -0.203
-1.097 2.425 -0.203
-1.091 2.429 -0.203
-1.086 2.433 -0.202
-1.080 2.437 -0.202
-1.074 2.441 -0.201
-1.069 2.445 -0.201
-1.063 2.449 -0.201
-1.057 2.454 -0.200
-1.051 2.458 -0.200
-1.044 2.462 -0.200
-1.038 2.467 -0.200
-1.032 2.471 -0.200
-1.025 2.475 -0.200
-1.019 2.480 -0.200
-1.013 2.484 -0.200
-1.006 2.488 -0.200
-1.000 2.493 -0.200
-0.993 2.497 -0.200
-0.987 2.501 -0.200
-0.980 2.506 -0.200
-0.974 2.510 -0.200
-0.967 2.514 -0.200
-0.960 2.519 -0.200
-0.953 2.523 -0.200
-0.946 2.528 -0.201
-0.939 2.532 -0.201
-0.932 2.537 -0.201
-0.925 2.541 -0.201
-0.918 2.546 -0.202
-0.911 2.550 -0.201
-0.904 2.555 -0.202
-0.897 2.560 -0.202
-0.890 2.564 -0.202
-0.884 2.568 -0.203
-0.880 2.571 -0.203
-0.877 2.573 -0.203
-0.876 2.574 -0.203
-0.876 2.574 -0.203
-0.876 2.573 -0.204
-0.878 2.572 -0.205
-0.880 2.570 -0.206
-0.884 2.568 -0.208
-0.887 2.565 -0.209
-0.891 2.562 -0.211
-0.894 2.560 -0.212
-0.896 2.558 -0.213
-0.898 2.556 -0.214
-0.899 2.554 -0.215
-0.900 2.552 -0.215
-0.900 2.551 -0.215
-0.900 2.549 -0.215
-0.900 2.547 -0.216
-0.900 2.546 -0.216
-0.900 2.545 -0.216
-0.899 2.544 -0.216
-0.899 2.543 -0.216
-0.898 2.542 -0.216
-0.897 2.541 -0.216
-0.897 2.540 -0.216
-0.896 2.539 -0.216
-0.895 2.538 -0.216
-0.894 2.538 -0.215
-0.892 2.537 -0.215
-0.891 2.536 -0.215
-0.890 2.536 -0.215
-0.888 2.536 -0.215
-0.887 2.535 -0.214
-0.885 2.535 -0.214
-0.884 2.535 -0.214
-0.881 2.535 -0.214
-0.880 2.534 -0.214
-0.877 2.534 -0.214
-0.876 2.534 -0.213
-0.874 2.533 -0.213
-0.872 2.533 -0.213
-0.871 2.533 -0.213
-0.869 2.533 -0.213
-0.868 2.533 -0.212
-0.866 2.533 -0.212
-0.865 2.533 -0.211
-0.863 2.533 -0.211
-0.862 2.533 -0.211
-0.860 2.533 -0.211
-0.859 2.533 -0.210
-0.857 2.533 -0.210
-0.855 2.533 -0.210
-0.854 2.533 -0.209
-0.852 2.534 -0.209
-0.851 2.534 -0.208
-0.850 2.534 -0.208
-0.848 2.534 -0.208
-0.847 2.534 -0.207
-0.846 2.535 -0.207
-0.845 2.535 -0.207
-0.844 2.535 -0.206
-0.842 2.535 -0.206
-0.841 2.535 -0.206
-0.840 2.535 -0.205
-0.839 2.535 -0.205
-0.838 2.535 -0.204
-0.837 2.535 -0.204
-0.836 2.536 -0.204
-0.835 2.535 -0.203
-0.834 2.535 -0.203
-0.833 2.535 -0.202
-0.833 2.535 -0.201
-0.832 2.535 -0.201
-0.832 2.535 -0.200
-0.831 2.534 -0.200
-0.830 2.534 -0.200
-0.830 2.534 -0.199
-0.830 2.534 -0.198
-0.830 2.533 -0.198
-0.829 2.533 -0.197
-0.828 2.533 -0.197
-0.828 2.532 -0.196
-0.828 2.532 -0.195
-0.827 2.532 -0.195
-0.827 2.532 -0.194
-0.826 2.532 -0.193
-0.826 2.531 -0.193
-0.825 2.531 -0.192
-0.825 2.531 -0.191
-0.824 2.531 -0.190
-0.823 2.530 -0.190
-0.823 2.530 -0.189
-0.823 2.530 -0.188
-0.822 2.529 -0.188
-0.821 2.529 -0.187
-0.821 2.529 -0.186
-0.821 2.528 -0.185
-0.820 2.528 -0.184
-0.820 2.528 -0.184
-0.820 2.527 -0.183
-0.819 2.526 -0.182
-0.819 2.526 -0.181
-0.819 2.525 -0.180
-0.818 2.525 -0.179
-0.818 2.524 -0.178
-0.818 2.524 -0.177
-0.817 2.523 -0.177
-0.817 2.523 -0.175
-0.816 2.522 -0.175
-0.815 2.522 -0.173
-0.815 2.521 -0.172
-0.814 2.520 -0.171
-0.813 2.520 -0.171
-0.812 2.519 -0.170
-0.811 2.519 -0.168
-0.810 2.519 -0.167
-0.809 2.518 -0.167
-0.808 2.518 -0.166
-0.807 2.517 -0.165
-0.806 2.517 -0.163
-0.806 2.517 -0.162
-0.805 2.517 -0.161
-0.804 2.516 -0.160
-0.804 2.516 -0.159
-0.803 2.515 -0.158
-0.802 2.515 -0.157
-0.802 2.514 -0.156
-0.801 2.514 -0.155
-0.800 2.513 -0.154
-0.799 2.513 -0.153
-0.799 2.513 -0.152
-0.798 2.513 -0.151
-0.797 2.513 -0.150
-0.796 2.512 -0.148
-0.795 2.513 -0.148
-0.794 2.513 -0.146
-0.793 2.512 -0.145
-0.792 2.512 -0.144
-0.791 2.512 -0.143
-0.790 2.512 -0.141
-0.789 2.512 -0.140
-0.788 2.512 -0.139
-0.788 2.512 -0.138
-0.787 2.511 -0.137
-0.786 2.511 -0.136
-0.785 2.511 -0.134
-0.785 2.511 -0.133
-0.784 2.510 -0.132
-0.784 2.510 -0.131
-0.783 2.510 -0.130
-0.783 2.510 -0.129
-0.782 2.509 -0.128
-0.782 2.509 -0.126
-0.781 2.509 -0.125
-0.781 2.509 -0.124
-0.780 2.509 -0.123
-0.779 2.509 -0.122
-0.778 2.509 -0.120
-0.778 2.509 -0.119
-0.777 2.509 -0.118
-0.776 2.508 -0.116
-0.776 2.508 -0.115
-0.775 2.508 -0.114
-0.775 2.507 -0.112
-0.774 2.507 -0.111
-0.774 2.506 -0.110
-0.774 2.506 -0.109
-0.774 2.506 -0.107
-0.773 2.505 -0.106
-0.773 2.505 -0.104
-0.773 2.504 -0.103
-0.772 2.504 -0.102
-0.772 2.503 -0.100
-0.772 2.503 -0.099
-0.771 2.503 -0.098
-0.771 2.502 -0.096
-0.770 2.502 -0.094
-0.770 2.501 -0.093
-0.769 2.501 -0.091
-0.769 2.501 -0.090
-0.768 2.500 -0.089
-0.768 2.500 -0.087
-0.768 2.500 -0.086
-0.767 2.499 -0.084
-0.767 2.498 -0.083
-0.767 2.498 -0.081
-0.766 2.497 -0.080
-0.766 2.497 -0.078
-0.766 2.496 -0.076
-0.765 2.496 -0.074
-0.765 2.495 -0.073
-0.765 2.495 -0.071
-0.765 2.494 -0.070
-0.764 2.494 -0.068
-0.763 2.493 -0.067
-0.763 2.493 -0.065
-0.763 2.493 -0.064
-0.762 2.492 -0.063
-0.762 2.492 -0.060
-0.761 2.491 -0.058
-0.760 2.491 -0.057
-0.760 2.491 -0.055
-0.759 2.490 -0.054
-0.759 2.490 -0.052
-0.758 2.490 -0.050
-0.758 2.489 -0.049
-0.758 2.489 -0.047
-0.757 2.488 -0.045
-0.757 2.488 -0.044
-0.756 2.487 -0.042
-0.756 2.487 -0.040
-0.756 2.487 -0.039
-0.755 2.486 -0.037
-0.755 2.486 -0.035
-0.754 2.485 -0.034
-0.754 2.485 -0.032
-0.753 2.485 -0.030
-0.753 2.484 -0.028
-0.752 2.484 -0.027
-0.752 2.484 -0.025
-0.751 2.483 -0.023
-0.751 2.483 -0.022
-0.750 2.483 -0.020
-0.750 2.482 -0.018
-0.750 2.482 -0.016
-0.749 2.482 -0.015
-0.749 2.481 -0.013
-0.749 2.481 -0.011
-0.748 2.480 -0.010
-0.748 2.480 -0.008
-0.748 2.480 -0.006
-0.748 2.479 -0.005
-0.747 2.479 -0.003
-0.747 2.479 -0.001
-0.747 2.478 0.001
-0.746 2.478 0.002
-0.746 2.478 0.004
-0.745 2.478 0.006
-0.745 2.477 0.008
-0.744 2.477 0.009
-0.744 2.477 0.011
-0.743 2.477 0.013
-0.743 2.476 0.014
-0.742 2.475 0.016
-0.742 2.475 0.018
-0.742 2.474 0.020
-0.742 2.474 0.021
-0.742 2.473 0.023
-0.742 2.473 0.025
-0.741 2.472 0.027
-0.741 2.472 0.028
-0.741 2.472 0.030
-0.741 2.471 0.032
-0.741 2.471 0.034
-0.741 2.471 0.036
-0.740 2.470 0.038
-0.740 2.470 0.040
-0.739 2.469 0.040
-0.739 2.468 0.042
-0.738 2.468 0.044
-0.738 2.468 0.046
-0.738 2.467 0.048
-0.737 2.467 0.050
-0.737 2.466 0.052
-0.737 2.466 0.054
-0.737 2.465 0.055
-0.737 2.465 0.057
-0.736 2.464 0.059
-0.736 2.464 0.061
-0.736 2.463 0.063
-0.736 2.463 0.065
-0.736 2.462 0.067
-0.736 2.462 0.069
-0.736 2.462 0.071
-0.736 2.461 0.073
-0.736 2.461 0.075
-0.735 2.461 0.077
-0.735 2.460 0.079
