x y z
-0.849 1.500 -0.386
-0.849 1.500 -0.384
-0.849 1.500 -0.383
-0.850 1.500 -0.382
-0.850 1.500 -0.380
-0.850 1.500 -0.379
-0.851 1.500 -0.377
-0.852 1.500 -0.375
-0.851 1.500 -0.374
-0.851 1.500 -0.373
-0.852 1.501 -0.371
-0.852 1.501 -0.369
-0.852 1.501 -0.368
-0.851 1.500 -0.367
-0.851 1.501 -0.366
-0.851 1.501 -0.364
-0.853 1.501 -0.362
-0.853 1.501 -0.361
-0.854 1.501 -0.359
-0.854 1.501 -0.358
-0.854 1.500 -0.356
-0.853 1.500 -0.356
-0.853 1.500 -0.355
-0.854 1.500 -0.353
-0.855 1.499 -0.352
-0.855 1.499 -0.350
-0.856 1.500 -0.349
-0.855 1.499 -0.348
-0.857 1.500 -0.346
-0.857 1.500 -0.344
-0.857 1.500 -0.343
-0.856 1.499 -0.342
-0.857 1.499 -0.341
-0.857 1.500 -0.340
-0.857 1.500 -0.338
-0.857 1.500 -0.337
-0.857 1.500 -0.336
-0.859 1.500 -0.333
-0.859 1.501 -0.332
-0.860 1.501 -0.331
-0.860 1.501 -0.329
-0.860 1.501 -0.328
-0.860 1.501 -0.326
-0.860 1.501 -0.325
-0.860 1.502 -0.324
-0.860 1.502 -0.322
-0.860 1.502 -0.321
-0.858 1.501 -0.321
-0.858 1.501 -0.319
-0.859 1.502 -0.318
-0.859 1.502 -0.317
-0.859 1.502 -0.316
-0.859 1.502 -0.315
-0.861 1.502 -0.313
-0.862 1.502 -0.312
-0.862 1.502 -0.311
-0.863 1.502 -0.310
-0.863 1.502 -0.309
-0.864 1.502 -0.308
-0.864 1.503 -0.307
-0.865 1.503 -0.306
-0.865 1.503 -0.305
-0.866 1.503 -0.304
-0.866 1.503 -0.303
-0.867 1.504 -0.302
-0.866 1.504 -0.300
-0.864 1.505 -0.299
-0.861 1.508 -0.297
-0.857 1.511 -0.296
-0.852 1.516 -0.295
-0.847 1.521 -0.295
-0.839 1.527 -0.295
-0.833 1.534 -0.294
-0.824 1.540 -0.295
-0.816 1.547 -0.294
-0.808 1.554 -0.293
-0.800 1.561 -0.293
-0.792 1.569 -0.292
-0.783 1.576 -0.290
-0.775 1.583 -0.289
-0.766 1.591 -0.288
-0.757 1.599 -0.287
-0.748 1.607 -0.285
-0.739 1.615 -0.284
-0.730 1.623 -0.283
-0.721 1.631 -0.282
-0.712 1.640 -0.280
-0.703 1.648 -0.279
-0.694 1.657 -0.278
-0.685 1.665 -0.277
-0.676 1.674 -0.276
-0.666 1.683 -0.275
-0.656 1.692 -0.274
-0.647 1.701 -0.273
-0.638 1.710 -0.272
-0.627 1.719 -0.271
-0.617 1.728 -0.270
-0.608 1.737 -0.269
-0.597 1.746 -0.269
-0.587 1.756 -0.268
-0.577 1.765 -0.268
-0.566 1.774 -0.267
-0.556 1.784 -0.267
-0.545 1.793 -0.267
-0.535 1.803 -0.266
-0.524 1.812 -0.266
-0.513 1.822 -0.266
-0.503 1.831 -0.266
-0.491 1.841 -0.266
-0.480 1.852 -0.266
-0.469 1.862 -0.267
-0.457 1.872 -0.267
-0.446 1.883 -0.268
-0.435 1.893 -0.268
-0.423 1.904 -0.269
-0.411 1.914 -0.269
-0.399 1.925 -0.270
-0.388 1.936 -0.271
-0.376 1.946 -0.271
-0.364 1.957 -0.272
-0.352 1.968 -0.273
-0.340 1.979 -0.274
-0.328 1.990 -0.275
-0.316 2.001 -0.276
-0.304 2.012 -0.277
-0.292 2.024 -0.278
-0.280 2.035 -0.279
-0.269 2.046 -0.281
-0.257 2.057 -0.282
-0.245 2.068 -0.283
-0.233 2.079 -0.284
-0.221 2.090 -0.285
-0.209 2.101 -0.287
-0.196 2.112 -0.288
-0.185 2.123 -0.289
-0.173 2.134 -0.291
-0.161 2.146 -0.292
-0.149 2.156 -0.294
-0.137 2.167 -0.295
-0.126 2.179 -0.297
-0.115 2.190 -0.298
-0.105 2.199 -0.299
-0.097 2.207 -0.300
-0.089 2.214 -0.301
-0.084 2.219 -0.301
-0.083 2.222 -0.302
-0.083 2.222 -0.302
-0.086 2.220 -0.304
-0.090 2.217 -0.305
-0.096 2.212 -0.306
-0.102 2.206 -0.308
-0.106 2.201 -0.309
-0.109 2.197 -0.310
-0.110 2.193 -0.310
-0.111 2.189 -0.310
-0.112 2.186 -0.310
-0.113 2.182 -0.310
-0.112 2.180 -0.310
-0.112 2.178 -0.309
-0.111 2.176 -0.309
-0.110 2.174 -0.309
-0.109 2.172 -0.308
-0.108 2.172 -0.308
-0.106 2.171 -0.308
-0.104 2.170 -0.308
-0.102 2.170 -0.308
-0.100 2.169 -0.308
-0.098 2.170 -0.308
-0.096 2.169 -0.307
-0.093 2.170 -0.307
-0.090 2.171 -0.308
-0.088 2.171 -0.307
-0.085 2.172 -0.307
-0.082 2.172 -0.307
-0.080 2.173 -0.306
-0.077 2.174 -0.306
-0.074 2.174 -0.306
-0.072 2.176 -0.306
-0.069 2.177 -0.306
-0.067 2.178 -0.306
-0.064 2.179 -0.305
-0.061 2.181 -0.306
-0.059 2.182 -0.305
-0.056 2.183 -0.305
-0.054 2.185 -0.305
-0.052 2.186 -0.304
-0.049 2.187 -0.304
-0.047 2.188 -0.304
-0.045 2.190 -0.303
-0.043 2.191 -0.303
-0.041 2.193 -0.303
-0.038 2.194 -0.303
-0.036 2.196 -0.303
-0.034 2.197 -0.302
-0.032 2.199 -0.302
-0.031 2.200 -0.301
-0.029 2.202 -0.301
-0.027 2.203 -0.300
-0.025 2.205 -0.300
-0.023 2.206 -0.300
-0.022 2.208 -0.300
-0.021 2.209 -0.300
-0.019 2.210 -0.299
-0.017 2.211 -0.299
-0.016 2.212 -0.299
-0.015 2.214 -0.299
-0.014 2.215 -0.298
-0.012 2.216 -0.298
-0.011 2.217 -0.297
-0.010 2.218 -0.297
-0.009 2.219 -0.297
-0.008 2.220 -0.296
-0.007 2.221 -0.296
-0.006 2.222 -0.295
-0.006 2.222 -0.295
-0.005 2.223 -0.294
-0.004 2.224 -0.294
-0.004 2.225 -0.294
-0.003 2.225 -0.293
-0.002 2.226 -0.293
-0.002 2.226 -0.292
-0.001 2.227 -0.291
-0.001 2.227 -0.291
-0.001 2.228 -0.290
-0.001 2.228 -0.289
-0.000 2.228 -0.289
0.000 2.228 -0.288
0.001 2.229 -0.288
0.001 2.229 -0.287
0.002 2.229 -0.286
0.002 2.229 -0.285
0.002 2.229 -0.284
0.003 2.230 -0.284
0.003 2.230 -0.283
0.004 2.231 -0.282
0.004 2.231 -0.281
0.005 2.231 -0.280
0.005 2.231 -0.279
0.006 2.231 -0.278
0.006 2.231 -0.277
0.007 2.232 -0.277
0.007 2.232 -0.276
0.007 2.232 -0.275
0.008 2.232 -0.274
0.009 2.232 -0.273
0.009 2.232 -0.272
0.010 2.232 -0.270
0.011 2.233 -0.269
0.011 2.233 -0.268
0.012 2.233 -0.267
0.012 2.233 -0.266
0.013 2.234 -0.265
0.014 2.234 -0.264
0.015 2.234 -0.263
0.016 2.235 -0.262
0.016 2.235 -0.260
0.017 2.236 -0.259
0.018 2.236 -0.258
0.019 2.236 -0.257
0.020 2.237 -0.255
0.020 2.238 -0.255
0.021 2.239 -0.253
0.022 2.239 -0.252
0.023 2.240 -0.251
0.023 2.240 -0.250
0.024 2.241 -0.249
0.025 2.242 -0.247
0.025 2.242 -0.246
0.025 2.243 -0.245
0.027 2.244 -0.244
0.027 2.244 -0.243
0.027 2.246 -0.242
0.029 2.246 -0.240
0.029 2.247 -0.239
0.030 2.248 -0.238
0.031 2.248 -0.236
0.032 2.249 -0.235
0.032 2.250 -0.234
0.033 2.251 -0.233
0.034 2.252 -0.231
0.034 2.253 -0.230
0.035 2.254 -0.229
0.036 2.255 -0.228
0.036 2.256 -0.226
0.037 2.256 -0.225
0.037 2.257 -0.224
0.038 2.258 -0.223
0.038 2.259 -0.221
0.039 2.259 -0.220
0.039 2.260 -0.219
0.040 2.261 -0.218
0.040 2.261 -0.216
0.040 2.262 -0.215
0.041 2.263 -0.214
0.042 2.264 -0.213
0.042 2.264 -0.212
0.041 2.265 -0.211
0.041 2.266 -0.209
0.041 2.266 -0.208
0.041 2.267 -0.207
0.042 2.267 -0.205
0.042 2.268 -0.204
0.042 2.268 -0.203
0.042 2.269 -0.201
0.042 2.269 -0.200
0.042 2.269 -0.199
0.043 2.270 -0.197
0.043 2.270 -0.196
0.043 2.270 -0.194
0.043 2.270 -0.193
0.043 2.270 -0.192
0.043 2.271 -0.190
0.043 2.271 -0.189
0.043 2.271 -0.187
0.043 2.271 -0.186
0.043 2.271 -0.185
0.043 2.271 -0.183
0.043 2.272 -0.182
0.043 2.272 -0.180
0.043 2.272 -0.179
0.044 2.272 -0.177
0.042 2.272 -0.175
0.042 2.272 -0.173
0.042 2.273 -0.172
0.043 2.273 -0.170
0.043 2.273 -0.169
0.042 2.273 -0.167
0.043 2.273 -0.165
0.043 2.273 -0.164
0.042 2.273 -0.162
0.043 2.274 -0.161
0.043 2.274 -0.159
0.042 2.274 -0.158
0.042 2.274 -0.156
0.042 2.274 -0.155
0.042 2.274 -0.153
0.042 2.274 -0.152
0.042 2.274 -0.150
0.042 2.274 -0.149
0.042 2.274 -0.147
0.042 2.274 -0.145
0.042 2.274 -0.144
0.042 2.275 -0.142
0.042 2.275 -0.141
0.042 2.275 -0.139
0.042 2.275 -0.137
0.042 2.276 -0.136
0.042 2.276 -0.134
0.042 2.276 -0.133
0.042 2.276 -0.131
0.042 2.277 -0.130
0.042 2.277 -0.128
0.042 2.277 -0.127
0.042 2.277 -0.125
0.042 2.278 -0.123
0.042 2.278 -0.122
0.042 2.278 -0.120
0.042 2.279 -0.119
0.042 2.279 -0.117
0.042 2.279 -0.116
0.042 2.280 -0.114
0.042 2.280 -0.112
0.042 2.280 -0.111
0.042 2.281 -0.109
0.042 2.281 -0.108
0.042 2.281 -0.106
0.041 2.281 -0.104
0.042 2.282 -0.103
0.041 2.282 -0.101
0.044 2.282 -0.099
0.044 2.282 -0.098
0.044 2.283 -0.096
0.044 2.283 -0.095
0.044 2.283 -0.093
0.044 2.284 -0.092
0.044 2.284 -0.090
0.043 2.284 -0.088
0.044 2.285 -0.087
0.043 2.285 -0.085
0.043 2.285 -0.083
0.043 2.286 -0.082
0.043 2.286 -0.080
0.043 2.286 -0.078
0.043 2.287 -0.077
0.043 2.287 -0.075
0.043 2.287 -0.073
0.040 2.288 -0.072
0.040 2.288 -0.070
0.040 2.289 -0.068
0.040 2.289 -0.067
0.040 2.289 -0.065
0.040 2.289 -0.063
0.040 2.290 -0.061
0.040 2.290 -0.060
0.040 2.290 -0.058
0.039 2.290 -0.056
0.039 2.290 -0.054
0.039 2.291 -0.052
0.039 2.291 -0.050
0.039 2.291 -0.049
0.039 2.291 -0.047
0.039 2.291 -0.045
0.038 2.291 -0.043
0.038 2.291 -0.041
0.038 2.292 -0.039
0.038 2.292 -0.037
0.038 2.292 -0.036
0.038 2.292 -0.034
0.038 2.292 -0.032
0.038 2.292 -0.030
0.038 2.293 -0.028
0.037 2.293 -0.026
0.037 2.293 -0.024
0.037 2.293 -0.022
0.037 2.292 -0.021
0.037 2.293 -0.019
0.037 2.293 -0.017
0.036 2.293 -0.015
0.036 2.293 -0.013
0.036 2.293 -0.011
0.036 2.293 -0.009
0.036 2.293 -0.008
0.036 2.293 -0.006
0.035 2.293 -0.004
0.035 2.293 -0.002
0.035 2.293 -0.000
0.035 2.293 0.002
0.034 2.293 0.004
0.034 2.293 0.005
0.034 2.293 0.007
0.033 2.293 0.009
0.033 2.293 0.011
0.033 2.293 0.013
0.032 2.293 0.015
0.032 2.293 0.017
0.031 2.293 0.019
0.031 2.293 0.021
0.030 2.293 0.023
0.030 2.294 0.024
0.030 2.294 0.026
0.030 2.294 0.028
0.029 2.294 0.030
0.029 2.294 0.032
0.029 2.294 0.034
0.030 2.293 0.035
0.030 2.293 0.037
0.029 2.293 0.039
0.030 2.293 0.040
0.029 2.293 0.041
0.029 2.292 0.043
0.029 2.292 0.045
0.028 2.292 0.047
0.028 2.292 0.049
0.028 2.291 0.050
0.028 2.291 0.052
0.027 2.291 0.054
0.027 2.291 0.056
0.027 2.291 0.058
0.027 2.291 0.059
0.027 2.291 0.061
0.026 2.291 0.063
0.026 2.290 0.065
0.026 2.290 0.067
0.026 2.290 0.069
0.026 2.290 0.071
0.026 2.290 0.072
0.025 2.290 0.074
0.025 2.290 0.076
0.025 2.290 0.078
0.025 2.290 0.080
0.025 2.290 0.082
0.025 2.290 0.084
0.024 2.289 0.086
0.024 2.289 0.087
0.024 2.289 0.089
0.024 2.289 0.091
0.023 2.289 0.093
0.023 2.289 0.095
0.023 2.289 0.097
0.023 2.288 0.099
0.022 2.288 0.101
0.022 2.288 0.103
0.022 2.288 0.105
0.021 2.288 0.107
0.021 2.288 0.109
0.021 2.288 0.111
0.021 2.288 0.113
0.021 2.287 0.115
0.021 2.287 0.116
0.021 2.287 0.118
0.020 2.287 0.120
0.020 2.287 0.122
0.020 2.287 0.124
0.021 2.286 0.126
0.021 2.286 0.128
0.021 2.286 0.130
0.020 2.286 0.132
0.020 2.285 0.134
0.020 2.285 0.136
0.020 2.285 0.138
0.020 2.285 0.140
0.019 2.285 0.142
0.019 2.285 0.144
0.019 2.284 0.146
0.019 2.284 0.148
0.019 2.284 0.150
0.018 2.284 0.152
0.018 2.284 0.153
0.018 2.284 0.155
0.017 2.284 0.157
0.017 2.284 0.159
0.017 2.284 0.161
0.017 2.283 0.163
0.017 2.283 0.165
0.016 2.283 0.168
0.016 2.283 0.170
0.016 2.283 0.172
0.015 2.283 0.174
0.015 2.283 0.176
0.015 2.282 0.178
0.015 2.282 0.180
0.015 2.282 0.182
0.014 2.282 0.184
0.014 2.282 0.186
0.014 2.282 0.188
0.014 2.282 0.190
0.014 2.282 0.192
0.014 2.282 0.194
0.013 2.282 0.196
0.013 2.282 0.198
0.013 2.282 0.201
0.013 2.281 0.203
0.012 2.281 0.205
0.012 2.281 0.207
0.012 2.281 0.209
0.011 2.281 0.211
0.011 2.281 0.213
0.011 2.281 0.215
0.011 2.280 0.218
0.010 2.280 0.220
0.010 2.280 0.222
0.010 2.280 0.224
0.010 2.280 0.226
0.009 2.280 0.228
0.009 2.280 0.231
0.009 2.280 0.233
0.009 2.280 0.235
0.009 2.280 0.237
0.009 2.280 0.239
0.008 2.280 0.241
0.008 2.280 0.243
0.008 2.280 0.246
0.008 2.279 0.248
0.007 2.279 0.250
0.007 2.279 0.252
0.007 2.279 0.254
0.007 2.279 0.256
0.006 2.278 0.258
0.006 2.278 0.261
0.006 2.278 0.263
0.006 2.278 0.265
0.005 2.278 0.267
0.005 2.278 0.269
0.005 2.278 0.271
