x y z
-1.532 0.961 -0.464
-1.531 0.961 -0.463
-1.531 0.960 -0.461
-1.530 0.960 -0.459
-1.530 0.959 -0.458
-1.529 0.959 -0.456
-1.528 0.959 -0.454
-1.528 0.958 -0.452
-1.527 0.958 -0.451
-1.527 0.958 -0.449
-1.526 0.957 -0.447
-1.525 0.957 -0.446
-1.525 0.957 -0.444
-1.524 0.956 -0.442
-1.523 0.956 -0.441
-1.523 0.956 -0.439
-1.522 0.955 -0.438
-1.521 0.955 -0.436
-1.521 0.954 -0.435
-1.520 0.954 -0.433
-1.520 0.954 -0.432
-1.519 0.953 -0.430
-1.519 0.953 -0.429
-1.518 0.952 -0.428
-1.517 0.952 -0.426
-1.517 0.952 -0.425
-1.516 0.951 -0.424
-1.516 0.951 -0.422
-1.515 0.951 -0.421
-1.515 0.951 -0.420
-1.514 0.950 -0.418
-1.513 0.950 -0.417
-1.513 0.949 -0.416
-1.512 0.949 -0.415
-1.511 0.948 -0.413
-1.511 0.948 -0.412
-1.510 0.947 -0.411
-1.509 0.947 -0.410
-1.508 0.947 -0.408
-1.507 0.946 -0.407
-1.506 0.945 -0.406
-1.505 0.945 -0.405
-1.505 0.945 -0.404
-1.503 0.945 -0.403
-1.503 0.944 -0.402
-1.502 0.944 -0.401
-1.501 0.944 -0.400
-1.500 0.944 -0.399
-1.499 0.943 -0.398
-1.498 0.943 -0.397
-1.497 0.942 -0.396
-1.497 0.942 -0.395
-1.496 0.941 -0.394
-1.495 0.940 -0.393
-1.495 0.940 -0.392
-1.494 0.939 -0.391
-1.494 0.938 -0.391
-1.493 0.938 -0.390
-1.493 0.937 -0.389
-1.492 0.937 -0.388
-1.492 0.937 -0.388
-1.491 0.936 -0.387
-1.490 0.936 -0.386
-1.490 0.935 -0.386
-1.489 0.935 -0.385
-1.488 0.935 -0.384
-1.488 0.935 -0.384
-1.487 0.935 -0.383
-1.487 0.935 -0.383
-1.486 0.934 -0.382
-1.485 0.934 -0.381
-1.484 0.934 -0.381
-1.483 0.934 -0.380
-1.482 0.935 -0.379
-1.479 0.937 -0.378
-1.476 0.940 -0.378
-1.472 0.944 -0.377
-1.467 0.949 -0.376
-1.462 0.955 -0.376
-1.456 0.962 -0.376
-1.449 0.970 -0.377
-1.442 0.978 -0.377
-1.435 0.986 -0.378
-1.428 0.995 -0.377
-1.421 1.003 -0.376
-1.413 1.012 -0.376
-1.405 1.021 -0.375
-1.397 1.030 -0.374
-1.388 1.039 -0.373
-1.379 1.048 -0.371
-1.371 1.058 -0.370
-1.362 1.067 -0.369
-1.353 1.077 -0.368
-1.344 1.087 -0.367
-1.334 1.097 -0.365
-1.325 1.107 -0.364
-1.316 1.116 -0.363
-1.306 1.126 -0.361
-1.297 1.136 -0.360
-1.287 1.146 -0.359
-1.278 1.156 -0.358
-1.268 1.167 -0.357
-1.258 1.177 -0.356
-1.248 1.187 -0.355
-1.238 1.198 -0.354
-1.228 1.208 -0.354
-1.217 1.219 -0.353
-1.207 1.229 -0.352
-1.197 1.240 -0.352
-1.187 1.251 -0.351
-1.177 1.262 -0.351
-1.167 1.273 -0.350
-1.156 1.284 -0.350
-1.146 1.295 -0.349
-1.135 1.306 -0.349
-1.124 1.317 -0.349
-1.113 1.328 -0.349
-1.102 1.339 -0.349
-1.091 1.351 -0.349
-1.080 1.362 -0.349
-1.069 1.374 -0.349
-1.058 1.386 -0.350
-1.047 1.398 -0.350
-1.036 1.410 -0.351
-1.025 1.422 -0.351
-1.013 1.434 -0.353
-1.002 1.446 -0.353
-0.990 1.459 -0.354
-0.980 1.471 -0.355
-0.969 1.483 -0.356
-0.957 1.496 -0.357
-0.946 1.508 -0.358
-0.935 1.521 -0.359
-0.924 1.533 -0.360
-0.912 1.546 -0.361
-0.901 1.559 -0.362
-0.890 1.572 -0.363
-0.878 1.584 -0.365
-0.867 1.597 -0.366
-0.855 1.610 -0.367
-0.844 1.623 -0.369
-0.832 1.635 -0.370
-0.820 1.648 -0.372
-0.809 1.661 -0.373
-0.796 1.673 -0.375
-0.784 1.686 -0.377
-0.772 1.698 -0.378
-0.761 1.711 -0.379
-0.750 1.724 -0.380
-0.739 1.736 -0.382
-0.728 1.747 -0.383
-0.720 1.756 -0.384
-0.715 1.763 -0.385
-0.712 1.767 -0.386
-0.711 1.768 -0.388
-0.713 1.767 -0.390
-0.716 1.764 -0.392
-0.722 1.759 -0.395
-0.727 1.753 -0.396
-0.731 1.748 -0.398
-0.733 1.745 -0.400
-0.735 1.741 -0.401
-0.736 1.738 -0.403
-0.737 1.735 -0.402
-0.737 1.733 -0.402
-0.736 1.731 -0.402
-0.735 1.729 -0.403
-0.734 1.728 -0.403
-0.733 1.728 -0.403
-0.732 1.727 -0.403
-0.728 1.726 -0.406
-0.726 1.726 -0.406
-0.724 1.727 -0.407
-0.722 1.726 -0.406
-0.719 1.727 -0.407
-0.717 1.727 -0.407
-0.714 1.727 -0.407
-0.711 1.728 -0.407
-0.708 1.729 -0.408
-0.704 1.729 -0.409
-0.701 1.730 -0.409
-0.697 1.731 -0.410
-0.694 1.732 -0.410
-0.690 1.733 -0.410
-0.688 1.735 -0.410
-0.684 1.736 -0.410
-0.681 1.737 -0.410
-0.677 1.739 -0.410
-0.674 1.740 -0.411
-0.671 1.741 -0.411
-0.667 1.743 -0.411
-0.664 1.744 -0.412
-0.661 1.746 -0.412
-0.658 1.747 -0.412
-0.655 1.749 -0.413
-0.652 1.750 -0.413
-0.649 1.751 -0.413
-0.646 1.752 -0.413
-0.643 1.753 -0.413
-0.640 1.755 -0.414
-0.638 1.756 -0.414
-0.635 1.757 -0.414
-0.632 1.758 -0.414
-0.630 1.759 -0.415
-0.628 1.761 -0.415
-0.625 1.762 -0.415
-0.623 1.763 -0.415
-0.621 1.764 -0.415
-0.618 1.765 -0.416
-0.615 1.766 -0.417
-0.613 1.767 -0.417
-0.611 1.768 -0.418
-0.609 1.770 -0.418
-0.607 1.771 -0.418
-0.606 1.772 -0.419
-0.604 1.773 -0.420
-0.602 1.774 -0.420
-0.600 1.775 -0.420
-0.599 1.775 -0.421
-0.597 1.776 -0.422
-0.596 1.777 -0.422
-0.594 1.777 -0.422
-0.593 1.777 -0.423
-0.591 1.778 -0.424
-0.590 1.778 -0.424
-0.588 1.779 -0.424
-0.587 1.779 -0.425
-0.586 1.779 -0.425
-0.584 1.780 -0.426
-0.583 1.780 -0.426
-0.581 1.780 -0.427
-0.580 1.781 -0.427
-0.579 1.781 -0.427
-0.577 1.781 -0.428
-0.576 1.781 -0.428
-0.574 1.781 -0.429
-0.573 1.782 -0.429
-0.572 1.782 -0.429
-0.570 1.782 -0.430
-0.569 1.782 -0.430
-0.567 1.782 -0.431
-0.566 1.782 -0.431
-0.565 1.782 -0.431
-0.563 1.782 -0.431
-0.562 1.781 -0.432
-0.560 1.781 -0.432
-0.559 1.781 -0.432
-0.557 1.781 -0.432
-0.556 1.780 -0.433
-0.554 1.780 -0.433
-0.553 1.780 -0.433
-0.551 1.780 -0.433
-0.550 1.780 -0.434
-0.548 1.779 -0.434
-0.546 1.779 -0.434
-0.544 1.779 -0.434
-0.543 1.779 -0.434
-0.541 1.779 -0.434
-0.539 1.779 -0.435
-0.537 1.778 -0.435
-0.535 1.778 -0.435
-0.533 1.778 -0.435
-0.531 1.778 -0.435
-0.529 1.777 -0.435
-0.527 1.777 -0.435
-0.525 1.777 -0.436
-0.523 1.777 -0.436
-0.521 1.776 -0.436
-0.519 1.776 -0.436
-0.517 1.776 -0.436
-0.515 1.776 -0.436
-0.512 1.776 -0.436
-0.510 1.775 -0.436
-0.508 1.775 -0.436
-0.506 1.775 -0.436
-0.504 1.775 -0.436
-0.501 1.775 -0.436
-0.499 1.775 -0.436
-0.497 1.775 -0.436
-0.495 1.775 -0.436
-0.492 1.775 -0.437
-0.490 1.775 -0.437
-0.488 1.775 -0.437
-0.486 1.775 -0.437
-0.484 1.774 -0.437
-0.482 1.774 -0.437
-0.480 1.774 -0.437
-0.478 1.774 -0.437
-0.476 1.774 -0.437
-0.474 1.774 -0.437
-0.472 1.774 -0.437
-0.470 1.773 -0.437
-0.468 1.773 -0.437
-0.467 1.773 -0.438
-0.465 1.773 -0.438
-0.463 1.772 -0.438
-0.462 1.772 -0.438
-0.460 1.771 -0.438
-0.458 1.771 -0.439
-0.457 1.771 -0.439
-0.455 1.770 -0.439
