x y z
-1.845 1.084 -0.495
-1.845 1.082 -0.493
-1.844 1.081 -0.491
-1.844 1.080 -0.489
-1.843 1.079 -0.487
-1.843 1.078 -0.485
-1.842 1.076 -0.484
-1.842 1.075 -0.482
-1.841 1.074 -0.480
-1.841 1.072 -0.478
-1.840 1.071 -0.476
-1.840 1.070 -0.474
-1.839 1.069 -0.472
-1.839 1.067 -0.471
-1.838 1.067 -0.469
-1.837 1.065 -0.467
-1.837 1.064 -0.465
-1.836 1.063 -0.464
-1.835 1.062 -0.462
-1.834 1.061 -0.460
-1.834 1.060 -0.458
-1.833 1.059 -0.457
-1.832 1.058 -0.455
-1.831 1.057 -0.453
-1.831 1.056 -0.451
-1.830 1.054 -0.450
-1.829 1.053 -0.448
-1.828 1.052 -0.446
-1.828 1.051 -0.445
-1.827 1.050 -0.443
-1.826 1.049 -0.442
-1.825 1.048 -0.440
-1.824 1.047 -0.439
-1.824 1.046 -0.437
-1.823 1.045 -0.436
-1.822 1.044 -0.434
-1.821 1.043 -0.433
-1.820 1.042 -0.431
-1.820 1.041 -0.430
-1.819 1.040 -0.429
-1.818 1.039 -0.427
-1.818 1.038 -0.426
-1.817 1.037 -0.425
-1.816 1.036 -0.423
-1.816 1.035 -0.422
-1.815 1.034 -0.421
-1.815 1.033 -0.420
-1.814 1.032 -0.418
-1.813 1.031 -0.417
-1.813 1.030 -0.416
-1.812 1.029 -0.415
-1.811 1.028 -0.414
-1.811 1.027 -0.413
-1.810 1.026 -0.412
-1.810 1.025 -0.411
-1.809 1.025 -0.410
-1.809 1.023 -0.409
-1.808 1.023 -0.408
-1.807 1.022 -0.407
-1.806 1.021 -0.406
-1.806 1.020 -0.405
-1.805 1.019 -0.404
-1.804 1.018 -0.403
-1.803 1.017 -0.402
-1.802 1.016 -0.402
-1.801 1.016 -0.401
-1.800 1.015 -0.400
-1.799 1.014 -0.399
-1.798 1.013 -0.398
-1.797 1.012 -0.398
-1.795 1.012 -0.397
-1.794 1.011 -0.396
-1.793 1.010 -0.396
-1.792 1.008 -0.395
-1.792 1.005 -0.395
-1.791 1.001 -0.396
-1.791 0.997 -0.396
-1.791 0.992 -0.397
-1.791 0.987 -0.398
-1.791 0.981 -0.399
-1.790 0.974 -0.400
-1.788 0.966 -0.402
-1.784 0.958 -0.404
-1.780 0.950 -0.406
-1.774 0.942 -0.408
-1.768 0.933 -0.410
-1.762 0.924 -0.413
-1.755 0.915 -0.415
-1.748 0.906 -0.417
-1.741 0.897 -0.420
-1.733 0.887 -0.422
-1.725 0.877 -0.425
-1.717 0.866 -0.428
-1.708 0.856 -0.431
-1.698 0.845 -0.434
-1.689 0.833 -0.436
-1.679 0.822 -0.439
-1.670 0.810 -0.442
-1.659 0.798 -0.445
-1.649 0.786 -0.448
-1.639 0.774 -0.451
-1.629 0.762 -0.454
-1.618 0.750 -0.457
-1.607 0.737 -0.460
-1.596 0.724 -0.464
-1.585 0.712 -0.467
-1.574 0.699 -0.470
-1.562 0.686 -0.474
-1.550 0.674 -0.477
-1.538 0.661 -0.481
-1.527 0.648 -0.484
-1.515 0.635 -0.487
-1.502 0.622 -0.491
-1.490 0.609 -0.495
-1.478 0.596 -0.498
-1.465 0.582 -0.502
-1.452 0.569 -0.506
-1.439 0.556 -0.510
-1.426 0.542 -0.514
-1.414 0.529 -0.518
-1.400 0.516 -0.523
-1.387 0.502 -0.527
-1.374 0.489 -0.532
-1.361 0.475 -0.536
-1.347 0.462 -0.541
-1.333 0.448 -0.546
-1.320 0.435 -0.551
-1.306 0.421 -0.556
-1.292 0.407 -0.561
-1.278 0.394 -0.567
-1.264 0.380 -0.572
-1.250 0.366 -0.578
-1.236 0.352 -0.584
-1.222 0.338 -0.590
-1.208 0.324 -0.596
-1.193 0.310 -0.602
-1.179 0.296 -0.608
-1.165 0.282 -0.614
-1.151 0.268 -0.620
-1.136 0.254 -0.626
-1.122 0.239 -0.632
-1.108 0.224 -0.639
-1.093 0.210 -0.645
-1.079 0.195 -0.651
-1.064 0.181 -0.658
-1.049 0.166 -0.664
-1.035 0.151 -0.671
-1.020 0.136 -0.677
-1.005 0.121 -0.683
-0.990 0.106 -0.690
-0.975 0.091 -0.696
-0.960 0.076 -0.702
-0.945 0.061 -0.708
-0.929 0.046 -0.714
-0.914 0.032 -0.720
-0.900 0.018 -0.726
-0.888 0.005 -0.732
-0.877 -0.005 -0.736
-0.869 -0.014 -0.740
-0.866 -0.019 -0.744
-0.866 -0.020 -0.748
-0.868 -0.018 -0.752
-0.873 -0.015 -0.756
-0.879 -0.010 -0.761
-0.886 -0.004 -0.764
-0.892 0.002 -0.767
-0.898 0.006 -0.770
-0.903 0.010 -0.772
-0.908 0.014 -0.774
-0.913 0.018 -0.776
-0.918 0.022 -0.777
-0.923 0.027 -0.778
-0.928 0.030 -0.779
-0.932 0.034 -0.779
-0.935 0.037 -0.780
-0.939 0.039 -0.781
-0.941 0.041 -0.781
-0.943 0.043 -0.782
-0.945 0.044 -0.782
-0.947 0.044 -0.782
-0.948 0.045 -0.782
-0.949 0.045 -0.782
-0.949 0.045 -0.782
-0.950 0.044 -0.781
-0.950 0.043 -0.781
-0.950 0.042 -0.781
-0.950 0.041 -0.781
-0.949 0.039 -0.780
-0.949 0.037 -0.779
-0.948 0.035 -0.779
-0.947 0.033 -0.778
-0.946 0.031 -0.777
-0.945 0.029 -0.777
-0.943 0.026 -0.776
-0.942 0.023 -0.775
-0.941 0.021 -0.774
-0.939 0.018 -0.773
-0.938 0.015 -0.772
-0.936 0.012 -0.771
-0.934 0.009 -0.769
-0.933 0.007 -0.768
-0.931 0.004 -0.767
-0.929 0.001 -0.766
-0.928 -0.002 -0.764
-0.926 -0.005 -0.763
-0.925 -0.008 -0.762
-0.923 -0.010 -0.761
-0.922 -0.013 -0.759
-0.921 -0.015 -0.758
-0.919 -0.018 -0.757
-0.918 -0.020 -0.756
-0.917 -0.022 -0.755
-0.916 -0.024 -0.754
-0.915 -0.026 -0.754
-0.914 -0.028 -0.753
-0.913 -0.029 -0.752
-0.912 -0.031 -0.752
-0.911 -0.032 -0.751
-0.911 -0.033 -0.751
-0.910 -0.034 -0.751
-0.910 -0.036 -0.750
-0.909 -0.036 -0.750
-0.909 -0.037 -0.750
-0.908 -0.038 -0.750
-0.908 -0.039 -0.751
-0.908 -0.039 -0.751
-0.908 -0.040 -0.751
-0.908 -0.040 -0.752
-0.908 -0.041 -0.752
-0.908 -0.041 -0.753
-0.908 -0.042 -0.754
-0.908 -0.042 -0.754
-0.909 -0.042 -0.755
-0.909 -0.042 -0.756
-0.909 -0.043 -0.757
-0.909 -0.042 -0.758
-0.910 -0.042 -0.759
-0.910 -0.042 -0.760
-0.910 -0.042 -0.760
-0.911 -0.041 -0.761
-0.911 -0.041 -0.762
-0.912 -0.041 -0.763
-0.912 -0.040 -0.764
-0.912 -0.040 -0.765
-0.912 -0.039 -0.766
-0.913 -0.039 -0.767
-0.913 -0.038 -0.767
-0.913 -0.038 -0.768
-0.913 -0.038 -0.769
-0.913 -0.037 -0.770
-0.914 -0.037 -0.770
-0.914 -0.037 -0.771
-0.914 -0.037 -0.771
-0.914 -0.037 -0.772
-0.914 -0.037 -0.773
-0.914 -0.038 -0.773
-0.914 -0.038 -0.774
-0.914 -0.039 -0.774
-0.913 -0.039 -0.775
-0.913 -0.040 -0.775
-0.913 -0.040 -0.775
-0.912 -0.041 -0.776
-0.912 -0.042 -0.776
-0.911 -0.043 -0.776
-0.911 -0.043 -0.776
-0.910 -0.044 -0.776
-0.910 -0.045 -0.776
-0.909 -0.046 -0.777
-0.908 -0.047 -0.777
-0.907 -0.048 -0.776
-0.906 -0.049 -0.776
-0.905 -0.051 -0.776
-0.904 -0.052 -0.776
-0.904 -0.053 -0.776
-0.903 -0.055 -0.776
-0.902 -0.057 -0.776
-0.901 -0.058 -0.776
-0.900 -0.060 -0.776
-0.899 -0.061 -0.775
-0.898 -0.063 -0.775
-0.897 -0.065 -0.775
-0.896 -0.066 -0.775
-0.895 -0.068 -0.774
-0.894 -0.069 -0.774
-0.893 -0.071 -0.774
-0.892 -0.072 -0.774
-0.891 -0.074 -0.774
-0.891 -0.075 -0.773
-0.890 -0.077 -0.773
-0.889 -0.078 -0.773
-0.888 -0.079 -0.773
-0.887 -0.080 -0.772
-0.886 -0.082 -0.772
-0.886 -0.083 -0.772
-0.885 -0.084 -0.772
-0.884 -0.085 -0.772
-0.883 -0.086 -0.772
