x y z
-1.557 2.162 -0.323
-1.557 2.161 -0.321
-1.557 2.161 -0.319
-1.557 2.161 -0.317
-1.557 2.161 -0.316
-1.558 2.162 -0.313
-1.557 2.161 -0.312
-1.557 2.161 -0.310
-1.557 2.161 -0.308
-1.558 2.161 -0.307
-1.558 2.160 -0.305
-1.558 2.160 -0.303
-1.559 2.160 -0.301
-1.559 2.160 -0.299
-1.559 2.159 -0.298
-1.560 2.160 -0.295
-1.559 2.159 -0.294
-1.560 2.159 -0.292
-1.561 2.159 -0.290
-1.560 2.159 -0.289
-1.560 2.159 -0.287
-1.561 2.159 -0.285
-1.560 2.158 -0.284
-1.560 2.158 -0.282
-1.561 2.158 -0.280
-1.560 2.158 -0.279
-1.560 2.158 -0.277
-1.561 2.157 -0.275
-1.561 2.157 -0.274
-1.561 2.157 -0.272
-1.562 2.156 -0.271
-1.562 2.156 -0.269
-1.562 2.155 -0.268
-1.563 2.155 -0.266
-1.563 2.154 -0.264
-1.563 2.154 -0.263
-1.563 2.154 -0.261
-1.564 2.154 -0.259
-1.564 2.154 -0.258
-1.564 2.153 -0.256
-1.565 2.153 -0.255
-1.565 2.153 -0.253
-1.565 2.153 -0.251
-1.565 2.153 -0.250
-1.565 2.153 -0.248
-1.566 2.153 -0.247
-1.566 2.153 -0.245
-1.566 2.153 -0.243
-1.566 2.153 -0.242
-1.567 2.153 -0.240
-1.567 2.153 -0.239
-1.567 2.153 -0.237
-1.567 2.152 -0.235
-1.567 2.152 -0.234
-1.567 2.152 -0.232
-1.567 2.152 -0.231
-1.567 2.152 -0.230
-1.568 2.152 -0.228
-1.568 2.152 -0.227
-1.568 2.152 -0.226
-1.568 2.152 -0.224
-1.569 2.151 -0.223
-1.569 2.151 -0.222
-1.570 2.151 -0.221
-1.570 2.150 -0.219
-1.570 2.150 -0.218
-1.569 2.150 -0.216
-1.568 2.149 -0.215
-1.565 2.149 -0.213
-1.560 2.150 -0.212
-1.554 2.152 -0.211
-1.547 2.154 -0.210
-1.539 2.158 -0.209
-1.530 2.162 -0.209
-1.522 2.166 -0.208
-1.511 2.171 -0.209
-1.501 2.176 -0.208
-1.491 2.180 -0.207
-1.481 2.186 -0.206
-1.469 2.190 -0.206
-1.460 2.195 -0.205
-1.449 2.200 -0.204
-1.438 2.205 -0.203
-1.427 2.211 -0.202
-1.415 2.217 -0.201
-1.404 2.223 -0.200
-1.393 2.229 -0.199
-1.381 2.235 -0.198
-1.370 2.241 -0.197
-1.358 2.246 -0.197
-1.347 2.253 -0.195
-1.335 2.259 -0.194
-1.322 2.264 -0.194
-1.310 2.270 -0.194
-1.300 2.277 -0.192
-1.287 2.283 -0.192
-1.275 2.289 -0.191
-1.263 2.295 -0.191
-1.251 2.301 -0.190
-1.237 2.307 -0.190
-1.225 2.313 -0.190
-1.212 2.320 -0.190
-1.199 2.326 -0.189
-1.186 2.332 -0.189
-1.172 2.339 -0.189
-1.158 2.346 -0.189
-1.144 2.352 -0.189
-1.130 2.359 -0.190
-1.116 2.366 -0.190
-1.102 2.373 -0.190
-1.089 2.380 -0.191
-1.074 2.386 -0.192
-1.060 2.393 -0.192
-1.046 2.401 -0.193
-1.031 2.408 -0.194
-1.016 2.415 -0.196
-1.001 2.423 -0.197
-0.987 2.430 -0.198
-0.972 2.438 -0.200
-0.958 2.445 -0.201
-0.943 2.453 -0.203
-0.929 2.461 -0.204
-0.914 2.468 -0.206
-0.900 2.476 -0.208
-0.886 2.484 -0.210
-0.871 2.492 -0.211
-0.857 2.500 -0.213
-0.843 2.507 -0.215
-0.828 2.515 -0.217
-0.814 2.523 -0.219
-0.800 2.531 -0.221
-0.785 2.539 -0.224
-0.771 2.547 -0.226
-0.756 2.555 -0.228
-0.742 2.564 -0.231
-0.727 2.572 -0.234
-0.712 2.580 -0.236
-0.697 2.588 -0.239
-0.683 2.596 -0.242
-0.668 2.604 -0.245
-0.653 2.612 -0.247
-0.638 2.620 -0.250
-0.623 2.628 -0.253
-0.609 2.637 -0.256
-0.596 2.645 -0.260
-0.584 2.652 -0.262
-0.574 2.658 -0.264
-0.566 2.663 -0.265
-0.563 2.666 -0.266
-0.563 2.667 -0.267
-0.566 2.666 -0.268
-0.570 2.664 -0.270
-0.577 2.660 -0.271
-0.585 2.655 -0.272
-0.592 2.650 -0.273
-0.597 2.646 -0.274
-0.601 2.642 -0.275
-0.603 2.638 -0.275
-0.606 2.635 -0.275
-0.608 2.632 -0.276
-0.609 2.629 -0.276
-0.609 2.627 -0.276
-0.609 2.624 -0.276
-0.609 2.622 -0.276
-0.608 2.621 -0.277
-0.607 2.619 -0.277
-0.606 2.617 -0.277
-0.605 2.616 -0.277
-0.603 2.614 -0.277
-0.601 2.613 -0.278
-0.599 2.612 -0.278
-0.597 2.611 -0.278
-0.595 2.610 -0.278
-0.592 2.609 -0.278
-0.590 2.608 -0.278
-0.587 2.607 -0.278
-0.584 2.606 -0.278
-0.581 2.606 -0.278
-0.578 2.605 -0.278
-0.575 2.604 -0.278
-0.572 2.604 -0.278
-0.569 2.603 -0.278
-0.565 2.603 -0.278
-0.562 2.603 -0.278
-0.559 2.602 -0.278
-0.556 2.601 -0.278
-0.552 2.601 -0.277
-0.549 2.600 -0.277
-0.547 2.600 -0.277
-0.544 2.599 -0.277
-0.541 2.599 -0.276
-0.538 2.599 -0.276
-0.536 2.598 -0.275
-0.534 2.597 -0.275
-0.531 2.597 -0.274
-0.529 2.597 -0.274
-0.528 2.597 -0.274
-0.526 2.596 -0.273
-0.524 2.596 -0.273
-0.522 2.596 -0.273
-0.520 2.595 -0.272
-0.518 2.595 -0.272
-0.516 2.595 -0.272
-0.514 2.594 -0.271
-0.512 2.594 -0.271
-0.510 2.594 -0.271
-0.509 2.593 -0.270
-0.507 2.593 -0.270
-0.506 2.593 -0.270
-0.504 2.592 -0.270
-0.503 2.592 -0.269
-0.501 2.592 -0.269
-0.500 2.592 -0.269
-0.499 2.591 -0.269
-0.498 2.591 -0.269
-0.497 2.590 -0.268
-0.496 2.590 -0.268
-0.495 2.590 -0.268
-0.494 2.590 -0.268
-0.493 2.589 -0.268
-0.492 2.589 -0.268
-0.491 2.589 -0.268
-0.490 2.588 -0.267
-0.490 2.587 -0.267
-0.489 2.587 -0.267
-0.489 2.587 -0.267
-0.488 2.586 -0.267
-0.488 2.586 -0.267
-0.487 2.585 -0.267
-0.487 2.585 -0.266
-0.487 2.584 -0.266
-0.487 2.584 -0.266
-0.486 2.583 -0.266
-0.486 2.583 -0.266
-0.485 2.583 -0.266
-0.485 2.582 -0.266
-0.484 2.582 -0.265
-0.484 2.581 -0.265
-0.483 2.581 -0.265
-0.483 2.580 -0.264
-0.482 2.580 -0.264
-0.482 2.579 -0.264
-0.481 2.578 -0.264
-0.481 2.578 -0.263
-0.480 2.577 -0.263
-0.480 2.577 -0.263
-0.479 2.576 -0.262
-0.478 2.575 -0.262
-0.478 2.574 -0.261
-0.477 2.574 -0.260
-0.477 2.573 -0.260
-0.476 2.573 -0.260
-0.475 2.572 -0.259
-0.475 2.571 -0.259
-0.474 2.571 -0.258
-0.473 2.570 -0.258
-0.473 2.569 -0.257
-0.472 2.568 -0.256
-0.471 2.568 -0.256
-0.471 2.567 -0.255
-0.470 2.566 -0.254
-0.469 2.566 -0.254
-0.468 2.565 -0.253
-0.467 2.564 -0.252
-0.466 2.563 -0.251
-0.465 2.563 -0.251
-0.464 2.562 -0.250
-0.463 2.562 -0.249
-0.462 2.561 -0.248
-0.461 2.560 -0.247
-0.460 2.559 -0.247
-0.459 2.559 -0.246
-0.458 2.558 -0.245
-0.457 2.557 -0.244
-0.456 2.557 -0.243
-0.455 2.556 -0.243
-0.454 2.556 -0.242
-0.454 2.554 -0.241
-0.452 2.554 -0.240
-0.451 2.553 -0.239
-0.450 2.553 -0.238
-0.449 2.553 -0.237
-0.448 2.552 -0.237
-0.448 2.551 -0.236
-0.447 2.551 -0.235
-0.446 2.550 -0.234
-0.445 2.550 -0.233
-0.444 2.549 -0.232
-0.444 2.549 -0.231
-0.443 2.548 -0.231
-0.442 2.547 -0.230
-0.442 2.547 -0.229
-0.441 2.546 -0.228
-0.441 2.546 -0.227
-0.440 2.545 -0.226
-0.439 2.544 -0.225
-0.439 2.544 -0.225
-0.439 2.544 -0.224
-0.438 2.543 -0.223
-0.437 2.543 -0.222
-0.437 2.543 -0.221
-0.436 2.542 -0.221
-0.436 2.542 -0.220
-0.435 2.542 -0.219
-0.435 2.541 -0.218
-0.434 2.541 -0.217
-0.434 2.541 -0.216
-0.433 2.540 -0.215
-0.433 2.540 -0.215
-0.433 2.539 -0.214
-0.432 2.539 -0.213
-0.432 2.538 -0.212
-0.432 2.538 -0.211
-0.432 2.537 -0.210
-0.432 2.536 -0.209
-0.432 2.536 -0.209
-0.432 2.535 -0.208
-0.432 2.535 -0.207
-0.432 2.534 -0.206
-0.431 2.534 -0.205
-0.431 2.533 -0.204
-0.431 2.532 -0.203
-0.430 2.532 -0.202
-0.430 2.532 -0.201
-0.430 2.531 -0.200
-0.429 2.531 -0.199
-0.429 2.531 -0.198
-0.428 2.530 -0.197
-0.428 2.530 -0.195
-0.427 2.529 -0.194
-0.427 2.529 -0.193
-0.427 2.528 -0.192
-0.426 2.528 -0.191
-0.426 2.527 -0.190
-0.426 2.526 -0.189
-0.426 2.525 -0.188
-0.426 2.524 -0.187
-0.425 2.523 -0.185
-0.425 2.523 -0.184
-0.425 2.522 -0.183
-0.425 2.521 -0.182
-0.424 2.520 -0.181
-0.424 2.519 -0.180
-0.423 2.519 -0.178
-0.423 2.518 -0.177
-0.422 2.517 -0.176
-0.421 2.517 -0.175
-0.420 2.516 -0.173
-0.420 2.516 -0.172
-0.419 2.515 -0.171
-0.418 2.514 -0.169
-0.417 2.514 -0.168
-0.417 2.513 -0.167
-0.416 2.512 -0.166
-0.415 2.511 -0.164
-0.415 2.511 -0.163
-0.414 2.510 -0.162
-0.414 2.509 -0.161
-0.414 2.508 -0.159
-0.413 2.507 -0.158
-0.413 2.506 -0.157
-0.412 2.505 -0.156
-0.412 2.504 -0.154
-0.412 2.503 -0.153
-0.412 2.503 -0.152
-0.411 2.502 -0.150
-0.410 2.501 -0.149
-0.410 2.501 -0.148
-0.409 2.500 -0.147
-0.409 2.500 -0.145
-0.408 2.499 -0.144
-0.407 2.499 -0.143
-0.407 2.498 -0.141
-0.406 2.498 -0.140
-0.406 2.497 -0.139
-0.405 2.496 -0.138
-0.405 2.496 -0.136
-0.404 2.495 -0.135
-0.404 2.495 -0.134
-0.404 2.494 -0.132
-0.403 2.493 -0.131
-0.403 2.493 -0.130
-0.402 2.492 -0.128
-0.402 2.491 -0.127
-0.402 2.491 -0.126
-0.401 2.490 -0.125
-0.401 2.490 -0.123
-0.401 2.489 -0.122
-0.400 2.489 -0.121
-0.400 2.488 -0.119
-0.400 2.487 -0.118
-0.399 2.487 -0.117
-0.399 2.486 -0.115
-0.399 2.485 -0.114
-0.398 2.485 -0.113
-0.397 2.484 -0.111
-0.397 2.484 -0.110
-0.397 2.483 -0.109
-0.396 2.482 -0.107
-0.396 2.482 -0.106
-0.396 2.481 -0.105
-0.395 2.481 -0.103
-0.395 2.480 -0.102
-0.394 2.479 -0.100
-0.393 2.478 -0.099
-0.393 2.478 -0.098
-0.392 2.477 -0.096
-0.392 2.476 -0.095
-0.392 2.475 -0.093
-0.391 2.475 -0.092
-0.391 2.474 -0.090
-0.390 2.473 -0.089
-0.390 2.472 -0.087
-0.390 2.471 -0.085
-0.389 2.470 -0.084
-0.389 2.470 -0.082
-0.389 2.469 -0.081
-0.388 2.468 -0.079
-0.388 2.468 -0.078
-0.388 2.467 -0.076
-0.387 2.466 -0.075
-0.387 2.465 -0.073
-0.386 2.465 -0.072
-0.386 2.464 -0.070
-0.385 2.463 -0.068
-0.385 2.463 -0.067
-0.385 2.462 -0.065
-0.384 2.461 -0.064
-0.384 2.461 -0.062
-0.384 2.460 -0.060
-0.383 2.459 -0.059
-0.383 2.458 -0.057
-0.383 2.457 -0.056
-0.383 2.456 -0.054
-0.382 2.455 -0.052
-0.382 2.454 -0.051
-0.382 2.454 -0.049
-0.382 2.453 -0.048
-0.381 2.452 -0.046
-0.381 2.451 -0.045
-0.381 2.451 -0.043
-0.380 2.450 -0.041
-0.379 2.449 -0.040
-0.379 2.449 -0.038
-0.378 2.447 -0.036
-0.378 2.447 -0.035
-0.378 2.446 -0.033
-0.377 2.445 -0.031
-0.377 2.445 -0.030
-0.377 2.444 -0.028
-0.376 2.443 -0.026
-0.376 2.442 -0.025
-0.376 2.442 -0.023
-0.375 2.441 -0.022
-0.375 2.440 -0.020
-0.374 2.440 -0.018
-0.374 2.439 -0.017
-0.374 2.438 -0.015
-0.373 2.438 -0.013
-0.373 2.437 -0.012
-0.373 2.437 -0.010
-0.372 2.436 -0.008
-0.372 2.435 -0.007
-0.372 2.434 -0.005
-0.372 2.434 -0.003
-0.371 2.433 -0.002
-0.371 2.432 0.000
-0.370 2.431 0.002
-0.370 2.430 0.003
-0.370 2.430 0.005
-0.370 2.429 0.007
-0.370 2.428 0.008
-0.369 2.427 0.010
-0.369 2.427 0.012
-0.369 2.426 0.014
-0.369 2.425 0.015
-0.368 2.424 0.017
-0.368 2.424 0.019
-0.368 2.423 0.021
-0.368 2.422 0.022
-0.367 2.421 0.024
-0.367 2.420 0.026
-0.367 2.420 0.027
-0.367 2.419 0.029
-0.366 2.418 0.031
-0.366 2.417 0.033
-0.366 2.417 0.034
-0.366 2.416 0.036
-0.365 2.415 0.038
-0.365 2.415 0.040
-0.365 2.414 0.042
-0.364 2.413 0.043
-0.364 2.413 0.045
-0.363 2.412 0.047
-0.364 2.411 0.049
-0.363 2.411 0.051
-0.363 2.410 0.053
-0.362 2.409 0.055
-0.362 2.408 0.056
-0.362 2.408 0.058
-0.361 2.407 0.060
-0.361 2.406 0.062
-0.361 2.405 0.063
-0.361 2.404 0.065
-0.361 2.403 0.067
-0.361 2.402 0.069
-0.361 2.401 0.071
-0.361 2.400 0.073
-0.360 2.399 0.074
-0.360 2.398 0.076
-0.360 2.398 0.078
-0.360 2.397 0.080
-0.360 2.396 0.082
-0.359 2.395 0.084
-0.359 2.394 0.086
-0.358 2.394 0.088
-0.358 2.393 0.090
-0.358 2.392 0.092
-0.357 2.392 0.093
-0.357 2.391 0.095
-0.357 2.390 0.097
-0.356 2.390 0.099
-0.356 2.389 0.100
-0.356 2.388 0.102
-0.356 2.388 0.105
-0.356 2.387 0.107
-0.356 2.386 0.109
-0.356 2.385 0.111
-0.356 2.384 0.113
-0.355 2.382 0.114
-0.355 2.382 0.115
-0.354 2.381 0.117
-0.354 2.380 0.119
-0.354 2.379 0.121
-0.354 2.379 0.124
-0.353 2.379 0.126
-0.354 2.379 0.128
-0.353 2.377 0.130
-0.353 2.377 0.132
-0.353 2.376 0.134
-0.353 2.376 0.136
-0.353 2.375 0.137
-0.353 2.374 0.140
-0.353 2.373 0.141
-0.353 2.372 0.143
-0.353 2.371 0.145
-0.353 2.371 0.147
-0.352 2.369 0.149
-0.352 2.368 0.151
-0.352 2.367 0.153
-0.352 2.367 0.155
-0.352 2.366 0.157
-0.351 2.365 0.159
-0.351 2.365 0.161
-0.351 2.364 0.163
-0.351 2.363 0.165
-0.351 2.362 0.167
-0.350 2.362 0.168
-0.350 2.361 0.171
-0.349 2.360 0.172
-0.349 2.360 0.174
-0.349 2.359 0.176
-0.349 2.358 0.178
-0.348 2.357 0.180
-0.348 2.357 0.182
-0.348 2.356 0.184
-0.348 2.355 0.186
-0.347 2.354 0.188
-0.347 2.353 0.190
-0.348 2.352 0.192
-0.347 2.350 0.193
-0.346 2.349 0.195
-0.346 2.348 0.197
-0.346 2.347 0.199
-0.346 2.347 0.201
-0.346 2.346 0.203
-0.345 2.345 0.205
-0.345 2.344 0.207
-0.346 2.343 0.209
-0.345 2.343 0.211
-0.345 2.342 0.213
-0.345 2.341 0.215
-0.345 2.340 0.217
-0.345 2.339 0.219
