x y z
-1.985 -0.255 -0.655
-1.984 -0.256 -0.653
-1.983 -0.256 -0.652
-1.983 -0.257 -0.650
-1.982 -0.258 -0.648
-1.982 -0.258 -0.647
-1.981 -0.259 -0.645
-1.981 -0.259 -0.643
-1.981 -0.260 -0.641
-1.980 -0.261 -0.639
-1.979 -0.261 -0.637
-1.978 -0.262 -0.635
-1.976 -0.262 -0.634
-1.975 -0.262 -0.633
-1.974 -0.262 -0.631
-1.973 -0.263 -0.629
-1.972 -0.264 -0.628
-1.971 -0.265 -0.626
-1.971 -0.266 -0.624
-1.971 -0.266 -0.623
-1.970 -0.267 -0.621
-1.969 -0.267 -0.619
-1.968 -0.267 -0.618
-1.968 -0.268 -0.616
-1.967 -0.268 -0.614
-1.968 -0.269 -0.612
-1.967 -0.269 -0.611
-1.966 -0.269 -0.609
-1.966 -0.270 -0.607
-1.965 -0.270 -0.606
-1.964 -0.270 -0.604
-1.964 -0.271 -0.602
-1.963 -0.272 -0.600
-1.963 -0.272 -0.599
-1.961 -0.272 -0.597
-1.962 -0.273 -0.595
-1.961 -0.273 -0.594
-1.961 -0.274 -0.592
-1.960 -0.274 -0.591
-1.960 -0.275 -0.589
-1.959 -0.275 -0.588
-1.959 -0.276 -0.585
-1.959 -0.277 -0.583
-1.958 -0.277 -0.581
-1.958 -0.277 -0.580
-1.957 -0.278 -0.578
-1.957 -0.278 -0.576
-1.956 -0.278 -0.575
-1.956 -0.279 -0.573
-1.955 -0.279 -0.571
-1.955 -0.279 -0.570
-1.954 -0.280 -0.568
-1.954 -0.280 -0.567
-1.954 -0.280 -0.565
-1.954 -0.281 -0.563
-1.954 -0.281 -0.561
-1.953 -0.281 -0.559
-1.952 -0.281 -0.559
-1.951 -0.281 -0.557
-1.951 -0.281 -0.555
-1.950 -0.281 -0.554
-1.950 -0.281 -0.552
-1.949 -0.282 -0.550
-1.949 -0.282 -0.549
-1.948 -0.283 -0.547
-1.948 -0.283 -0.546
-1.947 -0.283 -0.544
-1.947 -0.284 -0.543
-1.946 -0.284 -0.541
-1.945 -0.284 -0.540
-1.943 -0.284 -0.539
-1.940 -0.284 -0.537
-1.934 -0.284 -0.536
-1.927 -0.284 -0.535
-1.918 -0.283 -0.534
-1.908 -0.282 -0.533
-1.898 -0.282 -0.533
-1.887 -0.281 -0.533
-1.876 -0.281 -0.533
-1.864 -0.281 -0.533
-1.852 -0.280 -0.533
-1.838 -0.279 -0.534
-1.825 -0.279 -0.535
-1.811 -0.278 -0.535
-1.797 -0.278 -0.535
-1.782 -0.277 -0.536
-1.768 -0.276 -0.537
-1.753 -0.275 -0.538
-1.737 -0.274 -0.539
-1.721 -0.272 -0.540
-1.706 -0.272 -0.541
-1.691 -0.271 -0.542
-1.675 -0.270 -0.543
-1.658 -0.269 -0.545
-1.642 -0.269 -0.546
-1.624 -0.266 -0.548
-1.609 -0.267 -0.548
-1.592 -0.265 -0.550
-1.573 -0.263 -0.553
-1.557 -0.262 -0.554
-1.539 -0.261 -0.556
-1.522 -0.261 -0.557
-1.504 -0.259 -0.559
-1.485 -0.257 -0.562
-1.467 -0.256 -0.563
-1.448 -0.255 -0.565
-1.429 -0.254 -0.567
-1.411 -0.253 -0.569
-1.392 -0.251 -0.571
-1.373 -0.250 -0.573
-1.353 -0.249 -0.575
-1.334 -0.248 -0.577
-1.315 -0.247 -0.579
-1.295 -0.246 -0.582
-1.275 -0.244 -0.584
-1.255 -0.243 -0.586
-1.235 -0.242 -0.588
-1.215 -0.241 -0.591
-1.195 -0.240 -0.593
-1.175 -0.239 -0.595
-1.155 -0.238 -0.598
-1.134 -0.236 -0.600
-1.114 -0.235 -0.602
-1.093 -0.234 -0.604
-1.073 -0.233 -0.607
-1.052 -0.231 -0.609
-1.031 -0.230 -0.612
-1.010 -0.229 -0.614
-0.990 -0.228 -0.616
-0.969 -0.227 -0.619
-0.948 -0.225 -0.621
-0.927 -0.225 -0.624
-0.905 -0.224 -0.626
-0.884 -0.223 -0.629
-0.863 -0.222 -0.631
-0.842 -0.220 -0.634
-0.821 -0.219 -0.636
-0.800 -0.218 -0.639
-0.779 -0.217 -0.641
-0.757 -0.216 -0.644
-0.736 -0.215 -0.647
-0.715 -0.214 -0.649
-0.694 -0.213 -0.652
-0.672 -0.211 -0.655
-0.651 -0.210 -0.657
-0.630 -0.209 -0.660
-0.609 -0.209 -0.662
-0.592 -0.208 -0.665
-0.577 -0.208 -0.667
-0.566 -0.208 -0.669
-0.561 -0.209 -0.672
-0.560 -0.210 -0.675
-0.562 -0.212 -0.679
-0.567 -0.213 -0.684
-0.574 -0.214 -0.688
-0.580 -0.215 -0.691
-0.585 -0.216 -0.694
-0.588 -0.217 -0.697
-0.592 -0.218 -0.699
-0.596 -0.219 -0.700
-0.599 -0.219 -0.702
-0.603 -0.219 -0.702
-0.607 -0.220 -0.703
-0.610 -0.220 -0.704
-0.613 -0.221 -0.705
-0.616 -0.221 -0.705
-0.617 -0.222 -0.706
-0.619 -0.222 -0.706
-0.619 -0.223 -0.706
-0.619 -0.224 -0.706
-0.619 -0.225 -0.706
-0.618 -0.225 -0.706
-0.617 -0.226 -0.705
-0.615 -0.227 -0.705
-0.614 -0.228 -0.704
-0.612 -0.229 -0.704
-0.610 -0.229 -0.703
-0.608 -0.230 -0.702
-0.605 -0.231 -0.701
-0.602 -0.232 -0.700
-0.599 -0.232 -0.698
-0.596 -0.233 -0.697
-0.592 -0.234 -0.696
-0.588 -0.235 -0.694
-0.585 -0.236 -0.692
-0.581 -0.236 -0.690
-0.577 -0.237 -0.689
-0.573 -0.238 -0.687
-0.569 -0.238 -0.685
-0.565 -0.239 -0.683
-0.561 -0.239 -0.680
-0.557 -0.240 -0.678
-0.553 -0.240 -0.676
-0.549 -0.240 -0.674
-0.546 -0.241 -0.671
-0.542 -0.241 -0.669
-0.538 -0.241 -0.667
-0.535 -0.241 -0.665
-0.532 -0.242 -0.662
-0.528 -0.242 -0.660
-0.525 -0.242 -0.658
-0.522 -0.242 -0.656
-0.519 -0.242 -0.654
-0.517 -0.242 -0.652
-0.514 -0.243 -0.650
-0.511 -0.243 -0.648
-0.508 -0.243 -0.647
-0.506 -0.243 -0.645
-0.504 -0.243 -0.643
-0.502 -0.243 -0.642
-0.500 -0.243 -0.641
-0.498 -0.243 -0.640
-0.496 -0.243 -0.639
-0.495 -0.243 -0.638
-0.493 -0.243 -0.637
-0.492 -0.243 -0.636
-0.491 -0.244 -0.635
-0.490 -0.244 -0.635
-0.489 -0.244 -0.634
-0.488 -0.244 -0.634
-0.487 -0.244 -0.634
-0.487 -0.244 -0.634
-0.486 -0.244 -0.634
-0.485 -0.244 -0.634
-0.485 -0.244 -0.633
-0.485 -0.244 -0.633
-0.485 -0.244 -0.634
-0.484 -0.244 -0.634
-0.484 -0.244 -0.634
-0.484 -0.244 -0.634
-0.484 -0.244 -0.634
-0.484 -0.244 -0.634
-0.484 -0.244 -0.634
-0.484 -0.244 -0.634
-0.484 -0.244 -0.634
-0.484 -0.244 -0.635
-0.484 -0.243 -0.635
-0.484 -0.243 -0.634
-0.484 -0.243 -0.634
-0.484 -0.243 -0.634
-0.485 -0.243 -0.634
-0.485 -0.242 -0.634
-0.484 -0.242 -0.633
-0.484 -0.242 -0.633
-0.484 -0.242 -0.633
-0.484 -0.242 -0.632
-0.483 -0.242 -0.632
-0.483 -0.241 -0.631
-0.482 -0.241 -0.631
-0.481 -0.241 -0.630
-0.480 -0.241 -0.629
-0.479 -0.242 -0.628
-0.478 -0.242 -0.627
-0.477 -0.242 -0.626
-0.476 -0.241 -0.625
-0.475 -0.241 -0.624
-0.473 -0.241 -0.623
-0.472 -0.241 -0.622
-0.470 -0.241 -0.621
-0.469 -0.241 -0.619
-0.467 -0.241 -0.618
-0.466 -0.241 -0.617
-0.464 -0.241 -0.615
-0.462 -0.241 -0.614
-0.460 -0.241 -0.612
-0.458 -0.242 -0.611
-0.456 -0.242 -0.609
-0.454 -0.242 -0.608
-0.452 -0.242 -0.606
-0.451 -0.243 -0.604
-0.448 -0.243 -0.603
-0.447 -0.243 -0.601
-0.444 -0.243 -0.599
-0.442 -0.243 -0.597
-0.440 -0.244 -0.596
-0.438 -0.244 -0.594
-0.437 -0.244 -0.592
-0.435 -0.244 -0.590
-0.433 -0.244 -0.589
-0.431 -0.245 -0.587
-0.429 -0.245 -0.585
-0.428 -0.245 -0.583
-0.426 -0.245 -0.582
-0.425 -0.245 -0.580
-0.423 -0.245 -0.578
-0.422 -0.245 -0.577
-0.421 -0.245 -0.575
-0.419 -0.246 -0.573
-0.418 -0.246 -0.572
-0.417 -0.246 -0.570
-0.415 -0.246 -0.569
-0.414 -0.246 -0.568
-0.413 -0.246 -0.566
-0.411 -0.247 -0.565
-0.410 -0.247 -0.564
-0.409 -0.247 -0.562
-0.408 -0.247 -0.561
-0.407 -0.247 -0.560
-0.406 -0.247 -0.559
-0.405 -0.247 -0.558
-0.405 -0.247 -0.557
-0.404 -0.247 -0.556
-0.404 -0.247 -0.555
-0.403 -0.247 -0.554
-0.403 -0.248 -0.553
-0.402 -0.248 -0.552
-0.402 -0.247 -0.551
-0.402 -0.247 -0.550
-0.401 -0.248 -0.549
-0.401 -0.248 -0.548
-0.401 -0.247 -0.547
-0.401 -0.247 -0.546
-0.400 -0.247 -0.545
-0.400 -0.247 -0.544
-0.400 -0.247 -0.543
-0.398 -0.247 -0.542
-0.398 -0.247 -0.541
-0.398 -0.247 -0.540
-0.397 -0.246 -0.539
-0.397 -0.246 -0.538
-0.396 -0.246 -0.537
-0.396 -0.246 -0.536
-0.395 -0.246 -0.535
-0.395 -0.246 -0.534
-0.394 -0.246 -0.533
-0.394 -0.246 -0.532
-0.393 -0.246 -0.530
-0.393 -0.245 -0.529
-0.392 -0.245 -0.528
-0.391 -0.245 -0.527
-0.391 -0.245 -0.525
-0.390 -0.245 -0.524
-0.389 -0.244 -0.523
-0.388 -0.244 -0.521
-0.388 -0.244 -0.520
-0.386 -0.244 -0.518
-0.386 -0.244 -0.517
-0.385 -0.244 -0.515
-0.384 -0.243 -0.513
-0.383 -0.243 -0.512
-0.382 -0.243 -0.510
