x y z
-1.191 2.279 -0.308
-1.190 2.280 -0.307
-1.190 2.280 -0.305
-1.190 2.280 -0.304
-1.189 2.280 -0.303
-1.189 2.280 -0.301
-1.189 2.280 -0.300
-1.189 2.280 -0.298
-1.188 2.280 -0.297
-1.188 2.280 -0.295
-1.188 2.280 -0.294
-1.188 2.280 -0.292
-1.188 2.280 -0.291
-1.188 2.280 -0.290
-1.187 2.280 -0.288
-1.187 2.280 -0.287
-1.187 2.280 -0.285
-1.187 2.280 -0.284
-1.187 2.280 -0.283
-1.187 2.280 -0.282
-1.187 2.281 -0.280
-1.187 2.281 -0.278
-1.186 2.281 -0.277
-1.186 2.281 -0.276
-1.186 2.280 -0.275
-1.186 2.281 -0.273
-1.186 2.281 -0.272
-1.186 2.280 -0.270
-1.186 2.281 -0.269
-1.186 2.281 -0.267
-1.186 2.281 -0.266
-1.186 2.281 -0.265
-1.185 2.281 -0.263
-1.185 2.281 -0.262
-1.185 2.281 -0.261
-1.185 2.281 -0.260
-1.185 2.281 -0.259
-1.185 2.281 -0.257
-1.185 2.282 -0.256
-1.185 2.282 -0.254
-1.185 2.282 -0.253
-1.185 2.282 -0.252
-1.185 2.282 -0.250
-1.185 2.282 -0.249
-1.185 2.282 -0.248
-1.184 2.282 -0.246
-1.184 2.282 -0.245
-1.184 2.282 -0.244
-1.184 2.282 -0.242
-1.184 2.282 -0.241
-1.183 2.282 -0.240
-1.183 2.282 -0.239
-1.182 2.282 -0.237
-1.182 2.283 -0.236
-1.182 2.283 -0.235
-1.181 2.283 -0.234
-1.180 2.283 -0.232
-1.179 2.283 -0.231
-1.179 2.283 -0.230
-1.179 2.283 -0.228
-1.178 2.283 -0.227
-1.178 2.284 -0.226
-1.177 2.284 -0.224
-1.175 2.285 -0.223
-1.173 2.286 -0.222
-1.168 2.288 -0.221
-1.164 2.291 -0.219
-1.157 2.294 -0.219
-1.151 2.299 -0.218
-1.144 2.303 -0.218
-1.136 2.309 -0.218
-1.128 2.315 -0.218
-1.119 2.321 -0.217
-1.111 2.327 -0.217
-1.100 2.334 -0.218
-1.090 2.339 -0.217
-1.081 2.345 -0.214
-1.071 2.351 -0.213
-1.061 2.357 -0.212
-1.050 2.363 -0.210
-1.040 2.369 -0.209
-1.029 2.375 -0.208
-1.018 2.382 -0.207
-1.007 2.388 -0.205
-0.996 2.395 -0.204
-0.985 2.402 -0.203
-0.973 2.408 -0.202
-0.962 2.415 -0.201
-0.951 2.421 -0.200
-0.939 2.428 -0.199
-0.928 2.435 -0.198
-0.916 2.442 -0.197
-0.904 2.449 -0.196
-0.892 2.455 -0.196
-0.880 2.462 -0.195
-0.868 2.470 -0.195
-0.856 2.477 -0.194
-0.844 2.484 -0.193
-0.832 2.491 -0.193
-0.819 2.498 -0.193
-0.806 2.505 -0.193
-0.794 2.513 -0.193
-0.781 2.520 -0.193
-0.768 2.528 -0.194
-0.755 2.535 -0.194
-0.742 2.543 -0.194
-0.728 2.550 -0.195
-0.716 2.558 -0.195
-0.703 2.565 -0.196
-0.690 2.573 -0.197
-0.676 2.581 -0.198
-0.662 2.589 -0.198
-0.649 2.597 -0.200
-0.636 2.604 -0.201
-0.623 2.612 -0.202
-0.609 2.620 -0.203
-0.595 2.628 -0.205
-0.582 2.636 -0.206
-0.569 2.644 -0.207
-0.555 2.652 -0.209
-0.541 2.660 -0.211
-0.528 2.668 -0.212
-0.515 2.676 -0.214
-0.501 2.684 -0.216
-0.487 2.692 -0.217
-0.474 2.700 -0.220
-0.460 2.708 -0.222
-0.446 2.716 -0.225
-0.432 2.725 -0.227
-0.418 2.733 -0.229
-0.405 2.742 -0.232
-0.391 2.750 -0.235
-0.377 2.759 -0.237
-0.363 2.768 -0.239
-0.348 2.776 -0.242
-0.334 2.784 -0.245
-0.321 2.794 -0.248
-0.307 2.801 -0.251
-0.295 2.807 -0.253
-0.285 2.814 -0.255
-0.276 2.820 -0.257
-0.270 2.823 -0.258
-0.268 2.824 -0.258
-0.268 2.823 -0.260
-0.271 2.821 -0.261
-0.276 2.819 -0.262
-0.283 2.814 -0.263
-0.290 2.808 -0.264
-0.296 2.803 -0.265
-0.300 2.800 -0.265
-0.303 2.796 -0.265
-0.305 2.791 -0.265
-0.305 2.785 -0.266
-0.307 2.783 -0.266
-0.307 2.780 -0.265
-0.307 2.778 -0.265
-0.307 2.774 -0.265
-0.304 2.771 -0.265
-0.303 2.769 -0.265
-0.302 2.768 -0.265
-0.300 2.766 -0.265
-0.297 2.763 -0.267
-0.295 2.762 -0.267
-0.292 2.760 -0.267
-0.290 2.759 -0.267
-0.289 2.758 -0.267
-0.287 2.757 -0.267
-0.284 2.756 -0.267
-0.282 2.756 -0.267
-0.279 2.755 -0.267
-0.277 2.754 -0.267
-0.273 2.754 -0.267
-0.271 2.754 -0.266
-0.268 2.753 -0.266
-0.263 2.752 -0.269
-0.259 2.751 -0.268
-0.256 2.751 -0.268
-0.253 2.751 -0.268
-0.250 2.750 -0.267
-0.247 2.750 -0.267
-0.243 2.750 -0.266
-0.240 2.750 -0.266
-0.237 2.749 -0.266
-0.234 2.749 -0.265
-0.231 2.749 -0.265
-0.229 2.749 -0.264
-0.226 2.748 -0.264
-0.223 2.748 -0.263
-0.220 2.748 -0.263
-0.217 2.748 -0.262
-0.215 2.748 -0.262
-0.213 2.747 -0.261
-0.210 2.747 -0.261
-0.208 2.747 -0.260
-0.206 2.747 -0.260
-0.203 2.747 -0.259
-0.201 2.747 -0.259
-0.200 2.747 -0.258
-0.197 2.746 -0.258
-0.196 2.746 -0.257
-0.194 2.746 -0.257
-0.193 2.746 -0.257
-0.192 2.746 -0.256
-0.190 2.746 -0.256
-0.188 2.745 -0.256
-0.187 2.745 -0.256
-0.186 2.745 -0.255
-0.185 2.745 -0.255
-0.184 2.745 -0.255
-0.183 2.745 -0.255
-0.182 2.745 -0.254
-0.181 2.745 -0.254
-0.180 2.745 -0.253
-0.179 2.744 -0.253
-0.178 2.744 -0.253
-0.178 2.744 -0.253
-0.177 2.744 -0.253
-0.176 2.744 -0.252
-0.176 2.744 -0.252
-0.175 2.744 -0.252
-0.174 2.744 -0.252
-0.174 2.744 -0.251
-0.173 2.744 -0.251
-0.172 2.744 -0.251
-0.172 2.743 -0.250
-0.172 2.745 -0.251
-0.171 2.745 -0.251
-0.171 2.745 -0.251
-0.170 2.745 -0.251
-0.170 2.744 -0.250
-0.170 2.744 -0.248
-0.171 2.744 -0.246
-0.167 2.744 -0.249
-0.167 2.744 -0.248
-0.168 2.743 -0.245
-0.168 2.743 -0.244
-0.167 2.743 -0.243
-0.166 2.743 -0.243
-0.165 2.743 -0.242
-0.164 2.743 -0.242
-0.163 2.743 -0.241
-0.162 2.742 -0.240
-0.161 2.742 -0.240
-0.161 2.741 -0.239
-0.160 2.741 -0.238
-0.159 2.741 -0.237
-0.158 2.740 -0.236
-0.156 2.740 -0.235
-0.155 2.739 -0.234
-0.154 2.739 -0.233
-0.154 2.739 -0.232
-0.153 2.739 -0.231
-0.152 2.738 -0.230
-0.151 2.738 -0.229
-0.150 2.737 -0.229
-0.149 2.737 -0.227
-0.148 2.737 -0.226
-0.146 2.737 -0.225
-0.145 2.736 -0.224
-0.144 2.736 -0.223
-0.143 2.736 -0.222
-0.141 2.735 -0.221
-0.140 2.735 -0.220
-0.139 2.735 -0.218
-0.137 2.734 -0.217
-0.136 2.734 -0.216
-0.135 2.734 -0.215
-0.133 2.734 -0.215
-0.132 2.734 -0.214
-0.131 2.734 -0.213
-0.129 2.735 -0.213
-0.129 2.734 -0.211
-0.127 2.734 -0.210
-0.126 2.734 -0.209
-0.125 2.733 -0.208
-0.124 2.733 -0.206
-0.123 2.733 -0.205
-0.122 2.732 -0.204
-0.121 2.732 -0.202
-0.120 2.732 -0.201
-0.119 2.732 -0.200
-0.118 2.732 -0.199
-0.117 2.732 -0.198
-0.116 2.731 -0.196
-0.115 2.731 -0.195
-0.114 2.731 -0.194
-0.113 2.731 -0.193
-0.113 2.731 -0.192
-0.112 2.731 -0.191
-0.111 2.731 -0.190
-0.110 2.731 -0.189
-0.110 2.731 -0.188
-0.109 2.730 -0.186
-0.109 2.730 -0.185
-0.108 2.730 -0.184
-0.107 2.730 -0.183
-0.107 2.730 -0.182
-0.106 2.730 -0.181
-0.106 2.730 -0.180
-0.106 2.729 -0.179
-0.105 2.729 -0.178
-0.105 2.729 -0.177
-0.104 2.729 -0.176
-0.104 2.729 -0.175
-0.103 2.729 -0.174
-0.103 2.729 -0.173
-0.102 2.729 -0.171
-0.101 2.729 -0.170
-0.101 2.729 -0.169
-0.100 2.730 -0.168
-0.100 2.729 -0.167
-0.099 2.729 -0.166
-0.099 2.729 -0.165
-0.098 2.729 -0.164
-0.098 2.729 -0.163
-0.098 2.728 -0.161
-0.098 2.728 -0.160
-0.098 2.728 -0.158
-0.097 2.727 -0.157
-0.097 2.727 -0.156
-0.097 2.727 -0.155
-0.096 2.726 -0.154
-0.095 2.726 -0.153
-0.095 2.726 -0.151
-0.095 2.725 -0.150
-0.095 2.725 -0.148
-0.094 2.725 -0.147
-0.094 2.725 -0.145
-0.093 2.725 -0.144
-0.092 2.724 -0.143
-0.092 2.724 -0.141
-0.091 2.723 -0.140
-0.091 2.723 -0.138
-0.090 2.723 -0.137
-0.089 2.723 -0.136
-0.089 2.722 -0.134
-0.089 2.722 -0.133
-0.088 2.721 -0.131
-0.087 2.721 -0.130
-0.087 2.721 -0.128
-0.086 2.721 -0.127
-0.086 2.720 -0.125
-0.085 2.720 -0.123
-0.085 2.720 -0.122
-0.084 2.720 -0.120
-0.083 2.719 -0.118
-0.083 2.719 -0.117
-0.082 2.718 -0.115
-0.082 2.718 -0.114
-0.082 2.717 -0.112
-0.081 2.717 -0.111
-0.081 2.716 -0.109
-0.081 2.716 -0.108
-0.080 2.716 -0.106
-0.080 2.715 -0.104
-0.080 2.715 -0.103
-0.079 2.714 -0.101
-0.078 2.714 -0.100
-0.078 2.714 -0.098
-0.078 2.713 -0.096
-0.077 2.713 -0.095
-0.077 2.713 -0.093
-0.076 2.713 -0.092
-0.076 2.713 -0.090
-0.075 2.712 -0.089
-0.074 2.712 -0.087
-0.074 2.712 -0.085
-0.074 2.712 -0.084
-0.073 2.711 -0.082
-0.073 2.711 -0.081
-0.072 2.711 -0.079
-0.072 2.711 -0.077
-0.072 2.711 -0.076
-0.071 2.710 -0.074
-0.071 2.710 -0.073
-0.071 2.710 -0.071
-0.072 2.710 -0.070
-0.071 2.709 -0.068
-0.071 2.709 -0.067
-0.071 2.709 -0.066
-0.071 2.709 -0.064
-0.070 2.708 -0.063
-0.070 2.708 -0.061
-0.070 2.708 -0.060
-0.070 2.708 -0.058
-0.069 2.708 -0.056
-0.069 2.708 -0.055
-0.069 2.708 -0.053
-0.068 2.708 -0.051
-0.068 2.707 -0.050
-0.067 2.708 -0.048
-0.067 2.707 -0.047
-0.067 2.707 -0.045
-0.067 2.707 -0.043
-0.067 2.707 -0.042
-0.066 2.706 -0.040
-0.066 2.706 -0.038
-0.068 2.706 -0.036
-0.069 2.706 -0.035
-0.068 2.705 -0.033
-0.068 2.705 -0.032
-0.068 2.705 -0.030
-0.068 2.704 -0.028
-0.068 2.704 -0.026
-0.068 2.704 -0.025
-0.067 2.704 -0.023
-0.067 2.703 -0.021
-0.067 2.703 -0.019
-0.066 2.703 -0.018
-0.066 2.703 -0.016
-0.066 2.703 -0.014
-0.065 2.703 -0.012
-0.065 2.702 -0.010
-0.065 2.702 -0.009
-0.065 2.702 -0.007
-0.065 2.701 -0.005
-0.064 2.701 -0.003
-0.064 2.701 -0.001
-0.064 2.700 0.000
-0.064 2.700 0.002
-0.064 2.699 0.004
-0.064 2.699 0.006
-0.064 2.698 0.008
-0.065 2.698 0.009
-0.065 2.698 0.011
-0.065 2.698 0.013
-0.064 2.698 0.015
-0.064 2.698 0.016
-0.064 2.698 0.018
-0.064 2.697 0.020
-0.063 2.697 0.022
-0.063 2.697 0.024
-0.063 2.697 0.026
-0.062 2.696 0.028
-0.062 2.696 0.030
-0.062 2.696 0.032
-0.062 2.695 0.033
-0.062 2.695 0.035
-0.059 2.693 0.037
-0.059 2.692 0.039
-0.059 2.692 0.041
-0.059 2.692 0.043
-0.059 2.691 0.045
-0.059 2.691 0.047
-0.059 2.691 0.049
-0.058 2.691 0.051
-0.058 2.690 0.052
-0.058 2.690 0.054
-0.058 2.690 0.056
-0.057 2.690 0.058
-0.057 2.690 0.060
-0.057 2.690 0.062
-0.057 2.690 0.064
-0.057 2.689 0.066
-0.057 2.689 0.068
-0.057 2.689 0.070
-0.057 2.689 0.072
