x y z
-1.159 1.347 -0.435
-1.160 1.346 -0.434
-1.160 1.346 -0.432
-1.160 1.346 -0.431
-1.161 1.346 -0.430
-1.162 1.347 -0.429
-1.161 1.346 -0.427
-1.162 1.346 -0.425
-1.162 1.346 -0.424
-1.163 1.346 -0.422
-1.163 1.346 -0.421
-1.163 1.346 -0.420
-1.164 1.345 -0.419
-1.164 1.345 -0.417
-1.165 1.344 -0.415
-1.166 1.345 -0.416
-1.165 1.343 -0.413
-1.165 1.343 -0.411
-1.166 1.343 -0.410
-1.166 1.343 -0.409
-1.166 1.342 -0.407
-1.166 1.342 -0.406
-1.166 1.343 -0.405
-1.166 1.342 -0.403
-1.166 1.342 -0.401
-1.166 1.342 -0.400
-1.166 1.342 -0.399
-1.166 1.342 -0.397
-1.166 1.342 -0.395
-1.166 1.342 -0.394
-1.166 1.342 -0.393
-1.166 1.342 -0.392
-1.166 1.342 -0.391
-1.166 1.342 -0.389
-1.166 1.342 -0.388
-1.167 1.341 -0.387
-1.167 1.341 -0.385
-1.167 1.340 -0.384
-1.167 1.341 -0.383
-1.167 1.340 -0.381
-1.167 1.340 -0.380
-1.167 1.340 -0.379
-1.168 1.339 -0.378
-1.167 1.339 -0.376
-1.168 1.339 -0.375
-1.168 1.339 -0.374
-1.169 1.339 -0.373
-1.168 1.339 -0.372
-1.168 1.339 -0.370
-1.168 1.339 -0.369
-1.168 1.339 -0.368
-1.168 1.339 -0.367
-1.169 1.339 -0.366
-1.169 1.339 -0.365
-1.169 1.339 -0.364
-1.169 1.339 -0.363
-1.169 1.339 -0.362
-1.169 1.339 -0.361
-1.169 1.339 -0.359
-1.169 1.339 -0.358
-1.169 1.339 -0.357
-1.169 1.339 -0.356
-1.169 1.340 -0.356
-1.169 1.340 -0.355
-1.169 1.340 -0.353
-1.169 1.340 -0.352
-1.169 1.340 -0.351
-1.169 1.340 -0.350
-1.169 1.340 -0.349
-1.169 1.340 -0.348
-1.169 1.339 -0.347
-1.169 1.339 -0.346
-1.169 1.338 -0.346
-1.168 1.337 -0.345
-1.167 1.336 -0.344
-1.166 1.335 -0.343
-1.165 1.335 -0.342
-1.163 1.335 -0.341
-1.161 1.335 -0.340
-1.158 1.336 -0.339
-1.156 1.337 -0.338
-1.152 1.338 -0.338
-1.149 1.339 -0.337
-1.145 1.341 -0.337
-1.140 1.343 -0.335
-1.135 1.346 -0.336
-1.131 1.348 -0.336
-1.125 1.351 -0.336
-1.120 1.354 -0.336
-1.115 1.357 -0.336
-1.109 1.361 -0.335
-1.104 1.363 -0.335
-1.099 1.366 -0.335
-1.093 1.369 -0.335
-1.087 1.372 -0.335
-1.081 1.374 -0.334
-1.076 1.376 -0.334
-1.070 1.379 -0.334
-1.065 1.381 -0.334
-1.059 1.383 -0.333
-1.053 1.385 -0.333
-1.048 1.388 -0.332
-1.042 1.390 -0.332
-1.036 1.392 -0.332
-1.030 1.395 -0.331
-1.024 1.397 -0.331
-1.018 1.400 -0.331
-1.013 1.402 -0.330
-1.006 1.405 -0.330
-1.000 1.408 -0.330
-0.994 1.411 -0.330
-0.988 1.414 -0.329
-0.982 1.417 -0.329
-0.976 1.420 -0.329
-0.969 1.423 -0.329
-0.963 1.426 -0.329
-0.957 1.429 -0.329
-0.950 1.433 -0.329
-0.944 1.436 -0.329
-0.937 1.439 -0.329
-0.930 1.442 -0.329
-0.924 1.446 -0.330
-0.917 1.449 -0.330
-0.910 1.453 -0.330
-0.903 1.456 -0.331
-0.896 1.459 -0.331
-0.888 1.463 -0.332
-0.881 1.467 -0.332
-0.874 1.470 -0.332
-0.867 1.474 -0.333
-0.859 1.477 -0.333
-0.851 1.481 -0.334
-0.844 1.485 -0.334
-0.836 1.488 -0.335
-0.828 1.492 -0.336
-0.821 1.496 -0.336
-0.813 1.500 -0.337
-0.806 1.503 -0.338
-0.798 1.507 -0.338
-0.790 1.511 -0.339
-0.783 1.515 -0.340
-0.775 1.518 -0.340
-0.768 1.522 -0.341
-0.760 1.526 -0.342
-0.752 1.530 -0.343
-0.745 1.534 -0.344
-0.737 1.538 -0.345
-0.729 1.541 -0.346
-0.721 1.545 -0.346
-0.714 1.549 -0.348
-0.706 1.553 -0.349
-0.698 1.557 -0.349
-0.690 1.561 -0.350
-0.684 1.565 -0.351
-0.680 1.568 -0.352
-0.678 1.570 -0.353
-0.677 1.572 -0.353
-0.678 1.572 -0.355
-0.680 1.572 -0.356
-0.682 1.572 -0.358
-0.686 1.570 -0.359
-0.690 1.569 -0.361
-0.693 1.568 -0.363
-0.696 1.567 -0.365
-0.699 1.566 -0.366
-0.700 1.565 -0.368
-0.702 1.564 -0.369
-0.703 1.563 -0.370
-0.704 1.562 -0.371
-0.704 1.561 -0.372
-0.704 1.560 -0.373
-0.705 1.559 -0.374
-0.704 1.559 -0.374
-0.704 1.558 -0.375
-0.703 1.558 -0.375
-0.702 1.557 -0.376
-0.701 1.557 -0.376
-0.700 1.557 -0.377
-0.699 1.557 -0.377
-0.697 1.556 -0.377
-0.696 1.556 -0.378
-0.694 1.556 -0.378
-0.692 1.556 -0.378
-0.691 1.556 -0.378
-0.689 1.556 -0.379
-0.687 1.556 -0.379
-0.685 1.555 -0.379
-0.683 1.555 -0.379
-0.682 1.555 -0.379
-0.680 1.555 -0.379
-0.678 1.555 -0.379
-0.676 1.554 -0.379
-0.674 1.554 -0.379
-0.672 1.554 -0.379
-0.670 1.554 -0.379
-0.668 1.554 -0.379
-0.666 1.554 -0.379
-0.664 1.554 -0.379
-0.662 1.554 -0.379
-0.660 1.554 -0.379
-0.658 1.554 -0.378
-0.656 1.554 -0.378
-0.654 1.555 -0.378
-0.651 1.555 -0.378
-0.650 1.555 -0.378
-0.648 1.556 -0.378
-0.646 1.556 -0.378
-0.644 1.557 -0.378
-0.642 1.557 -0.378
-0.641 1.557 -0.378
-0.639 1.558 -0.378
-0.638 1.558 -0.378
-0.636 1.558 -0.378
-0.635 1.558 -0.378
-0.633 1.559 -0.378
-0.632 1.559 -0.378
-0.631 1.559 -0.378
-0.630 1.560 -0.378
-0.629 1.560 -0.378
-0.628 1.560 -0.378
-0.627 1.561 -0.378
-0.626 1.561 -0.378
-0.625 1.562 -0.378
-0.625 1.562 -0.378
-0.624 1.563 -0.378
-0.623 1.563 -0.378
-0.622 1.563 -0.378
-0.622 1.564 -0.378
-0.621 1.564 -0.378
-0.621 1.564 -0.379
-0.620 1.564 -0.379
-0.620 1.565 -0.379
-0.619 1.565 -0.379
-0.619 1.565 -0.379
-0.618 1.565 -0.379
-0.618 1.566 -0.379
-0.617 1.566 -0.379
-0.617 1.566 -0.379
-0.617 1.566 -0.379
-0.616 1.566 -0.379
-0.616 1.567 -0.379
-0.615 1.567 -0.379
-0.615 1.567 -0.379
-0.614 1.567 -0.379
-0.614 1.567 -0.378
-0.614 1.567 -0.378
-0.613 1.567 -0.378
-0.613 1.567 -0.378
-0.612 1.567 -0.378
-0.612 1.567 -0.378
-0.611 1.567 -0.377
-0.611 1.567 -0.377
-0.610 1.567 -0.377
-0.609 1.567 -0.377
-0.609 1.567 -0.376
-0.608 1.567 -0.376
-0.608 1.566 -0.376
-0.607 1.566 -0.375
-0.606 1.566 -0.375
-0.606 1.566 -0.375
-0.605 1.566 -0.374
