x y z
-1.729 1.168 -0.404
-1.728 1.167 -0.403
-1.727 1.165 -0.403
-1.726 1.164 -0.402
-1.724 1.163 -0.402
-1.723 1.161 -0.401
-1.722 1.160 -0.401
-1.721 1.159 -0.400
-1.720 1.158 -0.399
-1.718 1.156 -0.399
-1.717 1.155 -0.398
-1.716 1.154 -0.397
-1.715 1.152 -0.397
-1.714 1.152 -0.396
-1.712 1.150 -0.396
-1.711 1.149 -0.395
-1.710 1.148 -0.394
-1.709 1.147 -0.394
-1.708 1.146 -0.393
-1.706 1.145 -0.393
-1.705 1.144 -0.392
-1.704 1.142 -0.392
-1.703 1.141 -0.391
-1.702 1.140 -0.390
-1.700 1.139 -0.390
-1.699 1.137 -0.389
-1.698 1.136 -0.389
-1.697 1.135 -0.388
-1.696 1.134 -0.388
-1.695 1.132 -0.387
-1.693 1.131 -0.387
-1.692 1.129 -0.386
-1.691 1.128 -0.386
-1.689 1.127 -0.386
-1.688 1.126 -0.385
-1.687 1.125 -0.385
-1.685 1.124 -0.385
-1.684 1.123 -0.385
-1.683 1.122 -0.384
-1.681 1.120 -0.384
-1.680 1.120 -0.384
-1.678 1.118 -0.384
-1.677 1.117 -0.384
-1.675 1.116 -0.384
-1.674 1.115 -0.383
-1.672 1.114 -0.383
-1.671 1.113 -0.383
-1.670 1.112 -0.383
-1.668 1.111 -0.383
-1.667 1.110 -0.383
-1.666 1.109 -0.383
-1.664 1.108 -0.383
-1.663 1.107 -0.383
-1.662 1.106 -0.383
-1.660 1.104 -0.383
-1.659 1.103 -0.383
-1.658 1.102 -0.383
-1.657 1.100 -0.383
-1.656 1.099 -0.384
-1.655 1.098 -0.384
-1.654 1.096 -0.384
-1.653 1.095 -0.384
-1.651 1.093 -0.385
-1.650 1.092 -0.385
-1.649 1.091 -0.385
-1.648 1.090 -0.385
-1.647 1.089 -0.386
-1.645 1.087 -0.386
-1.644 1.086 -0.386
-1.643 1.085 -0.386
-1.641 1.084 -0.386
-1.640 1.083 -0.386
-1.639 1.082 -0.386
-1.637 1.080 -0.386
-1.636 1.079 -0.387
-1.634 1.077 -0.387
-1.632 1.074 -0.387
-1.629 1.071 -0.388
-1.626 1.068 -0.388
-1.623 1.063 -0.389
-1.619 1.058 -0.389
-1.615 1.053 -0.390
-1.611 1.049 -0.391
-1.607 1.043 -0.392
-1.603 1.038 -0.393
-1.599 1.032 -0.393
-1.595 1.027 -0.395
-1.590 1.022 -0.396
-1.585 1.016 -0.397
-1.580 1.010 -0.398
-1.575 1.005 -0.400
-1.570 0.999 -0.401
-1.565 0.993 -0.402
-1.559 0.987 -0.404
-1.554 0.982 -0.406
-1.548 0.976 -0.407
-1.542 0.970 -0.409
-1.537 0.964 -0.410
-1.531 0.957 -0.412
-1.525 0.951 -0.413
-1.519 0.945 -0.415
-1.513 0.938 -0.416
-1.507 0.932 -0.419
-1.501 0.926 -0.420
-1.494 0.920 -0.422
-1.488 0.913 -0.424
-1.482 0.907 -0.426
-1.476 0.900 -0.428
-1.469 0.894 -0.430
-1.463 0.887 -0.432
-1.457 0.881 -0.434
-1.451 0.874 -0.436
-1.445 0.867 -0.438
-1.439 0.861 -0.440
-1.433 0.854 -0.443
-1.426 0.847 -0.445
-1.420 0.840 -0.447
-1.414 0.833 -0.450
-1.408 0.825 -0.452
-1.402 0.818 -0.455
-1.396 0.810 -0.457
-1.390 0.803 -0.460
-1.384 0.796 -0.463
-1.377 0.789 -0.465
-1.372 0.781 -0.467
-1.365 0.773 -0.470
-1.359 0.766 -0.473
-1.352 0.758 -0.476
-1.346 0.751 -0.478
-1.340 0.744 -0.481
-1.333 0.736 -0.484
-1.327 0.729 -0.487
-1.320 0.721 -0.490
-1.314 0.713 -0.493
-1.307 0.706 -0.495
-1.300 0.698 -0.498
-1.294 0.690 -0.501
-1.287 0.682 -0.504
-1.280 0.674 -0.507
-1.273 0.666 -0.510
-1.266 0.658 -0.513
-1.259 0.650 -0.517
-1.252 0.642 -0.520
-1.245 0.634 -0.523
-1.238 0.626 -0.526
-1.232 0.617 -0.529
-1.225 0.609 -0.532
-1.218 0.601 -0.535
-1.211 0.593 -0.538
-1.204 0.584 -0.541
-1.197 0.576 -0.544
-1.190 0.568 -0.548
-1.184 0.560 -0.551
-1.178 0.553 -0.553
-1.174 0.549 -0.556
-1.172 0.545 -0.557
-1.171 0.544 -0.559
-1.172 0.544 -0.560
-1.173 0.546 -0.562
-1.176 0.549 -0.564
-1.179 0.552 -0.565
-1.182 0.556 -0.567
-1.185 0.559 -0.569
-1.186 0.561 -0.571
-1.188 0.562 -0.572
-1.189 0.563 -0.574
-1.190 0.563 -0.575
-1.190 0.564 -0.576
-1.191 0.564 -0.578
-1.192 0.564 -0.579
-1.192 0.564 -0.580
-1.193 0.564 -0.580
-1.193 0.563 -0.581
-1.193 0.562 -0.582
-1.193 0.561 -0.582
-1.192 0.561 -0.583
-1.192 0.560 -0.583
-1.192 0.558 -0.584
-1.191 0.557 -0.584
-1.191 0.556 -0.584
-1.190 0.554 -0.584
-1.189 0.553 -0.585
-1.188 0.551 -0.585
-1.187 0.550 -0.585
-1.186 0.548 -0.585
-1.186 0.546 -0.585
-1.184 0.544 -0.585
-1.183 0.542 -0.585
-1.182 0.539 -0.585
-1.181 0.537 -0.585
-1.180 0.534 -0.585
-1.179 0.532 -0.584
-1.178 0.530 -0.584
-1.177 0.527 -0.584
-1.175 0.525 -0.584
-1.174 0.522 -0.584
-1.173 0.520 -0.583
-1.171 0.517 -0.583
-1.170 0.515 -0.582
-1.169 0.513 -0.582
-1.168 0.511 -0.582
-1.166 0.509 -0.581
-1.165 0.507 -0.581
-1.164 0.505 -0.581
-1.162 0.504 -0.581
-1.161 0.502 -0.580
-1.160 0.501 -0.580
-1.159 0.499 -0.580
-1.157 0.498 -0.580
-1.156 0.497 -0.580
-1.155 0.496 -0.580
-1.154 0.494 -0.580
-1.153 0.493 -0.580
-1.152 0.492 -0.581
-1.151 0.491 -0.581
-1.150 0.491 -0.581
-1.149 0.490 -0.581
-1.148 0.489 -0.582
-1.147 0.489 -0.582
-1.146 0.488 -0.583
-1.146 0.488 -0.583
-1.145 0.487 -0.584
-1.144 0.487 -0.585
-1.143 0.486 -0.585
-1.143 0.486 -0.586
-1.142 0.486 -0.587
-1.142 0.486 -0.588
-1.141 0.485 -0.589
-1.140 0.485 -0.590
-1.140 0.485 -0.591
-1.139 0.485 -0.591
-1.139 0.485 -0.593
-1.138 0.485 -0.594
-1.137 0.485 -0.594
-1.136 0.485 -0.595
-1.136 0.485 -0.596
-1.135 0.484 -0.597
-1.135 0.484 -0.598
-1.134 0.484 -0.598
-1.132 0.484 -0.600
-1.132 0.483 -0.600
-1.131 0.483 -0.601
-1.130 0.482 -0.602
-1.129 0.482 -0.603
-1.128 0.481 -0.603
-1.127 0.481 -0.604
-1.126 0.480 -0.605
-1.125 0.480 -0.606
-1.124 0.479 -0.606
-1.123 0.478 -0.607
-1.122 0.477 -0.608
-1.121 0.477 -0.608
-1.119 0.476 -0.609
-1.118 0.475 -0.609
-1.117 0.474 -0.610
-1.116 0.473 -0.610
-1.115 0.472 -0.611
-1.114 0.471 -0.611
-1.113 0.470 -0.612
-1.112 0.469 -0.612
-1.110 0.467 -0.612
-1.109 0.466 -0.613
-1.108 0.464 -0.613
-1.107 0.463 -0.614
-1.105 0.461 -0.614
-1.104 0.460 -0.614
-1.103 0.458 -0.614
-1.101 0.456 -0.615
-1.100 0.455 -0.615
-1.099 0.453 -0.615
-1.097 0.452 -0.615
-1.096 0.450 -0.615
-1.095 0.449 -0.616
-1.093 0.447 -0.616
-1.092 0.445 -0.616
-1.091 0.444 -0.616
-1.089 0.442 -0.616
-1.088 0.441 -0.616
-1.087 0.439 -0.617
-1.085 0.438 -0.617
-1.084 0.436 -0.617
-1.082 0.435 -0.617
-1.081 0.434 -0.618
-1.080 0.432 -0.618
-1.079 0.431 -0.618
-1.077 0.429 -0.618
-1.076 0.428 -0.619
-1.075 0.427 -0.619
-1.074 0.426 -0.619
-1.073 0.424 -0.620
-1.072 0.423 -0.620
-1.071 0.422 -0.621
-1.070 0.420 -0.621
-1.069 0.419 -0.621
-1.068 0.418 -0.622
-1.067 0.417 -0.623
-1.066 0.416 -0.623
