x y z
-1.782 0.993 -0.467
-1.782 0.993 -0.466
-1.781 0.992 -0.465
-1.781 0.991 -0.464
-1.780 0.990 -0.463
-1.779 0.989 -0.462
-1.779 0.988 -0.461
-1.778 0.987 -0.460
-1.778 0.985 -0.459
-1.777 0.984 -0.458
-1.776 0.982 -0.456
-1.776 0.981 -0.455
-1.775 0.980 -0.455
-1.774 0.978 -0.453
-1.774 0.977 -0.452
-1.773 0.976 -0.451
-1.772 0.975 -0.450
-1.771 0.974 -0.450
-1.770 0.973 -0.449
-1.769 0.972 -0.448
-1.769 0.971 -0.447
-1.768 0.970 -0.446
-1.767 0.969 -0.445
-1.766 0.968 -0.444
-1.765 0.968 -0.443
-1.764 0.966 -0.442
-1.763 0.966 -0.441
-1.763 0.965 -0.440
-1.762 0.964 -0.440
-1.761 0.963 -0.439
-1.760 0.962 -0.438
-1.759 0.961 -0.437
-1.758 0.960 -0.436
-1.758 0.959 -0.436
-1.757 0.958 -0.435
-1.756 0.957 -0.434
-1.755 0.956 -0.434
-1.754 0.956 -0.433
-1.754 0.955 -0.433
-1.753 0.954 -0.432
-1.752 0.953 -0.431
-1.751 0.952 -0.431
-1.750 0.952 -0.430
-1.749 0.951 -0.429
-1.748 0.950 -0.429
-1.747 0.949 -0.428
-1.746 0.948 -0.428
-1.744 0.947 -0.427
-1.743 0.946 -0.426
-1.742 0.946 -0.426
-1.741 0.945 -0.425
-1.740 0.944 -0.424
-1.739 0.943 -0.424
-1.738 0.942 -0.423
-1.736 0.942 -0.423
-1.735 0.941 -0.422
-1.734 0.941 -0.422
-1.733 0.940 -0.421
-1.732 0.939 -0.421
-1.731 0.938 -0.420
-1.730 0.938 -0.420
-1.729 0.936 -0.419
-1.729 0.935 -0.419
-1.728 0.934 -0.419
-1.727 0.934 -0.419
-1.726 0.933 -0.418
-1.725 0.933 -0.419
-1.722 0.933 -0.418
-1.720 0.934 -0.418
-1.718 0.935 -0.417
-1.714 0.936 -0.417
-1.711 0.938 -0.417
-1.708 0.939 -0.416
-1.704 0.942 -0.416
-1.700 0.944 -0.416
-1.696 0.948 -0.416
-1.691 0.951 -0.416
-1.687 0.955 -0.416
-1.683 0.959 -0.417
-1.678 0.963 -0.417
-1.674 0.967 -0.417
-1.669 0.971 -0.417
-1.664 0.975 -0.417
-1.659 0.979 -0.417
-1.654 0.983 -0.417
-1.649 0.987 -0.417
-1.643 0.990 -0.417
-1.638 0.994 -0.417
-1.633 0.998 -0.417
-1.627 1.001 -0.416
-1.622 1.005 -0.416
-1.616 1.008 -0.416
-1.611 1.012 -0.416
-1.605 1.015 -0.416
-1.600 1.019 -0.415
-1.594 1.022 -0.415
-1.588 1.026 -0.415
-1.583 1.030 -0.415
-1.577 1.033 -0.414
-1.572 1.037 -0.414
-1.566 1.040 -0.414
-1.560 1.044 -0.414
-1.555 1.047 -0.414
-1.549 1.051 -0.414
-1.543 1.055 -0.414
-1.537 1.058 -0.414
-1.532 1.062 -0.414
-1.526 1.066 -0.414
-1.520 1.070 -0.414
-1.514 1.074 -0.414
-1.508 1.078 -0.414
-1.502 1.082 -0.414
-1.496 1.086 -0.414
-1.490 1.090 -0.414
-1.484 1.094 -0.414
-1.477 1.099 -0.414
-1.471 1.103 -0.415
-1.465 1.107 -0.415
-1.458 1.112 -0.415
-1.452 1.116 -0.415
-1.445 1.121 -0.416
-1.439 1.126 -0.416
-1.432 1.130 -0.416
-1.425 1.135 -0.417
-1.418 1.140 -0.417
-1.411 1.145 -0.417
-1.405 1.149 -0.417
-1.398 1.154 -0.418
-1.392 1.158 -0.417
-1.385 1.163 -0.418
-1.378 1.168 -0.418
-1.371 1.173 -0.419
-1.364 1.178 -0.419
-1.357 1.183 -0.420
-1.350 1.188 -0.420
-1.344 1.193 -0.421
-1.337 1.198 -0.421
-1.330 1.203 -0.422
-1.323 1.208 -0.422
-1.316 1.214 -0.423
-1.309 1.219 -0.424
-1.302 1.224 -0.424
-1.295 1.229 -0.425
-1.288 1.234 -0.425
-1.285 1.238 -0.426
-1.280 1.241 -0.427
-1.278 1.243 -0.427
-1.276 1.244 -0.429
-1.276 1.243 -0.430
-1.276 1.242 -0.432
-1.280 1.239 -0.434
-1.282 1.236 -0.437
-1.284 1.233 -0.440
-1.286 1.231 -0.443
-1.288 1.229 -0.445
-1.289 1.227 -0.448
-1.291 1.224 -0.450
-1.291 1.222 -0.452
-1.291 1.220 -0.454
-1.292 1.218 -0.456
-1.291 1.216 -0.457
-1.291 1.215 -0.459
-1.290 1.213 -0.460
-1.289 1.212 -0.461
-1.288 1.210 -0.462
-1.286 1.209 -0.463
-1.285 1.208 -0.464
-1.283 1.206 -0.465
-1.281 1.205 -0.466
-1.279 1.204 -0.467
-1.277 1.203 -0.467
-1.275 1.202 -0.468
-1.273 1.200 -0.469
-1.271 1.199 -0.469
-1.268 1.198 -0.470
-1.266 1.196 -0.470
-1.264 1.195 -0.471
-1.261 1.194 -0.471
-1.259 1.192 -0.472
-1.256 1.191 -0.472
-1.253 1.190 -0.473
-1.250 1.189 -0.473
-1.248 1.189 -0.474
-1.244 1.187 -0.474
-1.241 1.187 -0.475
-1.238 1.186 -0.475
-1.235 1.185 -0.475
-1.232 1.185 -0.476
-1.229 1.184 -0.476
-1.226 1.183 -0.476
-1.224 1.183 -0.477
-1.221 1.182 -0.477
-1.218 1.182 -0.477
-1.216 1.181 -0.478
-1.213 1.181 -0.478
-1.211 1.180 -0.479
-1.209 1.179 -0.479
-1.206 1.179 -0.480
-1.204 1.178 -0.480
-1.202 1.178 -0.481
-1.200 1.177 -0.482
-1.198 1.177 -0.482
-1.195 1.176 -0.483
-1.193 1.176 -0.484
-1.191 1.175 -0.484
-1.189 1.175 -0.485
-1.188 1.175 -0.486
-1.186 1.174 -0.486
-1.184 1.174 -0.487
-1.182 1.174 -0.488
-1.181 1.173 -0.489
-1.179 1.173 -0.489
-1.178 1.173 -0.490
-1.176 1.172 -0.491
-1.175 1.172 -0.492
-1.174 1.171 -0.493
-1.172 1.171 -0.494
-1.171 1.171 -0.494
-1.169 1.170 -0.495
-1.168 1.170 -0.496
-1.167 1.170 -0.497
-1.166 1.169 -0.498
-1.164 1.169 -0.499
-1.163 1.168 -0.500
-1.162 1.168 -0.500
-1.160 1.168 -0.501
-1.159 1.167 -0.502
-1.159 1.166 -0.503
-1.158 1.166 -0.503
-1.157 1.166 -0.504
-1.155 1.165 -0.505
-1.154 1.165 -0.506
-1.153 1.164 -0.507
-1.152 1.163 -0.508
-1.150 1.163 -0.508
-1.149 1.162 -0.509
-1.148 1.162 -0.510
-1.146 1.161 -0.510
-1.145 1.160 -0.511
-1.144 1.159 -0.512
-1.142 1.159 -0.512
-1.141 1.158 -0.513
-1.140 1.157 -0.514
-1.138 1.156 -0.514
-1.137 1.155 -0.515
-1.135 1.154 -0.515
-1.134 1.153 -0.516
-1.133 1.152 -0.517
-1.131 1.151 -0.517
-1.130 1.150 -0.518
-1.128 1.149 -0.518
-1.127 1.148 -0.519
-1.125 1.147 -0.519
-1.124 1.146 -0.520
-1.122 1.145 -0.520
-1.121 1.144 -0.521
-1.119 1.143 -0.521
-1.117 1.143 -0.521
-1.116 1.142 -0.522
-1.114 1.141 -0.522
-1.112 1.140 -0.522
-1.111 1.139 -0.523
-1.109 1.138 -0.523
-1.107 1.137 -0.523
-1.106 1.136 -0.524
-1.104 1.135 -0.524
-1.102 1.134 -0.524
-1.101 1.133 -0.525
-1.099 1.132 -0.525
-1.097 1.131 -0.526
-1.096 1.130 -0.526
-1.094 1.129 -0.526
-1.093 1.128 -0.527
-1.091 1.127 -0.527
-1.090 1.126 -0.528
-1.088 1.125 -0.528
-1.086 1.124 -0.528
-1.085 1.123 -0.529
-1.083 1.123 -0.529
-1.081 1.122 -0.529
-1.080 1.121 -0.530
-1.078 1.121 -0.530
-1.077 1.120 -0.530
-1.075 1.119 -0.531
-1.073 1.118 -0.531
-1.072 1.118 -0.532
-1.071 1.117 -0.532
