x y z
-1.998 -0.278 -0.674
-1.998 -0.278 -0.671
-1.998 -0.278 -0.669
-1.998 -0.278 -0.667
-1.998 -0.277 -0.666
-1.998 -0.277 -0.664
-1.998 -0.277 -0.662
-1.998 -0.278 -0.660
-1.998 -0.278 -0.657
-1.998 -0.277 -0.655
-1.997 -0.277 -0.653
-1.996 -0.276 -0.652
-1.996 -0.276 -0.649
-1.996 -0.277 -0.647
-1.996 -0.277 -0.645
-1.996 -0.277 -0.643
-1.997 -0.277 -0.640
-1.997 -0.277 -0.638
-1.997 -0.278 -0.636
-1.997 -0.278 -0.634
-1.996 -0.278 -0.632
-1.996 -0.278 -0.630
-1.996 -0.278 -0.628
-1.996 -0.278 -0.626
-1.995 -0.279 -0.623
-1.995 -0.279 -0.621
-1.995 -0.279 -0.619
-1.994 -0.279 -0.617
-1.994 -0.279 -0.615
-1.994 -0.279 -0.613
-1.994 -0.279 -0.611
-1.993 -0.279 -0.608
-1.993 -0.279 -0.606
-1.993 -0.279 -0.604
-1.993 -0.279 -0.602
-1.993 -0.279 -0.600
-1.992 -0.279 -0.598
-1.992 -0.279 -0.596
-1.992 -0.279 -0.594
-1.991 -0.279 -0.591
-1.991 -0.278 -0.589
-1.990 -0.278 -0.587
-1.990 -0.279 -0.585
-1.990 -0.279 -0.583
-1.989 -0.279 -0.581
-1.990 -0.279 -0.579
-1.989 -0.279 -0.577
-1.989 -0.279 -0.575
-1.989 -0.280 -0.573
-1.988 -0.279 -0.571
-1.987 -0.280 -0.569
-1.987 -0.280 -0.567
-1.986 -0.280 -0.565
-1.986 -0.280 -0.563
-1.986 -0.280 -0.561
-1.985 -0.280 -0.559
-1.985 -0.279 -0.557
-1.985 -0.279 -0.555
-1.984 -0.279 -0.553
-1.984 -0.279 -0.551
-1.984 -0.279 -0.549
-1.984 -0.279 -0.548
-1.984 -0.279 -0.546
-1.983 -0.279 -0.544
-1.983 -0.279 -0.542
-1.983 -0.279 -0.541
-1.983 -0.279 -0.539
-1.983 -0.279 -0.537
-1.982 -0.279 -0.535
-1.982 -0.279 -0.533
-1.981 -0.279 -0.532
-1.981 -0.279 -0.530
-1.979 -0.278 -0.529
-1.978 -0.278 -0.527
-1.976 -0.278 -0.525
-1.973 -0.278 -0.523
-1.969 -0.278 -0.521
-1.965 -0.277 -0.520
-1.960 -0.277 -0.518
-1.956 -0.277 -0.516
-1.951 -0.276 -0.515
-1.946 -0.276 -0.514
-1.941 -0.276 -0.513
-1.935 -0.275 -0.512
-1.929 -0.274 -0.512
-1.923 -0.274 -0.512
-1.917 -0.273 -0.511
-1.911 -0.273 -0.511
-1.905 -0.273 -0.510
-1.899 -0.272 -0.510
-1.893 -0.272 -0.510
-1.886 -0.272 -0.510
-1.880 -0.271 -0.509
-1.873 -0.271 -0.510
-1.866 -0.270 -0.510
-1.859 -0.270 -0.510
-1.852 -0.269 -0.510
-1.845 -0.268 -0.510
-1.837 -0.268 -0.510
-1.830 -0.267 -0.511
-1.822 -0.266 -0.511
-1.815 -0.266 -0.512
-1.807 -0.265 -0.512
-1.799 -0.264 -0.513
-1.791 -0.264 -0.514
-1.784 -0.263 -0.514
-1.776 -0.262 -0.515
-1.768 -0.261 -0.516
-1.760 -0.261 -0.516
-1.751 -0.260 -0.517
-1.743 -0.259 -0.518
-1.735 -0.259 -0.519
-1.726 -0.258 -0.520
-1.718 -0.258 -0.521
-1.709 -0.257 -0.522
-1.700 -0.257 -0.523
-1.692 -0.257 -0.524
-1.683 -0.256 -0.525
-1.674 -0.256 -0.526
-1.665 -0.255 -0.528
-1.656 -0.254 -0.529
-1.647 -0.254 -0.530
-1.638 -0.253 -0.531
-1.629 -0.253 -0.532
-1.619 -0.252 -0.534
-1.610 -0.251 -0.535
-1.600 -0.250 -0.536
-1.591 -0.250 -0.537
-1.582 -0.249 -0.538
-1.572 -0.248 -0.539
-1.562 -0.247 -0.540
-1.552 -0.247 -0.542
-1.542 -0.246 -0.543
-1.533 -0.245 -0.544
-1.522 -0.245 -0.546
-1.512 -0.244 -0.547
-1.502 -0.243 -0.548
-1.492 -0.243 -0.549
-1.482 -0.242 -0.550
-1.471 -0.241 -0.552
-1.461 -0.241 -0.553
-1.450 -0.240 -0.554
-1.440 -0.239 -0.555
-1.429 -0.238 -0.556
-1.419 -0.238 -0.558
-1.408 -0.237 -0.559
-1.397 -0.236 -0.560
-1.387 -0.236 -0.561
-1.376 -0.235 -0.562
-1.366 -0.234 -0.563
-1.358 -0.234 -0.564
-1.351 -0.234 -0.565
-1.347 -0.234 -0.565
-1.344 -0.234 -0.566
-1.345 -0.235 -0.567
-1.347 -0.235 -0.569
-1.351 -0.236 -0.571
-1.356 -0.236 -0.573
-1.360 -0.237 -0.575
-1.364 -0.237 -0.577
-1.366 -0.237 -0.579
-1.368 -0.237 -0.580
-1.370 -0.238 -0.581
-1.372 -0.238 -0.582
-1.373 -0.238 -0.583
-1.374 -0.238 -0.584
-1.375 -0.239 -0.585
-1.376 -0.239 -0.585
-1.377 -0.239 -0.586
-1.377 -0.239 -0.586
-1.377 -0.239 -0.586
-1.377 -0.240 -0.586
-1.377 -0.240 -0.586
-1.377 -0.240 -0.586
-1.376 -0.240 -0.585
-1.376 -0.240 -0.585
-1.375 -0.241 -0.585
-1.375 -0.241 -0.584
-1.374 -0.241 -0.584
-1.373 -0.242 -0.583
-1.372 -0.242 -0.582
-1.371 -0.242 -0.582
-1.370 -0.243 -0.581
-1.369 -0.242 -0.580
-1.367 -0.243 -0.579
-1.366 -0.243 -0.578
-1.365 -0.243 -0.577
-1.363 -0.243 -0.576
-1.362 -0.243 -0.575
-1.361 -0.244 -0.574
-1.359 -0.244 -0.573
-1.358 -0.244 -0.572
-1.356 -0.245 -0.570
-1.355 -0.245 -0.569
-1.353 -0.246 -0.568
-1.352 -0.246 -0.567
-1.350 -0.247 -0.565
-1.349 -0.247 -0.564
-1.347 -0.248 -0.563
-1.346 -0.248 -0.561
-1.344 -0.249 -0.560
-1.343 -0.249 -0.559
-1.342 -0.250 -0.557
-1.341 -0.250 -0.556
-1.340 -0.251 -0.555
-1.338 -0.251 -0.554
-1.337 -0.251 -0.553
-1.336 -0.251 -0.552
-1.335 -0.252 -0.551
-1.335 -0.252 -0.550
-1.334 -0.252 -0.549
-1.333 -0.252 -0.548
-1.332 -0.252 -0.547
-1.332 -0.252 -0.546
-1.331 -0.252 -0.545
-1.331 -0.253 -0.544
-1.330 -0.253 -0.543
-1.330 -0.253 -0.543
-1.330 -0.253 -0.542
-1.330 -0.253 -0.542
-1.329 -0.253 -0.541
-1.329 -0.253 -0.541
-1.329 -0.253 -0.540
-1.329 -0.254 -0.540
-1.330 -0.253 -0.539
-1.330 -0.253 -0.539
-1.330 -0.253 -0.539
-1.330 -0.253 -0.538
-1.330 -0.254 -0.538
-1.331 -0.253 -0.538
-1.331 -0.253 -0.537
-1.331 -0.253 -0.537
-1.332 -0.253 -0.537
-1.332 -0.253 -0.537
-1.333 -0.253 -0.536
-1.333 -0.253 -0.536
-1.334 -0.253 -0.535
-1.334 -0.253 -0.535
-1.335 -0.253 -0.535
-1.335 -0.253 -0.534
-1.336 -0.253 -0.534
-1.336 -0.253 -0.533
-1.336 -0.253 -0.533
-1.337 -0.253 -0.532
-1.337 -0.253 -0.531
-1.337 -0.253 -0.531
-1.337 -0.253 -0.530
-1.337 -0.253 -0.529
-1.337 -0.253 -0.528
-1.337 -0.253 -0.528
-1.336 -0.253 -0.527
-1.336 -0.253 -0.526
-1.336 -0.253 -0.525
-1.336 -0.253 -0.524
-1.336 -0.253 -0.523
-1.335 -0.253 -0.522
-1.335 -0.253 -0.520
-1.334 -0.253 -0.519
-1.334 -0.253 -0.518
-1.333 -0.253 -0.516
-1.332 -0.253 -0.515
-1.332 -0.253 -0.514
-1.331 -0.253 -0.512
-1.330 -0.253 -0.511
-1.329 -0.253 -0.510
-1.328 -0.253 -0.508
-1.327 -0.253 -0.507
-1.327 -0.253 -0.505
-1.326 -0.253 -0.503
-1.325 -0.253 -0.502
-1.324 -0.253 -0.500
-1.323 -0.253 -0.499
-1.322 -0.253 -0.497
-1.321 -0.253 -0.495
-1.320 -0.253 -0.494
-1.319 -0.253 -0.492
-1.318 -0.253 -0.490
-1.317 -0.253 -0.489
-1.316 -0.253 -0.487
-1.315 -0.254 -0.485
-1.314 -0.254 -0.484
-1.313 -0.254 -0.482
-1.312 -0.254 -0.480
-1.311 -0.254 -0.479
-1.311 -0.254 -0.477
-1.310 -0.254 -0.476
-1.309 -0.254 -0.474
-1.308 -0.254 -0.473
-1.307 -0.254 -0.471
-1.307 -0.254 -0.470
-1.306 -0.254 -0.468
-1.306 -0.254 -0.467
-1.305 -0.254 -0.465
-1.304 -0.254 -0.464
-1.304 -0.254 -0.462
-1.303 -0.254 -0.461
-1.303 -0.254 -0.460
-1.303 -0.254 -0.458
-1.302 -0.254 -0.457
-1.302 -0.254 -0.456
-1.302 -0.254 -0.454
-1.301 -0.254 -0.453
-1.301 -0.254 -0.452
-1.301 -0.255 -0.451
-1.301 -0.255 -0.450
-1.301 -0.255 -0.448
-1.300 -0.255 -0.447
-1.300 -0.255 -0.446
-1.300 -0.255 -0.445
-1.300 -0.255 -0.444
-1.300 -0.255 -0.443
-1.300 -0.255 -0.441
-1.300 -0.255 -0.440
-1.300 -0.255 -0.439
-1.299 -0.255 -0.437
-1.299 -0.255 -0.436
-1.300 -0.255 -0.435
