x y z
-1.054 2.491 -0.260
-1.054 2.490 -0.259
-1.054 2.491 -0.257
-1.053 2.490 -0.256
-1.053 2.490 -0.253
-1.053 2.491 -0.252
-1.053 2.490 -0.250
-1.053 2.491 -0.249
-1.052 2.491 -0.247
-1.052 2.490 -0.245
-1.052 2.491 -0.244
-1.051 2.490 -0.243
-1.051 2.490 -0.241
-1.051 2.490 -0.240
-1.051 2.490 -0.238
-1.051 2.490 -0.236
-1.050 2.490 -0.235
-1.051 2.490 -0.233
-1.050 2.490 -0.232
-1.050 2.490 -0.230
-1.050 2.491 -0.229
-1.050 2.490 -0.227
-1.050 2.490 -0.226
-1.050 2.490 -0.224
-1.050 2.490 -0.223
-1.050 2.490 -0.221
-1.050 2.489 -0.220
-1.050 2.490 -0.218
-1.050 2.489 -0.217
-1.050 2.489 -0.216
-1.050 2.488 -0.215
-1.051 2.489 -0.213
-1.050 2.488 -0.212
-1.051 2.488 -0.210
-1.051 2.488 -0.209
-1.051 2.488 -0.207
-1.050 2.488 -0.206
-1.051 2.488 -0.205
-1.050 2.487 -0.204
-1.050 2.487 -0.203
-1.050 2.487 -0.201
-1.049 2.487 -0.200
-1.049 2.486 -0.198
-1.049 2.486 -0.197
-1.049 2.486 -0.195
-1.048 2.486 -0.194
-1.048 2.485 -0.193
-1.047 2.485 -0.192
-1.047 2.485 -0.191
-1.047 2.485 -0.189
-1.047 2.484 -0.188
-1.047 2.484 -0.187
-1.047 2.484 -0.185
-1.047 2.484 -0.184
-1.046 2.484 -0.183
-1.047 2.483 -0.182
-1.047 2.483 -0.181
-1.047 2.483 -0.180
-1.047 2.483 -0.179
-1.046 2.482 -0.179
-1.047 2.483 -0.177
-1.047 2.483 -0.176
-1.047 2.483 -0.175
-1.047 2.483 -0.174
-1.047 2.482 -0.173
-1.047 2.482 -0.173
-1.046 2.480 -0.172
-1.045 2.477 -0.172
-1.044 2.474 -0.171
-1.042 2.469 -0.170
-1.039 2.462 -0.170
-1.036 2.453 -0.171
-1.032 2.444 -0.171
-1.029 2.434 -0.172
-1.026 2.423 -0.173
-1.023 2.412 -0.175
-1.020 2.400 -0.176
-1.015 2.388 -0.179
-1.011 2.375 -0.181
-1.007 2.362 -0.182
-1.003 2.349 -0.185
-0.998 2.335 -0.187
-0.994 2.321 -0.190
-0.989 2.306 -0.192
-0.985 2.292 -0.195
-0.980 2.277 -0.197
-0.975 2.262 -0.200
-0.970 2.246 -0.203
-0.965 2.231 -0.206
-0.960 2.215 -0.209
-0.955 2.199 -0.212
-0.949 2.183 -0.215
-0.944 2.166 -0.218
-0.938 2.150 -0.222
-0.933 2.134 -0.226
-0.927 2.117 -0.229
-0.921 2.100 -0.233
-0.916 2.082 -0.236
-0.910 2.066 -0.241
-0.904 2.048 -0.245
-0.898 2.031 -0.249
-0.892 2.014 -0.254
-0.886 1.996 -0.258
-0.879 1.979 -0.264
-0.872 1.962 -0.269
-0.866 1.944 -0.274
-0.860 1.926 -0.279
-0.853 1.909 -0.285
-0.847 1.891 -0.290
-0.841 1.873 -0.296
-0.834 1.855 -0.302
-0.828 1.837 -0.308
-0.821 1.819 -0.314
-0.815 1.801 -0.320
-0.808 1.782 -0.327
-0.801 1.764 -0.333
-0.794 1.746 -0.340
-0.788 1.727 -0.347
-0.781 1.708 -0.354
-0.774 1.689 -0.361
-0.767 1.670 -0.368
-0.761 1.651 -0.375
-0.754 1.631 -0.382
-0.748 1.612 -0.390
-0.741 1.592 -0.397
-0.735 1.572 -0.405
-0.728 1.552 -0.412
-0.722 1.532 -0.419
-0.715 1.512 -0.427
-0.708 1.492 -0.434
-0.701 1.471 -0.442
-0.695 1.451 -0.449
-0.688 1.431 -0.457
-0.681 1.411 -0.464
-0.674 1.391 -0.471
-0.667 1.370 -0.479
-0.659 1.350 -0.486
-0.652 1.330 -0.493
-0.645 1.309 -0.500
-0.638 1.288 -0.507
-0.631 1.267 -0.514
-0.624 1.246 -0.521
-0.617 1.225 -0.528
-0.610 1.204 -0.535
-0.604 1.186 -0.541
-0.598 1.168 -0.546
-0.594 1.153 -0.551
-0.591 1.142 -0.555
-0.590 1.137 -0.559
-0.592 1.136 -0.563
-0.594 1.139 -0.567
-0.597 1.144 -0.571
-0.601 1.151 -0.575
-0.605 1.160 -0.578
-0.609 1.167 -0.580
-0.612 1.173 -0.583
-0.615 1.179 -0.584
-0.619 1.185 -0.586
-0.621 1.191 -0.587
-0.624 1.196 -0.587
-0.627 1.202 -0.588
-0.629 1.207 -0.588
-0.632 1.211 -0.588
-0.633 1.214 -0.589
-0.635 1.217 -0.589
-0.637 1.220 -0.589
-0.638 1.221 -0.588
-0.639 1.223 -0.588
-0.640 1.224 -0.588
-0.640 1.224 -0.587
-0.641 1.224 -0.587
-0.641 1.224 -0.586
-0.641 1.224 -0.585
-0.641 1.223 -0.585
-0.641 1.221 -0.584
-0.640 1.220 -0.583
-0.640 1.218 -0.582
-0.639 1.216 -0.581
-0.638 1.214 -0.580
-0.637 1.211 -0.579
-0.636 1.209 -0.577
-0.636 1.206 -0.576
-0.635 1.203 -0.575
-0.634 1.200 -0.573
-0.632 1.197 -0.572
-0.631 1.193 -0.570
-0.630 1.190 -0.569
-0.629 1.187 -0.567
-0.628 1.183 -0.566
-0.627 1.180 -0.564
-0.626 1.177 -0.562
-0.625 1.174 -0.560
-0.624 1.170 -0.558
-0.623 1.167 -0.556
-0.621 1.163 -0.555
-0.620 1.160 -0.553
-0.620 1.158 -0.551
-0.619 1.155 -0.549
-0.618 1.152 -0.547
-0.617 1.149 -0.546
-0.616 1.146 -0.544
-0.615 1.144 -0.542
-0.615 1.143 -0.540
-0.614 1.141 -0.539
-0.612 1.138 -0.538
-0.612 1.137 -0.536
-0.612 1.135 -0.535
-0.610 1.133 -0.534
-0.611 1.132 -0.533
-0.609 1.130 -0.532
-0.609 1.129 -0.531
-0.609 1.128 -0.531
-0.609 1.128 -0.529
-0.609 1.127 -0.529
-0.608 1.126 -0.529
-0.608 1.126 -0.528
-0.607 1.124 -0.528
-0.608 1.125 -0.527
-0.608 1.124 -0.527
-0.607 1.124 -0.527
-0.607 1.123 -0.527
-0.607 1.124 -0.527
-0.607 1.124 -0.527
-0.606 1.124 -0.527
-0.606 1.124 -0.526
-0.606 1.124 -0.527
-0.605 1.125 -0.526
-0.605 1.126 -0.526
-0.605 1.126 -0.526
-0.605 1.126 -0.526
-0.604 1.127 -0.526
-0.604 1.127 -0.526
-0.604 1.128 -0.526
-0.604 1.128 -0.526
-0.604 1.129 -0.526
-0.603 1.129 -0.526
-0.603 1.129 -0.526
-0.603 1.130 -0.526
-0.603 1.130 -0.526
-0.604 1.131 -0.525
-0.603 1.131 -0.525
-0.603 1.131 -0.525
-0.602 1.131 -0.525
-0.603 1.132 -0.524
-0.603 1.132 -0.523
-0.601 1.131 -0.523
-0.602 1.132 -0.522
-0.601 1.131 -0.522
-0.600 1.131 -0.521
-0.601 1.131 -0.520
-0.601 1.130 -0.519
-0.601 1.130 -0.518
-0.600 1.129 -0.517
-0.600 1.129 -0.516
-0.600 1.128 -0.515
-0.599 1.127 -0.514
-0.599 1.126 -0.513
-0.599 1.125 -0.512
-0.598 1.123 -0.511
-0.598 1.122 -0.510
-0.598 1.121 -0.508
-0.598 1.119 -0.507
-0.597 1.117 -0.506
-0.597 1.116 -0.505
-0.597 1.114 -0.503
-0.596 1.113 -0.502
-0.596 1.111 -0.501
-0.596 1.110 -0.499
-0.595 1.108 -0.498
-0.595 1.106 -0.496
-0.595 1.105 -0.495
-0.594 1.103 -0.493
-0.594 1.102 -0.492
-0.593 1.101 -0.490
-0.593 1.099 -0.489
-0.593 1.098 -0.487
-0.592 1.096 -0.486
-0.592 1.094 -0.484
-0.592 1.093 -0.483
-0.592 1.091 -0.481
-0.591 1.089 -0.480
-0.591 1.088 -0.478
-0.590 1.085 -0.478
-0.591 1.084 -0.475
-0.591 1.083 -0.474
-0.591 1.082 -0.473
-0.591 1.080 -0.471
-0.591 1.079 -0.470
-0.590 1.078 -0.469
-0.590 1.077 -0.467
-0.590 1.076 -0.466
-0.589 1.075 -0.465
-0.589 1.074 -0.464
-0.589 1.073 -0.462
-0.587 1.072 -0.462
-0.588 1.072 -0.460
-0.588 1.072 -0.459
-0.587 1.071 -0.458
-0.587 1.070 -0.457
-0.587 1.070 -0.455
-0.586 1.069 -0.454
-0.585 1.068 -0.454
-0.585 1.068 -0.453
-0.584 1.068 -0.452
-0.585 1.068 -0.451
-0.584 1.067 -0.450
-0.584 1.068 -0.449
-0.584 1.068 -0.448
-0.584 1.068 -0.447
-0.583 1.067 -0.446
-0.583 1.067 -0.445
-0.583 1.068 -0.444
-0.583 1.068 -0.443
-0.582 1.068 -0.442
-0.581 1.067 -0.442
-0.582 1.068 -0.440
-0.581 1.067 -0.439
-0.581 1.067 -0.438
-0.581 1.067 -0.437
-0.581 1.067 -0.436
-0.580 1.067 -0.435
-0.580 1.067 -0.434
-0.580 1.067 -0.433
-0.580 1.067 -0.432
-0.579 1.066 -0.431
-0.579 1.066 -0.430
-0.579 1.066 -0.429
-0.578 1.066 -0.428
-0.578 1.066 -0.426
-0.578 1.065 -0.425
-0.577 1.065 -0.424
-0.577 1.065 -0.422
-0.576 1.064 -0.421
-0.576 1.064 -0.420
-0.576 1.064 -0.418
-0.575 1.063 -0.417
-0.575 1.062 -0.415
-0.575 1.061 -0.414
-0.575 1.060 -0.412
-0.574 1.060 -0.411
-0.574 1.059 -0.409
-0.574 1.058 -0.408
-0.574 1.057 -0.407
-0.572 1.055 -0.406
-0.573 1.055 -0.404
-0.573 1.054 -0.402
-0.572 1.053 -0.400
-0.572 1.052 -0.399
-0.572 1.051 -0.397
-0.572 1.050 -0.395
-0.572 1.050 -0.394
-0.571 1.049 -0.392
-0.571 1.048 -0.390
-0.571 1.047 -0.388
-0.570 1.046 -0.387
-0.570 1.045 -0.385
-0.570 1.044 -0.383
-0.570 1.043 -0.381
-0.569 1.042 -0.380
-0.569 1.040 -0.378
-0.569 1.039 -0.377
-0.569 1.038 -0.375
-0.568 1.037 -0.373
-0.568 1.036 -0.372
-0.568 1.035 -0.370
-0.567 1.033 -0.369
-0.568 1.033 -0.367
-0.568 1.032 -0.365
-0.568 1.031 -0.363
-0.567 1.031 -0.362
-0.567 1.030 -0.360
-0.567 1.030 -0.359
-0.567 1.029 -0.357
-0.567 1.029 -0.355
-0.566 1.028 -0.354
-0.566 1.028 -0.352
-0.566 1.027 -0.350
-0.566 1.027 -0.349
-0.564 1.025 -0.348
-0.566 1.026 -0.346
-0.566 1.025 -0.344
-0.565 1.025 -0.343
-0.565 1.024 -0.341
-0.565 1.024 -0.340
-0.565 1.024 -0.338
-0.565 1.023 -0.337
-0.565 1.023 -0.336
-0.565 1.023 -0.334
-0.565 1.022 -0.333
-0.564 1.022 -0.331
-0.564 1.022 -0.330
-0.564 1.022 -0.328
-0.564 1.022 -0.327
-0.564 1.021 -0.325
-0.564 1.021 -0.324
-0.564 1.021 -0.322
-0.564 1.021 -0.321
-0.564 1.020 -0.319
-0.564 1.020 -0.318
-0.564 1.020 -0.316
-0.564 1.019 -0.315
-0.563 1.019 -0.313
-0.563 1.019 -0.312
-0.563 1.019 -0.310
-0.563 1.019 -0.308
-0.563 1.018 -0.307
-0.563 1.018 -0.305
-0.563 1.018 -0.303
-0.563 1.017 -0.302
-0.562 1.017 -0.300
-0.562 1.017 -0.298
-0.562 1.016 -0.297
-0.562 1.016 -0.295
-0.562 1.015 -0.293
-0.562 1.015 -0.291
-0.562 1.014 -0.290
-0.562 1.014 -0.288
-0.562 1.014 -0.286
-0.561 1.013 -0.284
-0.561 1.013 -0.282
-0.561 1.012 -0.280
-0.561 1.012 -0.278
-0.561 1.011 -0.277
-0.560 1.011 -0.275
-0.560 1.010 -0.273
-0.560 1.010 -0.271
-0.560 1.009 -0.269
-0.559 1.009 -0.267
-0.559 1.008 -0.265
-0.559 1.008 -0.263
-0.559 1.007 -0.261
-0.559 1.006 -0.260
-0.559 1.006 -0.258
-0.558 1.005 -0.256
-0.558 1.004 -0.254
-0.558 1.003 -0.252
-0.558 1.003 -0.250
-0.558 1.002 -0.248
-0.558 1.001 -0.246
-0.558 1.000 -0.245
-0.558 1.000 -0.243
-0.558 0.999 -0.241
-0.558 0.998 -0.239
-0.558 0.998 -0.237
-0.558 0.997 -0.235
-0.558 0.997 -0.233
-0.557 0.997 -0.231
-0.557 0.996 -0.229
-0.557 0.996 -0.227
-0.557 0.996 -0.225
-0.557 0.995 -0.223
-0.557 0.995 -0.221
-0.556 0.995 -0.219
-0.556 0.995 -0.217
-0.556 0.994 -0.216
-0.556 0.994 -0.214
-0.556 0.993 -0.212
-0.556 0.993 -0.210
-0.556 0.992 -0.208
-0.556 0.992 -0.206
-0.556 0.991 -0.205
-0.556 0.991 -0.203
-0.556 0.991 -0.201
-0.556 0.991 -0.199
-0.556 0.990 -0.197
-0.556 0.990 -0.195
-0.556 0.990 -0.193
-0.556 0.990 -0.191
-0.556 0.990 -0.189
-0.555 0.990 -0.188
-0.556 0.990 -0.186
-0.556 0.989 -0.184
-0.555 0.989 -0.182
-0.555 0.989 -0.180
-0.556 0.988 -0.178
-0.556 0.988 -0.177
-0.556 0.988 -0.175
-0.556 0.987 -0.173
-0.556 0.987 -0.171
-0.556 0.986 -0.169
-0.556 0.986 -0.167
-0.556 0.986 -0.166
-0.555 0.986 -0.164
-0.556 0.986 -0.162
-0.555 0.986 -0.160
-0.555 0.986 -0.158
-0.555 0.986 -0.156
-0.555 0.986 -0.154
-0.555 0.986 -0.152
-0.555 0.986 -0.150
-0.554 0.985 -0.148
-0.555 0.985 -0.146
-0.554 0.985 -0.144
-0.554 0.985 -0.142
-0.554 0.984 -0.140
-0.554 0.984 -0.138
-0.554 0.984 -0.136
-0.554 0.983 -0.134
-0.554 0.983 -0.132
-0.554 0.982 -0.130
-0.554 0.982 -0.128
-0.554 0.981 -0.126
-0.554 0.981 -0.124
-0.554 0.981 -0.122
-0.554 0.980 -0.120
-0.554 0.980 -0.118
-0.554 0.980 -0.116
-0.554 0.980 -0.113
-0.553 0.979 -0.111
-0.553 0.979 -0.109
-0.553 0.979 -0.107
-0.553 0.979 -0.105
-0.553 0.978 -0.103
-0.553 0.978 -0.101
-0.553 0.978 -0.098
-0.553 0.977 -0.096
-0.553 0.977 -0.094
-0.553 0.976 -0.092
-0.553 0.976 -0.090
-0.553 0.975 -0.088
-0.553 0.975 -0.086
-0.553 0.974 -0.084
-0.553 0.974 -0.082
-0.553 0.974 -0.080
-0.553 0.973 -0.078
-0.553 0.973 -0.076
-0.553 0.973 -0.074
-0.553 0.973 -0.071
-0.553 0.973 -0.069
-0.553 0.973 -0.067
-0.553 0.972 -0.065
-0.553 0.972 -0.063
-0.553 0.972 -0.060
-0.553 0.972 -0.058
-0.553 0.972 -0.056
-0.553 0.971 -0.054
-0.553 0.971 -0.052
-0.553 0.971 -0.050
-0.553 0.970 -0.048
-0.553 0.970 -0.046
-0.553 0.970 -0.044
-0.553 0.969 -0.042
-0.553 0.969 -0.040
-0.553 0.969 -0.038
-0.553 0.968 -0.036
-0.553 0.968 -0.034
-0.553 0.968 -0.032
-0.553 0.968 -0.030
-0.553 0.968 -0.027
-0.553 0.968 -0.025
-0.553 0.968 -0.023
-0.553 0.968 -0.021
-0.553 0.968 -0.019
-0.553 0.967 -0.017
-0.553 0.967 -0.015
-0.553 0.967 -0.013
-0.553 0.967 -0.011
-0.553 0.967 -0.009
-0.553 0.966 -0.007
-0.553 0.966 -0.005
-0.553 0.966 -0.003
-0.553 0.966 -0.000
-0.553 0.965 0.002
-0.553 0.965 0.004
-0.554 0.965 0.006
-0.553 0.965 0.008
-0.554 0.965 0.010
-0.554 0.965 0.013
-0.554 0.965 0.015
-0.552 0.964 0.016
-0.552 0.964 0.018
-0.552 0.964 0.021
-0.553 0.965 0.023
-0.552 0.964 0.025
-0.552 0.963 0.027
-0.553 0.964 0.030
-0.554 0.963 0.032
-0.554 0.963 0.034
-0.554 0.963 0.036
-0.553 0.962 0.038
-0.553 0.962 0.040
-0.554 0.962 0.043
-0.554 0.962 0.045
-0.554 0.962 0.048
-0.554 0.962 0.050
-0.553 0.961 0.051
-0.553 0.961 0.054
-0.553 0.960 0.056
-0.554 0.961 0.059
-0.553 0.960 0.060
-0.553 0.960 0.062
