x y z
-0.923 1.828 -1.282
-0.923 1.828 -1.282
-0.923 1.828 -1.281
-0.924 1.828 -1.280
-0.924 1.828 -1.280
-0.924 1.828 -1.279
-0.924 1.829 -1.278
-0.924 1.829 -1.278
-0.924 1.829 -1.277
-0.925 1.829 -1.276
-0.925 1.829 -1.276
-0.925 1.829 -1.275
-0.926 1.828 -1.275
-0.927 1.828 -1.274
-0.927 1.828 -1.274
-0.928 1.828 -1.273
-0.928 1.828 -1.272
-0.929 1.828 -1.272
-0.929 1.828 -1.271
-0.930 1.829 -1.271
-0.930 1.829 -1.271
-0.931 1.829 -1.271
-0.931 1.830 -1.270
-0.931 1.830 -1.270
-0.931 1.831 -1.270
-0.931 1.832 -1.270
-0.931 1.833 -1.270
-0.931 1.833 -1.269
-0.931 1.834 -1.269
-0.931 1.835 -1.268
-0.932 1.835 -1.268
-0.932 1.836 -1.268
-0.932 1.837 -1.268
-0.932 1.837 -1.268
-0.933 1.838 -1.268
-0.933 1.838 -1.268
-0.933 1.839 -1.267
-0.934 1.839 -1.267
-0.934 1.840 -1.267
-0.935 1.840 -1.267
-0.935 1.841 -1.267
-0.935 1.841 -1.267
-0.936 1.842 -1.267
-0.936 1.843 -1.267
-0.937 1.843 -1.267
-0.937 1.844 -1.268
-0.937 1.845 -1.268
-0.937 1.846 -1.268
-0.937 1.847 -1.268
-0.938 1.848 -1.268
-0.938 1.848 -1.268
-0.938 1.850 -1.269
-0.938 1.850 -1.269
-0.938 1.851 -1.269
-0.938 1.852 -1.269
-0.938 1.853 -1.269
-0.938 1.854 -1.270
-0.938 1.855 -1.270
-0.939 1.856 -1.270
-0.939 1.857 -1.270
-0.939 1.858 -1.270
-0.940 1.858 -1.271
-0.940 1.859 -1.271
-0.941 1.860 -1.272
-0.941 1.860 -1.272
-0.941 1.862 -1.273
-0.942 1.863 -1.274
-0.942 1.864 -1.275
-0.942 1.865 -1.276
-0.941 1.867 -1.277
-0.939 1.869 -1.277
-0.937 1.872 -1.279
-0.934 1.875 -1.280
-0.931 1.878 -1.281
-0.927 1.881 -1.283
-0.923 1.885 -1.285
-0.919 1.888 -1.287
-0.915 1.892 -1.289
-0.911 1.895 -1.291
-0.908 1.898 -1.293
-0.904 1.902 -1.296
-0.900 1.906 -1.297
-0.895 1.909 -1.299
-0.891 1.913 -1.301
-0.887 1.916 -1.302
-0.882 1.920 -1.304
-0.878 1.923 -1.305
-0.874 1.927 -1.306
-0.869 1.930 -1.307
-0.866 1.933 -1.307
-0.861 1.937 -1.309
-0.857 1.940 -1.310
-0.853 1.943 -1.311
-0.849 1.947 -1.312
-0.844 1.950 -1.313
-0.840 1.953 -1.314
-0.836 1.957 -1.316
-0.831 1.960 -1.317
-0.827 1.963 -1.318
-0.822 1.967 -1.320
-0.817 1.970 -1.321
-0.812 1.974 -1.323
-0.808 1.977 -1.324
-0.803 1.981 -1.326
-0.798 1.985 -1.327
-0.793 1.989 -1.328
-0.788 1.993 -1.330
-0.782 1.997 -1.331
-0.777 2.001 -1.332
-0.771 2.005 -1.333
-0.765 2.009 -1.335
-0.759 2.014 -1.336
-0.753 2.018 -1.337
-0.747 2.023 -1.338
-0.740 2.027 -1.340
-0.734 2.032 -1.340
-0.727 2.036 -1.341
-0.721 2.040 -1.342
-0.714 2.045 -1.344
-0.708 2.050 -1.344
-0.701 2.054 -1.345
-0.695 2.059 -1.346
-0.688 2.063 -1.347
-0.681 2.068 -1.348
-0.674 2.072 -1.348
-0.667 2.077 -1.349
-0.660 2.082 -1.349
-0.653 2.087 -1.351
-0.646 2.092 -1.352
-0.639 2.097 -1.352
-0.632 2.102 -1.352
-0.624 2.107 -1.354
-0.618 2.112 -1.353
-0.609 2.117 -1.355
-0.601 2.122 -1.355
-0.594 2.127 -1.355
-0.586 2.132 -1.355
-0.579 2.136 -1.354
-0.572 2.141 -1.353
-0.566 2.145 -1.354
-0.559 2.149 -1.354
-0.552 2.154 -1.353
-0.545 2.158 -1.353
-0.538 2.163 -1.353
-0.531 2.168 -1.353
-0.526 2.171 -1.351
-0.523 2.174 -1.349
-0.521 2.177 -1.346
-0.520 2.178 -1.344
-0.520 2.179 -1.343
-0.520 2.179 -1.342
-0.521 2.179 -1.342
-0.522 2.178 -1.341
-0.523 2.178 -1.341
-0.524 2.177 -1.342
-0.525 2.178 -1.339
-0.526 2.179 -1.337
-0.526 2.179 -1.337
-0.526 2.180 -1.336
-0.526 2.181 -1.335
-0.526 2.181 -1.334
-0.526 2.182 -1.334
-0.526 2.182 -1.333
-0.526 2.183 -1.333
-0.526 2.183 -1.333
-0.525 2.184 -1.333
-0.525 2.184 -1.333
-0.525 2.185 -1.332
-0.524 2.185 -1.332
-0.524 2.185 -1.332
-0.524 2.185 -1.331
-0.523 2.186 -1.331
-0.523 2.186 -1.331
-0.523 2.187 -1.331
-0.523 2.186 -1.331
-0.523 2.187 -1.330
-0.523 2.187 -1.330
-0.523 2.187 -1.330
-0.523 2.187 -1.330
-0.522 2.187 -1.330
-0.522 2.187 -1.330
-0.522 2.187 -1.330
-0.522 2.187 -1.330
-0.522 2.186 -1.330
-0.522 2.186 -1.330
-0.521 2.186 -1.330
-0.520 2.186 -1.330
-0.520 2.186 -1.331
-0.521 2.185 -1.330
-0.520 2.186 -1.331
-0.520 2.186 -1.332
-0.519 2.186 -1.332
-0.519 2.186 -1.332
-0.518 2.186 -1.333
-0.517 2.186 -1.333
-0.517 2.186 -1.334
-0.516 2.185 -1.334
-0.516 2.186 -1.335
-0.516 2.185 -1.335
-0.516 2.185 -1.336
-0.516 2.184 -1.335
-0.516 2.184 -1.336
-0.515 2.184 -1.337
-0.515 2.183 -1.337
-0.515 2.183 -1.338
-0.515 2.183 -1.338
-0.513 2.183 -1.339
-0.514 2.182 -1.339
-0.513 2.183 -1.340
-0.513 2.182 -1.341
-0.513 2.182 -1.340
-0.512 2.182 -1.341
-0.512 2.182 -1.341
-0.512 2.181 -1.342
-0.510 2.181 -1.342
-0.510 2.181 -1.342
-0.509 2.181 -1.343
-0.509 2.181 -1.343
-0.509 2.180 -1.344
-0.508 2.180 -1.344
-0.506 2.180 -1.345
-0.507 2.180 -1.345
-0.506 2.180 -1.345
-0.505 2.180 -1.346
-0.505 2.180 -1.346
-0.504 2.180 -1.347
-0.503 2.180 -1.348
-0.503 2.180 -1.348
-0.502 2.180 -1.348
-0.502 2.180 -1.348
-0.502 2.180 -1.349
-0.501 2.180 -1.350
-0.501 2.180 -1.350
-0.501 2.180 -1.350
-0.500 2.180 -1.350
-0.499 2.179 -1.351
-0.499 2.179 -1.351
-0.499 2.179 -1.351
-0.498 2.179 -1.351
-0.498 2.179 -1.351
-0.497 2.179 -1.352
-0.495 2.179 -1.352
-0.495 2.179 -1.354
-0.494 2.179 -1.352
-0.494 2.179 -1.352
-0.494 2.179 -1.354
-0.493 2.179 -1.354
-0.492 2.179 -1.352
-0.492 2.179 -1.353
-0.491 2.179 -1.353
-0.491 2.179 -1.353
-0.491 2.179 -1.353
-0.490 2.179 -1.353
-0.490 2.180 -1.354
-0.489 2.180 -1.354
-0.489 2.180 -1.355
-0.489 2.180 -1.353
-0.489 2.180 -1.354
-0.488 2.180 -1.353
-0.488 2.180 -1.354
-0.488 2.180 -1.354
-0.488 2.180 -1.354
-0.488 2.180 -1.354
-0.488 2.180 -1.353
-0.487 2.180 -1.353
-0.487 2.180 -1.351
-0.486 2.180 -1.351
-0.486 2.180 -1.351
-0.486 2.180 -1.351
-0.486 2.181 -1.350
-0.486 2.181 -1.350
-0.486 2.181 -1.351
-0.486 2.181 -1.351
-0.486 2.181 -1.351
-0.485 2.182 -1.351
-0.485 2.182 -1.350
-0.485 2.182 -1.350
-0.484 2.183 -1.350
-0.484 2.183 -1.350
-0.484 2.183 -1.350
-0.484 2.183 -1.350
-0.484 2.184 -1.349
-0.484 2.183 -1.349
-0.484 2.184 -1.349
-0.484 2.184 -1.349
-0.484 2.183 -1.349
-0.484 2.183 -1.349
-0.484 2.183 -1.349
-0.484 2.183 -1.348
-0.485 2.183 -1.348
-0.485 2.183 -1.348
-0.486 2.183 -1.348
-0.486 2.183 -1.348
-0.486 2.184 -1.348
-0.486 2.184 -1.348
-0.486 2.184 -1.348
-0.486 2.184 -1.348
-0.486 2.184 -1.347
-0.486 2.185 -1.347
-0.486 2.185 -1.347
-0.486 2.185 -1.347
-0.486 2.185 -1.347
-0.486 2.185 -1.347
-0.486 2.186 -1.347
-0.486 2.186 -1.347
-0.485 2.186 -1.346
-0.486 2.186 -1.347
-0.486 2.186 -1.347
-0.486 2.186 -1.347
-0.486 2.186 -1.347
-0.486 2.186 -1.347
-0.486 2.186 -1.346
-0.486 2.186 -1.346
-0.486 2.186 -1.346
-0.486 2.186 -1.345
-0.487 2.186 -1.346
-0.487 2.186 -1.345
-0.487 2.186 -1.345
-0.487 2.186 -1.345
-0.487 2.186 -1.346
-0.487 2.186 -1.345
-0.487 2.186 -1.345
-0.487 2.186 -1.345
-0.488 2.186 -1.345
-0.488 2.186 -1.345
-0.488 2.186 -1.345
-0.488 2.186 -1.345
-0.488 2.186 -1.345
-0.488 2.186 -1.345
-0.488 2.186 -1.345
-0.488 2.186 -1.345
-0.488 2.186 -1.345
-0.487 2.187 -1.345
-0.488 2.187 -1.345
-0.487 2.187 -1.345
-0.487 2.187 -1.345
-0.487 2.187 -1.345
-0.487 2.187 -1.345
-0.487 2.187 -1.345
-0.487 2.187 -1.344
-0.487 2.187 -1.344
-0.487 2.187 -1.345
-0.487 2.187 -1.345
-0.487 2.187 -1.345
-0.487 2.187 -1.345
-0.487 2.187 -1.345
-0.487 2.187 -1.345
-0.487 2.187 -1.345
-0.487 2.186 -1.345
-0.487 2.187 -1.345
-0.487 2.187 -1.345
-0.487 2.187 -1.345
-0.487 2.187 -1.345
-0.487 2.187 -1.345
-0.487 2.187 -1.345
-0.487 2.187 -1.345
-0.486 2.187 -1.346
-0.486 2.187 -1.346
-0.486 2.187 -1.346
-0.486 2.187 -1.346
-0.486 2.187 -1.346
-0.486 2.187 -1.346
-0.486 2.186 -1.346
-0.486 2.186 -1.346
-0.486 2.187 -1.346
-0.486 2.186 -1.346
-0.486 2.186 -1.346
-0.486 2.186 -1.347
-0.486 2.186 -1.346
-0.486 2.186 -1.346
-0.486 2.186 -1.346
-0.486 2.186 -1.346
-0.486 2.186 -1.346
-0.486 2.186 -1.347
-0.486 2.186 -1.347
-0.486 2.186 -1.347
-0.486 2.186 -1.347
-0.486 2.186 -1.347
-0.486 2.186 -1.348
-0.486 2.186 -1.348
-0.485 2.186 -1.348
-0.485 2.186 -1.348
-0.485 2.186 -1.348
-0.485 2.186 -1.348
-0.484 2.187 -1.348
-0.484 2.187 -1.348
-0.484 2.187 -1.348
-0.484 2.187 -1.348
-0.484 2.186 -1.347
-0.484 2.186 -1.348
-0.484 2.186 -1.348
-0.484 2.186 -1.348
-0.484 2.186 -1.348
-0.484 2.186 -1.348
-0.484 2.186 -1.348
-0.484 2.186 -1.348
-0.484 2.186 -1.348
-0.484 2.186 -1.348
-0.485 2.186 -1.348
-0.484 2.186 -1.348
-0.484 2.186 -1.348
-0.484 2.186 -1.349
-0.484 2.187 -1.349
-0.484 2.187 -1.349
-0.483 2.187 -1.349
-0.483 2.187 -1.349
-0.483 2.187 -1.350
-0.483 2.187 -1.349
-0.484 2.186 -1.348
-0.483 2.186 -1.348
-0.483 2.187 -1.348
