x y z
-1.057 2.219 -0.359
-1.056 2.219 -0.357
-1.055 2.219 -0.355
-1.054 2.219 -0.354
-1.053 2.220 -0.352
-1.052 2.220 -0.350
-1.051 2.220 -0.349
-1.050 2.220 -0.347
-1.050 2.220 -0.345
-1.048 2.220 -0.344
-1.047 2.220 -0.342
-1.047 2.220 -0.340
-1.047 2.221 -0.338
-1.045 2.220 -0.337
-1.046 2.221 -0.335
-1.045 2.221 -0.333
-1.043 2.220 -0.332
-1.043 2.221 -0.330
-1.041 2.220 -0.329
-1.040 2.220 -0.327
-1.041 2.221 -0.325
-1.039 2.221 -0.324
-1.039 2.221 -0.321
-1.038 2.221 -0.319
-1.037 2.221 -0.318
-1.037 2.221 -0.316
-1.035 2.221 -0.315
-1.035 2.221 -0.312
-1.035 2.221 -0.311
-1.032 2.220 -0.310
-1.031 2.220 -0.308
-1.032 2.221 -0.307
-1.032 2.221 -0.304
-1.032 2.221 -0.302
-1.030 2.221 -0.301
-1.031 2.221 -0.299
-1.030 2.221 -0.297
-1.030 2.221 -0.296
-1.028 2.220 -0.295
-1.028 2.220 -0.292
-1.027 2.220 -0.290
-1.027 2.220 -0.289
-1.026 2.220 -0.287
-1.025 2.220 -0.286
-1.025 2.220 -0.284
-1.025 2.220 -0.282
-1.023 2.220 -0.281
-1.023 2.220 -0.279
-1.024 2.220 -0.277
-1.024 2.220 -0.275
-1.023 2.220 -0.274
-1.023 2.220 -0.272
-1.022 2.220 -0.271
-1.022 2.220 -0.269
-1.021 2.219 -0.267
-1.020 2.219 -0.266
-1.019 2.219 -0.264
-1.018 2.219 -0.263
-1.019 2.219 -0.261
-1.018 2.219 -0.259
-1.018 2.219 -0.258
-1.017 2.219 -0.257
-1.017 2.220 -0.255
-1.016 2.220 -0.253
-1.015 2.220 -0.252
-1.012 2.221 -0.251
-1.010 2.222 -0.249
-1.008 2.223 -0.248
-1.006 2.224 -0.247
-1.003 2.225 -0.246
-1.000 2.226 -0.245
-0.997 2.228 -0.243
-0.994 2.230 -0.243
-0.990 2.231 -0.242
-0.986 2.233 -0.241
-0.982 2.236 -0.241
-0.977 2.238 -0.241
-0.973 2.241 -0.240
-0.968 2.243 -0.240
-0.963 2.246 -0.239
-0.958 2.249 -0.239
-0.952 2.252 -0.238
-0.947 2.255 -0.238
-0.941 2.258 -0.237
-0.935 2.261 -0.237
-0.930 2.264 -0.236
-0.924 2.267 -0.235
-0.918 2.270 -0.234
-0.911 2.272 -0.234
-0.906 2.275 -0.233
-0.900 2.278 -0.232
-0.893 2.281 -0.232
-0.887 2.284 -0.230
-0.881 2.286 -0.230
-0.875 2.289 -0.229
-0.869 2.292 -0.228
-0.863 2.295 -0.227
-0.857 2.297 -0.226
-0.851 2.300 -0.225
-0.844 2.303 -0.226
-0.838 2.306 -0.224
-0.832 2.309 -0.224
-0.825 2.312 -0.224
-0.819 2.315 -0.222
-0.812 2.318 -0.222
-0.806 2.321 -0.221
-0.799 2.324 -0.221
-0.793 2.327 -0.220
-0.786 2.330 -0.219
-0.779 2.332 -0.219
-0.773 2.336 -0.218
-0.766 2.339 -0.218
-0.760 2.342 -0.217
-0.753 2.346 -0.217
-0.746 2.349 -0.216
-0.739 2.352 -0.217
-0.732 2.355 -0.216
-0.724 2.358 -0.216
-0.717 2.362 -0.215
-0.710 2.365 -0.215
-0.702 2.369 -0.215
-0.695 2.372 -0.215
-0.687 2.376 -0.215
-0.682 2.379 -0.213
-0.674 2.383 -0.214
-0.667 2.386 -0.214
-0.660 2.389 -0.213
-0.653 2.392 -0.213
-0.648 2.396 -0.212
-0.641 2.400 -0.212
-0.632 2.403 -0.213
-0.625 2.406 -0.213
-0.618 2.410 -0.213
-0.610 2.413 -0.213
-0.603 2.417 -0.213
-0.595 2.420 -0.213
-0.587 2.424 -0.214
-0.579 2.427 -0.214
-0.572 2.431 -0.214
-0.564 2.434 -0.213
-0.557 2.438 -0.213
-0.552 2.441 -0.213
-0.547 2.443 -0.214
-0.545 2.445 -0.214
-0.545 2.446 -0.214
-0.545 2.446 -0.214
-0.546 2.445 -0.214
-0.548 2.444 -0.216
-0.552 2.442 -0.217
-0.555 2.440 -0.217
-0.557 2.438 -0.218
-0.559 2.436 -0.220
-0.561 2.434 -0.220
-0.562 2.433 -0.221
-0.563 2.432 -0.221
-0.564 2.430 -0.222
-0.564 2.428 -0.222
-0.564 2.427 -0.222
-0.564 2.426 -0.223
-0.563 2.425 -0.223
-0.563 2.424 -0.223
-0.562 2.423 -0.223
-0.561 2.422 -0.223
-0.560 2.422 -0.223
-0.559 2.421 -0.223
-0.557 2.420 -0.221
-0.556 2.421 -0.223
-0.555 2.421 -0.224
-0.552 2.419 -0.222
-0.550 2.419 -0.222
-0.548 2.419 -0.222
-0.546 2.419 -0.221
-0.544 2.418 -0.221
-0.542 2.418 -0.221
-0.540 2.418 -0.220
-0.539 2.418 -0.220
-0.537 2.417 -0.220
-0.534 2.417 -0.220
-0.532 2.417 -0.220
-0.530 2.417 -0.220
-0.528 2.417 -0.219
-0.526 2.417 -0.219
-0.524 2.417 -0.218
-0.522 2.417 -0.218
-0.520 2.417 -0.217
-0.517 2.417 -0.217
-0.515 2.417 -0.217
-0.512 2.418 -0.216
-0.510 2.418 -0.215
-0.508 2.418 -0.214
-0.506 2.418 -0.214
-0.504 2.419 -0.213
-0.502 2.419 -0.212
-0.500 2.419 -0.212
-0.498 2.419 -0.211
-0.497 2.420 -0.210
-0.495 2.420 -0.210
-0.490 2.419 -0.210
-0.487 2.420 -0.210
-0.485 2.420 -0.209
-0.484 2.420 -0.208
-0.482 2.420 -0.207
-0.480 2.420 -0.207
-0.478 2.420 -0.206
-0.477 2.420 -0.205
-0.475 2.421 -0.204
-0.472 2.421 -0.204
-0.471 2.421 -0.203
-0.469 2.421 -0.202
-0.468 2.421 -0.202
-0.466 2.421 -0.201
-0.465 2.421 -0.200
-0.464 2.421 -0.199
-0.463 2.421 -0.198
-0.462 2.420 -0.197
-0.460 2.420 -0.196
-0.459 2.419 -0.195
-0.458 2.419 -0.195
-0.457 2.419 -0.194
-0.456 2.419 -0.193
-0.455 2.418 -0.192
-0.454 2.418 -0.191
-0.454 2.418 -0.190
-0.453 2.417 -0.189
-0.452 2.417 -0.188
-0.451 2.417 -0.188
-0.450 2.417 -0.187
-0.449 2.416 -0.186
-0.448 2.416 -0.185
-0.447 2.415 -0.184
-0.446 2.415 -0.183
-0.446 2.414 -0.182
-0.445 2.414 -0.181
-0.448 2.414 -0.179
-0.447 2.413 -0.178
-0.446 2.413 -0.177
-0.445 2.412 -0.176
-0.445 2.412 -0.175
-0.444 2.411 -0.174
-0.443 2.411 -0.173
-0.442 2.410 -0.172
-0.441 2.410 -0.171
-0.440 2.409 -0.170
-0.439 2.409 -0.169
-0.438 2.409 -0.167
-0.437 2.408 -0.166
-0.436 2.408 -0.165
-0.435 2.407 -0.164
-0.434 2.407 -0.163
-0.433 2.407 -0.162
-0.432 2.406 -0.161
-0.431 2.406 -0.160
-0.430 2.406 -0.158
-0.429 2.405 -0.157
-0.427 2.405 -0.156
-0.426 2.405 -0.155
-0.426 2.404 -0.153
-0.424 2.404 -0.152
-0.423 2.404 -0.151
-0.422 2.404 -0.150
-0.421 2.403 -0.149
-0.420 2.403 -0.147
-0.419 2.403 -0.146
-0.417 2.403 -0.145
-0.416 2.403 -0.144
-0.415 2.403 -0.142
-0.414 2.403 -0.141
-0.412 2.403 -0.140
-0.411 2.403 -0.138
-0.410 2.403 -0.137
-0.408 2.403 -0.136
-0.407 2.403 -0.134
-0.406 2.404 -0.133
-0.405 2.404 -0.131
-0.404 2.404 -0.130
-0.402 2.404 -0.129
-0.401 2.404 -0.127
-0.400 2.404 -0.126
-0.399 2.404 -0.125
-0.398 2.403 -0.124
-0.397 2.403 -0.122
-0.396 2.403 -0.121
-0.395 2.403 -0.120
-0.394 2.403 -0.118
-0.393 2.403 -0.117
-0.392 2.403 -0.116
-0.391 2.404 -0.114
-0.390 2.404 -0.113
-0.388 2.404 -0.112
-0.387 2.405 -0.110
-0.386 2.405 -0.109
-0.385 2.405 -0.108
-0.383 2.405 -0.106
-0.382 2.406 -0.105
-0.381 2.406 -0.103
-0.380 2.406 -0.102
-0.379 2.406 -0.100
-0.379 2.406 -0.099
-0.378 2.406 -0.097
-0.377 2.405 -0.096
-0.376 2.405 -0.094
-0.375 2.405 -0.093
-0.374 2.405 -0.091
-0.373 2.405 -0.090
-0.373 2.405 -0.088
-0.372 2.404 -0.086
-0.371 2.404 -0.085
-0.370 2.404 -0.083
-0.369 2.404 -0.082
-0.368 2.404 -0.080
-0.367 2.404 -0.079
-0.367 2.404 -0.077
-0.365 2.404 -0.075
-0.365 2.404 -0.074
-0.364 2.404 -0.072
-0.363 2.404 -0.070
-0.362 2.404 -0.069
-0.362 2.403 -0.067
-0.361 2.403 -0.065
-0.360 2.403 -0.064
-0.360 2.403 -0.062
-0.359 2.402 -0.060
-0.359 2.402 -0.059
-0.358 2.402 -0.057
-0.357 2.401 -0.055
-0.357 2.401 -0.054
-0.356 2.401 -0.052
-0.355 2.401 -0.050
-0.355 2.401 -0.048
-0.354 2.401 -0.047
-0.353 2.400 -0.045
-0.352 2.400 -0.043
-0.352 2.400 -0.041
-0.351 2.400 -0.040
-0.350 2.400 -0.038
-0.349 2.400 -0.036
-0.349 2.400 -0.034
-0.348 2.400 -0.032
-0.347 2.400 -0.031
-0.347 2.399 -0.029
-0.346 2.399 -0.027
-0.346 2.399 -0.025
-0.345 2.399 -0.024
-0.345 2.399 -0.022
-0.344 2.399 -0.020
-0.343 2.398 -0.018
-0.343 2.398 -0.017
-0.342 2.398 -0.015
-0.342 2.398 -0.013
-0.341 2.398 -0.011
-0.340 2.398 -0.009
-0.340 2.398 -0.007
-0.339 2.398 -0.006
-0.338 2.398 -0.004
-0.338 2.398 -0.002
-0.337 2.398 0.000
-0.334 2.397 0.001
-0.333 2.398 0.003
-0.332 2.397 0.005
-0.332 2.397 0.007
-0.332 2.397 0.009
-0.331 2.397 0.011
-0.330 2.397 0.013
-0.330 2.397 0.014
-0.329 2.397 0.016
-0.329 2.397 0.018
-0.328 2.397 0.020
-0.330 2.398 0.022
-0.327 2.397 0.024
-0.329 2.398 0.026
-0.326 2.397 0.028
-0.328 2.397 0.030
-0.327 2.398 0.032
-0.327 2.398 0.033
-0.326 2.398 0.036
-0.325 2.398 0.037
-0.325 2.397 0.039
-0.324 2.398 0.041
-0.324 2.398 0.043
-0.324 2.398 0.046
-0.323 2.398 0.048
-0.323 2.397 0.050
-0.323 2.397 0.052
-0.322 2.397 0.054
-0.322 2.397 0.056
-0.321 2.397 0.058
-0.320 2.396 0.058
-0.320 2.396 0.062
-0.320 2.396 0.064
-0.320 2.396 0.066
-0.319 2.396 0.068
-0.319 2.396 0.070
-0.318 2.396 0.072
-0.317 2.396 0.074
-0.317 2.396 0.076
-0.316 2.395 0.078
-0.316 2.395 0.080
-0.315 2.395 0.082
-0.315 2.395 0.084
-0.315 2.394 0.086
-0.314 2.394 0.088
-0.314 2.393 0.090
-0.314 2.392 0.092
-0.314 2.392 0.094
-0.314 2.391 0.095
-0.313 2.391 0.098
-0.313 2.390 0.099
-0.313 2.389 0.101
-0.313 2.389 0.104
-0.312 2.389 0.105
-0.312 2.388 0.108
-0.311 2.388 0.110
-0.309 2.387 0.109
-0.310 2.388 0.114
-0.308 2.387 0.114
-0.307 2.386 0.116
-0.308 2.387 0.118
-0.307 2.386 0.120
-0.306 2.385 0.122
-0.306 2.385 0.124
-0.303 2.384 0.125
-0.302 2.383 0.127
-0.302 2.383 0.129
-0.302 2.382 0.131
-0.302 2.382 0.133
-0.302 2.382 0.135
-0.302 2.381 0.137
-0.302 2.381 0.139
-0.301 2.381 0.141
-0.301 2.381 0.143
-0.301 2.380 0.145
-0.301 2.380 0.147
-0.301 2.380 0.149
-0.300 2.380 0.151
-0.300 2.380 0.153
-0.300 2.379 0.155
-0.299 2.379 0.157
-0.299 2.379 0.159
-0.299 2.378 0.161
-0.299 2.378 0.163
-0.298 2.378 0.165
-0.298 2.377 0.167
-0.298 2.377 0.169
-0.298 2.377 0.171
-0.298 2.377 0.173
-0.297 2.376 0.175
-0.297 2.376 0.178
-0.297 2.376 0.180
-0.297 2.375 0.182
-0.296 2.375 0.184
-0.296 2.375 0.186
-0.296 2.375 0.188
-0.296 2.374 0.190
-0.296 2.373 0.192
-0.295 2.373 0.195
-0.295 2.373 0.197
-0.295 2.372 0.199
-0.296 2.372 0.201
-0.295 2.372 0.203
-0.295 2.372 0.205
-0.295 2.371 0.207
-0.295 2.371 0.210
-0.294 2.371 0.212
-0.294 2.370 0.214
-0.293 2.370 0.216
-0.293 2.370 0.218
-0.293 2.369 0.221
-0.293 2.369 0.223
-0.293 2.369 0.225
-0.292 2.368 0.227
-0.292 2.368 0.229
-0.292 2.368 0.232
-0.292 2.367 0.234
-0.292 2.367 0.236
-0.292 2.366 0.238
-0.292 2.366 0.240
-0.291 2.365 0.243
-0.291 2.365 0.245
-0.291 2.364 0.247
-0.291 2.364 0.249
-0.291 2.364 0.251
-0.291 2.364 0.254
-0.290 2.363 0.256
-0.290 2.363 0.258
-0.290 2.363 0.260
-0.290 2.362 0.262
-0.290 2.362 0.265
-0.290 2.361 0.267
-0.291 2.361 0.269
-0.290 2.361 0.271
-0.290 2.361 0.274
-0.290 2.360 0.276
-0.290 2.360 0.278
-0.290 2.360 0.280
-0.290 2.359 0.282
-0.289 2.359 0.284
-0.289 2.359 0.287
-0.289 2.358 0.289
-0.289 2.358 0.291
-0.289 2.358 0.293
-0.289 2.357 0.295
-0.289 2.357 0.298
-0.289 2.357 0.300
-0.289 2.356 0.302
-0.289 2.356 0.304
-0.289 2.356 0.306
-0.289 2.355 0.309
-0.289 2.355 0.311
-0.288 2.355 0.313
-0.288 2.354 0.315
-0.288 2.354 0.318
-0.288 2.354 0.320
-0.288 2.353 0.322
-0.288 2.353 0.324
-0.287 2.353 0.326
-0.287 2.352 0.329
-0.287 2.351 0.331
-0.287 2.351 0.333
-0.287 2.351 0.335
-0.287 2.350 0.338
-0.287 2.350 0.340
-0.287 2.349 0.342
-0.287 2.349 0.344
-0.287 2.348 0.346
