x y z
-1.253 2.208 -0.325
-1.253 2.209 -0.324
-1.253 2.209 -0.323
-1.253 2.210 -0.322
-1.253 2.210 -0.320
-1.253 2.211 -0.319
-1.253 2.211 -0.318
-1.253 2.212 -0.317
-1.253 2.212 -0.316
-1.253 2.213 -0.314
-1.254 2.213 -0.313
-1.254 2.214 -0.312
-1.254 2.214 -0.311
-1.254 2.215 -0.310
-1.254 2.215 -0.309
-1.254 2.216 -0.308
-1.255 2.216 -0.306
-1.255 2.216 -0.305
-1.255 2.217 -0.304
-1.256 2.217 -0.302
-1.256 2.217 -0.301
-1.256 2.218 -0.300
-1.257 2.218 -0.299
-1.257 2.218 -0.298
-1.257 2.219 -0.296
-1.257 2.219 -0.295
-1.258 2.220 -0.294
-1.257 2.220 -0.293
-1.258 2.220 -0.292
-1.258 2.221 -0.290
-1.258 2.221 -0.290
-1.258 2.222 -0.288
-1.258 2.222 -0.287
-1.259 2.223 -0.286
-1.259 2.223 -0.285
-1.259 2.223 -0.284
-1.259 2.224 -0.282
-1.260 2.224 -0.281
-1.259 2.225 -0.281
-1.260 2.225 -0.279
-1.260 2.225 -0.278
-1.260 2.226 -0.277
-1.260 2.226 -0.275
-1.261 2.226 -0.274
-1.261 2.226 -0.273
-1.261 2.227 -0.272
-1.261 2.227 -0.271
-1.262 2.227 -0.270
-1.262 2.227 -0.268
-1.262 2.227 -0.267
-1.262 2.228 -0.266
-1.262 2.228 -0.265
-1.261 2.228 -0.264
-1.261 2.228 -0.262
-1.261 2.229 -0.261
-1.261 2.229 -0.260
-1.261 2.229 -0.259
-1.261 2.230 -0.258
-1.261 2.230 -0.257
-1.261 2.230 -0.256
-1.261 2.230 -0.255
-1.261 2.229 -0.254
-1.262 2.228 -0.253
-1.261 2.227 -0.253
-1.261 2.225 -0.252
-1.264 2.224 -0.252
-1.261 2.218 -0.250
-1.260 2.214 -0.249
-1.258 2.210 -0.249
-1.256 2.206 -0.249
-1.256 2.203 -0.250
-1.254 2.199 -0.250
-1.252 2.195 -0.250
-1.250 2.192 -0.252
-1.247 2.187 -0.252
-1.243 2.182 -0.252
-1.239 2.176 -0.252
-1.236 2.172 -0.252
-1.234 2.168 -0.253
-1.230 2.163 -0.254
-1.224 2.156 -0.254
-1.222 2.153 -0.255
-1.218 2.148 -0.256
-1.214 2.142 -0.257
-1.211 2.137 -0.258
-1.207 2.131 -0.259
-1.203 2.126 -0.260
-1.200 2.120 -0.262
-1.196 2.114 -0.263
-1.192 2.109 -0.265
-1.189 2.103 -0.267
-1.186 2.097 -0.268
-1.183 2.091 -0.269
-1.179 2.084 -0.270
-1.175 2.078 -0.273
-1.172 2.072 -0.276
-1.168 2.066 -0.278
-1.165 2.060 -0.280
-1.162 2.053 -0.281
-1.159 2.046 -0.283
-1.155 2.040 -0.284
-1.151 2.033 -0.287
-1.148 2.027 -0.289
-1.144 2.020 -0.291
-1.140 2.013 -0.293
-1.136 2.006 -0.295
-1.133 1.999 -0.298
-1.129 1.992 -0.300
-1.125 1.985 -0.302
-1.121 1.978 -0.305
-1.117 1.971 -0.307
-1.113 1.963 -0.309
-1.109 1.956 -0.312
-1.105 1.949 -0.314
-1.100 1.941 -0.317
-1.096 1.933 -0.319
-1.091 1.926 -0.322
-1.087 1.918 -0.324
-1.082 1.910 -0.327
-1.077 1.903 -0.329
-1.073 1.895 -0.332
-1.068 1.887 -0.334
-1.064 1.879 -0.337
-1.059 1.871 -0.339
-1.054 1.863 -0.342
-1.049 1.855 -0.344
-1.045 1.847 -0.347
-1.040 1.838 -0.349
-1.035 1.830 -0.352
-1.030 1.822 -0.354
-1.025 1.813 -0.357
-1.021 1.804 -0.359
-1.016 1.795 -0.362
-1.011 1.787 -0.364
-1.006 1.778 -0.367
-1.001 1.769 -0.369
-0.997 1.761 -0.372
-0.992 1.752 -0.374
-0.986 1.743 -0.377
-0.982 1.734 -0.379
-0.977 1.725 -0.382
-0.972 1.716 -0.385
-0.967 1.708 -0.387
-0.963 1.701 -0.389
-0.961 1.696 -0.391
-0.961 1.693 -0.392
-0.961 1.693 -0.393
-0.962 1.694 -0.394
-0.964 1.696 -0.395
-0.966 1.700 -0.396
-0.969 1.705 -0.397
-0.971 1.709 -0.399
-0.973 1.712 -0.400
-0.974 1.714 -0.401
-0.975 1.716 -0.402
-0.975 1.717 -0.403
-0.976 1.719 -0.404
-0.977 1.719 -0.404
-0.978 1.720 -0.405
-0.978 1.721 -0.405
-0.979 1.721 -0.405
-0.979 1.722 -0.405
-0.979 1.722 -0.406
-0.980 1.721 -0.405
-0.980 1.721 -0.405
-0.980 1.721 -0.405
-0.979 1.720 -0.404
-0.979 1.720 -0.404
-0.979 1.719 -0.404
-0.979 1.718 -0.403
-0.978 1.717 -0.403
-0.978 1.716 -0.402
-0.977 1.715 -0.401
-0.977 1.714 -0.400
-0.977 1.712 -0.400
-0.976 1.711 -0.399
-0.976 1.709 -0.398
-0.975 1.708 -0.397
-0.975 1.706 -0.396
-0.974 1.705 -0.396
-0.974 1.703 -0.394
-0.973 1.701 -0.393
-0.973 1.699 -0.393
-0.972 1.697 -0.391
-0.972 1.696 -0.390
-0.971 1.694 -0.389
-0.971 1.692 -0.388
-0.970 1.691 -0.386
-0.969 1.689 -0.385
-0.969 1.687 -0.384
-0.968 1.686 -0.383
-0.968 1.684 -0.382
-0.967 1.682 -0.381
-0.966 1.681 -0.379
-0.966 1.680 -0.378
-0.966 1.678 -0.377
-0.965 1.677 -0.376
-0.965 1.675 -0.375
-0.965 1.674 -0.374
-0.964 1.672 -0.373
-0.964 1.671 -0.372
-0.964 1.670 -0.371
-0.964 1.669 -0.370
-0.964 1.668 -0.369
-0.963 1.667 -0.368
-0.963 1.666 -0.367
-0.963 1.665 -0.366
-0.963 1.664 -0.366
-0.963 1.664 -0.365
-0.963 1.663 -0.364
-0.963 1.663 -0.364
-0.963 1.663 -0.363
-0.963 1.662 -0.363
-0.962 1.662 -0.362
-0.962 1.662 -0.362
-0.963 1.662 -0.361
-0.963 1.662 -0.361
-0.962 1.661 -0.360
-0.963 1.661 -0.360
-0.964 1.661 -0.359
-0.964 1.661 -0.359
-0.964 1.661 -0.358
-0.964 1.661 -0.358
-0.964 1.661 -0.357
-0.965 1.661 -0.357
-0.965 1.661 -0.357
-0.965 1.661 -0.356
-0.965 1.661 -0.356
-0.965 1.661 -0.356
-0.966 1.661 -0.355
-0.966 1.661 -0.354
-0.965 1.661 -0.354
-0.966 1.661 -0.353
-0.966 1.661 -0.352
-0.967 1.661 -0.352
-0.966 1.661 -0.352
-0.967 1.661 -0.351
-0.967 1.660 -0.350
-0.967 1.660 -0.349
-0.967 1.660 -0.349
-0.967 1.659 -0.348
-0.967 1.659 -0.347
-0.967 1.659 -0.346
-0.967 1.658 -0.345
-0.967 1.658 -0.344
-0.967 1.657 -0.343
-0.967 1.657 -0.342
-0.967 1.656 -0.341
-0.967 1.655 -0.340
-0.967 1.654 -0.339
-0.967 1.653 -0.338
-0.966 1.652 -0.336
-0.966 1.651 -0.335
-0.966 1.650 -0.334
-0.966 1.649 -0.333
-0.966 1.648 -0.331
-0.966 1.647 -0.330
-0.965 1.646 -0.328
-0.965 1.645 -0.327
-0.965 1.643 -0.325
-0.965 1.642 -0.324
-0.964 1.641 -0.323
-0.964 1.640 -0.321
-0.964 1.639 -0.320
-0.963 1.638 -0.318
-0.963 1.637 -0.316
-0.962 1.635 -0.315
-0.963 1.634 -0.313
-0.962 1.633 -0.312
-0.962 1.631 -0.311
-0.962 1.630 -0.309
-0.961 1.629 -0.307
-0.961 1.628 -0.306
-0.961 1.626 -0.304
-0.961 1.625 -0.302
-0.960 1.624 -0.301
-0.960 1.623 -0.299
-0.960 1.622 -0.298
-0.960 1.621 -0.296
-0.959 1.620 -0.295
-0.959 1.619 -0.293
-0.959 1.618 -0.292
-0.959 1.617 -0.290
-0.959 1.616 -0.289
-0.959 1.615 -0.288
-0.958 1.614 -0.286
-0.959 1.613 -0.285
-0.959 1.612 -0.284
-0.959 1.612 -0.282
-0.958 1.611 -0.281
-0.958 1.611 -0.280
-0.958 1.610 -0.278
-0.958 1.609 -0.277
-0.958 1.609 -0.276
-0.958 1.608 -0.275
-0.958 1.608 -0.273
-0.958 1.607 -0.272
-0.958 1.607 -0.271
-0.958 1.607 -0.269
-0.958 1.606 -0.268
-0.958 1.606 -0.267
-0.959 1.605 -0.266
-0.959 1.605 -0.264
-0.959 1.604 -0.263
-0.959 1.604 -0.262
-0.959 1.603 -0.261
-0.959 1.603 -0.260
-0.959 1.603 -0.259
-0.960 1.602 -0.257
-0.960 1.602 -0.256
-0.960 1.602 -0.255
-0.960 1.601 -0.254
-0.960 1.601 -0.252
-0.960 1.601 -0.251
-0.960 1.600 -0.250
-0.960 1.600 -0.248
-0.960 1.599 -0.247
-0.960 1.599 -0.246
-0.960 1.598 -0.244
-0.960 1.598 -0.243
-0.960 1.597 -0.242
-0.961 1.597 -0.240
-0.961 1.596 -0.239
-0.961 1.595 -0.237
-0.961 1.594 -0.236
-0.961 1.594 -0.234
-0.961 1.593 -0.233
-0.961 1.592 -0.231
-0.961 1.592 -0.230
-0.961 1.591 -0.228
-0.961 1.590 -0.227
-0.960 1.589 -0.225
-0.960 1.588 -0.223
-0.960 1.587 -0.222
-0.960 1.587 -0.220
-0.959 1.586 -0.218
-0.959 1.585 -0.217
-0.959 1.584 -0.215
-0.959 1.583 -0.213
-0.959 1.583 -0.211
-0.959 1.581 -0.210
-0.959 1.581 -0.208
-0.959 1.580 -0.206
-0.959 1.579 -0.205
-0.959 1.578 -0.203
-0.958 1.577 -0.201
-0.958 1.576 -0.199
-0.958 1.575 -0.198
-0.958 1.574 -0.196
-0.958 1.573 -0.194
-0.958 1.572 -0.192
-0.958 1.571 -0.190
-0.957 1.570 -0.188
-0.957 1.569 -0.187
-0.957 1.568 -0.185
-0.957 1.568 -0.183
-0.957 1.567 -0.181
-0.957 1.566 -0.180
-0.957 1.565 -0.178
-0.957 1.564 -0.176
-0.957 1.563 -0.174
-0.957 1.562 -0.173
-0.957 1.562 -0.171
-0.957 1.561 -0.169
-0.957 1.560 -0.168
-0.957 1.560 -0.166
-0.957 1.559 -0.164
-0.957 1.558 -0.163
-0.957 1.558 -0.161
-0.957 1.557 -0.159
-0.957 1.556 -0.157
-0.957 1.556 -0.156
-0.956 1.556 -0.154
-0.956 1.555 -0.152
-0.956 1.554 -0.151
-0.956 1.554 -0.149
-0.956 1.553 -0.147
-0.957 1.553 -0.146
-0.957 1.552 -0.144
-0.957 1.552 -0.142
-0.957 1.551 -0.141
-0.957 1.551 -0.139
-0.957 1.550 -0.137
-0.958 1.549 -0.136
-0.958 1.549 -0.134
-0.958 1.548 -0.133
-0.958 1.548 -0.131
-0.958 1.547 -0.129
-0.958 1.547 -0.128
-0.958 1.547 -0.126
-0.958 1.547 -0.124
-0.958 1.546 -0.123
-0.958 1.546 -0.121
-0.958 1.545 -0.119
-0.958 1.545 -0.117
-0.958 1.544 -0.116
-0.958 1.544 -0.114
