x y z
-1.931 -0.008 -0.606
-1.930 -0.007 -0.605
-1.929 -0.006 -0.604
-1.928 -0.006 -0.602
-1.928 -0.005 -0.601
-1.928 -0.005 -0.599
-1.927 -0.004 -0.598
-1.927 -0.003 -0.597
-1.926 -0.003 -0.595
-1.925 -0.002 -0.594
-1.925 -0.001 -0.593
-1.924 -0.000 -0.591
-1.924 0.001 -0.590
-1.923 0.001 -0.588
-1.922 0.002 -0.586
-1.922 0.003 -0.585
-1.921 0.004 -0.584
-1.921 0.004 -0.582
-1.920 0.005 -0.581
-1.919 0.005 -0.579
-1.919 0.005 -0.578
-1.918 0.005 -0.576
-1.917 0.005 -0.575
-1.917 0.005 -0.573
-1.916 0.006 -0.572
-1.916 0.006 -0.571
-1.915 0.006 -0.569
-1.915 0.007 -0.567
-1.914 0.007 -0.566
-1.914 0.008 -0.565
-1.913 0.008 -0.563
-1.913 0.008 -0.561
-1.913 0.009 -0.560
-1.912 0.009 -0.558
-1.912 0.009 -0.557
-1.911 0.010 -0.555
-1.911 0.010 -0.553
-1.910 0.010 -0.552
-1.910 0.010 -0.551
-1.909 0.011 -0.549
-1.909 0.011 -0.547
-1.909 0.011 -0.545
-1.908 0.011 -0.544
-1.907 0.012 -0.542
-1.907 0.012 -0.541
-1.906 0.012 -0.539
-1.906 0.013 -0.538
-1.906 0.013 -0.536
-1.905 0.014 -0.535
-1.905 0.014 -0.533
-1.905 0.014 -0.532
-1.905 0.014 -0.530
-1.904 0.014 -0.529
-1.904 0.014 -0.527
-1.904 0.014 -0.526
-1.903 0.014 -0.524
-1.903 0.014 -0.523
-1.902 0.014 -0.521
-1.901 0.014 -0.520
-1.901 0.015 -0.518
-1.900 0.015 -0.516
-1.900 0.015 -0.515
-1.899 0.015 -0.513
-1.899 0.015 -0.512
-1.899 0.016 -0.510
-1.898 0.016 -0.509
-1.899 0.016 -0.508
-1.898 0.017 -0.506
-1.898 0.017 -0.504
-1.897 0.018 -0.503
-1.897 0.019 -0.502
-1.897 0.022 -0.500
-1.897 0.026 -0.499
-1.897 0.031 -0.497
-1.898 0.038 -0.496
-1.898 0.045 -0.496
-1.900 0.053 -0.496
-1.902 0.061 -0.496
-1.904 0.070 -0.496
-1.906 0.080 -0.496
-1.909 0.090 -0.496
-1.911 0.100 -0.496
-1.914 0.110 -0.496
-1.915 0.122 -0.496
-1.918 0.132 -0.494
-1.920 0.143 -0.493
-1.922 0.155 -0.493
-1.924 0.167 -0.492
-1.926 0.179 -0.491
-1.928 0.192 -0.490
-1.930 0.205 -0.489
-1.932 0.217 -0.488
-1.934 0.230 -0.487
-1.937 0.243 -0.487
-1.939 0.256 -0.486
-1.941 0.269 -0.485
-1.944 0.282 -0.485
-1.946 0.295 -0.484
-1.948 0.308 -0.483
-1.950 0.321 -0.482
-1.953 0.334 -0.482
-1.955 0.348 -0.481
-1.957 0.362 -0.481
-1.960 0.376 -0.481
-1.963 0.389 -0.481
-1.965 0.403 -0.480
-1.967 0.417 -0.480
-1.971 0.430 -0.480
-1.974 0.444 -0.480
-1.976 0.458 -0.480
-1.979 0.473 -0.480
-1.981 0.487 -0.480
-1.984 0.502 -0.480
-1.987 0.516 -0.481
-1.990 0.532 -0.481
-1.992 0.547 -0.481
-1.995 0.561 -0.482
-1.998 0.577 -0.483
-2.001 0.592 -0.483
-2.004 0.607 -0.484
-2.006 0.623 -0.484
-2.009 0.638 -0.485
-2.012 0.653 -0.486
-2.015 0.669 -0.486
-2.018 0.684 -0.487
-2.020 0.700 -0.488
-2.024 0.716 -0.489
-2.026 0.732 -0.489
-2.029 0.747 -0.490
-2.032 0.764 -0.491
-2.035 0.779 -0.492
-2.036 0.797 -0.493
-2.040 0.813 -0.494
-2.043 0.830 -0.495
-2.048 0.844 -0.497
-2.051 0.860 -0.498
-2.054 0.877 -0.499
-2.057 0.893 -0.501
-2.062 0.909 -0.502
-2.065 0.926 -0.503
-2.068 0.942 -0.505
-2.072 0.958 -0.506
-2.075 0.975 -0.508
-2.079 0.991 -0.509
-2.082 1.007 -0.510
-2.086 1.022 -0.512
-2.089 1.036 -0.513
-2.091 1.048 -0.514
-2.093 1.057 -0.514
-2.094 1.063 -0.514
-2.094 1.065 -0.515
-2.094 1.065 -0.516
-2.092 1.062 -0.518
-2.091 1.056 -0.521
-2.089 1.049 -0.523
-2.087 1.042 -0.524
-2.084 1.037 -0.526
-2.082 1.033 -0.527
-2.079 1.029 -0.527
-2.076 1.027 -0.527
-2.074 1.025 -0.527
-2.072 1.023 -0.527
-2.069 1.022 -0.527
-2.067 1.021 -0.526
-2.064 1.021 -0.527
-2.062 1.020 -0.526
-2.060 1.021 -0.526
-2.058 1.021 -0.525
-2.056 1.022 -0.525
-2.055 1.023 -0.525
-2.053 1.024 -0.524
-2.051 1.026 -0.524
-2.049 1.027 -0.523
-2.047 1.029 -0.522
-2.046 1.030 -0.521
-2.044 1.032 -0.521
-2.043 1.034 -0.520
-2.042 1.037 -0.520
-2.040 1.039 -0.519
-2.039 1.042 -0.519
-2.037 1.045 -0.518
-2.036 1.047 -0.518
-2.035 1.050 -0.517
-2.034 1.053 -0.517
-2.033 1.056 -0.517
-2.032 1.059 -0.516
-2.031 1.063 -0.516
-2.030 1.066 -0.516
-2.029 1.069 -0.515
-2.028 1.071 -0.515
-2.028 1.074 -0.515
-2.027 1.077 -0.514
-2.026 1.080 -0.514
-2.026 1.083 -0.513
-2.025 1.086 -0.513
-2.025 1.088 -0.513
-2.024 1.091 -0.512
-2.024 1.094 -0.512
-2.023 1.097 -0.512
-2.023 1.099 -0.511
-2.022 1.102 -0.511
-2.023 1.104 -0.511
-2.022 1.107 -0.510
-2.022 1.109 -0.510
-2.022 1.112 -0.510
-2.021 1.114 -0.509
-2.021 1.116 -0.509
-2.021 1.118 -0.509
-2.021 1.120 -0.508
-2.022 1.122 -0.508
-2.021 1.124 -0.507
-2.020 1.125 -0.507
-2.020 1.127 -0.506
-2.020 1.129 -0.506
-2.020 1.130 -0.506
-2.020 1.132 -0.505
-2.020 1.133 -0.505
-2.020 1.135 -0.505
-2.020 1.136 -0.505
-2.020 1.137 -0.504
-2.020 1.138 -0.504
-2.020 1.139 -0.504
-2.020 1.141 -0.503
-2.020 1.142 -0.503
-2.020 1.142 -0.502
-2.020 1.143 -0.502
-2.020 1.144 -0.502
-2.019 1.145 -0.501
-2.019 1.146 -0.501
-2.019 1.147 -0.500
-2.018 1.149 -0.500
-2.018 1.149 -0.499
-2.018 1.150 -0.499
-2.017 1.151 -0.498
-2.017 1.152 -0.497
-2.017 1.152 -0.497
-2.017 1.153 -0.496
-2.016 1.154 -0.495
-2.016 1.155 -0.495
-2.015 1.156 -0.494
-2.015 1.157 -0.493
-2.015 1.157 -0.492
-2.014 1.158 -0.492
-2.014 1.159 -0.491
-2.014 1.159 -0.490
-2.013 1.160 -0.489
-2.012 1.161 -0.488
-2.011 1.162 -0.487
-2.011 1.163 -0.487
-2.010 1.163 -0.486
-2.009 1.164 -0.484
-2.009 1.165 -0.483
-2.009 1.165 -0.482
-2.009 1.166 -0.481
-2.008 1.167 -0.480
-2.007 1.168 -0.479
-2.006 1.169 -0.478
-2.005 1.170 -0.476
-2.005 1.171 -0.475
-2.005 1.172 -0.474
-2.004 1.173 -0.472
-2.004 1.174 -0.472
-2.003 1.175 -0.470
-2.003 1.176 -0.470
-2.002 1.177 -0.468
-2.002 1.178 -0.466
-2.001 1.179 -0.465
-2.001 1.181 -0.465
-2.000 1.182 -0.463
-2.000 1.183 -0.463
-2.000 1.185 -0.461
-1.999 1.186 -0.460
-1.999 1.187 -0.459
-1.999 1.188 -0.458
-1.998 1.189 -0.457
-1.998 1.190 -0.456
-1.999 1.190 -0.455
-1.998 1.191 -0.453
-1.998 1.192 -0.452
-1.997 1.193 -0.451
-1.997 1.194 -0.450
-1.997 1.195 -0.448
-1.996 1.195 -0.447
-1.996 1.196 -0.446
-1.996 1.197 -0.445
-1.996 1.198 -0.444
-1.995 1.199 -0.442
-1.995 1.200 -0.441
-1.995 1.201 -0.440
-1.995 1.202 -0.439
-1.995 1.203 -0.438
-1.995 1.204 -0.437
-1.995 1.205 -0.436
-1.995 1.205 -0.434
-1.995 1.206 -0.433
-1.995 1.206 -0.432
-1.995 1.207 -0.431
-1.994 1.207 -0.430
-1.994 1.208 -0.429
-1.994 1.208 -0.427
-1.994 1.208 -0.426
-1.994 1.209 -0.425
-1.994 1.210 -0.424
-1.993 1.210 -0.423
-1.993 1.210 -0.422
-1.993 1.211 -0.421
-1.993 1.211 -0.419
-1.993 1.211 -0.418
-1.993 1.211 -0.417
-1.993 1.212 -0.416
-1.993 1.212 -0.415
-1.993 1.212 -0.413
-1.993 1.212 -0.412
-1.993 1.212 -0.411
-1.993 1.212 -0.410
-1.993 1.212 -0.409
-1.993 1.212 -0.408
-1.993 1.211 -0.406
-1.992 1.211 -0.405
-1.992 1.211 -0.404
-1.992 1.211 -0.403
-1.992 1.211 -0.401
-1.991 1.211 -0.400
-1.991 1.211 -0.399
-1.991 1.211 -0.397
-1.991 1.212 -0.396
-1.990 1.212 -0.395
-1.990 1.212 -0.393
-1.990 1.212 -0.392
-1.989 1.212 -0.390
-1.989 1.212 -0.389
-1.989 1.212 -0.387
-1.988 1.212 -0.386
-1.988 1.212 -0.384
-1.988 1.212 -0.383
-1.988 1.212 -0.381
-1.987 1.212 -0.380
-1.987 1.212 -0.379
-1.986 1.212 -0.377
-1.986 1.212 -0.376
-1.986 1.212 -0.374
-1.985 1.213 -0.372
-1.985 1.213 -0.371
-1.985 1.213 -0.369
-1.984 1.213 -0.368
-1.984 1.213 -0.366
-1.984 1.214 -0.365
-1.984 1.214 -0.363
-1.983 1.214 -0.361
-1.983 1.215 -0.360
-1.983 1.215 -0.358
-1.982 1.215 -0.356
-1.982 1.215 -0.355
-1.982 1.215 -0.353
-1.981 1.216 -0.352
-1.981 1.216 -0.350
-1.981 1.215 -0.348
-1.980 1.216 -0.347
-1.980 1.216 -0.345
-1.980 1.216 -0.343
-1.979 1.216 -0.342
-1.979 1.216 -0.340
-1.979 1.216 -0.339
-1.979 1.217 -0.337
-1.979 1.217 -0.336
-1.978 1.217 -0.334
-1.978 1.218 -0.332
-1.978 1.218 -0.330
-1.978 1.218 -0.329
-1.978 1.218 -0.327
-1.978 1.219 -0.326
-1.978 1.219 -0.324
-1.977 1.219 -0.322
-1.977 1.219 -0.321
-1.977 1.219 -0.319
-1.977 1.219 -0.318
-1.977 1.219 -0.316
-1.977 1.219 -0.314
-1.976 1.219 -0.313
-1.976 1.219 -0.311
-1.976 1.219 -0.310
-1.976 1.219 -0.308
-1.976 1.220 -0.306
-1.976 1.219 -0.305
-1.975 1.220 -0.303
-1.975 1.220 -0.302
-1.975 1.220 -0.300
-1.975 1.220 -0.298
-1.975 1.220 -0.297
-1.975 1.220 -0.295
-1.975 1.219 -0.293
-1.975 1.219 -0.292
-1.975 1.219 -0.290
-1.975 1.219 -0.288
-1.974 1.220 -0.287
-1.974 1.219 -0.285
-1.974 1.220 -0.284
-1.974 1.219 -0.282
-1.973 1.219 -0.280
-1.973 1.219 -0.278
-1.973 1.219 -0.276
-1.972 1.219 -0.275
-1.972 1.219 -0.273
-1.972 1.218 -0.271
-1.971 1.218 -0.269
-1.971 1.218 -0.267
-1.970 1.218 -0.266
-1.970 1.218 -0.264
-1.969 1.218 -0.262
-1.969 1.217 -0.260
-1.968 1.218 -0.259
-1.968 1.217 -0.257
-1.968 1.217 -0.255
-1.968 1.216 -0.253
-1.967 1.216 -0.251
-1.967 1.216 -0.249
-1.966 1.215 -0.248
-1.966 1.215 -0.246
-1.966 1.215 -0.245
-1.965 1.215 -0.242
-1.965 1.215 -0.240
-1.965 1.214 -0.239
-1.964 1.214 -0.237
-1.964 1.214 -0.235
-1.963 1.214 -0.233
-1.963 1.214 -0.231
-1.963 1.213 -0.229
-1.962 1.213 -0.227
-1.962 1.213 -0.225
-1.962 1.213 -0.223
-1.961 1.213 -0.222
-1.961 1.212 -0.220
-1.960 1.212 -0.218
-1.960 1.212 -0.216
-1.960 1.212 -0.214
-1.959 1.211 -0.212
-1.959 1.211 -0.210
-1.959 1.210 -0.208
-1.958 1.211 -0.206
-1.958 1.210 -0.205
-1.958 1.210 -0.203
-1.957 1.210 -0.201
-1.957 1.210 -0.199
-1.957 1.210 -0.197
-1.956 1.209 -0.195
-1.955 1.211 -0.194
-1.956 1.209 -0.191
-1.954 1.211 -0.190
-1.954 1.211 -0.188
-1.953 1.210 -0.186
-1.953 1.210 -0.185
-1.952 1.210 -0.183
-1.952 1.210 -0.181
-1.952 1.210 -0.180
