x y z
-1.483 0.940 -0.524
-1.482 0.939 -0.523
-1.482 0.938 -0.523
-1.482 0.938 -0.522
-1.481 0.937 -0.521
-1.481 0.936 -0.520
-1.480 0.936 -0.519
-1.480 0.935 -0.518
-1.480 0.935 -0.517
-1.480 0.934 -0.516
-1.479 0.934 -0.515
-1.479 0.934 -0.514
-1.478 0.933 -0.513
-1.478 0.933 -0.512
-1.477 0.932 -0.512
-1.477 0.932 -0.511
-1.477 0.932 -0.510
-1.476 0.931 -0.509
-1.475 0.931 -0.509
-1.475 0.930 -0.508
-1.474 0.930 -0.507
-1.474 0.929 -0.507
-1.474 0.929 -0.506
-1.473 0.928 -0.506
-1.473 0.928 -0.505
-1.472 0.927 -0.504
-1.472 0.926 -0.503
-1.471 0.926 -0.502
-1.470 0.925 -0.502
-1.470 0.924 -0.501
-1.470 0.924 -0.500
-1.469 0.923 -0.499
-1.469 0.923 -0.499
-1.468 0.922 -0.498
-1.468 0.921 -0.498
-1.467 0.921 -0.497
-1.467 0.920 -0.497
-1.466 0.920 -0.496
-1.466 0.919 -0.495
-1.465 0.919 -0.495
-1.465 0.918 -0.494
-1.464 0.917 -0.494
-1.464 0.917 -0.493
-1.463 0.916 -0.493
-1.463 0.915 -0.492
-1.463 0.915 -0.492
-1.462 0.914 -0.491
-1.462 0.913 -0.491
-1.461 0.913 -0.490
-1.461 0.912 -0.490
-1.460 0.911 -0.489
-1.459 0.910 -0.489
-1.459 0.910 -0.488
-1.458 0.909 -0.488
-1.457 0.908 -0.487
-1.456 0.907 -0.487
-1.456 0.906 -0.486
-1.455 0.906 -0.486
-1.454 0.905 -0.485
-1.454 0.905 -0.485
-1.453 0.905 -0.485
-1.451 0.904 -0.484
-1.448 0.905 -0.484
-1.444 0.908 -0.483
-1.439 0.911 -0.483
-1.434 0.916 -0.482
-1.428 0.922 -0.483
-1.421 0.929 -0.483
-1.414 0.936 -0.484
-1.406 0.944 -0.484
-1.399 0.952 -0.485
-1.390 0.961 -0.485
-1.382 0.969 -0.486
-1.374 0.977 -0.485
-1.367 0.986 -0.484
-1.358 0.995 -0.484
-1.349 1.003 -0.484
-1.340 1.012 -0.483
-1.331 1.020 -0.482
-1.322 1.029 -0.482
-1.313 1.038 -0.481
-1.304 1.047 -0.480
-1.295 1.057 -0.480
-1.286 1.066 -0.479
-1.277 1.075 -0.478
-1.268 1.085 -0.478
-1.258 1.095 -0.477
-1.249 1.105 -0.476
-1.240 1.114 -0.476
-1.230 1.124 -0.475
-1.221 1.134 -0.474
-1.211 1.145 -0.474
-1.201 1.155 -0.473
-1.190 1.165 -0.472
-1.180 1.176 -0.472
-1.170 1.186 -0.471
-1.159 1.196 -0.471
-1.149 1.207 -0.470
-1.138 1.217 -0.470
-1.128 1.227 -0.470
-1.117 1.238 -0.470
-1.107 1.248 -0.469
-1.096 1.259 -0.469
-1.085 1.270 -0.470
-1.074 1.280 -0.469
-1.063 1.291 -0.469
-1.052 1.302 -0.469
-1.041 1.313 -0.469
-1.030 1.324 -0.469
-1.019 1.335 -0.469
-1.008 1.347 -0.470
-0.998 1.359 -0.469
-0.986 1.371 -0.471
-0.975 1.383 -0.471
-0.964 1.395 -0.472
-0.953 1.407 -0.472
-0.942 1.419 -0.473
-0.931 1.431 -0.473
-0.919 1.444 -0.474
-0.909 1.456 -0.474
-0.898 1.469 -0.475
-0.887 1.481 -0.476
-0.874 1.494 -0.477
-0.863 1.506 -0.478
-0.852 1.519 -0.479
-0.841 1.532 -0.480
-0.830 1.544 -0.482
-0.818 1.557 -0.483
-0.807 1.569 -0.484
-0.796 1.582 -0.485
-0.784 1.595 -0.486
-0.773 1.607 -0.487
-0.760 1.620 -0.490
-0.749 1.632 -0.491
-0.738 1.645 -0.492
-0.727 1.658 -0.493
-0.716 1.671 -0.494
-0.706 1.683 -0.496
-0.697 1.693 -0.497
-0.688 1.703 -0.498
-0.681 1.711 -0.498
-0.676 1.717 -0.499
-0.673 1.722 -0.500
-0.673 1.724 -0.501
-0.674 1.721 -0.502
-0.679 1.717 -0.503
-0.683 1.711 -0.505
-0.687 1.705 -0.506
-0.690 1.701 -0.508
-0.692 1.696 -0.510
-0.694 1.692 -0.511
-0.695 1.688 -0.512
-0.696 1.684 -0.510
-0.696 1.681 -0.510
-0.696 1.678 -0.510
-0.695 1.676 -0.510
-0.693 1.675 -0.510
-0.692 1.673 -0.509
-0.689 1.673 -0.510
-0.688 1.672 -0.510
-0.684 1.672 -0.510
-0.682 1.672 -0.510
-0.680 1.672 -0.510
-0.678 1.672 -0.510
-0.675 1.673 -0.510
-0.673 1.673 -0.510
-0.670 1.674 -0.510
-0.666 1.674 -0.511
-0.665 1.675 -0.510
-0.662 1.676 -0.510
-0.659 1.677 -0.510
-0.656 1.678 -0.510
-0.652 1.679 -0.511
-0.649 1.680 -0.511
-0.645 1.681 -0.511
-0.642 1.683 -0.511
-0.639 1.684 -0.511
-0.635 1.686 -0.511
-0.632 1.688 -0.511
-0.628 1.689 -0.511
-0.625 1.691 -0.511
-0.621 1.692 -0.511
-0.619 1.695 -0.512
-0.616 1.697 -0.512
-0.612 1.699 -0.512
-0.609 1.701 -0.512
-0.607 1.703 -0.512
-0.604 1.704 -0.512
-0.601 1.707 -0.513
-0.599 1.708 -0.512
-0.595 1.710 -0.513
-0.593 1.712 -0.513
-0.590 1.714 -0.514
-0.588 1.716 -0.514
-0.586 1.717 -0.514
-0.584 1.719 -0.515
-0.582 1.721 -0.515
-0.580 1.722 -0.515
-0.578 1.724 -0.515
-0.575 1.725 -0.516
-0.574 1.727 -0.517
-0.572 1.728 -0.517
-0.570 1.730 -0.517
-0.569 1.732 -0.518
-0.567 1.733 -0.518
-0.566 1.734 -0.519
-0.563 1.736 -0.519
-0.562 1.737 -0.519
-0.561 1.738 -0.520
-0.559 1.740 -0.520
-0.558 1.741 -0.521
-0.556 1.742 -0.521
-0.555 1.743 -0.522
-0.554 1.744 -0.522
-0.552 1.745 -0.523
-0.551 1.745 -0.523
-0.550 1.746 -0.523
-0.548 1.747 -0.524
-0.547 1.747 -0.524
-0.546 1.748 -0.525
-0.545 1.749 -0.525
-0.543 1.749 -0.525
-0.542 1.750 -0.526
-0.541 1.750 -0.526
-0.539 1.750 -0.526
-0.538 1.751 -0.527
-0.537 1.751 -0.527
-0.535 1.752 -0.527
-0.535 1.752 -0.527
-0.533 1.752 -0.527
-0.532 1.753 -0.528
-0.531 1.753 -0.528
-0.529 1.753 -0.528
-0.528 1.753 -0.529
-0.526 1.753 -0.529
-0.525 1.753 -0.529
-0.524 1.754 -0.529
-0.522 1.754 -0.530
-0.520 1.754 -0.530
-0.519 1.754 -0.530
-0.518 1.753 -0.530
-0.516 1.753 -0.531
-0.514 1.753 -0.531
-0.513 1.753 -0.531
-0.511 1.753 -0.531
-0.510 1.753 -0.531
-0.508 1.753 -0.531
-0.506 1.753 -0.532
-0.505 1.753 -0.532
-0.503 1.753 -0.532
-0.501 1.754 -0.532
-0.499 1.754 -0.532
-0.498 1.754 -0.532
-0.496 1.754 -0.532
-0.494 1.754 -0.533
-0.492 1.755 -0.533
-0.490 1.755 -0.533
-0.489 1.755 -0.533
-0.487 1.755 -0.533
-0.485 1.755 -0.533
-0.483 1.755 -0.534
-0.481 1.755 -0.534
-0.479 1.756 -0.534
-0.478 1.756 -0.534
-0.476 1.756 -0.534
-0.474 1.756 -0.534
-0.472 1.757 -0.535
-0.470 1.757 -0.535
-0.469 1.757 -0.535
-0.467 1.757 -0.535
-0.465 1.757 -0.536
-0.463 1.758 -0.536
-0.462 1.758 -0.536
-0.460 1.758 -0.536
-0.458 1.758 -0.536
-0.457 1.758 -0.537
-0.455 1.758 -0.537
-0.453 1.759 -0.537
-0.452 1.759 -0.537
-0.450 1.759 -0.538
-0.449 1.758 -0.538
-0.448 1.759 -0.538
-0.446 1.759 -0.538
-0.444 1.759 -0.539
-0.443 1.759 -0.539
-0.441 1.759 -0.539
-0.439 1.760 -0.540
