x y z
-0.951 1.632 -0.369
-0.952 1.633 -0.368
-0.952 1.633 -0.366
-0.952 1.633 -0.365
-0.952 1.634 -0.364
-0.952 1.634 -0.362
-0.952 1.635 -0.361
-0.952 1.635 -0.360
-0.952 1.636 -0.358
-0.952 1.636 -0.357
-0.952 1.636 -0.356
-0.952 1.637 -0.354
-0.952 1.637 -0.353
-0.952 1.637 -0.351
-0.952 1.638 -0.350
-0.952 1.638 -0.349
-0.952 1.638 -0.347
-0.952 1.639 -0.346
-0.952 1.639 -0.344
-0.953 1.639 -0.343
-0.953 1.639 -0.342
-0.953 1.639 -0.340
-0.953 1.640 -0.339
-0.953 1.640 -0.338
-0.953 1.640 -0.336
-0.953 1.640 -0.335
-0.953 1.641 -0.334
-0.953 1.641 -0.333
-0.953 1.641 -0.331
-0.953 1.641 -0.330
-0.953 1.642 -0.329
-0.953 1.642 -0.327
-0.953 1.642 -0.326
-0.953 1.642 -0.325
-0.954 1.642 -0.323
-0.954 1.642 -0.322
-0.954 1.643 -0.321
-0.954 1.643 -0.319
-0.954 1.643 -0.318
-0.954 1.643 -0.317
-0.954 1.643 -0.316
-0.954 1.643 -0.314
-0.953 1.643 -0.313
-0.953 1.643 -0.312
-0.953 1.644 -0.311
-0.953 1.644 -0.309
-0.952 1.644 -0.308
-0.952 1.644 -0.307
-0.952 1.645 -0.306
-0.952 1.645 -0.304
-0.952 1.645 -0.303
-0.951 1.645 -0.302
-0.951 1.645 -0.301
-0.951 1.645 -0.300
-0.951 1.645 -0.299
-0.951 1.645 -0.298
-0.951 1.646 -0.297
-0.951 1.646 -0.296
-0.951 1.646 -0.295
-0.951 1.647 -0.294
-0.952 1.647 -0.293
-0.952 1.647 -0.292
-0.952 1.648 -0.291
-0.951 1.649 -0.290
-0.951 1.649 -0.289
-0.950 1.650 -0.288
-0.947 1.653 -0.287
-0.943 1.655 -0.286
-0.938 1.659 -0.285
-0.932 1.663 -0.285
-0.925 1.667 -0.285
-0.917 1.673 -0.285
-0.909 1.679 -0.285
-0.901 1.684 -0.286
-0.892 1.691 -0.286
-0.883 1.698 -0.285
-0.873 1.704 -0.285
-0.863 1.711 -0.285
-0.853 1.718 -0.284
-0.843 1.724 -0.283
-0.833 1.731 -0.282
-0.822 1.738 -0.281
-0.811 1.745 -0.280
-0.800 1.752 -0.279
-0.789 1.759 -0.278
-0.778 1.767 -0.277
-0.767 1.774 -0.276
-0.755 1.782 -0.275
-0.743 1.789 -0.274
-0.732 1.797 -0.273
-0.720 1.805 -0.272
-0.708 1.812 -0.272
-0.695 1.820 -0.271
-0.683 1.827 -0.271
-0.670 1.835 -0.270
-0.658 1.843 -0.269
-0.647 1.851 -0.268
-0.634 1.859 -0.268
-0.621 1.867 -0.268
-0.610 1.875 -0.267
-0.597 1.883 -0.267
-0.584 1.891 -0.267
-0.570 1.899 -0.267
-0.557 1.907 -0.266
-0.544 1.915 -0.266
-0.531 1.924 -0.266
-0.519 1.931 -0.266
-0.506 1.940 -0.266
-0.492 1.948 -0.266
-0.478 1.957 -0.267
-0.465 1.965 -0.267
-0.451 1.973 -0.268
-0.437 1.982 -0.268
-0.423 1.990 -0.269
-0.409 1.999 -0.270
-0.395 2.007 -0.270
-0.381 2.016 -0.271
-0.367 2.024 -0.272
-0.353 2.033 -0.273
-0.338 2.042 -0.274
-0.324 2.051 -0.275
-0.309 2.060 -0.276
-0.295 2.068 -0.277
-0.280 2.077 -0.279
-0.265 2.086 -0.280
-0.250 2.095 -0.281
-0.236 2.104 -0.283
-0.221 2.112 -0.285
-0.206 2.121 -0.286
-0.191 2.130 -0.288
-0.176 2.139 -0.290
-0.162 2.149 -0.291
-0.148 2.158 -0.294
-0.133 2.167 -0.296
-0.119 2.176 -0.298
-0.104 2.185 -0.300
-0.090 2.194 -0.301
-0.075 2.203 -0.304
-0.061 2.212 -0.306
-0.046 2.221 -0.308
-0.031 2.230 -0.310
-0.018 2.239 -0.312
-0.005 2.246 -0.314
0.006 2.253 -0.316
0.016 2.258 -0.317
0.023 2.261 -0.318
0.026 2.261 -0.319
0.026 2.260 -0.320
0.023 2.258 -0.322
0.018 2.254 -0.324
0.011 2.250 -0.326
0.006 2.247 -0.328
0.003 2.244 -0.330
0.000 2.241 -0.331
-0.002 2.238 -0.331
-0.003 2.235 -0.332
-0.003 2.232 -0.331
-0.003 2.230 -0.331
-0.003 2.227 -0.332
-0.002 2.225 -0.331
0.000 2.223 -0.331
0.002 2.222 -0.331
0.004 2.220 -0.332
0.006 2.220 -0.332
0.008 2.218 -0.332
0.011 2.217 -0.332
0.013 2.216 -0.332
0.016 2.216 -0.332
0.019 2.215 -0.332
0.023 2.214 -0.332
0.026 2.214 -0.332
0.030 2.214 -0.332
0.033 2.214 -0.332
0.037 2.214 -0.332
0.041 2.214 -0.332
0.045 2.214 -0.332
0.049 2.214 -0.332
0.053 2.214 -0.332
0.057 2.215 -0.333
0.061 2.215 -0.333
0.065 2.216 -0.332
0.069 2.216 -0.332
0.073 2.216 -0.333
0.076 2.217 -0.333
0.080 2.218 -0.333
0.084 2.219 -0.333
0.088 2.220 -0.333
0.091 2.221 -0.333
0.095 2.221 -0.333
0.098 2.222 -0.332
0.101 2.223 -0.332
0.105 2.224 -0.332
0.108 2.224 -0.332
0.111 2.226 -0.332
0.114 2.226 -0.332
0.117 2.227 -0.332
0.120 2.228 -0.331
0.123 2.229 -0.331
0.126 2.230 -0.331
0.129 2.231 -0.331
0.131 2.232 -0.331
0.134 2.232 -0.331
0.136 2.233 -0.330
0.139 2.234 -0.330
0.142 2.235 -0.330
0.144 2.236 -0.330
0.146 2.237 -0.330
0.148 2.237 -0.329
0.150 2.238 -0.329
0.152 2.239 -0.329
0.154 2.239 -0.329
0.156 2.240 -0.328
0.158 2.241 -0.328
0.160 2.241 -0.328
0.161 2.242 -0.327
0.163 2.242 -0.327
0.165 2.243 -0.327
0.166 2.243 -0.327
0.168 2.244 -0.326
0.170 2.244 -0.326
0.171 2.245 -0.326
0.173 2.245 -0.325
0.174 2.245 -0.325
0.175 2.246 -0.325
0.177 2.246 -0.324
0.178 2.246 -0.324
0.179 2.246 -0.324
0.181 2.246 -0.323
0.182 2.246 -0.323
0.183 2.246 -0.322
0.184 2.247 -0.322
0.185 2.247 -0.322
0.187 2.247 -0.321
0.188 2.247 -0.321
0.190 2.247 -0.320
0.190 2.247 -0.320
0.192 2.247 -0.319
0.193 2.247 -0.319
0.195 2.247 -0.318
0.197 2.246 -0.317
0.198 2.247 -0.317
0.200 2.246 -0.317
0.200 2.247 -0.316
0.201 2.247 -0.315
0.203 2.247 -0.315
0.204 2.247 -0.314
0.206 2.246 -0.314
0.207 2.246 -0.313
0.209 2.246 -0.312
0.210 2.246 -0.312
0.212 2.246 -0.311
0.213 2.246 -0.310
0.215 2.246 -0.310
0.216 2.246 -0.309
0.217 2.247 -0.308
0.219 2.247 -0.308
0.220 2.247 -0.307
0.222 2.248 -0.306
0.222 2.247 -0.304
0.226 2.248 -0.305
0.227 2.249 -0.304
0.229 2.249 -0.303
0.231 2.249 -0.303
0.232 2.250 -0.302
0.234 2.250 -0.301
0.236 2.250 -0.300
0.238 2.250 -0.299
0.239 2.251 -0.298
0.241 2.251 -0.297
0.243 2.251 -0.297
0.244 2.251 -0.296
0.246 2.251 -0.295
0.248 2.252 -0.294
0.249 2.252 -0.293
0.251 2.252 -0.293
0.253 2.251 -0.292
0.254 2.252 -0.291
0.256 2.252 -0.290
0.258 2.252 -0.289
0.259 2.252 -0.288
0.261 2.252 -0.287
0.263 2.252 -0.286
0.264 2.253 -0.286
0.265 2.253 -0.285
0.267 2.253 -0.284
0.268 2.253 -0.283
0.270 2.254 -0.282
0.272 2.254 -0.281
0.272 2.255 -0.281
0.274 2.255 -0.280
0.274 2.256 -0.279
0.275 2.256 -0.278
0.276 2.256 -0.277
0.277 2.257 -0.277
0.279 2.257 -0.276
0.280 2.257 -0.275
0.281 2.257 -0.274
0.282 2.257 -0.273
0.283 2.257 -0.272
0.284 2.256 -0.271
0.285 2.256 -0.270
0.287 2.256 -0.270
0.288 2.257 -0.269
0.289 2.256 -0.268
0.290 2.256 -0.267
0.291 2.256 -0.266
0.293 2.256 -0.265
0.294 2.256 -0.264
0.295 2.256 -0.263
0.296 2.256 -0.262
0.297 2.256 -0.261
0.298 2.256 -0.260
0.299 2.256 -0.259
0.300 2.256 -0.259
0.301 2.256 -0.258
0.302 2.256 -0.257
0.303 2.255 -0.256
0.305 2.255 -0.255
0.306 2.254 -0.253
0.307 2.254 -0.252
0.308 2.254 -0.251
0.309 2.254 -0.250
0.310 2.253 -0.249
0.311 2.253 -0.248
0.311 2.253 -0.247
0.312 2.253 -0.246
0.313 2.253 -0.244
0.314 2.253 -0.243
0.315 2.253 -0.242
0.316 2.253 -0.241
0.317 2.252 -0.240
0.318 2.252 -0.239
0.319 2.252 -0.237
0.320 2.251 -0.236
0.321 2.252 -0.235
0.321 2.251 -0.234
0.322 2.251 -0.233
0.323 2.251 -0.232
0.324 2.251 -0.231
0.325 2.251 -0.229
0.326 2.250 -0.228
0.327 2.250 -0.227
0.328 2.250 -0.226
0.329 2.250 -0.224
0.330 2.250 -0.223
0.331 2.250 -0.222
0.332 2.250 -0.221
0.333 2.250 -0.219
0.334 2.250 -0.218
0.335 2.250 -0.217
0.336 2.250 -0.215
0.337 2.250 -0.214
0.338 2.250 -0.213
0.339 2.250 -0.212
0.340 2.250 -0.210
0.341 2.250 -0.209
0.342 2.250 -0.208
0.343 2.249 -0.206
0.344 2.249 -0.205
0.344 2.249 -0.204
0.345 2.249 -0.202
0.346 2.249 -0.201
0.347 2.249 -0.199
0.348 2.249 -0.198
0.349 2.249 -0.197
0.350 2.249 -0.195
0.351 2.249 -0.194
0.352 2.250 -0.192
0.353 2.250 -0.191
0.354 2.250 -0.190
0.355 2.250 -0.188
0.356 2.249 -0.187
0.356 2.250 -0.185
0.357 2.249 -0.184
0.358 2.249 -0.183
0.359 2.249 -0.181
0.359 2.249 -0.180
0.360 2.249 -0.179
0.361 2.249 -0.177
0.362 2.249 -0.176
0.362 2.249 -0.174
0.363 2.249 -0.173
0.364 2.249 -0.171
0.364 2.249 -0.170
0.365 2.249 -0.168
0.366 2.249 -0.167
0.367 2.249 -0.165
0.368 2.249 -0.164
0.368 2.249 -0.162
0.369 2.249 -0.161
0.370 2.249 -0.160
0.370 2.249 -0.158
0.371 2.248 -0.156
0.371 2.248 -0.155
0.372 2.248 -0.153
0.373 2.248 -0.152
0.373 2.248 -0.150
0.374 2.248 -0.149
0.372 2.248 -0.147
0.372 2.248 -0.145
0.373 2.248 -0.144
0.374 2.248 -0.142
0.374 2.248 -0.140
0.375 2.248 -0.139
0.375 2.247 -0.137
0.376 2.247 -0.136
0.376 2.247 -0.134
0.377 2.247 -0.133
0.377 2.247 -0.131
0.378 2.247 -0.129
0.378 2.246 -0.127
0.379 2.246 -0.125
0.379 2.246 -0.124
0.380 2.246 -0.123
0.380 2.246 -0.121
0.381 2.246 -0.119
0.381 2.245 -0.118
0.381 2.245 -0.116
0.382 2.245 -0.115
0.383 2.245 -0.112
0.383 2.245 -0.110
0.384 2.245 -0.110
0.384 2.245 -0.108
0.384 2.244 -0.106
0.385 2.244 -0.104
0.385 2.244 -0.103
0.386 2.244 -0.101
0.386 2.244 -0.099
0.387 2.244 -0.097
0.387 2.244 -0.096
0.388 2.243 -0.094
0.388 2.243 -0.092
0.388 2.243 -0.090
0.389 2.243 -0.088
0.389 2.242 -0.087
0.390 2.243 -0.085
0.390 2.242 -0.084
0.391 2.242 -0.082
0.391 2.242 -0.080
0.392 2.242 -0.078
0.392 2.242 -0.076
0.392 2.242 -0.075
0.393 2.241 -0.073
0.395 2.241 -0.071
0.396 2.240 -0.070
0.396 2.240 -0.068
0.396 2.240 -0.066
0.397 2.240 -0.064
0.397 2.240 -0.063
0.397 2.239 -0.061
0.398 2.239 -0.059
0.398 2.239 -0.057
0.399 2.239 -0.055
0.398 2.239 -0.053
0.398 2.239 -0.051
0.399 2.239 -0.049
0.400 2.239 -0.048
0.400 2.239 -0.046
0.400 2.239 -0.044
0.401 2.239 -0.042
0.401 2.239 -0.041
0.402 2.239 -0.039
0.402 2.239 -0.037
0.402 2.238 -0.035
0.402 2.238 -0.033
0.403 2.238 -0.031
0.403 2.238 -0.030
0.403 2.238 -0.028
0.403 2.237 -0.026
0.403 2.237 -0.024
0.403 2.237 -0.022
0.404 2.236 -0.021
0.404 2.236 -0.019
0.405 2.236 -0.017
0.404 2.236 -0.015
0.405 2.236 -0.013
0.405 2.236 -0.011
0.405 2.236 -0.009
0.406 2.235 -0.007
0.406 2.235 -0.006
0.406 2.235 -0.004
0.407 2.235 -0.002
0.407 2.235 0.000
0.407 2.235 0.002
0.407 2.235 0.004
0.407 2.234 0.006
0.407 2.234 0.008
0.408 2.234 0.010
0.408 2.234 0.011
0.409 2.233 0.013
0.409 2.233 0.015
0.409 2.233 0.017
0.410 2.232 0.019
0.410 2.232 0.020
0.411 2.232 0.022
0.411 2.232 0.024
0.411 2.232 0.026
0.411 2.232 0.028
0.411 2.231 0.030
0.411 2.231 0.032
0.412 2.231 0.034
0.412 2.231 0.036
0.412 2.230 0.037
0.412 2.230 0.039
0.412 2.230 0.041
0.412 2.230 0.043
0.413 2.229 0.045
0.413 2.229 0.047
0.413 2.229 0.049
0.413 2.229 0.051
0.413 2.228 0.053
0.414 2.228 0.055
0.414 2.228 0.057
0.414 2.228 0.059
0.414 2.228 0.061
0.414 2.227 0.063
0.414 2.227 0.065
0.414 2.227 0.067
0.415 2.227 0.069
0.415 2.226 0.071
0.415 2.226 0.073
0.415 2.226 0.075
0.415 2.226 0.077
0.415 2.225 0.079
0.415 2.225 0.081
0.415 2.225 0.083
0.415 2.224 0.085
0.416 2.224 0.087
0.416 2.224 0.089
0.416 2.224 0.091
0.416 2.224 0.093
0.416 2.224 0.095
0.416 2.223 0.097
0.416 2.223 0.099
0.416 2.223 0.101
0.416 2.223 0.103
0.416 2.222 0.105
0.416 2.222 0.107
0.416 2.222 0.109
0.416 2.221 0.111
0.417 2.221 0.113
0.417 2.221 0.115
0.417 2.221 0.117
0.415 2.221 0.119
0.416 2.221 0.121
0.416 2.220 0.123
0.415 2.220 0.125
0.416 2.220 0.127
0.416 2.220 0.129
0.416 2.219 0.131
0.416 2.219 0.133
0.416 2.219 0.136
0.416 2.219 0.138
0.416 2.218 0.140
0.416 2.218 0.142
0.417 2.218 0.144
0.417 2.218 0.146
0.417 2.217 0.148
0.417 2.217 0.150
0.417 2.217 0.152
0.417 2.216 0.154
0.417 2.216 0.156
0.417 2.215 0.158
0.417 2.215 0.160
0.417 2.215 0.162
0.417 2.214 0.164
0.417 2.214 0.167
0.417 2.214 0.168
0.418 2.213 0.170
0.418 2.213 0.172
0.418 2.213 0.174
0.418 2.212 0.176
0.418 2.212 0.178
0.419 2.212 0.181
0.418 2.212 0.183
0.419 2.211 0.185
0.419 2.211 0.187
0.419 2.210 0.189
0.419 2.210 0.191
0.419 2.210 0.193
0.419 2.210 0.195
0.419 2.209 0.197
0.419 2.209 0.200
0.419 2.209 0.202
0.419 2.208 0.204
0.419 2.208 0.206
0.419 2.208 0.208
0.419 2.207 0.210
0.419 2.207 0.212
0.419 2.207 0.214
0.419 2.206 0.217
0.419 2.206 0.219
0.419 2.206 0.221
0.419 2.205 0.223
0.419 2.205 0.225
0.419 2.204 0.227
0.419 2.204 0.229
0.419 2.204 0.231
0.419 2.204 0.234
0.419 2.203 0.236
0.418 2.203 0.238
0.419 2.203 0.240
0.419 2.202 0.242
0.419 2.202 0.244
0.419 2.202 0.246
0.419 2.201 0.248
0.419 2.201 0.251
0.419 2.201 0.253
0.419 2.200 0.255
0.419 2.200 0.257
0.419 2.199 0.259
0.418 2.199 0.261
0.418 2.199 0.263
0.418 2.198 0.265
0.419 2.198 0.267
0.418 2.197 0.270
0.419 2.197 0.272
0.418 2.197 0.274
0.419 2.196 0.276
0.418 2.196 0.278
0.419 2.195 0.280
0.419 2.195 0.282
0.419 2.195 0.284
0.418 2.194 0.287
0.419 2.194 0.289
0.419 2.193 0.291
0.418 2.193 0.293
0.418 2.193 0.295
0.418 2.192 0.297
0.418 2.192 0.299
0.418 2.191 0.302
0.418 2.190 0.304
0.418 2.190 0.306
0.418 2.189 0.308
0.418 2.189 0.310
0.418 2.188 0.312
0.418 2.188 0.315
