x y z
-0.902 1.778 -1.270
-0.901 1.778 -1.270
-0.900 1.777 -1.269
-0.899 1.776 -1.269
-0.898 1.775 -1.269
-0.897 1.775 -1.268
-0.896 1.774 -1.268
-0.895 1.773 -1.268
-0.895 1.772 -1.267
-0.894 1.771 -1.267
-0.894 1.770 -1.267
-0.893 1.769 -1.267
-0.893 1.768 -1.267
-0.892 1.767 -1.267
-0.892 1.766 -1.266
-0.891 1.765 -1.267
-0.891 1.764 -1.266
-0.891 1.763 -1.266
-0.889 1.762 -1.266
-0.888 1.762 -1.266
-0.888 1.761 -1.266
-0.887 1.760 -1.266
-0.886 1.759 -1.266
-0.885 1.759 -1.266
-0.885 1.758 -1.266
-0.884 1.757 -1.266
-0.883 1.757 -1.267
-0.882 1.756 -1.267
-0.882 1.755 -1.267
-0.881 1.754 -1.267
-0.880 1.754 -1.267
-0.880 1.753 -1.267
-0.879 1.752 -1.268
-0.879 1.752 -1.268
-0.878 1.751 -1.268
-0.877 1.750 -1.268
-0.876 1.750 -1.268
-0.876 1.749 -1.268
-0.876 1.748 -1.269
-0.876 1.748 -1.269
-0.875 1.747 -1.269
-0.874 1.746 -1.269
-0.874 1.745 -1.269
-0.874 1.745 -1.269
-0.873 1.744 -1.270
-0.873 1.743 -1.270
-0.872 1.743 -1.270
-0.872 1.742 -1.269
-0.873 1.741 -1.270
-0.871 1.741 -1.270
-0.870 1.740 -1.270
-0.869 1.740 -1.270
-0.869 1.739 -1.270
-0.869 1.739 -1.269
-0.869 1.739 -1.270
-0.868 1.738 -1.269
-0.868 1.737 -1.269
-0.867 1.737 -1.269
-0.867 1.736 -1.269
-0.867 1.736 -1.269
-0.866 1.735 -1.268
-0.866 1.735 -1.269
-0.865 1.735 -1.269
-0.865 1.735 -1.269
-0.863 1.735 -1.269
-0.862 1.736 -1.269
-0.861 1.736 -1.269
-0.860 1.736 -1.270
-0.858 1.737 -1.270
-0.856 1.738 -1.270
-0.854 1.739 -1.271
-0.852 1.740 -1.271
-0.852 1.741 -1.272
-0.847 1.743 -1.273
-0.847 1.744 -1.273
-0.843 1.745 -1.274
-0.840 1.747 -1.276
-0.835 1.749 -1.277
-0.831 1.752 -1.279
-0.827 1.754 -1.281
-0.822 1.757 -1.282
-0.818 1.759 -1.284
-0.813 1.762 -1.285
-0.808 1.765 -1.287
-0.802 1.768 -1.288
-0.797 1.771 -1.289
-0.791 1.775 -1.291
-0.785 1.778 -1.292
-0.779 1.781 -1.293
-0.772 1.785 -1.294
-0.766 1.789 -1.295
-0.760 1.792 -1.295
-0.754 1.795 -1.296
-0.748 1.799 -1.297
-0.742 1.802 -1.298
-0.736 1.806 -1.298
-0.730 1.809 -1.299
-0.724 1.812 -1.299
-0.719 1.815 -1.300
-0.713 1.818 -1.300
-0.707 1.821 -1.301
-0.702 1.824 -1.301
-0.696 1.828 -1.302
-0.690 1.831 -1.302
-0.685 1.834 -1.303
-0.679 1.837 -1.303
-0.673 1.841 -1.304
-0.667 1.844 -1.304
-0.662 1.848 -1.304
-0.656 1.851 -1.304
-0.649 1.855 -1.304
-0.643 1.859 -1.304
-0.636 1.863 -1.304
-0.630 1.866 -1.304
-0.623 1.870 -1.304
-0.617 1.874 -1.304
-0.610 1.878 -1.304
-0.604 1.881 -1.304
-0.597 1.885 -1.304
-0.590 1.889 -1.304
-0.584 1.893 -1.305
-0.577 1.897 -1.304
-0.570 1.900 -1.304
-0.564 1.904 -1.304
-0.557 1.908 -1.304
-0.550 1.912 -1.304
-0.542 1.917 -1.304
-0.535 1.920 -1.302
-0.528 1.925 -1.302
-0.520 1.929 -1.302
-0.513 1.933 -1.301
-0.505 1.938 -1.301
-0.498 1.942 -1.301
-0.490 1.946 -1.300
-0.483 1.951 -1.300
-0.475 1.955 -1.300
-0.468 1.959 -1.300
-0.460 1.963 -1.299
-0.453 1.968 -1.299
-0.445 1.972 -1.299
-0.438 1.976 -1.299
-0.432 1.979 -1.298
-0.427 1.982 -1.298
-0.423 1.984 -1.298
-0.420 1.986 -1.299
-0.419 1.986 -1.299
-0.419 1.986 -1.303
-0.420 1.985 -1.304
-0.421 1.984 -1.307
-0.422 1.983 -1.310
-0.423 1.982 -1.313
-0.423 1.981 -1.316
-0.423 1.980 -1.319
-0.423 1.980 -1.321
-0.423 1.978 -1.324
-0.423 1.977 -1.326
-0.423 1.975 -1.329
-0.423 1.974 -1.331
-0.423 1.973 -1.333
-0.422 1.971 -1.335
-0.421 1.970 -1.336
-0.420 1.969 -1.338
-0.418 1.968 -1.340
-0.417 1.968 -1.341
-0.416 1.967 -1.342
-0.414 1.966 -1.344
-0.412 1.965 -1.345
-0.411 1.964 -1.346
-0.409 1.964 -1.347
-0.408 1.963 -1.347
-0.407 1.961 -1.348
-0.406 1.960 -1.348
-0.405 1.959 -1.350
-0.403 1.958 -1.350
-0.402 1.956 -1.350
-0.401 1.955 -1.351
-0.400 1.954 -1.351
-0.399 1.953 -1.351
-0.398 1.951 -1.351
-0.396 1.950 -1.351
-0.395 1.950 -1.351
-0.394 1.948 -1.351
-0.393 1.947 -1.351
-0.391 1.947 -1.351
-0.390 1.946 -1.350
-0.389 1.945 -1.350
-0.388 1.944 -1.350
-0.386 1.943 -1.349
-0.385 1.942 -1.349
-0.384 1.942 -1.349
-0.382 1.941 -1.349
-0.381 1.941 -1.349
-0.380 1.940 -1.349
-0.378 1.939 -1.349
-0.377 1.938 -1.349
-0.376 1.937 -1.349
-0.375 1.937 -1.350
-0.373 1.936 -1.351
-0.372 1.935 -1.350
-0.371 1.934 -1.351
-0.370 1.934 -1.352
-0.369 1.933 -1.353
-0.367 1.932 -1.353
-0.366 1.931 -1.355
-0.365 1.931 -1.355
-0.364 1.930 -1.356
-0.363 1.929 -1.357
-0.361 1.928 -1.358
-0.360 1.927 -1.359
-0.359 1.926 -1.361
-0.358 1.926 -1.362
-0.357 1.925 -1.363
-0.356 1.924 -1.364
-0.354 1.923 -1.366
-0.353 1.923 -1.367
-0.352 1.922 -1.369
-0.351 1.921 -1.370
-0.350 1.920 -1.372
-0.349 1.919 -1.373
-0.349 1.919 -1.375
-0.348 1.918 -1.376
-0.348 1.918 -1.377
-0.348 1.917 -1.378
-0.347 1.916 -1.378
-0.347 1.916 -1.379
-0.346 1.916 -1.379
-0.345 1.916 -1.380
-0.345 1.916 -1.380
-0.344 1.917 -1.379
-0.343 1.917 -1.380
-0.342 1.917 -1.379
-0.342 1.918 -1.379
-0.341 1.918 -1.379
-0.340 1.919 -1.380
-0.339 1.919 -1.380
-0.338 1.919 -1.380
-0.337 1.920 -1.380
-0.336 1.920 -1.381
-0.336 1.920 -1.380
-0.335 1.920 -1.381
-0.334 1.921 -1.381
-0.334 1.921 -1.381
-0.334 1.920 -1.380
-0.334 1.920 -1.380
-0.334 1.920 -1.380
-0.334 1.920 -1.380
-0.335 1.920 -1.380
-0.334 1.920 -1.381
-0.334 1.920 -1.380
-0.335 1.920 -1.381
-0.334 1.920 -1.380
-0.335 1.919 -1.380
-0.335 1.919 -1.380
-0.335 1.919 -1.380
-0.335 1.919 -1.380
-0.335 1.919 -1.380
-0.335 1.919 -1.380
-0.335 1.919 -1.380
-0.335 1.919 -1.380
-0.335 1.919 -1.380
-0.335 1.919 -1.381
-0.334 1.919 -1.380
-0.334 1.919 -1.380
-0.334 1.919 -1.380
-0.335 1.919 -1.380
-0.334 1.919 -1.380
-0.334 1.919 -1.380
-0.334 1.919 -1.380
-0.334 1.919 -1.380
-0.334 1.919 -1.380
-0.335 1.919 -1.380
-0.334 1.920 -1.380
-0.335 1.920 -1.380
-0.335 1.919 -1.380
-0.334 1.920 -1.380
-0.335 1.920 -1.380
-0.335 1.920 -1.381
-0.335 1.920 -1.381
-0.334 1.920 -1.380
-0.334 1.920 -1.381
-0.334 1.920 -1.381
-0.334 1.920 -1.381
-0.334 1.920 -1.380
-0.334 1.921 -1.380
-0.334 1.920 -1.380
-0.334 1.921 -1.381
-0.334 1.920 -1.380
-0.334 1.920 -1.380
-0.334 1.920 -1.380
-0.335 1.920 -1.380
-0.335 1.920 -1.380
-0.335 1.920 -1.380
-0.336 1.920 -1.380
-0.336 1.919 -1.380
-0.336 1.919 -1.380
-0.337 1.919 -1.380
-0.337 1.919 -1.379
-0.337 1.919 -1.379
-0.337 1.919 -1.379
-0.337 1.919 -1.379
-0.337 1.919 -1.379
-0.337 1.920 -1.379
-0.337 1.920 -1.379
-0.337 1.920 -1.379
-0.337 1.921 -1.379
-0.336 1.921 -1.378
-0.336 1.921 -1.378
-0.336 1.922 -1.378
-0.336 1.922 -1.378
-0.336 1.922 -1.378
-0.336 1.923 -1.378
-0.336 1.923 -1.378
-0.336 1.923 -1.378
-0.336 1.923 -1.378
-0.336 1.922 -1.377
-0.337 1.922 -1.377
-0.337 1.922 -1.377
-0.337 1.923 -1.378
-0.338 1.922 -1.378
-0.337 1.922 -1.377
-0.338 1.922 -1.377
-0.338 1.922 -1.377
-0.338 1.922 -1.377
-0.338 1.922 -1.377
-0.338 1.922 -1.376
-0.338 1.922 -1.376
-0.338 1.922 -1.376
-0.338 1.923 -1.377
-0.338 1.923 -1.376
-0.338 1.923 -1.376
-0.338 1.923 -1.376
-0.338 1.923 -1.376
-0.338 1.923 -1.376
-0.338 1.923 -1.376
-0.338 1.923 -1.376
-0.338 1.923 -1.376
-0.338 1.923 -1.376
-0.338 1.923 -1.376
-0.338 1.923 -1.376
-0.338 1.924 -1.376
-0.337 1.924 -1.376
-0.337 1.924 -1.376
-0.337 1.924 -1.376
-0.337 1.924 -1.376
-0.337 1.925 -1.376
-0.337 1.925 -1.376
-0.336 1.925 -1.376
-0.336 1.925 -1.376
-0.336 1.925 -1.376
-0.336 1.925 -1.376
-0.336 1.926 -1.376
-0.336 1.925 -1.376
-0.336 1.926 -1.376
-0.336 1.926 -1.376
-0.335 1.926 -1.376
