x y z
-1.058 2.495 -0.264
-1.058 2.496 -0.262
-1.057 2.495 -0.261
-1.058 2.496 -0.259
-1.058 2.496 -0.258
-1.057 2.496 -0.257
-1.058 2.496 -0.254
-1.058 2.496 -0.253
-1.057 2.496 -0.252
-1.057 2.496 -0.250
-1.057 2.496 -0.249
-1.057 2.496 -0.247
-1.058 2.497 -0.245
-1.058 2.497 -0.244
-1.057 2.497 -0.242
-1.058 2.497 -0.241
-1.058 2.497 -0.239
-1.058 2.497 -0.238
-1.058 2.497 -0.237
-1.058 2.498 -0.235
-1.058 2.498 -0.234
-1.058 2.498 -0.232
-1.058 2.498 -0.231
-1.058 2.497 -0.230
-1.059 2.498 -0.228
-1.059 2.498 -0.227
-1.059 2.498 -0.226
-1.059 2.498 -0.224
-1.059 2.498 -0.223
-1.060 2.498 -0.222
-1.060 2.498 -0.220
-1.060 2.498 -0.219
-1.060 2.498 -0.218
-1.059 2.498 -0.217
-1.059 2.498 -0.216
-1.059 2.498 -0.214
-1.059 2.498 -0.213
-1.060 2.499 -0.211
-1.059 2.499 -0.210
-1.058 2.499 -0.209
-1.059 2.499 -0.207
-1.058 2.499 -0.206
-1.058 2.500 -0.205
-1.057 2.500 -0.204
-1.057 2.500 -0.203
-1.056 2.500 -0.201
-1.056 2.500 -0.200
-1.055 2.500 -0.199
-1.055 2.500 -0.198
-1.055 2.500 -0.197
-1.055 2.500 -0.196
-1.055 2.501 -0.195
-1.055 2.501 -0.193
-1.055 2.501 -0.192
-1.055 2.502 -0.191
-1.055 2.501 -0.191
-1.055 2.501 -0.190
-1.055 2.502 -0.189
-1.056 2.502 -0.188
-1.055 2.502 -0.188
-1.056 2.502 -0.186
-1.056 2.502 -0.185
-1.056 2.502 -0.185
-1.057 2.502 -0.184
-1.056 2.501 -0.183
-1.056 2.501 -0.182
-1.055 2.499 -0.182
-1.054 2.495 -0.181
-1.051 2.490 -0.181
-1.047 2.483 -0.182
-1.043 2.475 -0.183
-1.039 2.466 -0.184
-1.035 2.457 -0.185
-1.030 2.447 -0.187
-1.025 2.437 -0.189
-1.020 2.426 -0.192
-1.015 2.414 -0.194
-1.009 2.402 -0.197
-1.003 2.390 -0.199
-0.997 2.378 -0.202
-0.990 2.365 -0.205
-0.983 2.351 -0.207
-0.977 2.338 -0.210
-0.970 2.325 -0.213
-0.963 2.310 -0.216
-0.956 2.296 -0.219
-0.949 2.282 -0.223
-0.942 2.267 -0.226
-0.934 2.253 -0.229
-0.927 2.238 -0.233
-0.920 2.223 -0.236
-0.912 2.207 -0.240
-0.905 2.192 -0.244
-0.897 2.177 -0.248
-0.889 2.161 -0.252
-0.881 2.145 -0.256
-0.873 2.129 -0.261
-0.865 2.113 -0.265
-0.857 2.097 -0.269
-0.849 2.081 -0.274
-0.841 2.065 -0.279
-0.832 2.048 -0.284
-0.824 2.031 -0.288
-0.816 2.014 -0.293
-0.807 1.998 -0.299
-0.799 1.981 -0.304
-0.790 1.964 -0.310
-0.782 1.947 -0.315
-0.773 1.929 -0.321
-0.764 1.912 -0.326
-0.755 1.895 -0.332
-0.746 1.877 -0.338
-0.737 1.859 -0.344
-0.728 1.842 -0.350
-0.719 1.824 -0.356
-0.711 1.806 -0.363
-0.702 1.787 -0.369
-0.692 1.770 -0.376
-0.684 1.751 -0.382
-0.674 1.733 -0.389
-0.665 1.715 -0.396
-0.656 1.696 -0.402
-0.646 1.677 -0.409
-0.637 1.658 -0.416
-0.628 1.640 -0.423
-0.618 1.621 -0.429
-0.609 1.602 -0.436
-0.599 1.583 -0.443
-0.589 1.564 -0.449
-0.579 1.544 -0.456
-0.570 1.525 -0.462
-0.560 1.506 -0.469
-0.551 1.487 -0.475
-0.541 1.467 -0.482
-0.531 1.448 -0.488
-0.521 1.428 -0.494
-0.511 1.408 -0.501
-0.502 1.389 -0.507
-0.492 1.369 -0.513
-0.482 1.349 -0.519
-0.472 1.329 -0.525
-0.463 1.310 -0.531
-0.454 1.292 -0.537
-0.447 1.276 -0.541
-0.441 1.263 -0.546
-0.438 1.253 -0.549
-0.438 1.249 -0.553
-0.439 1.249 -0.556
-0.442 1.251 -0.560
-0.446 1.255 -0.564
-0.450 1.262 -0.567
-0.455 1.270 -0.570
-0.458 1.275 -0.572
-0.461 1.281 -0.574
-0.464 1.285 -0.575
-0.467 1.290 -0.577
-0.469 1.295 -0.577
-0.472 1.300 -0.577
-0.474 1.305 -0.578
-0.476 1.309 -0.578
-0.478 1.313 -0.578
-0.480 1.316 -0.578
-0.481 1.318 -0.578
-0.482 1.320 -0.578
-0.483 1.321 -0.578
-0.483 1.322 -0.578
-0.484 1.322 -0.577
-0.484 1.323 -0.577
-0.484 1.322 -0.576
-0.483 1.322 -0.575
-0.483 1.321 -0.574
-0.482 1.320 -0.573
-0.481 1.319 -0.572
-0.480 1.317 -0.571
-0.478 1.315 -0.570
-0.478 1.313 -0.569
-0.477 1.311 -0.568
-0.475 1.308 -0.566
-0.475 1.305 -0.565
-0.473 1.302 -0.564
-0.472 1.299 -0.562
-0.471 1.296 -0.560
-0.470 1.294 -0.559
-0.469 1.291 -0.557
-0.468 1.288 -0.556
-0.468 1.284 -0.553
-0.467 1.281 -0.552
-0.466 1.278 -0.550
-0.465 1.275 -0.548
-0.464 1.272 -0.546
-0.462 1.269 -0.544
-0.463 1.265 -0.541
-0.462 1.262 -0.539
-0.461 1.259 -0.537
-0.460 1.257 -0.535
-0.459 1.254 -0.533
-0.458 1.251 -0.531
-0.458 1.249 -0.530
-0.457 1.247 -0.528
-0.456 1.244 -0.527
-0.455 1.242 -0.525
-0.454 1.240 -0.524
-0.454 1.239 -0.522
-0.454 1.237 -0.521
-0.453 1.235 -0.520
-0.453 1.234 -0.519
-0.453 1.233 -0.518
-0.452 1.232 -0.517
-0.452 1.231 -0.517
-0.452 1.230 -0.516
-0.452 1.229 -0.515
-0.451 1.229 -0.515
-0.451 1.228 -0.514
-0.451 1.228 -0.514
-0.451 1.228 -0.514
-0.451 1.228 -0.514
-0.451 1.228 -0.514
-0.450 1.228 -0.514
-0.450 1.228 -0.513
-0.450 1.228 -0.513
-0.450 1.228 -0.513
-0.450 1.229 -0.514
-0.450 1.229 -0.514
-0.451 1.229 -0.514
-0.451 1.229 -0.514
-0.451 1.230 -0.514
-0.451 1.230 -0.514
-0.452 1.230 -0.514
-0.452 1.231 -0.515
-0.452 1.232 -0.515
-0.453 1.232 -0.515
-0.453 1.232 -0.515
-0.453 1.233 -0.515
-0.453 1.233 -0.514
-0.453 1.233 -0.514
-0.453 1.233 -0.514
-0.453 1.234 -0.514
-0.453 1.234 -0.513
-0.452 1.234 -0.513
-0.452 1.234 -0.512
-0.451 1.234 -0.512
-0.451 1.234 -0.511
-0.451 1.234 -0.511
-0.450 1.234 -0.510
-0.449 1.233 -0.509
-0.449 1.233 -0.508
-0.448 1.232 -0.508
-0.448 1.231 -0.507
-0.448 1.231 -0.506
-0.447 1.230 -0.505
-0.447 1.228 -0.504
-0.446 1.227 -0.503
-0.446 1.226 -0.502
-0.445 1.225 -0.501
-0.444 1.223 -0.499
-0.443 1.222 -0.498
-0.443 1.220 -0.497
-0.442 1.218 -0.496
-0.441 1.217 -0.495
-0.440 1.215 -0.493
-0.439 1.213 -0.492
-0.438 1.212 -0.490
-0.438 1.210 -0.489
-0.437 1.208 -0.488
-0.436 1.207 -0.486
-0.435 1.205 -0.485
-0.434 1.204 -0.483
-0.433 1.202 -0.482
-0.432 1.201 -0.480
-0.431 1.199 -0.478
-0.430 1.197 -0.477
-0.429 1.195 -0.475
-0.428 1.194 -0.474
-0.428 1.192 -0.472
-0.427 1.190 -0.471
-0.426 1.189 -0.469
-0.426 1.187 -0.468
-0.425 1.185 -0.466
-0.425 1.183 -0.465
-0.424 1.182 -0.463
-0.423 1.180 -0.462
-0.423 1.179 -0.460
-0.422 1.177 -0.459
-0.422 1.176 -0.458
-0.421 1.175 -0.456
-0.420 1.174 -0.455
-0.420 1.173 -0.453
-0.419 1.172 -0.452
-0.419 1.171 -0.451
-0.418 1.171 -0.450
-0.418 1.170 -0.448
-0.417 1.169 -0.447
-0.417 1.168 -0.446
-0.416 1.167 -0.445
-0.416 1.167 -0.444
-0.416 1.166 -0.443
-0.415 1.166 -0.442
-0.415 1.165 -0.441
-0.415 1.165 -0.440
-0.414 1.164 -0.439
-0.414 1.164 -0.438
-0.414 1.164 -0.437
-0.413 1.163 -0.436
-0.413 1.163 -0.435
-0.413 1.163 -0.434
-0.412 1.162 -0.433
-0.412 1.162 -0.432
-0.412 1.162 -0.431
-0.412 1.161 -0.430
-0.411 1.161 -0.429
-0.411 1.161 -0.428
-0.411 1.160 -0.427
-0.410 1.160 -0.426
-0.410 1.160 -0.425
-0.409 1.159 -0.424
-0.408 1.159 -0.423
-0.408 1.158 -0.422
-0.408 1.158 -0.421
-0.407 1.157 -0.420
-0.406 1.157 -0.419
-0.405 1.156 -0.418
-0.405 1.156 -0.416
-0.404 1.155 -0.415
-0.403 1.155 -0.414
-0.402 1.154 -0.413
-0.402 1.154 -0.412
-0.401 1.153 -0.410
-0.400 1.152 -0.409
-0.399 1.152 -0.408
-0.398 1.151 -0.406
-0.398 1.150 -0.405
-0.397 1.149 -0.403
-0.396 1.148 -0.402
-0.395 1.147 -0.401
-0.394 1.146 -0.399
-0.394 1.145 -0.398
-0.393 1.144 -0.396
-0.392 1.143 -0.395
-0.392 1.142 -0.393
-0.391 1.141 -0.392
-0.390 1.140 -0.390
-0.390 1.139 -0.389
-0.389 1.137 -0.387
-0.388 1.136 -0.385
-0.388 1.135 -0.384
-0.387 1.134 -0.382
-0.386 1.133 -0.380
-0.385 1.132 -0.379
-0.384 1.131 -0.377
-0.384 1.130 -0.375
-0.383 1.129 -0.374
-0.382 1.128 -0.372
-0.381 1.127 -0.370
-0.380 1.126 -0.368
-0.379 1.125 -0.367
-0.378 1.124 -0.365
-0.378 1.123 -0.363
-0.377 1.122 -0.362
-0.376 1.121 -0.360
-0.376 1.119 -0.358
-0.375 1.118 -0.357
-0.375 1.117 -0.355
-0.374 1.116 -0.354
-0.374 1.115 -0.352
-0.374 1.114 -0.350
-0.373 1.113 -0.349
-0.373 1.113 -0.347
-0.372 1.112 -0.346
-0.372 1.111 -0.344
-0.371 1.110 -0.343
-0.371 1.110 -0.341
-0.370 1.109 -0.339
-0.369 1.108 -0.338
-0.369 1.108 -0.336
-0.368 1.108 -0.335
-0.367 1.107 -0.333
-0.367 1.107 -0.332
-0.366 1.106 -0.330
-0.366 1.106 -0.328
-0.365 1.105 -0.327
-0.365 1.105 -0.325
-0.365 1.104 -0.324
-0.365 1.104 -0.322
-0.365 1.103 -0.321
-0.364 1.102 -0.319
-0.364 1.102 -0.318
-0.364 1.101 -0.316
-0.364 1.101 -0.315
-0.364 1.100 -0.313
-0.363 1.100 -0.312
-0.363 1.099 -0.310
-0.362 1.099 -0.308
-0.362 1.099 -0.307
-0.361 1.099 -0.305
-0.361 1.098 -0.304
-0.360 1.098 -0.302
-0.360 1.098 -0.300
-0.359 1.098 -0.299
-0.359 1.097 -0.297
-0.359 1.097 -0.295
-0.358 1.097 -0.294
-0.358 1.096 -0.292
-0.358 1.095 -0.290
-0.357 1.095 -0.288
-0.357 1.094 -0.287
-0.357 1.094 -0.285
-0.356 1.093 -0.283
-0.356 1.093 -0.281
-0.356 1.092 -0.280
-0.356 1.092 -0.278
-0.355 1.091 -0.276
-0.355 1.091 -0.274
-0.354 1.090 -0.273
-0.354 1.090 -0.271
-0.353 1.089 -0.269
-0.353 1.089 -0.267
-0.352 1.088 -0.265
-0.351 1.088 -0.263
-0.351 1.088 -0.261
-0.350 1.087 -0.259
-0.350 1.086 -0.257
-0.349 1.086 -0.256
-0.349 1.085 -0.254
-0.349 1.084 -0.252
-0.349 1.084 -0.250
-0.349 1.083 -0.248
-0.348 1.082 -0.246
-0.348 1.081 -0.244
-0.347 1.080 -0.242
-0.347 1.080 -0.240
-0.347 1.079 -0.237
-0.346 1.078 -0.235
-0.346 1.077 -0.233
-0.345 1.077 -0.231
-0.345 1.076 -0.229
-0.345 1.076 -0.227
-0.344 1.075 -0.225
-0.343 1.075 -0.223
-0.343 1.074 -0.221
-0.342 1.074 -0.219
-0.342 1.073 -0.217
-0.342 1.073 -0.215
-0.341 1.072 -0.213
-0.341 1.072 -0.211
-0.341 1.071 -0.209
-0.340 1.071 -0.207
-0.340 1.070 -0.205
-0.340 1.070 -0.203
-0.340 1.069 -0.201
-0.340 1.068 -0.199
-0.340 1.068 -0.197
-0.339 1.067 -0.195
-0.339 1.067 -0.193
-0.339 1.066 -0.191
-0.339 1.066 -0.189
-0.338 1.066 -0.187
-0.338 1.065 -0.185
-0.338 1.065 -0.183
-0.337 1.065 -0.181
-0.337 1.065 -0.179
-0.337 1.065 -0.177
-0.336 1.065 -0.175
-0.336 1.065 -0.173
-0.336 1.064 -0.171
-0.335 1.064 -0.169
-0.335 1.064 -0.167
-0.335 1.063 -0.165
-0.335 1.063 -0.163
-0.335 1.062 -0.161
-0.335 1.062 -0.160
-0.335 1.062 -0.157
-0.335 1.061 -0.155
-0.335 1.061 -0.153
-0.335 1.060 -0.151
-0.334 1.060 -0.149
-0.334 1.060 -0.147
-0.334 1.060 -0.145
-0.334 1.059 -0.143
-0.334 1.059 -0.141
-0.333 1.059 -0.139
-0.333 1.059 -0.137
-0.333 1.059 -0.135
-0.332 1.059 -0.133
-0.332 1.059 -0.131
-0.332 1.059 -0.128
-0.332 1.058 -0.126
-0.331 1.058 -0.124
-0.331 1.058 -0.122
-0.331 1.057 -0.120
-0.331 1.057 -0.118
-0.331 1.056 -0.116
-0.331 1.056 -0.114
-0.331 1.055 -0.112
-0.331 1.055 -0.109
-0.331 1.054 -0.107
-0.331 1.054 -0.105
-0.330 1.054 -0.103
-0.330 1.053 -0.101
-0.330 1.053 -0.098
-0.329 1.053 -0.096
-0.329 1.053 -0.094
-0.329 1.052 -0.092
-0.329 1.052 -0.089
-0.328 1.052 -0.087
