x y z
-1.450 2.091 -0.310
-1.451 2.091 -0.308
-1.451 2.091 -0.307
-1.452 2.091 -0.305
-1.452 2.091 -0.304
-1.453 2.091 -0.302
-1.453 2.091 -0.301
-1.453 2.091 -0.299
-1.454 2.091 -0.298
-1.454 2.091 -0.296
-1.455 2.091 -0.295
-1.456 2.091 -0.294
-1.456 2.090 -0.292
-1.457 2.090 -0.291
-1.458 2.090 -0.290
-1.458 2.090 -0.288
-1.459 2.090 -0.287
-1.459 2.090 -0.286
-1.460 2.091 -0.285
-1.460 2.091 -0.284
-1.461 2.090 -0.282
-1.461 2.091 -0.281
-1.461 2.091 -0.279
-1.461 2.091 -0.278
-1.461 2.091 -0.277
-1.462 2.091 -0.275
-1.462 2.091 -0.274
-1.462 2.091 -0.272
-1.462 2.092 -0.272
-1.462 2.092 -0.270
-1.462 2.092 -0.268
-1.463 2.092 -0.267
-1.463 2.092 -0.266
-1.463 2.092 -0.265
-1.463 2.092 -0.263
-1.463 2.092 -0.262
-1.463 2.092 -0.261
-1.464 2.092 -0.260
-1.464 2.093 -0.259
-1.464 2.093 -0.257
-1.465 2.093 -0.256
-1.465 2.093 -0.255
-1.465 2.093 -0.254
-1.466 2.093 -0.253
-1.466 2.094 -0.252
-1.467 2.094 -0.251
-1.467 2.094 -0.250
-1.468 2.094 -0.249
-1.468 2.094 -0.248
-1.468 2.094 -0.247
-1.469 2.095 -0.246
-1.470 2.095 -0.245
-1.470 2.095 -0.245
-1.471 2.095 -0.244
-1.472 2.095 -0.243
-1.472 2.095 -0.242
-1.473 2.095 -0.241
-1.474 2.095 -0.241
-1.475 2.095 -0.240
-1.476 2.095 -0.239
-1.477 2.095 -0.239
-1.478 2.095 -0.238
-1.478 2.095 -0.237
-1.479 2.094 -0.236
-1.480 2.094 -0.236
-1.481 2.094 -0.235
-1.482 2.095 -0.234
-1.482 2.095 -0.233
-1.481 2.096 -0.232
-1.479 2.098 -0.231
-1.475 2.101 -0.230
-1.470 2.105 -0.229
-1.463 2.110 -0.229
-1.460 2.118 -0.229
-1.454 2.125 -0.229
-1.444 2.131 -0.230
-1.436 2.138 -0.230
-1.429 2.146 -0.230
-1.420 2.155 -0.229
-1.412 2.162 -0.229
-1.403 2.170 -0.228
-1.394 2.178 -0.227
-1.385 2.186 -0.226
-1.375 2.194 -0.225
-1.366 2.202 -0.224
-1.356 2.211 -0.223
-1.347 2.219 -0.222
-1.337 2.228 -0.221
-1.328 2.237 -0.220
-1.318 2.246 -0.219
-1.309 2.255 -0.218
-1.299 2.264 -0.218
-1.289 2.274 -0.217
-1.278 2.282 -0.215
-1.268 2.291 -0.214
-1.258 2.301 -0.214
-1.248 2.310 -0.213
-1.237 2.319 -0.212
-1.227 2.329 -0.212
-1.216 2.338 -0.211
-1.206 2.348 -0.211
-1.194 2.358 -0.211
-1.184 2.367 -0.210
-1.173 2.377 -0.210
-1.162 2.388 -0.210
-1.151 2.398 -0.210
-1.139 2.408 -0.210
-1.127 2.418 -0.210
-1.116 2.429 -0.210
-1.104 2.439 -0.211
-1.092 2.450 -0.211
-1.080 2.461 -0.211
-1.068 2.471 -0.211
-1.056 2.482 -0.211
-1.043 2.493 -0.212
-1.031 2.504 -0.212
-1.019 2.515 -0.213
-1.007 2.525 -0.214
-0.995 2.536 -0.214
-0.982 2.547 -0.215
-0.970 2.558 -0.216
-0.958 2.569 -0.217
-0.946 2.580 -0.218
-0.934 2.591 -0.219
-0.921 2.602 -0.221
-0.909 2.613 -0.222
-0.896 2.624 -0.224
-0.884 2.635 -0.225
-0.871 2.645 -0.226
-0.859 2.656 -0.227
-0.846 2.668 -0.228
-0.833 2.678 -0.230
-0.821 2.689 -0.231
-0.810 2.701 -0.233
-0.797 2.712 -0.235
-0.785 2.723 -0.236
-0.774 2.733 -0.238
-0.762 2.745 -0.240
-0.748 2.755 -0.242
-0.736 2.765 -0.244
-0.723 2.776 -0.246
-0.711 2.786 -0.248
-0.699 2.796 -0.250
-0.686 2.805 -0.254
-0.674 2.813 -0.256
-0.665 2.819 -0.257
-0.660 2.826 -0.257
-0.655 2.828 -0.258
-0.654 2.829 -0.257
-0.656 2.827 -0.258
-0.659 2.823 -0.258
-0.665 2.817 -0.260
-0.671 2.810 -0.261
-0.677 2.804 -0.261
-0.680 2.798 -0.262
-0.683 2.793 -0.262
-0.685 2.788 -0.261
-0.686 2.785 -0.261
-0.688 2.781 -0.259
-0.688 2.778 -0.258
-0.689 2.775 -0.258
-0.688 2.773 -0.258
-0.688 2.772 -0.257
-0.687 2.770 -0.256
-0.687 2.769 -0.256
-0.685 2.768 -0.256
-0.684 2.768 -0.255
-0.683 2.768 -0.255
-0.681 2.768 -0.255
-0.679 2.768 -0.255
-0.678 2.768 -0.255
-0.676 2.768 -0.255
-0.674 2.768 -0.255
-0.672 2.769 -0.255
-0.670 2.769 -0.255
-0.667 2.770 -0.255
-0.665 2.771 -0.255
-0.663 2.772 -0.255
-0.660 2.773 -0.255
-0.657 2.774 -0.255
-0.655 2.775 -0.255
-0.652 2.776 -0.255
-0.649 2.777 -0.255
-0.647 2.778 -0.255
-0.644 2.780 -0.255
-0.641 2.782 -0.254
-0.638 2.783 -0.255
-0.635 2.784 -0.254
-0.633 2.785 -0.254
-0.630 2.786 -0.255
-0.627 2.788 -0.254
-0.625 2.789 -0.254
-0.622 2.790 -0.254
-0.619 2.791 -0.253
-0.617 2.792 -0.253
-0.615 2.793 -0.252
-0.613 2.793 -0.252
-0.610 2.794 -0.251
-0.608 2.795 -0.251
-0.606 2.795 -0.251
-0.604 2.796 -0.250
-0.603 2.797 -0.250
-0.601 2.797 -0.249
-0.599 2.798 -0.249
-0.598 2.798 -0.248
-0.596 2.798 -0.248
-0.594 2.799 -0.247
-0.593 2.799 -0.246
-0.591 2.800 -0.246
-0.590 2.800 -0.245
-0.588 2.800 -0.245
-0.587 2.800 -0.244
-0.585 2.800 -0.243
-0.584 2.801 -0.243
-0.582 2.801 -0.242
-0.581 2.801 -0.241
-0.579 2.801 -0.241
-0.578 2.801 -0.240
-0.577 2.801 -0.239
-0.576 2.801 -0.239
-0.574 2.801 -0.238
-0.573 2.801 -0.237
-0.572 2.801 -0.237
-0.572 2.801 -0.236
-0.571 2.800 -0.236
-0.570 2.800 -0.235
-0.569 2.799 -0.235
-0.569 2.799 -0.234
-0.568 2.799 -0.233
-0.567 2.798 -0.233
-0.567 2.798 -0.232
-0.566 2.797 -0.231
-0.565 2.797 -0.231
-0.564 2.797 -0.230
-0.563 2.796 -0.229
-0.563 2.796 -0.229
-0.561 2.796 -0.228
-0.560 2.796 -0.227
-0.560 2.795 -0.226
-0.559 2.795 -0.226
-0.558 2.795 -0.225
-0.557 2.795 -0.224
-0.557 2.794 -0.224
-0.556 2.794 -0.223
-0.555 2.793 -0.222
-0.555 2.793 -0.222
-0.554 2.792 -0.221
-0.554 2.792 -0.220
-0.553 2.792 -0.220
-0.552 2.791 -0.219
-0.552 2.791 -0.218
-0.551 2.790 -0.217
-0.550 2.790 -0.216
-0.549 2.790 -0.216
-0.548 2.790 -0.215
-0.547 2.790 -0.214
-0.546 2.789 -0.213
-0.545 2.789 -0.212
-0.544 2.789 -0.211
-0.543 2.789 -0.210
-0.542 2.789 -0.209
-0.541 2.789 -0.208
-0.540 2.788 -0.207
-0.540 2.788 -0.207
-0.539 2.788 -0.206
-0.538 2.788 -0.205
-0.537 2.787 -0.204
-0.536 2.787 -0.203
-0.535 2.787 -0.202
-0.534 2.787 -0.201
-0.533 2.786 -0.200
-0.531 2.786 -0.199
-0.530 2.786 -0.198
-0.529 2.786 -0.197
-0.528 2.786 -0.195
-0.526 2.786 -0.194
-0.525 2.785 -0.193
-0.524 2.785 -0.192
-0.522 2.785 -0.191
-0.521 2.785 -0.190
-0.520 2.785 -0.189
-0.519 2.785 -0.188
-0.518 2.785 -0.187
-0.517 2.785 -0.186
-0.516 2.784 -0.185
-0.515 2.784 -0.184
-0.514 2.784 -0.182
-0.512 2.783 -0.181
-0.511 2.783 -0.180
-0.511 2.782 -0.179
-0.510 2.782 -0.178
-0.509 2.781 -0.177
-0.508 2.781 -0.176
-0.507 2.780 -0.174
-0.507 2.780 -0.173
-0.506 2.779 -0.172
-0.505 2.779 -0.171
-0.504 2.779 -0.170
-0.503 2.778 -0.169
-0.502 2.778 -0.167
-0.501 2.778 -0.166
-0.500 2.777 -0.165
-0.499 2.777 -0.164
-0.498 2.776 -0.162
-0.498 2.776 -0.161
-0.497 2.775 -0.160
-0.496 2.775 -0.159
-0.496 2.774 -0.158
-0.495 2.774 -0.157
-0.495 2.773 -0.156
-0.494 2.773 -0.154
-0.493 2.772 -0.153
-0.493 2.771 -0.152
-0.492 2.771 -0.151
-0.492 2.770 -0.150
-0.491 2.770 -0.148
-0.490 2.769 -0.147
-0.490 2.768 -0.146
-0.489 2.768 -0.145
-0.488 2.767 -0.143
-0.487 2.767 -0.142
-0.487 2.766 -0.141
-0.486 2.766 -0.140
-0.486 2.765 -0.138
-0.485 2.764 -0.137
-0.485 2.764 -0.136
-0.484 2.763 -0.135
-0.484 2.763 -0.133
-0.483 2.762 -0.132
-0.483 2.761 -0.131
-0.483 2.761 -0.130
-0.482 2.760 -0.128
-0.482 2.760 -0.127
-0.481 2.759 -0.126
-0.481 2.758 -0.124
-0.480 2.758 -0.123
-0.480 2.757 -0.122
-0.479 2.756 -0.120
-0.478 2.756 -0.119
-0.478 2.756 -0.116
-0.477 2.755 -0.115
-0.476 2.754 -0.115
-0.475 2.754 -0.113
-0.475 2.753 -0.112
-0.474 2.753 -0.110
-0.473 2.752 -0.109
-0.473 2.752 -0.108
-0.472 2.751 -0.106
-0.471 2.751 -0.105
-0.470 2.750 -0.103
-0.470 2.749 -0.102
-0.470 2.749 -0.101
-0.469 2.748 -0.099
-0.469 2.747 -0.098
-0.468 2.747 -0.096
-0.468 2.746 -0.095
-0.467 2.745 -0.093
-0.466 2.745 -0.092
-0.466 2.744 -0.090
-0.465 2.743 -0.089
-0.464 2.743 -0.087
-0.464 2.742 -0.086
-0.463 2.742 -0.084
-0.462 2.741 -0.083
-0.461 2.740 -0.081
-0.461 2.740 -0.080
-0.460 2.739 -0.078
-0.459 2.739 -0.077
-0.459 2.738 -0.075
-0.458 2.737 -0.074
-0.457 2.737 -0.072
-0.456 2.736 -0.071
-0.456 2.736 -0.069
-0.455 2.735 -0.068
-0.454 2.735 -0.066
-0.453 2.734 -0.065
-0.453 2.734 -0.063
-0.452 2.733 -0.061
-0.451 2.733 -0.060
-0.450 2.733 -0.058
-0.449 2.732 -0.057
-0.448 2.732 -0.055
-0.447 2.731 -0.054
-0.447 2.731 -0.052
-0.446 2.731 -0.051
-0.445 2.730 -0.049
-0.445 2.730 -0.048
-0.444 2.729 -0.046
-0.444 2.729 -0.044
-0.443 2.729 -0.041
-0.442 2.728 -0.040
-0.442 2.727 -0.040
-0.441 2.727 -0.038
-0.442 2.728 -0.035
