x y z
-1.211 2.228 -0.305
-1.211 2.228 -0.304
-1.211 2.228 -0.302
-1.211 2.229 -0.301
-1.211 2.229 -0.300
-1.211 2.229 -0.299
-1.211 2.230 -0.298
-1.211 2.230 -0.297
-1.211 2.231 -0.295
-1.211 2.231 -0.294
-1.211 2.231 -0.293
-1.210 2.231 -0.292
-1.210 2.232 -0.291
-1.210 2.231 -0.290
-1.210 2.232 -0.288
-1.211 2.232 -0.287
-1.211 2.232 -0.286
-1.211 2.232 -0.285
-1.211 2.232 -0.284
-1.211 2.233 -0.282
-1.211 2.233 -0.281
-1.211 2.233 -0.280
-1.211 2.233 -0.279
-1.211 2.233 -0.277
-1.211 2.234 -0.276
-1.211 2.234 -0.275
-1.211 2.234 -0.274
-1.211 2.234 -0.273
-1.211 2.235 -0.271
-1.211 2.235 -0.270
-1.211 2.235 -0.269
-1.211 2.235 -0.268
-1.210 2.235 -0.267
-1.211 2.235 -0.266
-1.211 2.235 -0.264
-1.211 2.235 -0.263
-1.211 2.235 -0.262
-1.211 2.236 -0.261
-1.212 2.236 -0.260
-1.212 2.236 -0.258
-1.212 2.236 -0.257
-1.212 2.236 -0.256
-1.212 2.236 -0.255
-1.211 2.236 -0.253
-1.211 2.237 -0.252
-1.211 2.237 -0.251
-1.211 2.237 -0.250
-1.211 2.238 -0.248
-1.210 2.238 -0.248
-1.210 2.238 -0.246
-1.210 2.239 -0.245
-1.209 2.239 -0.244
-1.209 2.239 -0.243
-1.209 2.239 -0.241
-1.209 2.239 -0.240
-1.209 2.239 -0.239
-1.208 2.240 -0.237
-1.208 2.240 -0.236
-1.208 2.240 -0.235
-1.208 2.240 -0.234
-1.208 2.241 -0.233
-1.207 2.241 -0.231
-1.206 2.242 -0.230
-1.204 2.244 -0.229
-1.202 2.246 -0.227
-1.197 2.250 -0.226
-1.193 2.254 -0.225
-1.188 2.259 -0.225
-1.182 2.265 -0.224
-1.174 2.270 -0.223
-1.167 2.276 -0.223
-1.160 2.283 -0.224
-1.151 2.289 -0.223
-1.144 2.296 -0.222
-1.135 2.302 -0.222
-1.127 2.309 -0.221
-1.118 2.316 -0.219
-1.109 2.322 -0.218
-1.100 2.329 -0.217
-1.091 2.336 -0.216
-1.082 2.343 -0.214
-1.072 2.350 -0.213
-1.062 2.358 -0.212
-1.052 2.365 -0.211
-1.042 2.372 -0.209
-1.033 2.380 -0.208
-1.023 2.387 -0.207
-1.013 2.395 -0.205
-1.002 2.403 -0.204
-0.991 2.410 -0.203
-0.981 2.418 -0.202
-0.970 2.427 -0.201
-0.959 2.434 -0.200
-0.948 2.442 -0.199
-0.937 2.450 -0.198
-0.925 2.458 -0.198
-0.914 2.466 -0.197
-0.902 2.475 -0.197
-0.891 2.483 -0.196
-0.879 2.491 -0.196
-0.867 2.499 -0.196
-0.855 2.508 -0.195
-0.843 2.516 -0.196
-0.831 2.525 -0.196
-0.819 2.533 -0.196
-0.807 2.542 -0.196
-0.794 2.551 -0.197
-0.782 2.560 -0.197
-0.770 2.568 -0.198
-0.758 2.578 -0.199
-0.746 2.587 -0.200
-0.733 2.596 -0.201
-0.722 2.605 -0.202
-0.709 2.614 -0.203
-0.697 2.623 -0.204
-0.684 2.632 -0.206
-0.671 2.641 -0.207
-0.658 2.651 -0.208
-0.645 2.660 -0.210
-0.632 2.669 -0.212
-0.619 2.678 -0.214
-0.606 2.688 -0.216
-0.593 2.697 -0.218
-0.580 2.706 -0.220
-0.567 2.716 -0.222
-0.554 2.725 -0.224
-0.541 2.734 -0.226
-0.529 2.744 -0.229
-0.514 2.752 -0.232
-0.501 2.761 -0.235
-0.488 2.770 -0.237
-0.475 2.779 -0.240
-0.462 2.788 -0.243
-0.448 2.797 -0.246
-0.435 2.805 -0.249
-0.422 2.815 -0.252
-0.409 2.825 -0.255
-0.396 2.834 -0.258
-0.383 2.841 -0.261
-0.373 2.848 -0.264
-0.364 2.855 -0.265
-0.357 2.861 -0.267
-0.354 2.864 -0.268
-0.354 2.867 -0.268
-0.356 2.866 -0.269
-0.360 2.863 -0.271
-0.365 2.859 -0.272
-0.370 2.853 -0.274
-0.374 2.847 -0.276
-0.376 2.843 -0.277
-0.378 2.838 -0.277
-0.378 2.833 -0.278
-0.378 2.829 -0.278
-0.377 2.825 -0.278
-0.375 2.822 -0.278
-0.374 2.819 -0.279
-0.372 2.816 -0.279
-0.370 2.813 -0.279
-0.367 2.812 -0.280
-0.365 2.810 -0.280
-0.361 2.808 -0.281
-0.358 2.806 -0.281
-0.355 2.805 -0.282
-0.351 2.804 -0.282
-0.349 2.805 -0.281
-0.345 2.804 -0.282
-0.341 2.804 -0.282
-0.337 2.803 -0.282
-0.333 2.803 -0.283
-0.330 2.803 -0.283
-0.326 2.802 -0.283
-0.322 2.802 -0.283
-0.318 2.802 -0.284
-0.315 2.802 -0.284
-0.311 2.802 -0.284
-0.308 2.802 -0.284
-0.304 2.802 -0.285
-0.301 2.802 -0.285
-0.298 2.802 -0.285
-0.295 2.802 -0.285
-0.292 2.802 -0.285
-0.289 2.802 -0.285
-0.286 2.803 -0.285
-0.283 2.803 -0.285
-0.279 2.803 -0.285
-0.277 2.803 -0.285
-0.274 2.803 -0.285
-0.273 2.805 -0.285
-0.271 2.805 -0.285
-0.268 2.805 -0.285
-0.265 2.805 -0.285
-0.263 2.806 -0.285
-0.261 2.806 -0.286
-0.259 2.806 -0.286
-0.257 2.806 -0.286
-0.255 2.807 -0.286
-0.253 2.807 -0.286
-0.249 2.806 -0.286
-0.247 2.806 -0.287
-0.245 2.806 -0.287
-0.243 2.807 -0.287
-0.242 2.807 -0.287
-0.240 2.807 -0.287
-0.239 2.807 -0.287
-0.237 2.807 -0.288
-0.236 2.807 -0.288
-0.234 2.807 -0.288
-0.233 2.807 -0.288
-0.232 2.807 -0.288
-0.230 2.807 -0.288
-0.229 2.807 -0.288
-0.228 2.807 -0.289
-0.227 2.807 -0.289
-0.226 2.806 -0.289
-0.225 2.806 -0.289
-0.225 2.806 -0.289
-0.224 2.805 -0.289
-0.223 2.805 -0.289
-0.222 2.805 -0.289
-0.222 2.804 -0.289
-0.219 2.804 -0.289
-0.218 2.803 -0.289
-0.218 2.803 -0.289
-0.217 2.802 -0.289
-0.216 2.802 -0.289
-0.215 2.802 -0.289
-0.214 2.801 -0.289
-0.213 2.801 -0.288
-0.212 2.801 -0.288
-0.211 2.800 -0.288
-0.210 2.800 -0.288
-0.209 2.799 -0.287
-0.209 2.798 -0.287
-0.208 2.798 -0.287
-0.207 2.797 -0.286
-0.206 2.796 -0.286
-0.206 2.796 -0.286
-0.205 2.795 -0.285
-0.204 2.794 -0.285
-0.203 2.793 -0.284
-0.202 2.793 -0.284
-0.201 2.792 -0.283
-0.200 2.792 -0.283
-0.199 2.791 -0.282
-0.198 2.790 -0.282
-0.196 2.790 -0.281
-0.195 2.790 -0.280
-0.194 2.789 -0.280
-0.192 2.789 -0.279
-0.191 2.789 -0.278
-0.190 2.788 -0.278
-0.188 2.788 -0.277
-0.187 2.788 -0.276
-0.185 2.788 -0.275
-0.184 2.787 -0.275
-0.183 2.787 -0.274
-0.181 2.787 -0.273
-0.180 2.786 -0.273
-0.179 2.786 -0.272
-0.178 2.786 -0.271
-0.176 2.786 -0.270
-0.175 2.785 -0.270
-0.174 2.785 -0.269
-0.173 2.784 -0.268
-0.171 2.784 -0.267
-0.170 2.784 -0.266
-0.169 2.784 -0.266
-0.167 2.783 -0.265
-0.166 2.783 -0.264
-0.165 2.783 -0.263
-0.163 2.783 -0.263
-0.162 2.783 -0.262
-0.161 2.783 -0.261
-0.159 2.783 -0.260
-0.158 2.783 -0.259
-0.157 2.783 -0.258
-0.156 2.783 -0.257
-0.155 2.783 -0.257
-0.154 2.783 -0.256
-0.153 2.782 -0.255
-0.152 2.782 -0.254
-0.151 2.782 -0.253
-0.150 2.782 -0.253
-0.149 2.781 -0.252
-0.148 2.781 -0.251
-0.148 2.782 -0.250
-0.147 2.781 -0.250
-0.146 2.782 -0.249
-0.145 2.781 -0.248
-0.144 2.781 -0.247
-0.143 2.781 -0.246
-0.142 2.781 -0.246
-0.142 2.780 -0.244
-0.141 2.781 -0.244
-0.141 2.781 -0.243
-0.139 2.780 -0.242
-0.139 2.780 -0.241
-0.138 2.779 -0.240
-0.138 2.780 -0.240
-0.137 2.779 -0.239
-0.136 2.779 -0.238
-0.135 2.778 -0.237
-0.135 2.778 -0.236
-0.134 2.778 -0.235
-0.134 2.777 -0.234
-0.133 2.777 -0.233
-0.132 2.777 -0.232
-0.131 2.776 -0.232
-0.131 2.776 -0.230
-0.130 2.775 -0.230
-0.129 2.775 -0.228
-0.128 2.775 -0.228
-0.128 2.775 -0.226
-0.127 2.774 -0.225
-0.126 2.774 -0.224
-0.125 2.774 -0.223
-0.125 2.773 -0.222
-0.124 2.773 -0.221
-0.123 2.772 -0.220
-0.122 2.772 -0.219
-0.121 2.772 -0.218
-0.121 2.771 -0.217
-0.120 2.771 -0.216
-0.119 2.770 -0.214
-0.119 2.770 -0.213
-0.118 2.769 -0.212
-0.117 2.769 -0.211
-0.116 2.769 -0.210
-0.115 2.768 -0.208
-0.114 2.768 -0.207
-0.113 2.768 -0.206
-0.113 2.768 -0.205
-0.111 2.768 -0.204
-0.110 2.767 -0.203
-0.109 2.766 -0.202
-0.108 2.766 -0.201
-0.107 2.766 -0.199
-0.107 2.765 -0.198
-0.106 2.765 -0.197
-0.105 2.765 -0.196
-0.104 2.764 -0.194
-0.104 2.764 -0.193
-0.103 2.764 -0.192
-0.103 2.763 -0.191
-0.102 2.763 -0.190
-0.101 2.763 -0.188
-0.101 2.762 -0.187
-0.100 2.762 -0.186
-0.099 2.761 -0.184
-0.098 2.761 -0.183
-0.098 2.761 -0.182
-0.097 2.761 -0.181
-0.096 2.760 -0.179
-0.096 2.760 -0.178
-0.095 2.760 -0.177
-0.094 2.760 -0.175
-0.093 2.760 -0.174
-0.093 2.759 -0.173
-0.092 2.759 -0.171
-0.091 2.759 -0.170
-0.090 2.759 -0.169
-0.090 2.759 -0.167
-0.089 2.759 -0.166
-0.089 2.758 -0.165
-0.088 2.758 -0.163
-0.087 2.758 -0.162
-0.087 2.758 -0.161
-0.086 2.757 -0.159
-0.086 2.757 -0.158
-0.086 2.757 -0.157
-0.085 2.756 -0.156
-0.085 2.756 -0.154
-0.085 2.756 -0.153
-0.084 2.755 -0.151
-0.084 2.755 -0.150
-0.083 2.755 -0.149
-0.083 2.755 -0.147
-0.082 2.754 -0.146
-0.082 2.754 -0.144
-0.081 2.754 -0.143
-0.081 2.754 -0.141
-0.080 2.753 -0.140
-0.079 2.753 -0.139
-0.079 2.753 -0.137
-0.079 2.753 -0.136
-0.078 2.753 -0.134
-0.078 2.752 -0.133
-0.077 2.752 -0.131
-0.077 2.752 -0.130
-0.077 2.751 -0.128
-0.076 2.751 -0.127
-0.076 2.750 -0.125
-0.076 2.750 -0.124
-0.076 2.750 -0.122
-0.075 2.749 -0.121
-0.075 2.749 -0.119
-0.075 2.748 -0.118
-0.075 2.748 -0.116
-0.074 2.747 -0.115
-0.074 2.747 -0.113
-0.074 2.746 -0.112
-0.074 2.746 -0.110
-0.073 2.746 -0.108
-0.073 2.745 -0.107
-0.073 2.745 -0.105
-0.072 2.745 -0.104
-0.072 2.745 -0.102
-0.071 2.744 -0.100
-0.071 2.744 -0.099
-0.070 2.744 -0.097
-0.069 2.744 -0.095
-0.069 2.744 -0.094
-0.069 2.743 -0.092
-0.069 2.743 -0.091
-0.069 2.742 -0.089
-0.068 2.742 -0.087
-0.068 2.741 -0.086
-0.068 2.741 -0.084
-0.068 2.741 -0.082
-0.068 2.740 -0.081
-0.068 2.740 -0.079
-0.068 2.739 -0.077
-0.067 2.739 -0.076
-0.067 2.739 -0.074
-0.067 2.738 -0.072
-0.067 2.738 -0.070
-0.066 2.738 -0.069
-0.066 2.738 -0.067
-0.066 2.737 -0.065
-0.066 2.737 -0.063
-0.066 2.737 -0.062
-0.065 2.736 -0.060
-0.065 2.736 -0.058
-0.065 2.736 -0.057
-0.065 2.736 -0.055
-0.065 2.736 -0.053
-0.065 2.735 -0.052
