x y z
-1.371 2.029 -0.333
-1.371 2.030 -0.332
-1.371 2.030 -0.330
-1.372 2.030 -0.329
-1.372 2.030 -0.327
-1.372 2.031 -0.325
-1.372 2.031 -0.324
-1.373 2.031 -0.323
-1.372 2.031 -0.321
-1.373 2.031 -0.319
-1.373 2.031 -0.318
-1.374 2.031 -0.316
-1.374 2.031 -0.315
-1.374 2.031 -0.314
-1.374 2.031 -0.312
-1.374 2.031 -0.311
-1.375 2.031 -0.309
-1.375 2.031 -0.307
-1.375 2.032 -0.306
-1.375 2.032 -0.304
-1.375 2.032 -0.303
-1.375 2.032 -0.301
-1.375 2.033 -0.300
-1.375 2.033 -0.299
-1.375 2.033 -0.298
-1.375 2.033 -0.296
-1.376 2.033 -0.294
-1.376 2.034 -0.293
-1.376 2.034 -0.292
-1.376 2.034 -0.290
-1.376 2.034 -0.289
-1.377 2.034 -0.287
-1.377 2.034 -0.286
-1.377 2.035 -0.285
-1.377 2.035 -0.283
-1.377 2.035 -0.282
-1.378 2.035 -0.281
-1.377 2.035 -0.279
-1.377 2.036 -0.278
-1.379 2.037 -0.277
-1.379 2.037 -0.275
-1.377 2.037 -0.274
-1.376 2.036 -0.272
-1.377 2.037 -0.271
-1.377 2.038 -0.270
-1.376 2.038 -0.268
-1.376 2.038 -0.267
-1.375 2.038 -0.266
-1.376 2.039 -0.264
-1.375 2.039 -0.263
-1.375 2.040 -0.262
-1.375 2.040 -0.260
-1.375 2.040 -0.259
-1.374 2.041 -0.258
-1.374 2.041 -0.256
-1.374 2.041 -0.255
-1.374 2.042 -0.254
-1.374 2.042 -0.253
-1.374 2.042 -0.251
-1.375 2.042 -0.250
-1.375 2.043 -0.249
-1.375 2.043 -0.248
-1.375 2.043 -0.247
-1.376 2.043 -0.246
-1.376 2.043 -0.245
-1.376 2.042 -0.244
-1.375 2.041 -0.243
-1.373 2.038 -0.242
-1.370 2.033 -0.241
-1.366 2.027 -0.241
-1.361 2.019 -0.241
-1.356 2.012 -0.242
-1.350 2.003 -0.242
-1.344 1.994 -0.243
-1.337 1.985 -0.244
-1.331 1.976 -0.246
-1.323 1.966 -0.247
-1.316 1.955 -0.249
-1.308 1.944 -0.250
-1.301 1.933 -0.252
-1.292 1.922 -0.254
-1.284 1.910 -0.255
-1.275 1.898 -0.257
-1.266 1.886 -0.259
-1.258 1.874 -0.261
-1.249 1.862 -0.263
-1.237 1.847 -0.263
-1.227 1.834 -0.266
-1.218 1.821 -0.269
-1.210 1.809 -0.273
-1.201 1.796 -0.276
-1.192 1.784 -0.279
-1.182 1.771 -0.282
-1.173 1.758 -0.285
-1.163 1.744 -0.289
-1.153 1.731 -0.292
-1.142 1.716 -0.295
-1.132 1.703 -0.299
-1.122 1.689 -0.302
-1.111 1.675 -0.307
-1.101 1.661 -0.311
-1.090 1.646 -0.315
-1.079 1.632 -0.319
-1.068 1.617 -0.323
-1.057 1.602 -0.327
-1.046 1.588 -0.332
-1.035 1.573 -0.336
-1.023 1.558 -0.341
-1.012 1.543 -0.346
-1.001 1.528 -0.351
-0.990 1.513 -0.355
-0.977 1.498 -0.361
-0.966 1.483 -0.365
-0.954 1.468 -0.371
-0.942 1.453 -0.376
-0.930 1.437 -0.382
-0.919 1.421 -0.388
-0.906 1.406 -0.394
-0.895 1.390 -0.399
-0.883 1.374 -0.405
-0.871 1.358 -0.411
-0.859 1.342 -0.417
-0.847 1.326 -0.423
-0.834 1.310 -0.429
-0.822 1.293 -0.435
-0.809 1.277 -0.442
-0.797 1.261 -0.448
-0.784 1.244 -0.454
-0.772 1.227 -0.460
-0.760 1.211 -0.466
-0.747 1.194 -0.472
-0.734 1.177 -0.478
-0.721 1.160 -0.484
-0.709 1.143 -0.490
-0.696 1.126 -0.496
-0.683 1.109 -0.502
-0.671 1.092 -0.508
-0.658 1.075 -0.514
-0.645 1.058 -0.519
-0.633 1.040 -0.525
-0.620 1.023 -0.531
-0.608 1.006 -0.536
-0.597 0.991 -0.542
-0.587 0.977 -0.546
-0.579 0.965 -0.550
-0.575 0.956 -0.554
-0.573 0.952 -0.557
-0.575 0.951 -0.561
-0.578 0.953 -0.565
-0.581 0.957 -0.569
-0.586 0.963 -0.573
-0.590 0.969 -0.576
-0.593 0.974 -0.579
-0.596 0.978 -0.581
-0.599 0.981 -0.583
-0.601 0.985 -0.585
-0.604 0.988 -0.586
-0.607 0.992 -0.587
-0.610 0.995 -0.588
-0.612 0.998 -0.589
-0.614 1.000 -0.589
-0.615 1.002 -0.590
-0.617 1.004 -0.591
-0.618 1.005 -0.591
-0.619 1.006 -0.592
-0.619 1.006 -0.592
-0.620 1.006 -0.592
-0.620 1.006 -0.592
-0.620 1.005 -0.592
-0.620 1.004 -0.592
-0.620 1.003 -0.592
-0.619 1.002 -0.592
-0.618 1.000 -0.591
-0.617 0.998 -0.591
-0.616 0.996 -0.590
-0.615 0.994 -0.589
-0.614 0.990 -0.589
-0.613 0.988 -0.588
-0.611 0.985 -0.587
-0.610 0.982 -0.586
-0.608 0.979 -0.585
-0.606 0.976 -0.583
-0.604 0.973 -0.582
-0.602 0.970 -0.580
-0.600 0.966 -0.579
-0.598 0.963 -0.577
-0.596 0.959 -0.576
-0.594 0.956 -0.574
-0.592 0.952 -0.572
-0.589 0.949 -0.570
-0.587 0.945 -0.568
-0.586 0.943 -0.567
-0.584 0.940 -0.565
-0.582 0.937 -0.563
-0.580 0.933 -0.561
-0.578 0.931 -0.559
-0.576 0.928 -0.557
-0.574 0.925 -0.555
-0.572 0.922 -0.554
-0.571 0.920 -0.552
-0.569 0.917 -0.550
-0.568 0.915 -0.548
-0.566 0.912 -0.547
-0.565 0.910 -0.545
-0.564 0.908 -0.543
-0.562 0.907 -0.542
-0.561 0.904 -0.541
-0.560 0.903 -0.540
-0.559 0.900 -0.539
-0.557 0.900 -0.538
-0.556 0.899 -0.537
-0.555 0.898 -0.536
-0.554 0.897 -0.535
-0.553 0.896 -0.535
-0.553 0.896 -0.534
-0.552 0.895 -0.534
-0.552 0.893 -0.534
-0.551 0.893 -0.533
-0.551 0.893 -0.533
-0.549 0.893 -0.533
-0.549 0.893 -0.533
-0.548 0.893 -0.533
-0.548 0.893 -0.533
-0.548 0.893 -0.533
-0.547 0.894 -0.533
-0.547 0.894 -0.533
-0.547 0.894 -0.533
-0.546 0.894 -0.533
-0.546 0.894 -0.533
-0.546 0.895 -0.533
-0.546 0.895 -0.533
-0.546 0.895 -0.533
-0.546 0.896 -0.533
-0.545 0.896 -0.533
-0.545 0.897 -0.533
-0.545 0.897 -0.532
-0.545 0.897 -0.532
-0.544 0.897 -0.532
-0.544 0.898 -0.532
-0.543 0.898 -0.531
-0.543 0.898 -0.531
-0.542 0.897 -0.531
-0.542 0.897 -0.530
-0.541 0.897 -0.530
-0.540 0.896 -0.529
-0.540 0.895 -0.528
-0.539 0.895 -0.528
-0.538 0.894 -0.527
-0.537 0.894 -0.526
-0.536 0.893 -0.526
-0.536 0.892 -0.525
-0.535 0.891 -0.524
-0.534 0.890 -0.523
-0.533 0.889 -0.522
-0.531 0.888 -0.521
-0.530 0.888 -0.520
-0.529 0.886 -0.519
-0.528 0.885 -0.518
-0.527 0.884 -0.517
-0.525 0.883 -0.515
-0.523 0.882 -0.514
-0.522 0.880 -0.513
-0.521 0.879 -0.512
-0.520 0.877 -0.510
-0.519 0.875 -0.509
-0.517 0.874 -0.507
-0.516 0.872 -0.506
-0.515 0.872 -0.505
-0.514 0.870 -0.503
-0.513 0.868 -0.502
-0.512 0.866 -0.501
-0.510 0.864 -0.499
-0.509 0.863 -0.498
-0.508 0.861 -0.496
-0.507 0.860 -0.494
-0.506 0.858 -0.493
-0.504 0.857 -0.491
-0.503 0.855 -0.490
-0.502 0.854 -0.488
-0.501 0.852 -0.487
-0.500 0.851 -0.485
-0.499 0.849 -0.483
-0.498 0.848 -0.482
-0.497 0.847 -0.480
-0.496 0.846 -0.479
-0.495 0.845 -0.478
-0.494 0.844 -0.476
-0.493 0.842 -0.475
-0.492 0.841 -0.473
-0.491 0.840 -0.472
-0.491 0.839 -0.471
-0.490 0.838 -0.470
-0.489 0.838 -0.468
-0.489 0.837 -0.467
-0.488 0.836 -0.466
-0.487 0.835 -0.465
-0.487 0.835 -0.464
-0.486 0.834 -0.462
-0.487 0.834 -0.461
-0.485 0.833 -0.460
-0.484 0.833 -0.459
-0.484 0.832 -0.458
-0.483 0.832 -0.457
-0.483 0.832 -0.456
-0.484 0.832 -0.455
-0.482 0.831 -0.454
-0.481 0.831 -0.453
-0.481 0.831 -0.452
-0.480 0.831 -0.451
-0.480 0.831 -0.450
-0.479 0.830 -0.449
-0.479 0.830 -0.448
-0.479 0.830 -0.447
-0.478 0.830 -0.446
-0.480 0.830 -0.444
-0.478 0.829 -0.444
-0.477 0.829 -0.443
-0.477 0.829 -0.442
-0.476 0.829 -0.441
-0.476 0.829 -0.440
-0.475 0.829 -0.439
-0.475 0.828 -0.437
-0.474 0.828 -0.436
-0.474 0.828 -0.435
-0.473 0.827 -0.433
-0.473 0.827 -0.432
-0.472 0.827 -0.431
-0.472 0.826 -0.429
-0.471 0.826 -0.428
-0.471 0.825 -0.427
-0.473 0.825 -0.423
-0.469 0.824 -0.424
-0.469 0.823 -0.423
-0.468 0.823 -0.421
-0.468 0.823 -0.420
-0.467 0.822 -0.418
-0.466 0.821 -0.417
-0.465 0.821 -0.415
-0.465 0.820 -0.414
-0.464 0.819 -0.412
-0.464 0.818 -0.411
-0.463 0.817 -0.409
-0.462 0.817 -0.407
-0.461 0.816 -0.406
-0.463 0.815 -0.402
-0.459 0.814 -0.402
-0.459 0.813 -0.401
-0.458 0.812 -0.399
-0.457 0.810 -0.397
-0.456 0.810 -0.395
-0.456 0.808 -0.394
-0.455 0.807 -0.392
-0.454 0.806 -0.390
-0.454 0.805 -0.388
-0.453 0.803 -0.387
-0.453 0.802 -0.385
-0.452 0.801 -0.383
-0.451 0.800 -0.381
-0.451 0.799 -0.380
-0.450 0.798 -0.378
-0.449 0.797 -0.376
-0.449 0.796 -0.374
-0.448 0.795 -0.373
-0.448 0.794 -0.371
-0.447 0.794 -0.369
-0.446 0.793 -0.368
-0.445 0.792 -0.366
-0.445 0.791 -0.364
-0.445 0.791 -0.362
-0.445 0.790 -0.361
-0.444 0.789 -0.359
-0.444 0.788 -0.357
-0.443 0.787 -0.356
-0.443 0.787 -0.354
-0.443 0.786 -0.353
-0.442 0.785 -0.351
-0.442 0.785 -0.350
-0.442 0.784 -0.348
-0.441 0.784 -0.346
-0.441 0.783 -0.345
-0.441 0.783 -0.343
-0.441 0.783 -0.342
-0.440 0.782 -0.340
-0.440 0.782 -0.338
-0.439 0.782 -0.337
-0.439 0.781 -0.335
-0.439 0.781 -0.334
-0.438 0.781 -0.332
-0.438 0.780 -0.331
-0.438 0.780 -0.329
-0.437 0.779 -0.327
-0.437 0.779 -0.326
-0.437 0.779 -0.324
-0.437 0.778 -0.323
-0.436 0.778 -0.321
-0.436 0.777 -0.319
-0.436 0.777 -0.318
-0.435 0.777 -0.316
-0.435 0.776 -0.315
-0.435 0.776 -0.313
-0.435 0.776 -0.311
-0.434 0.775 -0.310
-0.434 0.775 -0.308
-0.433 0.775 -0.306
-0.433 0.775 -0.305
-0.433 0.774 -0.303
-0.433 0.774 -0.301
-0.432 0.773 -0.299
-0.432 0.773 -0.298
-0.432 0.772 -0.296
-0.431 0.772 -0.294
-0.431 0.771 -0.292
-0.431 0.771 -0.291
-0.430 0.770 -0.289
-0.430 0.770 -0.287
-0.430 0.769 -0.285
-0.429 0.769 -0.283
-0.429 0.768 -0.281
-0.429 0.767 -0.279
-0.428 0.767 -0.277
-0.428 0.766 -0.275
-0.427 0.766 -0.273
-0.427 0.765 -0.271
-0.427 0.764 -0.269
-0.426 0.764 -0.268
-0.426 0.763 -0.265
-0.425 0.762 -0.263
-0.425 0.761 -0.261
-0.424 0.761 -0.259
-0.424 0.760 -0.257
-0.424 0.759 -0.255
-0.424 0.759 -0.253
-0.423 0.758 -0.251
-0.423 0.758 -0.249
-0.423 0.757 -0.247
-0.422 0.756 -0.245
-0.422 0.755 -0.243
-0.421 0.755 -0.241
-0.421 0.754 -0.239
-0.421 0.754 -0.237
-0.420 0.753 -0.235
-0.420 0.752 -0.233
-0.420 0.752 -0.231
-0.419 0.751 -0.229
-0.419 0.751 -0.227
-0.419 0.750 -0.225
-0.419 0.749 -0.222
-0.418 0.749 -0.221
-0.418 0.748 -0.219
-0.418 0.748 -0.216
-0.418 0.747 -0.215
-0.417 0.747 -0.213
-0.417 0.746 -0.211
-0.417 0.746 -0.209
-0.417 0.746 -0.207
-0.417 0.745 -0.205
-0.416 0.745 -0.203
-0.416 0.744 -0.201
-0.416 0.744 -0.199
-0.416 0.744 -0.197
-0.415 0.743 -0.195
-0.415 0.743 -0.193
-0.415 0.743 -0.191
-0.415 0.742 -0.189
-0.415 0.742 -0.187
-0.415 0.742 -0.185
-0.414 0.741 -0.183
-0.415 0.741 -0.181
-0.415 0.740 -0.179
-0.414 0.740 -0.177
-0.414 0.740 -0.175
-0.414 0.740 -0.173
-0.414 0.739 -0.171
-0.414 0.739 -0.169
-0.414 0.739 -0.168
-0.414 0.738 -0.166
-0.414 0.738 -0.164
-0.414 0.738 -0.162
-0.413 0.737 -0.160
-0.413 0.737 -0.158
-0.413 0.737 -0.156
-0.413 0.737 -0.154
-0.413 0.736 -0.152
-0.412 0.736 -0.149
-0.412 0.736 -0.147
-0.412 0.735 -0.145
-0.412 0.735 -0.143
-0.412 0.734 -0.141
-0.411 0.734 -0.139
-0.411 0.733 -0.137
-0.411 0.733 -0.135
-0.411 0.732 -0.133
-0.410 0.732 -0.131
-0.410 0.731 -0.129
-0.410 0.731 -0.126
-0.410 0.730 -0.124
-0.410 0.730 -0.122
-0.409 0.729 -0.120
-0.410 0.729 -0.118
-0.409 0.728 -0.116
-0.409 0.728 -0.114
-0.409 0.727 -0.112
-0.409 0.727 -0.110
-0.408 0.726 -0.108
-0.408 0.726 -0.106
-0.408 0.726 -0.103
-0.408 0.725 -0.101
-0.408 0.725 -0.099
-0.408 0.724 -0.097
-0.407 0.724 -0.095
-0.407 0.723 -0.093
-0.407 0.723 -0.090
-0.407 0.722 -0.088
-0.407 0.722 -0.086
-0.407 0.722 -0.084
-0.407 0.721 -0.082
-0.406 0.721 -0.080
-0.406 0.720 -0.077
-0.406 0.720 -0.075
-0.406 0.720 -0.073
-0.406 0.719 -0.071
-0.406 0.719 -0.068
-0.406 0.719 -0.066
-0.406 0.718 -0.064
-0.406 0.718 -0.062
-0.406 0.718 -0.060
-0.406 0.717 -0.058
-0.406 0.717 -0.055
-0.406 0.717 -0.053
-0.406 0.716 -0.051
-0.406 0.716 -0.049
-0.406 0.715 -0.046
-0.406 0.715 -0.044
-0.406 0.715 -0.042
-0.406 0.715 -0.040
-0.406 0.715 -0.037
-0.406 0.714 -0.035
-0.406 0.714 -0.033
-0.406 0.714 -0.031
-0.406 0.714 -0.028
-0.405 0.714 -0.026
-0.405 0.714 -0.024
-0.405 0.713 -0.022
-0.405 0.713 -0.020
-0.405 0.713 -0.017
-0.405 0.713 -0.015
-0.405 0.712 -0.013
-0.405 0.712 -0.011
-0.405 0.712 -0.009
-0.405 0.712 -0.007
-0.405 0.712 -0.005
-0.405 0.712 -0.003
-0.405 0.711 0.000
-0.405 0.711 0.002
-0.405 0.711 0.004
-0.405 0.710 0.007
-0.405 0.710 0.009
-0.405 0.710 0.011
-0.405 0.710 0.014
-0.405 0.710 0.016
-0.405 0.710 0.018
-0.405 0.709 0.020
-0.405 0.709 0.023
-0.405 0.709 0.025
-0.406 0.709 0.027
-0.406 0.708 0.029
-0.406 0.708 0.032
-0.406 0.708 0.034
-0.406 0.708 0.037
-0.406 0.707 0.039
-0.406 0.707 0.041
-0.406 0.707 0.044
-0.406 0.707 0.046
-0.406 0.707 0.048
-0.406 0.707 0.051
-0.406 0.707 0.053
-0.406 0.707 0.055
-0.407 0.706 0.058
-0.407 0.706 0.060
-0.407 0.706 0.062
-0.407 0.705 0.065
-0.407 0.705 0.067
-0.407 0.705 0.070
-0.408 0.705 0.072
-0.408 0.705 0.074
-0.408 0.704 0.077
-0.408 0.704 0.079
