x y z
-1.252 2.129 -0.305
-1.252 2.129 -0.304
-1.252 2.129 -0.302
-1.252 2.129 -0.300
-1.251 2.129 -0.299
-1.251 2.129 -0.297
-1.251 2.129 -0.295
-1.251 2.128 -0.293
-1.251 2.128 -0.292
-1.251 2.128 -0.290
-1.251 2.128 -0.289
-1.251 2.127 -0.287
-1.250 2.127 -0.285
-1.251 2.126 -0.284
-1.251 2.126 -0.282
-1.250 2.126 -0.281
-1.251 2.125 -0.279
-1.251 2.125 -0.277
-1.251 2.124 -0.276
-1.251 2.124 -0.274
-1.251 2.123 -0.273
-1.251 2.123 -0.271
-1.251 2.123 -0.270
-1.251 2.122 -0.268
-1.251 2.122 -0.267
-1.251 2.122 -0.265
-1.251 2.121 -0.263
-1.251 2.121 -0.262
-1.251 2.121 -0.261
-1.251 2.120 -0.259
-1.251 2.120 -0.258
-1.251 2.120 -0.256
-1.251 2.120 -0.255
-1.251 2.119 -0.253
-1.251 2.119 -0.252
-1.250 2.119 -0.250
-1.250 2.118 -0.249
-1.249 2.118 -0.247
-1.249 2.118 -0.246
-1.249 2.118 -0.244
-1.248 2.117 -0.243
-1.248 2.117 -0.241
-1.248 2.117 -0.240
-1.247 2.117 -0.238
-1.247 2.116 -0.237
-1.247 2.116 -0.236
-1.247 2.116 -0.235
-1.246 2.116 -0.233
-1.246 2.115 -0.232
-1.246 2.115 -0.231
-1.246 2.115 -0.230
-1.246 2.115 -0.229
-1.246 2.114 -0.227
-1.245 2.114 -0.227
-1.245 2.114 -0.226
-1.246 2.113 -0.224
-1.245 2.113 -0.223
-1.245 2.112 -0.222
-1.245 2.112 -0.220
-1.245 2.111 -0.220
-1.244 2.111 -0.219
-1.245 2.110 -0.217
-1.245 2.110 -0.216
-1.245 2.109 -0.215
-1.245 2.109 -0.214
-1.245 2.108 -0.213
-1.245 2.109 -0.212
-1.245 2.111 -0.211
-1.244 2.114 -0.210
-1.244 2.119 -0.208
-1.243 2.125 -0.208
-1.240 2.131 -0.207
-1.237 2.138 -0.206
-1.236 2.147 -0.204
-1.230 2.154 -0.203
-1.223 2.162 -0.203
-1.215 2.170 -0.202
-1.206 2.178 -0.201
-1.197 2.186 -0.200
-1.188 2.193 -0.198
-1.178 2.201 -0.197
-1.169 2.208 -0.195
-1.159 2.216 -0.193
-1.150 2.223 -0.192
-1.140 2.231 -0.190
-1.131 2.239 -0.188
-1.121 2.246 -0.187
-1.112 2.254 -0.185
-1.103 2.262 -0.183
-1.093 2.269 -0.181
-1.083 2.277 -0.179
-1.073 2.285 -0.177
-1.062 2.293 -0.176
-1.052 2.302 -0.174
-1.041 2.310 -0.173
-1.029 2.318 -0.172
-1.018 2.327 -0.170
-1.007 2.335 -0.168
-0.996 2.344 -0.167
-0.984 2.352 -0.166
-0.972 2.361 -0.165
-0.960 2.369 -0.164
-0.948 2.378 -0.163
-0.936 2.387 -0.162
-0.924 2.395 -0.161
-0.911 2.404 -0.160
-0.898 2.412 -0.160
-0.886 2.421 -0.159
-0.873 2.429 -0.159
-0.860 2.438 -0.158
-0.846 2.447 -0.159
-0.833 2.456 -0.159
-0.820 2.465 -0.159
-0.807 2.474 -0.160
-0.793 2.483 -0.160
-0.779 2.492 -0.161
-0.765 2.501 -0.161
-0.751 2.510 -0.162
-0.738 2.519 -0.163
-0.725 2.528 -0.164
-0.712 2.537 -0.165
-0.698 2.546 -0.166
-0.685 2.555 -0.167
-0.671 2.564 -0.169
-0.659 2.573 -0.170
-0.645 2.582 -0.172
-0.632 2.591 -0.174
-0.621 2.601 -0.175
-0.607 2.610 -0.177
-0.593 2.619 -0.179
-0.580 2.629 -0.181
-0.566 2.638 -0.184
-0.552 2.647 -0.186
-0.538 2.657 -0.189
-0.524 2.666 -0.191
-0.510 2.675 -0.194
-0.496 2.684 -0.197
-0.483 2.693 -0.200
-0.469 2.703 -0.203
-0.455 2.713 -0.206
-0.441 2.722 -0.209
-0.427 2.731 -0.213
-0.412 2.740 -0.217
-0.397 2.749 -0.221
-0.382 2.758 -0.225
-0.368 2.767 -0.229
-0.353 2.776 -0.233
-0.340 2.785 -0.237
-0.327 2.793 -0.240
-0.316 2.799 -0.243
-0.307 2.805 -0.245
-0.302 2.809 -0.246
-0.300 2.810 -0.247
-0.301 2.809 -0.249
-0.304 2.806 -0.251
-0.309 2.801 -0.253
-0.317 2.796 -0.254
-0.324 2.788 -0.253
-0.330 2.783 -0.254
-0.333 2.778 -0.255
-0.336 2.773 -0.255
-0.338 2.768 -0.255
-0.339 2.765 -0.255
-0.340 2.761 -0.254
-0.340 2.757 -0.255
-0.340 2.754 -0.254
-0.340 2.752 -0.254
-0.339 2.749 -0.254
-0.338 2.747 -0.254
-0.337 2.745 -0.254
-0.335 2.743 -0.254
-0.333 2.742 -0.254
-0.331 2.740 -0.254
-0.329 2.739 -0.254
-0.326 2.738 -0.254
-0.323 2.737 -0.254
-0.320 2.736 -0.255
-0.317 2.735 -0.255
-0.313 2.734 -0.255
-0.310 2.733 -0.255
-0.307 2.732 -0.255
-0.303 2.732 -0.255
-0.300 2.731 -0.256
-0.296 2.731 -0.256
-0.294 2.731 -0.256
-0.291 2.731 -0.256
-0.287 2.731 -0.256
-0.284 2.731 -0.256
-0.280 2.731 -0.257
-0.277 2.730 -0.257
-0.274 2.730 -0.256
-0.270 2.730 -0.256
-0.267 2.730 -0.256
-0.264 2.730 -0.256
-0.260 2.729 -0.256
-0.258 2.729 -0.256
-0.255 2.729 -0.255
-0.252 2.728 -0.255
-0.249 2.728 -0.255
-0.246 2.728 -0.255
-0.243 2.727 -0.254
-0.241 2.727 -0.254
-0.238 2.727 -0.254
-0.236 2.726 -0.254
-0.234 2.726 -0.253
-0.231 2.725 -0.253
-0.229 2.725 -0.253
-0.227 2.724 -0.253
-0.225 2.723 -0.252
-0.223 2.723 -0.252
-0.221 2.723 -0.252
-0.219 2.722 -0.251
-0.217 2.722 -0.251
-0.215 2.722 -0.251
-0.213 2.720 -0.250
-0.211 2.720 -0.250
-0.210 2.720 -0.250
-0.208 2.719 -0.250
-0.207 2.719 -0.250
-0.205 2.718 -0.249
-0.204 2.718 -0.249
-0.203 2.717 -0.249
-0.201 2.717 -0.249
-0.200 2.717 -0.249
-0.199 2.716 -0.249
-0.198 2.715 -0.249
-0.197 2.715 -0.249
-0.197 2.714 -0.249
-0.196 2.713 -0.249
-0.195 2.712 -0.248
-0.194 2.712 -0.248
-0.194 2.711 -0.248
-0.193 2.710 -0.248
-0.193 2.709 -0.248
-0.192 2.709 -0.248
-0.192 2.708 -0.248
-0.191 2.707 -0.248
-0.190 2.707 -0.248
-0.190 2.706 -0.248
-0.189 2.705 -0.248
-0.188 2.705 -0.248
-0.188 2.704 -0.247
-0.187 2.703 -0.247
-0.187 2.703 -0.247
-0.186 2.702 -0.247
-0.185 2.701 -0.246
-0.185 2.700 -0.246
-0.184 2.699 -0.246
-0.184 2.699 -0.245
-0.183 2.698 -0.245
-0.183 2.697 -0.245
-0.182 2.696 -0.245
-0.182 2.695 -0.244
-0.181 2.694 -0.244
-0.180 2.693 -0.243
-0.179 2.692 -0.243
-0.179 2.692 -0.243
-0.178 2.691 -0.242
-0.177 2.690 -0.242
-0.176 2.689 -0.241
-0.175 2.688 -0.240
-0.174 2.687 -0.240
-0.173 2.687 -0.239
-0.172 2.686 -0.239
-0.171 2.685 -0.238
-0.170 2.685 -0.237
-0.171 2.686 -0.237
-0.170 2.685 -0.236
-0.169 2.685 -0.235
-0.167 2.684 -0.234
-0.166 2.683 -0.234
-0.165 2.682 -0.233
-0.162 2.680 -0.232
-0.160 2.679 -0.231
-0.159 2.678 -0.231
-0.158 2.677 -0.230
-0.157 2.676 -0.229
-0.158 2.677 -0.228
-0.157 2.676 -0.227
-0.155 2.676 -0.227
-0.154 2.674 -0.226
-0.153 2.674 -0.225
-0.151 2.673 -0.224
-0.150 2.672 -0.223
-0.149 2.671 -0.222
-0.147 2.670 -0.221
-0.145 2.668 -0.220
-0.144 2.668 -0.219
-0.142 2.667 -0.219
-0.141 2.666 -0.218
-0.140 2.666 -0.217
-0.141 2.666 -0.216
-0.138 2.665 -0.215
-0.137 2.663 -0.214
-0.136 2.663 -0.213
-0.136 2.663 -0.213
-0.135 2.662 -0.212
-0.134 2.661 -0.211
-0.134 2.661 -0.210
-0.133 2.661 -0.210
-0.131 2.659 -0.209
-0.130 2.658 -0.208
-0.129 2.657 -0.207
-0.129 2.657 -0.206
-0.128 2.656 -0.205
-0.128 2.656 -0.204
-0.127 2.655 -0.203
-0.126 2.654 -0.202
-0.125 2.653 -0.202
-0.126 2.654 -0.201
-0.125 2.653 -0.200
-0.124 2.652 -0.199
-0.123 2.652 -0.199
-0.124 2.652 -0.198
-0.123 2.650 -0.197
-0.122 2.650 -0.196
-0.121 2.648 -0.195
-0.123 2.649 -0.195
-0.120 2.647 -0.193
-0.120 2.646 -0.192
-0.120 2.645 -0.191
-0.120 2.644 -0.191
-0.119 2.643 -0.189
-0.119 2.643 -0.189
-0.119 2.642 -0.188
-0.118 2.641 -0.187
-0.117 2.640 -0.186
-0.117 2.640 -0.186
-0.118 2.641 -0.185
-0.116 2.639 -0.184
-0.116 2.638 -0.183
-0.115 2.638 -0.182
-0.115 2.637 -0.181
-0.114 2.636 -0.179
-0.114 2.635 -0.178
-0.113 2.635 -0.177
-0.113 2.634 -0.176
-0.113 2.633 -0.175
-0.113 2.632 -0.174
-0.112 2.631 -0.173
-0.112 2.630 -0.172
-0.112 2.629 -0.171
-0.111 2.628 -0.170
-0.111 2.627 -0.169
-0.110 2.626 -0.168
-0.110 2.626 -0.166
-0.109 2.625 -0.165
-0.109 2.624 -0.164
-0.108 2.623 -0.163
-0.108 2.622 -0.162
-0.107 2.622 -0.160
-0.107 2.621 -0.159
-0.106 2.620 -0.158
-0.106 2.619 -0.157
-0.105 2.618 -0.155
-0.105 2.618 -0.154
-0.104 2.617 -0.153
-0.104 2.616 -0.151
-0.103 2.615 -0.150
-0.103 2.614 -0.149
-0.102 2.613 -0.148
-0.102 2.612 -0.146
-0.101 2.611 -0.145
-0.101 2.610 -0.144
-0.100 2.610 -0.142
-0.099 2.609 -0.141
-0.099 2.608 -0.140
-0.099 2.607 -0.138
-0.098 2.606 -0.137
-0.098 2.605 -0.136
-0.097 2.605 -0.135
-0.097 2.604 -0.133
-0.096 2.603 -0.132
-0.096 2.602 -0.131
-0.095 2.601 -0.129
-0.095 2.600 -0.128
-0.094 2.600 -0.127
-0.094 2.599 -0.125
-0.093 2.598 -0.124
-0.093 2.598 -0.123
-0.092 2.597 -0.121
-0.092 2.597 -0.120
-0.091 2.596 -0.119
-0.091 2.595 -0.117
-0.090 2.595 -0.116
-0.090 2.594 -0.115
-0.089 2.594 -0.114
-0.089 2.593 -0.112
-0.089 2.592 -0.111
-0.089 2.591 -0.110
-0.088 2.591 -0.108
-0.088 2.590 -0.107
-0.088 2.589 -0.106
-0.087 2.588 -0.104
-0.087 2.587 -0.103
-0.087 2.586 -0.102
-0.087 2.586 -0.100
-0.086 2.585 -0.099
-0.086 2.584 -0.098
-0.086 2.583 -0.096
-0.085 2.583 -0.095
-0.085 2.582 -0.094
-0.084 2.581 -0.092
-0.084 2.581 -0.091
-0.083 2.580 -0.089
-0.083 2.579 -0.088
-0.082 2.578 -0.086
-0.082 2.578 -0.085
-0.081 2.577 -0.084
-0.081 2.576 -0.082
-0.081 2.575 -0.081
-0.083 2.575 -0.079
-0.083 2.574 -0.078
-0.079 2.572 -0.077
-0.082 2.573 -0.075
-0.082 2.572 -0.074
-0.081 2.571 -0.072
-0.081 2.570 -0.071
-0.081 2.569 -0.069
-0.080 2.568 -0.068
-0.080 2.567 -0.066
-0.079 2.566 -0.065
-0.079 2.565 -0.064
-0.078 2.565 -0.062
-0.078 2.564 -0.060
-0.077 2.563 -0.059
-0.076 2.562 -0.057
-0.076 2.561 -0.056
-0.075 2.560 -0.054
-0.075 2.560 -0.053
-0.074 2.559 -0.052
-0.074 2.558 -0.050
-0.074 2.557 -0.048
-0.074 2.556 -0.047
-0.073 2.555 -0.045
-0.073 2.554 -0.044
-0.073 2.553 -0.043
-0.073 2.552 -0.041
-0.072 2.551 -0.040
-0.072 2.550 -0.038
-0.072 2.549 -0.036
-0.072 2.548 -0.035
-0.071 2.547 -0.033
-0.071 2.547 -0.032
-0.070 2.546 -0.030
-0.071 2.547 -0.029
-0.069 2.545 -0.027
-0.069 2.544 -0.025
-0.068 2.544 -0.024
-0.068 2.543 -0.022
-0.067 2.542 -0.021
-0.067 2.541 -0.019
-0.066 2.540 -0.017
-0.066 2.540 -0.016
-0.066 2.539 -0.014
-0.066 2.538 -0.013
-0.066 2.537 -0.011
-0.065 2.536 -0.010
-0.065 2.535 -0.008
-0.065 2.534 -0.007
-0.065 2.533 -0.005
-0.065 2.532 -0.003
-0.064 2.531 -0.002
-0.064 2.530 -0.000
-0.063 2.530 0.002
-0.063 2.529 0.003
-0.064 2.529 0.005
-0.062 2.528 0.007
-0.062 2.527 0.008
-0.062 2.526 0.010
-0.061 2.525 0.012
-0.061 2.525 0.013
-0.060 2.524 0.015
-0.060 2.523 0.016
-0.060 2.522 0.018
-0.061 2.523 0.020
-0.060 2.521 0.021
-0.060 2.520 0.023
-0.061 2.520 0.025
-0.060 2.518 0.027
-0.060 2.519 0.028
-0.060 2.518 0.030
-0.059 2.516 0.032
-0.059 2.516 0.033
-0.059 2.515 0.035
-0.059 2.515 0.037
-0.059 2.514 0.038
-0.058 2.513 0.040
-0.057 2.511 0.042
-0.057 2.511 0.043
-0.057 2.511 0.045
-0.057 2.511 0.047
-0.057 2.510 0.048
-0.057 2.509 0.050
-0.056 2.508 0.052
-0.056 2.507 0.054
-0.056 2.507 0.055
-0.056 2.506 0.057
-0.056 2.505 0.059
-0.056 2.504 0.060
-0.056 2.503 0.062
-0.056 2.502 0.064
-0.055 2.502 0.065
-0.055 2.501 0.067
-0.055 2.500 0.069
-0.055 2.500 0.071
-0.054 2.499 0.072
-0.054 2.498 0.074
-0.054 2.497 0.076
-0.053 2.497 0.078
-0.053 2.496 0.079
-0.053 2.495 0.081
-0.053 2.495 0.083
-0.052 2.494 0.085
