x y z
-1.342 2.031 -0.368
-1.342 2.031 -0.366
-1.343 2.031 -0.364
-1.342 2.031 -0.363
-1.343 2.031 -0.361
-1.343 2.031 -0.359
-1.343 2.031 -0.358
-1.343 2.031 -0.356
-1.344 2.031 -0.354
-1.344 2.030 -0.352
-1.344 2.030 -0.351
-1.344 2.030 -0.349
-1.345 2.030 -0.347
-1.345 2.029 -0.345
-1.346 2.029 -0.344
-1.346 2.029 -0.342
-1.346 2.030 -0.341
-1.347 2.030 -0.340
-1.347 2.030 -0.338
-1.347 2.030 -0.336
-1.347 2.029 -0.334
-1.348 2.029 -0.333
-1.348 2.029 -0.331
-1.348 2.029 -0.329
-1.349 2.029 -0.328
-1.349 2.028 -0.325
-1.349 2.028 -0.324
-1.349 2.026 -0.321
-1.349 2.026 -0.319
-1.350 2.026 -0.317
-1.350 2.026 -0.315
-1.350 2.026 -0.314
-1.351 2.025 -0.312
-1.351 2.025 -0.310
-1.351 2.025 -0.309
-1.351 2.025 -0.307
-1.351 2.025 -0.305
-1.351 2.024 -0.303
-1.351 2.025 -0.302
-1.352 2.025 -0.301
-1.352 2.025 -0.299
-1.352 2.025 -0.298
-1.353 2.025 -0.296
-1.353 2.024 -0.295
-1.353 2.024 -0.293
-1.354 2.024 -0.292
-1.354 2.024 -0.290
-1.355 2.023 -0.289
-1.355 2.023 -0.287
-1.355 2.023 -0.286
-1.355 2.023 -0.284
-1.356 2.023 -0.283
-1.356 2.023 -0.281
-1.356 2.024 -0.280
-1.356 2.024 -0.279
-1.357 2.024 -0.277
-1.357 2.024 -0.276
-1.357 2.024 -0.274
-1.357 2.024 -0.273
-1.357 2.024 -0.271
-1.357 2.024 -0.270
-1.356 2.023 -0.268
-1.356 2.022 -0.267
-1.355 2.021 -0.266
-1.354 2.020 -0.264
-1.353 2.017 -0.264
-1.352 2.015 -0.263
-1.350 2.011 -0.262
-1.348 2.007 -0.261
-1.345 2.004 -0.261
-1.343 1.999 -0.260
-1.341 1.995 -0.260
-1.339 1.990 -0.260
-1.336 1.985 -0.260
-1.334 1.981 -0.260
-1.331 1.976 -0.260
-1.329 1.971 -0.261
-1.326 1.966 -0.261
-1.324 1.960 -0.262
-1.321 1.955 -0.263
-1.319 1.949 -0.264
-1.316 1.944 -0.265
-1.314 1.938 -0.266
-1.311 1.932 -0.267
-1.309 1.926 -0.268
-1.306 1.920 -0.270
-1.303 1.913 -0.271
-1.301 1.907 -0.273
-1.298 1.901 -0.274
-1.296 1.895 -0.276
-1.293 1.888 -0.277
-1.290 1.882 -0.279
-1.287 1.875 -0.281
-1.284 1.869 -0.283
-1.280 1.862 -0.285
-1.277 1.855 -0.286
-1.274 1.848 -0.289
-1.271 1.842 -0.291
-1.268 1.835 -0.293
-1.265 1.828 -0.295
-1.261 1.821 -0.297
-1.258 1.814 -0.299
-1.255 1.806 -0.302
-1.252 1.799 -0.304
-1.248 1.791 -0.306
-1.245 1.784 -0.309
-1.242 1.776 -0.311
-1.238 1.769 -0.314
-1.235 1.761 -0.316
-1.231 1.753 -0.319
-1.228 1.745 -0.321
-1.224 1.737 -0.324
-1.221 1.729 -0.326
-1.217 1.721 -0.329
-1.213 1.713 -0.331
-1.209 1.705 -0.334
-1.206 1.697 -0.337
-1.202 1.688 -0.339
-1.197 1.680 -0.342
-1.193 1.672 -0.344
-1.189 1.663 -0.347
-1.185 1.655 -0.350
-1.181 1.646 -0.352
-1.177 1.637 -0.355
-1.172 1.628 -0.358
-1.168 1.619 -0.360
-1.164 1.610 -0.363
-1.160 1.601 -0.365
-1.156 1.592 -0.368
-1.151 1.582 -0.371
-1.147 1.573 -0.374
-1.143 1.564 -0.376
-1.138 1.555 -0.379
-1.134 1.545 -0.381
-1.129 1.535 -0.384
-1.125 1.526 -0.386
-1.120 1.517 -0.389
-1.116 1.508 -0.391
-1.111 1.499 -0.394
-1.107 1.489 -0.396
-1.103 1.481 -0.398
-1.100 1.473 -0.401
-1.098 1.468 -0.402
-1.096 1.465 -0.403
-1.096 1.464 -0.404
-1.097 1.465 -0.405
-1.099 1.468 -0.406
-1.101 1.471 -0.408
-1.103 1.476 -0.409
-1.106 1.480 -0.410
-1.108 1.482 -0.412
-1.109 1.484 -0.413
-1.110 1.486 -0.414
-1.112 1.486 -0.416
-1.113 1.488 -0.416
-1.114 1.488 -0.417
-1.115 1.490 -0.417
-1.116 1.489 -0.418
-1.117 1.490 -0.418
-1.117 1.490 -0.419
-1.118 1.489 -0.419
-1.118 1.489 -0.419
-1.119 1.489 -0.419
-1.119 1.488 -0.419
-1.120 1.487 -0.419
-1.120 1.486 -0.419
-1.120 1.486 -0.418
-1.121 1.485 -0.418
-1.121 1.483 -0.418
-1.121 1.482 -0.418
-1.121 1.480 -0.417
-1.121 1.479 -0.417
-1.122 1.477 -0.416
-1.122 1.476 -0.415
-1.122 1.475 -0.415
-1.122 1.473 -0.414
-1.122 1.470 -0.414
-1.122 1.468 -0.413
-1.122 1.466 -0.412
-1.122 1.464 -0.411
-1.121 1.462 -0.410
-1.121 1.460 -0.409
-1.121 1.459 -0.408
-1.121 1.458 -0.407
-1.121 1.455 -0.406
-1.120 1.454 -0.406
-1.120 1.451 -0.404
-1.120 1.450 -0.403
-1.120 1.448 -0.403
-1.120 1.446 -0.401
-1.120 1.444 -0.400
-1.120 1.443 -0.400
-1.120 1.442 -0.398
-1.120 1.439 -0.398
-1.120 1.438 -0.397
-1.120 1.437 -0.396
-1.120 1.436 -0.395
-1.120 1.433 -0.394
-1.119 1.433 -0.393
-1.120 1.431 -0.393
-1.120 1.430 -0.392
-1.119 1.429 -0.391
-1.119 1.428 -0.390
-1.119 1.428 -0.390
-1.119 1.427 -0.390
-1.119 1.426 -0.389
-1.118 1.425 -0.388
-1.118 1.425 -0.388
-1.118 1.424 -0.387
-1.118 1.424 -0.387
-1.117 1.424 -0.386
-1.118 1.423 -0.386
-1.117 1.424 -0.385
-1.117 1.424 -0.385
-1.117 1.423 -0.384
-1.117 1.423 -0.384
-1.117 1.423 -0.384
-1.118 1.422 -0.384
-1.118 1.422 -0.384
-1.118 1.422 -0.383
-1.118 1.422 -0.383
-1.118 1.422 -0.383
-1.118 1.422 -0.382
-1.118 1.423 -0.382
-1.118 1.422 -0.382
-1.118 1.422 -0.381
-1.118 1.422 -0.381
-1.118 1.422 -0.380
-1.118 1.421 -0.380
-1.118 1.421 -0.380
-1.119 1.421 -0.379
-1.119 1.421 -0.378
-1.118 1.422 -0.378
-1.118 1.422 -0.377
-1.118 1.422 -0.377
-1.118 1.422 -0.376
-1.118 1.421 -0.375
-1.118 1.421 -0.375
-1.118 1.421 -0.374
-1.118 1.420 -0.373
-1.118 1.420 -0.372
-1.118 1.418 -0.372
-1.119 1.418 -0.371
-1.119 1.417 -0.370
-1.118 1.417 -0.369
-1.119 1.415 -0.368
-1.119 1.415 -0.366
-1.119 1.414 -0.365
-1.119 1.413 -0.364
-1.119 1.412 -0.363
-1.119 1.410 -0.362
-1.119 1.410 -0.361
-1.119 1.408 -0.360
-1.119 1.407 -0.358
-1.118 1.406 -0.357
-1.118 1.405 -0.356
-1.118 1.403 -0.355
-1.118 1.403 -0.353
-1.117 1.402 -0.353
-1.117 1.400 -0.350
-1.117 1.399 -0.349
-1.117 1.398 -0.348
-1.117 1.397 -0.346
-1.116 1.395 -0.345
-1.116 1.394 -0.343
-1.116 1.393 -0.342
-1.116 1.391 -0.340
-1.116 1.390 -0.339
-1.116 1.388 -0.338
-1.116 1.387 -0.336
-1.116 1.386 -0.335
-1.116 1.385 -0.334
-1.116 1.383 -0.332
-1.116 1.382 -0.331
-1.116 1.381 -0.329
-1.116 1.380 -0.328
-1.116 1.379 -0.327
-1.116 1.378 -0.325
-1.116 1.377 -0.324
-1.116 1.376 -0.323
-1.116 1.375 -0.321
-1.116 1.374 -0.320
-1.116 1.373 -0.319
-1.116 1.373 -0.318
-1.116 1.372 -0.316
-1.115 1.371 -0.315
-1.115 1.371 -0.314
-1.115 1.370 -0.312
-1.115 1.369 -0.311
-1.115 1.369 -0.310
-1.116 1.368 -0.309
-1.116 1.368 -0.308
-1.116 1.367 -0.307
-1.116 1.367 -0.306
-1.116 1.366 -0.305
-1.116 1.365 -0.304
-1.117 1.365 -0.303
-1.117 1.364 -0.301
-1.117 1.364 -0.300
-1.117 1.363 -0.299
-1.117 1.363 -0.298
-1.117 1.363 -0.297
-1.117 1.362 -0.296
-1.117 1.362 -0.295
-1.118 1.361 -0.294
-1.118 1.361 -0.293
-1.118 1.361 -0.291
-1.118 1.360 -0.290
-1.118 1.360 -0.289
-1.118 1.360 -0.288
-1.118 1.359 -0.287
-1.118 1.359 -0.285
-1.118 1.358 -0.284
-1.119 1.357 -0.283
-1.119 1.357 -0.282
-1.119 1.357 -0.280
-1.119 1.356 -0.279
-1.119 1.355 -0.278
-1.119 1.355 -0.276
-1.119 1.354 -0.275
-1.120 1.352 -0.274
-1.120 1.353 -0.272
-1.120 1.352 -0.271
-1.120 1.351 -0.270
-1.120 1.351 -0.268
-1.120 1.350 -0.267
-1.120 1.349 -0.265
-1.120 1.349 -0.264
-1.120 1.348 -0.262
-1.120 1.347 -0.260
-1.120 1.346 -0.259
-1.120 1.345 -0.257
-1.120 1.344 -0.256
-1.120 1.343 -0.254
-1.121 1.342 -0.253
-1.121 1.341 -0.251
-1.121 1.340 -0.249
-1.121 1.339 -0.248
-1.121 1.338 -0.246
-1.121 1.338 -0.244
-1.121 1.337 -0.243
-1.121 1.336 -0.241
-1.121 1.335 -0.239
-1.121 1.334 -0.238
-1.120 1.333 -0.236
-1.121 1.332 -0.234
-1.120 1.331 -0.233
-1.120 1.331 -0.231
-1.120 1.330 -0.229
-1.120 1.329 -0.227
-1.121 1.328 -0.226
-1.121 1.327 -0.224
-1.121 1.326 -0.222
-1.121 1.325 -0.221
-1.121 1.324 -0.219
-1.121 1.323 -0.217
-1.121 1.322 -0.216
-1.121 1.321 -0.214
-1.121 1.320 -0.212
-1.122 1.320 -0.211
-1.122 1.319 -0.209
-1.122 1.318 -0.208
-1.122 1.318 -0.206
-1.122 1.317 -0.204
-1.122 1.316 -0.203
-1.123 1.314 -0.201
-1.122 1.315 -0.199
-1.122 1.314 -0.198
-1.122 1.314 -0.196
-1.123 1.313 -0.194
-1.123 1.312 -0.193
-1.123 1.312 -0.191
-1.124 1.310 -0.190
-1.124 1.309 -0.188
-1.124 1.309 -0.187
-1.124 1.309 -0.185
-1.124 1.309 -0.183
-1.124 1.308 -0.182
-1.124 1.307 -0.180
-1.125 1.306 -0.179
-1.125 1.306 -0.177
-1.125 1.306 -0.175
-1.125 1.304 -0.174
-1.125 1.305 -0.172
-1.125 1.304 -0.170
-1.126 1.304 -0.169
-1.126 1.303 -0.167
-1.126 1.303 -0.165
-1.126 1.302 -0.164
-1.127 1.301 -0.162
-1.127 1.300 -0.161
-1.127 1.299 -0.159
-1.127 1.299 -0.157
-1.127 1.299 -0.155
-1.128 1.299 -0.154
-1.128 1.297 -0.152
-1.128 1.296 -0.151
-1.128 1.296 -0.149
-1.129 1.295 -0.147
-1.129 1.295 -0.145
-1.129 1.294 -0.144
-1.129 1.294 -0.141
-1.129 1.294 -0.140
-1.130 1.292 -0.138
-1.130 1.292 -0.136
-1.130 1.291 -0.135
-1.130 1.290 -0.133
-1.130 1.290 -0.131
-1.130 1.289 -0.129
-1.130 1.289 -0.127
-1.130 1.288 -0.125
-1.130 1.287 -0.123
-1.130 1.286 -0.122
-1.130 1.286 -0.120
