x y z
-0.898 1.673 -0.374
-0.898 1.674 -0.372
-0.898 1.674 -0.371
-0.897 1.674 -0.369
-0.897 1.674 -0.367
-0.897 1.675 -0.366
-0.897 1.675 -0.364
-0.896 1.676 -0.362
-0.896 1.676 -0.361
-0.896 1.676 -0.359
-0.896 1.677 -0.358
-0.895 1.677 -0.356
-0.895 1.677 -0.354
-0.895 1.677 -0.353
-0.895 1.677 -0.351
-0.895 1.677 -0.349
-0.895 1.677 -0.347
-0.895 1.677 -0.346
-0.895 1.677 -0.344
-0.895 1.677 -0.343
-0.895 1.678 -0.341
-0.895 1.678 -0.340
-0.895 1.678 -0.338
-0.895 1.678 -0.336
-0.895 1.678 -0.335
-0.895 1.678 -0.333
-0.895 1.678 -0.332
-0.895 1.678 -0.330
-0.895 1.679 -0.329
-0.895 1.679 -0.327
-0.895 1.679 -0.326
-0.895 1.679 -0.324
-0.895 1.679 -0.323
-0.896 1.679 -0.322
-0.896 1.679 -0.320
-0.896 1.680 -0.319
-0.896 1.680 -0.317
-0.896 1.680 -0.316
-0.896 1.680 -0.315
-0.897 1.680 -0.313
-0.897 1.680 -0.312
-0.897 1.680 -0.310
-0.897 1.680 -0.309
-0.897 1.680 -0.308
-0.897 1.680 -0.306
-0.897 1.680 -0.305
-0.897 1.680 -0.304
-0.897 1.680 -0.302
-0.896 1.680 -0.301
-0.896 1.680 -0.300
-0.896 1.680 -0.298
-0.896 1.680 -0.297
-0.896 1.680 -0.296
-0.896 1.680 -0.294
-0.895 1.680 -0.293
-0.895 1.681 -0.292
-0.895 1.681 -0.290
-0.895 1.681 -0.289
-0.895 1.681 -0.288
-0.895 1.681 -0.287
-0.895 1.681 -0.286
-0.895 1.682 -0.285
-0.895 1.682 -0.283
-0.895 1.682 -0.282
-0.896 1.682 -0.281
-0.896 1.682 -0.280
-0.896 1.683 -0.279
-0.895 1.683 -0.278
-0.895 1.684 -0.277
-0.893 1.684 -0.276
-0.890 1.686 -0.274
-0.886 1.689 -0.273
-0.880 1.692 -0.272
-0.873 1.696 -0.272
-0.866 1.701 -0.272
-0.858 1.706 -0.272
-0.850 1.712 -0.272
-0.841 1.718 -0.272
-0.831 1.724 -0.272
-0.822 1.730 -0.271
-0.812 1.736 -0.270
-0.802 1.742 -0.269
-0.791 1.749 -0.268
-0.781 1.755 -0.267
-0.770 1.762 -0.266
-0.759 1.768 -0.265
-0.747 1.775 -0.263
-0.737 1.781 -0.262
-0.725 1.788 -0.261
-0.714 1.795 -0.260
-0.702 1.802 -0.258
-0.691 1.809 -0.257
-0.679 1.817 -0.256
-0.668 1.823 -0.255
-0.656 1.830 -0.254
-0.644 1.838 -0.253
-0.632 1.845 -0.252
-0.619 1.852 -0.251
-0.607 1.860 -0.250
-0.595 1.867 -0.250
-0.583 1.874 -0.249
-0.570 1.881 -0.248
-0.557 1.889 -0.248
-0.544 1.897 -0.247
-0.531 1.904 -0.247
-0.518 1.911 -0.246
-0.505 1.919 -0.246
-0.492 1.927 -0.246
-0.478 1.935 -0.246
-0.465 1.943 -0.247
-0.452 1.950 -0.247
-0.439 1.958 -0.247
-0.425 1.966 -0.248
-0.411 1.974 -0.248
-0.397 1.982 -0.249
-0.383 1.990 -0.250
-0.369 1.998 -0.251
-0.354 2.006 -0.252
-0.341 2.014 -0.253
-0.326 2.022 -0.254
-0.311 2.030 -0.255
-0.296 2.039 -0.257
-0.282 2.047 -0.258
-0.268 2.056 -0.259
-0.254 2.064 -0.261
-0.239 2.073 -0.263
-0.224 2.081 -0.264
-0.210 2.090 -0.266
-0.195 2.098 -0.268
-0.181 2.107 -0.270
-0.166 2.115 -0.272
-0.152 2.124 -0.274
-0.137 2.132 -0.276
-0.123 2.141 -0.279
-0.108 2.150 -0.281
-0.094 2.158 -0.284
-0.079 2.167 -0.286
-0.064 2.175 -0.288
-0.049 2.184 -0.291
-0.035 2.193 -0.294
-0.020 2.201 -0.296
-0.005 2.210 -0.299
0.010 2.219 -0.302
0.025 2.227 -0.305
0.039 2.236 -0.308
0.052 2.243 -0.310
0.064 2.250 -0.312
0.074 2.256 -0.314
0.080 2.259 -0.315
0.083 2.260 -0.316
0.083 2.260 -0.318
0.079 2.258 -0.319
0.074 2.254 -0.321
0.066 2.249 -0.322
0.059 2.244 -0.322
0.055 2.240 -0.324
0.051 2.236 -0.324
0.048 2.232 -0.324
0.046 2.229 -0.324
0.044 2.226 -0.324
0.044 2.222 -0.323
0.043 2.220 -0.323
0.044 2.217 -0.322
0.044 2.216 -0.322
0.045 2.214 -0.321
0.047 2.213 -0.321
0.048 2.212 -0.321
0.050 2.211 -0.321
0.052 2.210 -0.320
0.055 2.210 -0.320
0.057 2.209 -0.320
0.059 2.208 -0.320
0.061 2.208 -0.320
0.064 2.207 -0.319
0.067 2.207 -0.319
0.070 2.207 -0.319
0.073 2.207 -0.319
0.076 2.207 -0.319
0.079 2.207 -0.319
0.082 2.208 -0.319
0.085 2.208 -0.319
0.089 2.209 -0.319
0.092 2.210 -0.320
0.096 2.210 -0.319
0.099 2.211 -0.320
0.102 2.212 -0.319
0.106 2.213 -0.318
0.109 2.214 -0.318
0.112 2.215 -0.318
0.115 2.215 -0.317
0.118 2.216 -0.317
0.122 2.217 -0.317
0.124 2.217 -0.317
0.127 2.218 -0.316
0.129 2.219 -0.315
0.131 2.220 -0.315
0.134 2.221 -0.315
0.136 2.222 -0.315
0.139 2.222 -0.314
0.141 2.223 -0.314
0.143 2.224 -0.313
0.145 2.225 -0.313
0.148 2.225 -0.313
0.150 2.226 -0.312
0.152 2.226 -0.311
0.154 2.227 -0.311
0.156 2.228 -0.310
0.157 2.228 -0.310
0.159 2.229 -0.309
0.161 2.229 -0.309
0.162 2.230 -0.309
0.163 2.230 -0.308
0.164 2.232 -0.308
0.165 2.232 -0.307
0.167 2.232 -0.307
0.168 2.233 -0.306
0.169 2.233 -0.306
0.170 2.233 -0.305
0.171 2.234 -0.305
0.172 2.234 -0.304
0.173 2.234 -0.304
0.174 2.234 -0.303
0.175 2.234 -0.303
0.176 2.234 -0.302
0.176 2.234 -0.302
0.177 2.234 -0.301
0.178 2.234 -0.300
0.179 2.234 -0.300
0.179 2.234 -0.299
0.180 2.234 -0.299
0.181 2.234 -0.298
0.181 2.234 -0.296
0.182 2.234 -0.296
0.183 2.234 -0.295
0.183 2.234 -0.294
0.184 2.234 -0.293
0.185 2.234 -0.293
0.185 2.234 -0.291
0.186 2.235 -0.292
0.187 2.234 -0.292
0.188 2.235 -0.291
0.188 2.235 -0.290
0.189 2.235 -0.290
0.190 2.235 -0.289
0.191 2.234 -0.288
0.192 2.234 -0.288
0.193 2.234 -0.287
0.193 2.234 -0.286
0.194 2.234 -0.285
0.195 2.234 -0.284
0.196 2.234 -0.284
0.197 2.234 -0.283
0.198 2.235 -0.282
0.199 2.235 -0.281
0.200 2.235 -0.280
0.201 2.235 -0.279
0.202 2.236 -0.279
0.203 2.236 -0.278
0.205 2.236 -0.277
0.206 2.237 -0.276
0.207 2.237 -0.275
0.208 2.237 -0.274
0.209 2.237 -0.273
0.210 2.237 -0.272
0.211 2.237 -0.271
0.212 2.237 -0.270
0.213 2.238 -0.269
0.214 2.238 -0.268
0.216 2.238 -0.268
0.217 2.239 -0.267
0.218 2.239 -0.265
0.219 2.239 -0.264
0.221 2.239 -0.263
0.223 2.238 -0.262
0.225 2.239 -0.261
0.226 2.239 -0.259
0.227 2.239 -0.258
0.229 2.239 -0.257
0.230 2.240 -0.257
0.231 2.240 -0.256
0.231 2.242 -0.255
0.233 2.242 -0.253
0.234 2.242 -0.252
0.235 2.243 -0.251
0.237 2.243 -0.250
0.238 2.243 -0.249
0.239 2.243 -0.248
0.240 2.244 -0.247
0.241 2.244 -0.246
0.242 2.244 -0.245
0.243 2.244 -0.244
0.244 2.244 -0.243
0.244 2.244 -0.242
0.246 2.244 -0.241
0.247 2.244 -0.240
0.247 2.244 -0.238
0.248 2.245 -0.238
0.249 2.245 -0.236
0.250 2.245 -0.235
0.251 2.245 -0.234
0.252 2.245 -0.232
0.252 2.245 -0.231
0.253 2.246 -0.230
0.254 2.246 -0.229
0.254 2.247 -0.228
0.255 2.247 -0.227
0.256 2.247 -0.226
0.256 2.248 -0.225
0.258 2.247 -0.224
0.258 2.247 -0.223
0.259 2.247 -0.221
0.259 2.247 -0.220
0.260 2.247 -0.219
0.260 2.247 -0.218
0.260 2.247 -0.216
0.261 2.247 -0.215
0.262 2.247 -0.214
0.262 2.247 -0.213
0.263 2.247 -0.212
0.263 2.248 -0.211
0.264 2.248 -0.210
0.265 2.248 -0.209
0.265 2.247 -0.207
0.266 2.248 -0.205
0.266 2.248 -0.204
0.267 2.248 -0.203
0.267 2.248 -0.201
0.268 2.248 -0.200
0.269 2.248 -0.199
0.269 2.248 -0.198
0.270 2.248 -0.197
0.270 2.248 -0.196
0.271 2.248 -0.194
0.271 2.248 -0.194
0.272 2.248 -0.192
0.272 2.248 -0.191
0.273 2.248 -0.189
0.274 2.247 -0.188
0.275 2.248 -0.186
0.275 2.248 -0.185
0.276 2.248 -0.184
0.277 2.248 -0.182
0.277 2.248 -0.181
0.278 2.248 -0.180
0.279 2.248 -0.178
0.280 2.248 -0.177
0.280 2.248 -0.175
0.281 2.248 -0.174
0.282 2.248 -0.172
0.282 2.248 -0.171
0.283 2.247 -0.169
0.283 2.248 -0.168
0.284 2.247 -0.167
0.284 2.247 -0.165
0.285 2.247 -0.164
0.286 2.247 -0.162
0.287 2.247 -0.161
0.288 2.247 -0.159
0.289 2.247 -0.158
0.289 2.247 -0.156
0.290 2.248 -0.155
0.291 2.248 -0.153
0.292 2.248 -0.152
0.293 2.248 -0.150
0.293 2.249 -0.149
0.294 2.249 -0.148
0.294 2.249 -0.146
0.295 2.249 -0.145
0.296 2.249 -0.143
0.297 2.248 -0.141
0.297 2.248 -0.140
0.297 2.248 -0.139
0.298 2.248 -0.137
0.299 2.248 -0.136
0.299 2.248 -0.134
0.300 2.248 -0.133
0.300 2.248 -0.131
0.301 2.247 -0.129
0.301 2.248 -0.128
0.302 2.248 -0.127
0.303 2.248 -0.125
0.303 2.249 -0.123
0.304 2.249 -0.122
0.305 2.249 -0.120
0.305 2.249 -0.119
0.306 2.249 -0.117
0.306 2.249 -0.116
0.307 2.249 -0.114
0.308 2.250 -0.113
0.308 2.249 -0.111
0.308 2.249 -0.109
0.309 2.249 -0.108
0.309 2.249 -0.106
0.310 2.249 -0.105
0.309 2.249 -0.104
0.311 2.248 -0.102
0.311 2.248 -0.100
0.311 2.248 -0.098
0.311 2.248 -0.097
0.312 2.248 -0.095
0.312 2.248 -0.093
0.313 2.248 -0.092
0.313 2.248 -0.090
0.313 2.248 -0.089
0.314 2.248 -0.087
0.314 2.248 -0.086
0.315 2.248 -0.084
0.315 2.248 -0.082
0.316 2.248 -0.081
0.317 2.248 -0.079
0.317 2.248 -0.077
0.317 2.248 -0.076
0.318 2.248 -0.074
0.318 2.248 -0.072
0.319 2.248 -0.071
0.319 2.247 -0.069
0.319 2.247 -0.067
0.320 2.247 -0.066
0.320 2.247 -0.064
0.321 2.247 -0.062
0.321 2.247 -0.061
0.321 2.247 -0.059
0.322 2.246 -0.057
0.322 2.246 -0.056
0.323 2.246 -0.054
0.323 2.246 -0.052
0.323 2.246 -0.050
0.324 2.246 -0.049
0.324 2.246 -0.047
0.324 2.246 -0.045
0.325 2.245 -0.044
0.325 2.245 -0.042
0.326 2.245 -0.040
0.326 2.245 -0.038
0.327 2.245 -0.036
0.328 2.245 -0.035
0.328 2.245 -0.033
0.329 2.245 -0.031
0.329 2.245 -0.030
0.330 2.245 -0.028
0.330 2.245 -0.026
0.331 2.245 -0.024
0.331 2.244 -0.023
0.331 2.244 -0.021
0.332 2.244 -0.019
0.332 2.244 -0.017
0.332 2.243 -0.015
0.333 2.243 -0.014
0.333 2.243 -0.012
0.334 2.243 -0.010
0.334 2.243 -0.008
0.335 2.243 -0.007
0.335 2.242 -0.005
0.336 2.242 -0.003
0.337 2.242 -0.001
0.337 2.242 0.000
0.337 2.242 0.002
0.338 2.242 0.004
0.338 2.241 0.006
0.339 2.241 0.007
0.339 2.241 0.009
0.340 2.241 0.011
0.340 2.240 0.013
0.340 2.240 0.014
0.341 2.240 0.016
0.341 2.240 0.018
0.341 2.240 0.020
0.342 2.240 0.022
0.342 2.240 0.024
0.343 2.240 0.025
0.343 2.240 0.027
0.344 2.240 0.029
0.344 2.240 0.031
0.345 2.240 0.032
0.345 2.240 0.034
0.345 2.239 0.036
0.346 2.239 0.038
0.346 2.239 0.039
0.347 2.239 0.041
0.347 2.238 0.043
0.347 2.238 0.045
0.347 2.237 0.047
0.347 2.237 0.049
0.348 2.237 0.050
0.348 2.237 0.052
0.348 2.236 0.054
0.349 2.236 0.056
0.349 2.236 0.057
0.350 2.236 0.059
0.350 2.236 0.061
0.351 2.236 0.063
0.351 2.236 0.065
0.351 2.236 0.067
0.352 2.236 0.069
0.352 2.236 0.070
0.352 2.235 0.072
0.352 2.235 0.074
0.353 2.235 0.076
0.353 2.234 0.078
0.353 2.234 0.080
0.354 2.233 0.082
0.354 2.233 0.083
0.354 2.233 0.085
0.354 2.232 0.087
0.355 2.232 0.089
0.355 2.232 0.091
0.356 2.232 0.093
0.356 2.232 0.095
0.356 2.232 0.097
0.357 2.231 0.099
0.357 2.231 0.100
0.358 2.231 0.102
0.358 2.230 0.104
0.359 2.230 0.106
0.359 2.230 0.108
0.359 2.230 0.110
0.360 2.229 0.112
0.360 2.229 0.114
0.360 2.228 0.116
0.360 2.228 0.117
0.360 2.227 0.119
0.361 2.227 0.121
0.361 2.227 0.123
0.361 2.226 0.125
0.362 2.226 0.127
0.362 2.226 0.129
0.362 2.225 0.131
0.363 2.225 0.133
0.363 2.225 0.135
0.364 2.225 0.137
0.364 2.225 0.139
0.365 2.225 0.141
0.365 2.225 0.143
0.365 2.224 0.144
0.366 2.224 0.146
0.367 2.224 0.148
0.367 2.223 0.150
0.367 2.223 0.152
0.367 2.222 0.154
0.367 2.222 0.156
0.368 2.221 0.157
0.368 2.221 0.159
0.368 2.221 0.161
0.368 2.220 0.163
0.368 2.220 0.165
0.369 2.219 0.167
0.369 2.219 0.169
0.369 2.219 0.171
0.370 2.218 0.173
0.370 2.218 0.175
0.370 2.218 0.176
0.371 2.218 0.178
0.371 2.218 0.180
0.371 2.217 0.182
0.372 2.217 0.184
0.372 2.217 0.186
0.372 2.216 0.188
0.374 2.216 0.188
0.375 2.215 0.190
0.375 2.215 0.192
0.375 2.214 0.194
0.375 2.214 0.196
0.375 2.213 0.198
0.375 2.213 0.200
0.375 2.213 0.202
0.376 2.212 0.204
0.376 2.212 0.206
0.377 2.212 0.207
0.377 2.211 0.209
0.378 2.211 0.211
0.378 2.211 0.213
0.378 2.211 0.215
0.378 2.210 0.217
0.379 2.210 0.219
0.378 2.209 0.221
0.379 2.209 0.223
0.377 2.209 0.227
0.377 2.208 0.229
0.378 2.208 0.230
0.378 2.207 0.232
0.378 2.207 0.234
0.378 2.206 0.236
0.378 2.206 0.238
0.379 2.205 0.241
0.379 2.205 0.242
0.379 2.205 0.244
0.380 2.205 0.246
0.380 2.204 0.248
0.380 2.204 0.250
0.381 2.203 0.252
0.381 2.203 0.254
0.381 2.202 0.256
0.381 2.202 0.258
0.382 2.201 0.260
0.382 2.201 0.262
0.382 2.201 0.264
0.382 2.200 0.266
0.382 2.199 0.268
0.383 2.199 0.270
0.383 2.199 0.272
0.383 2.198 0.274
0.383 2.198 0.276
0.383 2.197 0.278
0.384 2.197 0.280
0.384 2.196 0.282
0.384 2.196 0.284
0.384 2.195 0.286
0.384 2.195 0.288
0.384 2.194 0.290
0.384 2.194 0.292
0.384 2.193 0.294
0.385 2.193 0.296
0.385 2.192 0.298
0.385 2.192 0.300
0.385 2.192 0.303
0.385 2.191 0.304
0.385 2.191 0.306
0.386 2.191 0.308
0.386 2.190 0.311
0.386 2.190 0.313
0.386 2.189 0.315
0.387 2.189 0.317
0.387 2.189 0.319
0.387 2.188 0.321
0.387 2.188 0.323
0.387 2.187 0.325
0.387 2.187 0.327
0.387 2.186 0.329
0.388 2.186 0.331
0.387 2.185 0.333
0.387 2.184 0.335
0.388 2.184 0.337
0.385 2.184 0.340
0.385 2.184 0.342
