x y z
-1.412 1.919 -0.364
-1.412 1.919 -0.363
-1.412 1.919 -0.361
-1.412 1.919 -0.359
-1.411 1.918 -0.358
-1.411 1.918 -0.356
-1.411 1.918 -0.354
-1.410 1.918 -0.353
-1.410 1.917 -0.351
-1.410 1.917 -0.349
-1.410 1.917 -0.348
-1.409 1.917 -0.346
-1.409 1.916 -0.345
-1.409 1.916 -0.343
-1.408 1.916 -0.342
-1.408 1.916 -0.340
-1.408 1.916 -0.338
-1.407 1.916 -0.337
-1.407 1.915 -0.335
-1.407 1.915 -0.334
-1.407 1.916 -0.332
-1.406 1.915 -0.331
-1.406 1.915 -0.329
-1.406 1.914 -0.328
-1.405 1.914 -0.326
-1.406 1.914 -0.325
-1.405 1.913 -0.323
-1.405 1.913 -0.322
-1.405 1.912 -0.320
-1.405 1.912 -0.319
-1.405 1.912 -0.317
-1.405 1.912 -0.316
-1.405 1.911 -0.314
-1.404 1.911 -0.313
-1.404 1.911 -0.312
-1.404 1.911 -0.310
-1.403 1.911 -0.309
-1.403 1.911 -0.308
-1.403 1.911 -0.307
-1.402 1.911 -0.305
-1.402 1.911 -0.304
-1.402 1.911 -0.303
-1.401 1.911 -0.301
-1.400 1.911 -0.300
-1.400 1.911 -0.299
-1.400 1.911 -0.298
-1.399 1.911 -0.296
-1.399 1.910 -0.295
-1.399 1.910 -0.294
-1.399 1.910 -0.293
-1.399 1.909 -0.292
-1.398 1.909 -0.290
-1.398 1.909 -0.289
-1.398 1.909 -0.288
-1.397 1.908 -0.287
-1.397 1.909 -0.286
-1.396 1.908 -0.285
-1.396 1.908 -0.284
-1.396 1.908 -0.282
-1.395 1.908 -0.282
-1.395 1.908 -0.280
-1.395 1.908 -0.280
-1.394 1.908 -0.279
-1.394 1.908 -0.278
-1.394 1.908 -0.277
-1.394 1.907 -0.276
-1.394 1.907 -0.275
-1.394 1.907 -0.274
-1.394 1.907 -0.274
-1.394 1.907 -0.273
-1.393 1.907 -0.273
-1.393 1.907 -0.272
-1.393 1.907 -0.271
-1.393 1.907 -0.271
-1.393 1.907 -0.270
-1.393 1.906 -0.270
-1.393 1.905 -0.269
-1.393 1.903 -0.269
-1.393 1.899 -0.270
-1.393 1.894 -0.270
-1.394 1.888 -0.270
-1.394 1.881 -0.271
-1.394 1.875 -0.272
-1.393 1.867 -0.273
-1.391 1.859 -0.274
-1.388 1.849 -0.276
-1.384 1.840 -0.278
-1.379 1.829 -0.280
-1.373 1.817 -0.282
-1.367 1.806 -0.284
-1.361 1.794 -0.286
-1.354 1.782 -0.289
-1.347 1.769 -0.291
-1.339 1.756 -0.293
-1.332 1.742 -0.295
-1.324 1.729 -0.297
-1.316 1.716 -0.299
-1.309 1.702 -0.302
-1.301 1.689 -0.304
-1.292 1.675 -0.307
-1.284 1.661 -0.309
-1.276 1.647 -0.312
-1.268 1.633 -0.315
-1.260 1.619 -0.318
-1.251 1.604 -0.320
-1.244 1.590 -0.324
-1.235 1.575 -0.327
-1.226 1.560 -0.330
-1.218 1.545 -0.333
-1.210 1.529 -0.337
-1.201 1.514 -0.340
-1.192 1.498 -0.344
-1.184 1.482 -0.347
-1.175 1.466 -0.351
-1.167 1.450 -0.355
-1.158 1.434 -0.359
-1.150 1.418 -0.363
-1.141 1.401 -0.367
-1.132 1.384 -0.372
-1.123 1.368 -0.376
-1.114 1.351 -0.381
-1.105 1.334 -0.385
-1.096 1.317 -0.390
-1.087 1.300 -0.395
-1.077 1.283 -0.399
-1.068 1.266 -0.404
-1.059 1.249 -0.409
-1.049 1.232 -0.416
-1.039 1.214 -0.420
-1.030 1.197 -0.426
-1.020 1.179 -0.432
-1.011 1.162 -0.437
-1.001 1.144 -0.443
-0.991 1.127 -0.450
-0.981 1.109 -0.456
-0.971 1.091 -0.462
-0.961 1.074 -0.469
-0.951 1.056 -0.475
-0.941 1.038 -0.482
-0.931 1.020 -0.489
-0.921 1.002 -0.496
-0.911 0.983 -0.502
-0.901 0.965 -0.509
-0.891 0.947 -0.516
-0.880 0.928 -0.523
-0.870 0.910 -0.530
-0.860 0.891 -0.537
-0.850 0.873 -0.544
-0.839 0.854 -0.551
-0.829 0.835 -0.558
-0.818 0.816 -0.565
-0.808 0.797 -0.571
-0.797 0.778 -0.578
-0.787 0.758 -0.584
-0.777 0.739 -0.591
-0.766 0.720 -0.597
-0.756 0.700 -0.604
-0.746 0.682 -0.610
-0.737 0.665 -0.615
-0.730 0.650 -0.620
-0.724 0.638 -0.625
-0.721 0.630 -0.629
-0.721 0.627 -0.632
-0.722 0.628 -0.636
-0.725 0.632 -0.640
-0.728 0.637 -0.644
-0.732 0.645 -0.647
-0.736 0.652 -0.651
-0.739 0.658 -0.653
-0.742 0.664 -0.655
-0.745 0.669 -0.657
-0.748 0.674 -0.658
-0.750 0.680 -0.659
-0.753 0.685 -0.659
-0.756 0.690 -0.660
-0.757 0.694 -0.660
-0.759 0.698 -0.661
-0.760 0.701 -0.661
-0.761 0.704 -0.661
-0.762 0.706 -0.662
-0.762 0.707 -0.662
-0.762 0.708 -0.661
-0.762 0.709 -0.661
-0.762 0.710 -0.661
-0.762 0.710 -0.660
-0.762 0.709 -0.660
-0.761 0.709 -0.659
-0.760 0.708 -0.659
-0.760 0.707 -0.658
-0.759 0.705 -0.657
-0.758 0.703 -0.656
-0.757 0.701 -0.655
-0.755 0.699 -0.654
-0.754 0.697 -0.653
-0.753 0.695 -0.651
-0.751 0.692 -0.650
-0.750 0.690 -0.649
-0.748 0.687 -0.647
-0.747 0.685 -0.646
-0.746 0.682 -0.644
-0.744 0.679 -0.642
-0.743 0.676 -0.641
-0.741 0.674 -0.639
-0.739 0.671 -0.637
-0.738 0.669 -0.636
-0.737 0.666 -0.634
-0.735 0.663 -0.632
-0.734 0.661 -0.631
-0.733 0.658 -0.629
-0.732 0.656 -0.627
-0.730 0.654 -0.626
-0.729 0.652 -0.624
-0.729 0.649 -0.619
-0.727 0.648 -0.621
-0.726 0.646 -0.619
-0.725 0.645 -0.618
-0.725 0.643 -0.617
-0.726 0.642 -0.614
-0.725 0.640 -0.613
-0.725 0.640 -0.612
-0.724 0.639 -0.611
-0.723 0.638 -0.611
-0.722 0.637 -0.610
-0.722 0.637 -0.609
-0.721 0.636 -0.609
-0.721 0.636 -0.608
-0.720 0.636 -0.608
-0.720 0.636 -0.608
-0.719 0.636 -0.608
-0.719 0.636 -0.608
-0.717 0.637 -0.609
-0.716 0.637 -0.609
-0.716 0.637 -0.610
-0.716 0.638 -0.610
-0.716 0.639 -0.610
-0.716 0.639 -0.610
-0.716 0.640 -0.610
-0.716 0.640 -0.611
-0.716 0.641 -0.611
-0.716 0.642 -0.611
-0.716 0.642 -0.612
-0.716 0.643 -0.612
-0.716 0.644 -0.612
-0.716 0.645 -0.612
-0.716 0.646 -0.612
-0.715 0.647 -0.612
-0.715 0.647 -0.613
-0.715 0.648 -0.613
-0.715 0.649 -0.613
-0.715 0.650 -0.613
-0.714 0.651 -0.613
-0.714 0.651 -0.613
-0.714 0.652 -0.612
-0.714 0.653 -0.612
-0.713 0.654 -0.612
-0.713 0.654 -0.612
-0.713 0.654 -0.611
-0.712 0.654 -0.611
-0.712 0.655 -0.610
-0.711 0.655 -0.610
-0.711 0.655 -0.609
-0.711 0.655 -0.609
-0.710 0.654 -0.608
-0.710 0.654 -0.607
-0.709 0.654 -0.607
-0.708 0.654 -0.606
-0.708 0.653 -0.605
-0.707 0.653 -0.604
-0.706 0.652 -0.604
-0.706 0.651 -0.603
-0.705 0.650 -0.602
-0.704 0.650 -0.601
-0.704 0.649 -0.599
-0.703 0.648 -0.599
-0.702 0.647 -0.597
-0.701 0.646 -0.596
-0.701 0.645 -0.595
-0.700 0.644 -0.594
-0.699 0.642 -0.593
-0.698 0.641 -0.592
-0.697 0.640 -0.591
-0.697 0.639 -0.590
-0.696 0.637 -0.588
-0.695 0.635 -0.584
-0.695 0.634 -0.585
-0.694 0.632 -0.582
-0.693 0.632 -0.582
-0.693 0.630 -0.581
-0.692 0.629 -0.580
-0.691 0.628 -0.579
-0.690 0.627 -0.578
-0.690 0.625 -0.576
-0.689 0.624 -0.575
-0.688 0.623 -0.574
-0.688 0.622 -0.573
-0.687 0.621 -0.571
-0.686 0.620 -0.570
-0.686 0.620 -0.569
-0.686 0.619 -0.568
-0.685 0.618 -0.567
-0.684 0.617 -0.566
-0.684 0.616 -0.565
-0.683 0.616 -0.564
-0.682 0.615 -0.563
-0.682 0.615 -0.562
-0.682 0.614 -0.561
-0.681 0.614 -0.560
-0.681 0.613 -0.559
-0.681 0.613 -0.558
-0.681 0.612 -0.558
-0.680 0.612 -0.557
-0.680 0.612 -0.556
-0.680 0.612 -0.555
-0.680 0.611 -0.555
-0.680 0.611 -0.554
-0.679 0.611 -0.553
-0.679 0.611 -0.553
-0.679 0.611 -0.552
-0.678 0.611 -0.552
-0.678 0.611 -0.551
-0.678 0.611 -0.550
-0.677 0.611 -0.550
-0.677 0.611 -0.549
-0.677 0.611 -0.549
-0.676 0.611 -0.548
-0.676 0.611 -0.547
-0.676 0.611 -0.547
-0.676 0.611 -0.546
-0.675 0.611 -0.545
-0.675 0.611 -0.545
-0.675 0.611 -0.544
-0.675 0.610 -0.544
-0.675 0.610 -0.543
-0.675 0.609 -0.539
-0.675 0.609 -0.541
-0.675 0.610 -0.540
-0.675 0.609 -0.540
-0.674 0.609 -0.540
-0.674 0.609 -0.539
-0.674 0.608 -0.537
-0.674 0.608 -0.536
-0.673 0.607 -0.535
-0.673 0.607 -0.534
-0.673 0.606 -0.533
-0.673 0.606 -0.532
-0.673 0.605 -0.531
-0.672 0.605 -0.530
-0.672 0.604 -0.529
-0.672 0.604 -0.528
-0.671 0.603 -0.527
-0.671 0.602 -0.526
-0.670 0.602 -0.524
-0.670 0.601 -0.523
-0.670 0.600 -0.522
-0.669 0.599 -0.521
-0.669 0.598 -0.519
-0.668 0.598 -0.518
-0.668 0.597 -0.517
-0.667 0.596 -0.516
-0.667 0.595 -0.515
-0.666 0.594 -0.514
-0.666 0.593 -0.512
-0.665 0.593 -0.511
-0.665 0.591 -0.509
