x y z
-2.026 -0.198 -0.639
-2.026 -0.197 -0.638
-2.026 -0.196 -0.636
-2.026 -0.195 -0.634
-2.027 -0.194 -0.632
-2.027 -0.193 -0.631
-2.027 -0.192 -0.629
-2.027 -0.191 -0.629
-2.027 -0.190 -0.626
-2.026 -0.189 -0.624
-2.026 -0.188 -0.622
-2.026 -0.187 -0.621
-2.026 -0.186 -0.619
-2.025 -0.185 -0.617
-2.025 -0.185 -0.615
-2.025 -0.184 -0.613
-2.024 -0.184 -0.611
-2.024 -0.184 -0.610
-2.024 -0.183 -0.608
-2.023 -0.183 -0.606
-2.023 -0.183 -0.604
-2.023 -0.182 -0.602
-2.023 -0.182 -0.600
-2.022 -0.182 -0.598
-2.022 -0.181 -0.597
-2.022 -0.181 -0.595
-2.022 -0.181 -0.593
-2.022 -0.180 -0.592
-2.021 -0.180 -0.590
-2.021 -0.179 -0.588
-2.021 -0.179 -0.586
-2.021 -0.179 -0.584
-2.020 -0.179 -0.582
-2.020 -0.179 -0.580
-2.020 -0.179 -0.579
-2.020 -0.179 -0.577
-2.020 -0.178 -0.575
-2.020 -0.178 -0.573
-2.020 -0.178 -0.572
-2.020 -0.178 -0.570
-2.020 -0.178 -0.568
-2.020 -0.178 -0.566
-2.020 -0.178 -0.565
-2.020 -0.178 -0.563
-2.019 -0.177 -0.561
-2.019 -0.176 -0.559
-2.019 -0.176 -0.558
-2.019 -0.176 -0.556
-2.019 -0.176 -0.554
-2.018 -0.176 -0.552
-2.018 -0.176 -0.550
-2.018 -0.177 -0.549
-2.018 -0.177 -0.547
-2.018 -0.177 -0.545
-2.018 -0.176 -0.544
-2.018 -0.176 -0.542
-2.018 -0.176 -0.540
-2.018 -0.176 -0.538
-2.018 -0.176 -0.537
-2.018 -0.176 -0.535
-2.018 -0.176 -0.533
-2.018 -0.176 -0.531
-2.017 -0.176 -0.530
-2.017 -0.176 -0.528
-2.017 -0.176 -0.526
-2.017 -0.176 -0.525
-2.017 -0.176 -0.523
-2.017 -0.176 -0.522
-2.017 -0.176 -0.520
-2.017 -0.175 -0.519
-2.017 -0.175 -0.517
-2.016 -0.175 -0.516
-2.015 -0.175 -0.515
-2.013 -0.175 -0.513
-2.008 -0.174 -0.512
-2.002 -0.174 -0.511
-1.994 -0.173 -0.509
-1.984 -0.173 -0.508
-1.975 -0.173 -0.508
-1.965 -0.174 -0.507
-1.954 -0.174 -0.507
-1.943 -0.173 -0.507
-1.931 -0.173 -0.508
-1.918 -0.172 -0.509
-1.904 -0.172 -0.510
-1.891 -0.171 -0.510
-1.876 -0.171 -0.510
-1.862 -0.170 -0.510
-1.848 -0.170 -0.511
-1.833 -0.169 -0.512
-1.818 -0.169 -0.512
-1.803 -0.168 -0.513
-1.788 -0.168 -0.514
-1.772 -0.168 -0.515
-1.756 -0.167 -0.516
-1.740 -0.167 -0.517
-1.724 -0.166 -0.519
-1.708 -0.166 -0.520
-1.691 -0.165 -0.522
-1.674 -0.164 -0.523
-1.660 -0.165 -0.524
-1.642 -0.164 -0.526
-1.625 -0.163 -0.528
-1.608 -0.162 -0.530
-1.590 -0.161 -0.532
-1.573 -0.160 -0.534
-1.555 -0.160 -0.536
-1.536 -0.158 -0.538
-1.518 -0.157 -0.540
-1.499 -0.157 -0.543
-1.481 -0.156 -0.545
-1.462 -0.155 -0.547
-1.444 -0.154 -0.550
-1.425 -0.154 -0.552
-1.406 -0.153 -0.554
-1.388 -0.152 -0.557
-1.369 -0.151 -0.560
-1.349 -0.150 -0.562
-1.331 -0.149 -0.565
-1.311 -0.149 -0.568
-1.292 -0.148 -0.571
-1.272 -0.147 -0.574
-1.253 -0.146 -0.577
-1.233 -0.145 -0.580
-1.213 -0.144 -0.583
-1.193 -0.144 -0.586
-1.172 -0.143 -0.589
-1.152 -0.142 -0.593
-1.132 -0.142 -0.596
-1.112 -0.142 -0.599
-1.092 -0.141 -0.603
-1.071 -0.140 -0.606
-1.051 -0.140 -0.610
-1.030 -0.139 -0.613
-1.009 -0.139 -0.617
-0.989 -0.138 -0.620
-0.968 -0.138 -0.624
-0.947 -0.137 -0.627
-0.927 -0.136 -0.631
-0.906 -0.136 -0.635
-0.885 -0.135 -0.638
-0.864 -0.135 -0.642
-0.844 -0.134 -0.646
-0.823 -0.134 -0.649
-0.802 -0.133 -0.653
-0.781 -0.132 -0.656
-0.760 -0.132 -0.660
-0.739 -0.131 -0.664
-0.719 -0.130 -0.668
-0.701 -0.130 -0.671
-0.684 -0.130 -0.674
-0.671 -0.132 -0.677
-0.663 -0.134 -0.680
-0.659 -0.136 -0.683
-0.660 -0.137 -0.687
-0.664 -0.139 -0.691
-0.669 -0.141 -0.695
-0.677 -0.142 -0.699
-0.684 -0.143 -0.702
-0.689 -0.144 -0.705
-0.694 -0.145 -0.708
-0.698 -0.146 -0.710
-0.702 -0.146 -0.711
-0.706 -0.147 -0.712
-0.710 -0.147 -0.713
-0.715 -0.148 -0.713
-0.718 -0.148 -0.714
-0.721 -0.148 -0.714
-0.724 -0.148 -0.715
-0.725 -0.148 -0.715
-0.726 -0.148 -0.715
-0.727 -0.149 -0.715
-0.727 -0.149 -0.715
-0.727 -0.150 -0.714
-0.726 -0.150 -0.714
-0.725 -0.151 -0.713
-0.723 -0.151 -0.712
-0.721 -0.152 -0.711
-0.719 -0.152 -0.710
-0.717 -0.153 -0.709
-0.714 -0.154 -0.708
-0.711 -0.154 -0.707
-0.708 -0.155 -0.705
-0.705 -0.155 -0.704
-0.701 -0.156 -0.702
-0.698 -0.157 -0.700
-0.694 -0.158 -0.698
-0.690 -0.158 -0.696
-0.686 -0.159 -0.694
-0.682 -0.160 -0.692
-0.678 -0.161 -0.690
-0.675 -0.161 -0.688
-0.671 -0.162 -0.685
-0.667 -0.163 -0.683
-0.663 -0.164 -0.681
-0.659 -0.165 -0.678
-0.656 -0.166 -0.676
-0.652 -0.166 -0.673
-0.648 -0.167 -0.671
-0.645 -0.168 -0.668
-0.641 -0.169 -0.666
-0.638 -0.170 -0.663
-0.634 -0.171 -0.661
-0.631 -0.172 -0.659
-0.628 -0.172 -0.657
-0.625 -0.173 -0.654
-0.622 -0.174 -0.652
-0.621 -0.177 -0.649
-0.618 -0.177 -0.647
-0.616 -0.178 -0.645
-0.614 -0.178 -0.644
-0.612 -0.179 -0.642
-0.610 -0.179 -0.641
-0.608 -0.180 -0.639
-0.607 -0.180 -0.638
-0.605 -0.180 -0.637
-0.604 -0.181 -0.636
-0.602 -0.181 -0.635
-0.601 -0.182 -0.634
-0.600 -0.183 -0.634
-0.599 -0.183 -0.633
-0.598 -0.184 -0.632
-0.597 -0.184 -0.632
-0.596 -0.184 -0.632
-0.595 -0.185 -0.632
-0.593 -0.183 -0.633
-0.593 -0.183 -0.633
-0.592 -0.183 -0.633
-0.592 -0.183 -0.633
-0.592 -0.183 -0.633
-0.592 -0.183 -0.633
-0.592 -0.183 -0.633
-0.592 -0.183 -0.633
-0.592 -0.183 -0.633
-0.592 -0.183 -0.633
-0.593 -0.183 -0.633
-0.593 -0.183 -0.633
-0.593 -0.184 -0.632
-0.593 -0.184 -0.632
-0.593 -0.184 -0.632
-0.593 -0.184 -0.632
-0.592 -0.184 -0.632
-0.592 -0.184 -0.632
-0.592 -0.184 -0.631
-0.592 -0.184 -0.631
-0.592 -0.185 -0.630
-0.591 -0.185 -0.630
-0.591 -0.185 -0.629
-0.590 -0.185 -0.629
-0.590 -0.185 -0.628
-0.589 -0.185 -0.628
-0.588 -0.185 -0.627
-0.588 -0.185 -0.626
-0.587 -0.185 -0.625
-0.586 -0.185 -0.624
-0.585 -0.185 -0.623
-0.584 -0.185 -0.622
-0.582 -0.185 -0.620
-0.581 -0.186 -0.619
-0.579 -0.186 -0.618
-0.578 -0.186 -0.617
-0.576 -0.186 -0.615
-0.575 -0.186 -0.614
-0.573 -0.186 -0.612
-0.571 -0.186 -0.611
-0.569 -0.186 -0.609
-0.567 -0.186 -0.608
-0.565 -0.186 -0.606
-0.563 -0.187 -0.605
-0.561 -0.187 -0.603
-0.559 -0.187 -0.601
-0.557 -0.187 -0.600
-0.555 -0.188 -0.598
-0.553 -0.188 -0.596
-0.551 -0.188 -0.594
-0.549 -0.188 -0.593
-0.547 -0.189 -0.591
-0.545 -0.189 -0.589
-0.543 -0.189 -0.587
-0.541 -0.190 -0.585
-0.539 -0.190 -0.583
-0.537 -0.190 -0.582
-0.535 -0.191 -0.580
-0.534 -0.191 -0.578
-0.532 -0.191 -0.576
-0.530 -0.192 -0.575
-0.528 -0.192 -0.573
-0.526 -0.192 -0.571
-0.525 -0.193 -0.570
-0.523 -0.193 -0.568
-0.522 -0.193 -0.566
-0.520 -0.194 -0.565
-0.519 -0.194 -0.563
-0.517 -0.194 -0.562
-0.516 -0.195 -0.560
-0.515 -0.195 -0.559
-0.514 -0.195 -0.557
-0.512 -0.195 -0.556
-0.511 -0.196 -0.555
-0.511 -0.196 -0.553
-0.509 -0.196 -0.552
-0.509 -0.196 -0.551
-0.508 -0.196 -0.550
-0.507 -0.197 -0.548
-0.507 -0.197 -0.547
-0.506 -0.197 -0.546
-0.505 -0.197 -0.545
-0.505 -0.197 -0.544
-0.504 -0.198 -0.543
-0.504 -0.198 -0.542
-0.503 -0.198 -0.541
-0.503 -0.198 -0.540
-0.502 -0.198 -0.538
-0.502 -0.198 -0.538
-0.501 -0.199 -0.536
-0.501 -0.199 -0.535
-0.500 -0.199 -0.534
-0.500 -0.199 -0.533
-0.499 -0.199 -0.532
-0.499 -0.199 -0.531
-0.499 -0.199 -0.530
-0.498 -0.199 -0.529
-0.498 -0.199 -0.528
-0.498 -0.199 -0.526
-0.497 -0.200 -0.525
-0.497 -0.200 -0.524
-0.496 -0.200 -0.523
-0.496 -0.200 -0.521
-0.495 -0.200 -0.520
-0.494 -0.200 -0.519
-0.494 -0.200 -0.518
-0.493 -0.200 -0.516
-0.492 -0.200 -0.515
-0.491 -0.200 -0.513
-0.490 -0.201 -0.512
-0.490 -0.200 -0.510
-0.489 -0.201 -0.509
