x y z
-1.087 2.541 -0.249
-1.087 2.542 -0.246
-1.087 2.542 -0.245
-1.087 2.542 -0.244
-1.087 2.542 -0.244
-1.088 2.543 -0.242
-1.088 2.543 -0.241
-1.088 2.544 -0.239
-1.088 2.544 -0.238
-1.088 2.545 -0.237
-1.088 2.545 -0.235
-1.088 2.546 -0.234
-1.088 2.546 -0.234
-1.088 2.546 -0.232
-1.089 2.547 -0.230
-1.089 2.547 -0.229
-1.089 2.547 -0.228
-1.089 2.548 -0.226
-1.089 2.548 -0.226
-1.090 2.549 -0.224
-1.090 2.549 -0.223
-1.090 2.549 -0.222
-1.090 2.550 -0.221
-1.090 2.550 -0.220
-1.090 2.550 -0.219
-1.090 2.551 -0.218
-1.090 2.551 -0.217
-1.090 2.552 -0.216
-1.090 2.552 -0.215
-1.090 2.553 -0.212
-1.090 2.553 -0.212
-1.090 2.553 -0.210
-1.089 2.553 -0.210
-1.090 2.554 -0.208
-1.089 2.554 -0.207
-1.089 2.555 -0.206
-1.089 2.555 -0.205
-1.089 2.556 -0.204
-1.089 2.556 -0.203
-1.089 2.557 -0.201
-1.089 2.557 -0.200
-1.088 2.557 -0.199
-1.088 2.558 -0.198
-1.088 2.558 -0.197
-1.088 2.559 -0.196
-1.087 2.559 -0.195
-1.087 2.559 -0.194
-1.087 2.560 -0.193
-1.087 2.560 -0.192
-1.086 2.561 -0.191
-1.086 2.561 -0.190
-1.086 2.562 -0.189
-1.086 2.562 -0.188
-1.086 2.563 -0.187
-1.086 2.563 -0.186
-1.086 2.564 -0.185
-1.086 2.564 -0.184
-1.086 2.565 -0.184
-1.086 2.565 -0.183
-1.086 2.566 -0.182
-1.086 2.566 -0.181
-1.087 2.567 -0.181
-1.087 2.568 -0.180
-1.087 2.568 -0.179
-1.088 2.568 -0.178
-1.088 2.569 -0.178
-1.088 2.569 -0.177
-1.088 2.569 -0.177
-1.088 2.569 -0.176
-1.087 2.567 -0.175
-1.085 2.563 -0.175
-1.083 2.558 -0.175
-1.079 2.551 -0.176
-1.075 2.543 -0.177
-1.071 2.534 -0.178
-1.067 2.525 -0.179
-1.062 2.515 -0.181
-1.057 2.504 -0.183
-1.053 2.493 -0.185
-1.048 2.481 -0.187
-1.043 2.469 -0.190
-1.037 2.457 -0.192
-1.032 2.444 -0.194
-1.026 2.430 -0.197
-1.021 2.417 -0.199
-1.015 2.403 -0.202
-1.009 2.389 -0.204
-1.003 2.375 -0.207
-0.997 2.360 -0.210
-0.990 2.346 -0.213
-0.984 2.331 -0.216
-0.977 2.316 -0.219
-0.970 2.300 -0.222
-0.963 2.285 -0.226
-0.956 2.269 -0.229
-0.949 2.253 -0.233
-0.943 2.238 -0.236
-0.936 2.221 -0.239
-0.928 2.205 -0.243
-0.921 2.189 -0.247
-0.914 2.172 -0.251
-0.907 2.155 -0.255
-0.900 2.138 -0.259
-0.893 2.122 -0.263
-0.886 2.105 -0.267
-0.878 2.088 -0.272
-0.871 2.070 -0.276
-0.863 2.053 -0.281
-0.855 2.035 -0.286
-0.847 2.018 -0.290
-0.840 2.000 -0.295
-0.831 1.983 -0.301
-0.823 1.965 -0.306
-0.816 1.947 -0.312
-0.808 1.929 -0.317
-0.800 1.911 -0.323
-0.792 1.893 -0.329
-0.784 1.875 -0.335
-0.776 1.857 -0.341
-0.769 1.839 -0.347
-0.761 1.820 -0.353
-0.753 1.802 -0.360
-0.745 1.784 -0.366
-0.737 1.765 -0.373
-0.729 1.747 -0.379
-0.721 1.728 -0.386
-0.713 1.709 -0.393
-0.704 1.691 -0.400
-0.696 1.672 -0.407
-0.687 1.653 -0.414
-0.679 1.634 -0.421
-0.671 1.615 -0.428
-0.662 1.596 -0.435
-0.654 1.576 -0.442
-0.646 1.557 -0.449
-0.637 1.538 -0.456
-0.628 1.518 -0.464
-0.620 1.499 -0.471
-0.611 1.479 -0.478
-0.603 1.459 -0.485
-0.595 1.440 -0.492
-0.587 1.420 -0.499
-0.578 1.400 -0.506
-0.569 1.380 -0.513
-0.560 1.361 -0.520
-0.553 1.344 -0.527
-0.546 1.328 -0.532
-0.541 1.315 -0.537
-0.538 1.305 -0.541
-0.536 1.301 -0.544
-0.537 1.301 -0.548
-0.539 1.305 -0.551
-0.542 1.310 -0.555
-0.546 1.317 -0.558
-0.551 1.325 -0.560
-0.554 1.331 -0.563
-0.557 1.335 -0.564
-0.561 1.339 -0.566
-0.565 1.344 -0.566
-0.569 1.348 -0.567
-0.572 1.352 -0.567
-0.575 1.357 -0.568
-0.578 1.360 -0.568
-0.581 1.363 -0.568
-0.583 1.365 -0.568
-0.585 1.367 -0.568
-0.587 1.368 -0.568
-0.588 1.369 -0.567
-0.590 1.369 -0.567
-0.591 1.369 -0.567
-0.592 1.369 -0.566
-0.593 1.368 -0.565
-0.593 1.367 -0.565
-0.594 1.366 -0.564
-0.594 1.364 -0.564
-0.595 1.362 -0.563
-0.595 1.360 -0.562
-0.595 1.358 -0.561
-0.595 1.355 -0.559
-0.595 1.352 -0.558
-0.595 1.349 -0.557
-0.595 1.345 -0.555
-0.595 1.342 -0.554
-0.595 1.338 -0.553
-0.594 1.335 -0.551
-0.594 1.331 -0.549
-0.594 1.326 -0.548
-0.593 1.322 -0.546
-0.593 1.318 -0.544
-0.592 1.314 -0.542
-0.592 1.310 -0.540
-0.591 1.306 -0.538
-0.591 1.303 -0.536
-0.590 1.299 -0.533
-0.589 1.295 -0.531
-0.588 1.292 -0.529
-0.587 1.288 -0.527
-0.587 1.285 -0.524
-0.586 1.282 -0.522
-0.585 1.279 -0.520
-0.585 1.276 -0.518
-0.584 1.273 -0.516
-0.583 1.270 -0.514
-0.583 1.268 -0.513
-0.582 1.265 -0.511
-0.582 1.263 -0.510
-0.581 1.261 -0.508
-0.581 1.259 -0.507
-0.580 1.257 -0.506
-0.580 1.255 -0.505
-0.580 1.253 -0.504
-0.580 1.252 -0.503
-0.580 1.251 -0.502
-0.580 1.249 -0.501
-0.579 1.248 -0.501
-0.579 1.248 -0.500
-0.579 1.247 -0.500
-0.579 1.246 -0.499
-0.579 1.246 -0.499
-0.579 1.245 -0.499
-0.579 1.244 -0.498
-0.579 1.244 -0.498
-0.579 1.244 -0.498
-0.579 1.244 -0.498
-0.580 1.244 -0.498
-0.580 1.244 -0.498
-0.580 1.244 -0.498
-0.581 1.244 -0.498
-0.581 1.245 -0.498
-0.581 1.245 -0.498
-0.581 1.245 -0.498
-0.581 1.245 -0.498
-0.581 1.246 -0.498
-0.582 1.246 -0.498
-0.582 1.246 -0.498
-0.582 1.247 -0.498
-0.582 1.247 -0.498
-0.582 1.247 -0.498
-0.582 1.247 -0.497
-0.581 1.248 -0.497
-0.582 1.248 -0.496
-0.581 1.248 -0.496
-0.581 1.248 -0.496
-0.581 1.248 -0.495
-0.580 1.248 -0.495
-0.580 1.248 -0.494
-0.580 1.247 -0.493
-0.580 1.247 -0.493
-0.579 1.247 -0.492
-0.579 1.246 -0.491
-0.579 1.245 -0.490
-0.578 1.244 -0.489
-0.578 1.243 -0.488
-0.578 1.242 -0.487
-0.578 1.241 -0.486
-0.577 1.240 -0.485
-0.577 1.239 -0.484
-0.577 1.237 -0.483
-0.576 1.236 -0.482
-0.576 1.234 -0.480
-0.576 1.232 -0.479
-0.575 1.231 -0.478
-0.575 1.229 -0.476
-0.574 1.227 -0.475
-0.574 1.225 -0.474
-0.574 1.223 -0.472
-0.573 1.222 -0.471
-0.573 1.220 -0.469
-0.572 1.218 -0.468
-0.572 1.216 -0.466
-0.572 1.214 -0.465
-0.571 1.212 -0.463
-0.571 1.211 -0.461
-0.570 1.209 -0.460
-0.570 1.207 -0.458
-0.569 1.205 -0.456
-0.569 1.203 -0.455
-0.569 1.201 -0.453
-0.569 1.199 -0.452
-0.568 1.197 -0.450
-0.568 1.196 -0.448
-0.568 1.194 -0.447
-0.568 1.192 -0.445
-0.568 1.190 -0.444
-0.568 1.189 -0.442
-0.568 1.187 -0.441
-0.568 1.185 -0.439
-0.568 1.184 -0.438
-0.568 1.182 -0.436
-0.568 1.181 -0.435
-0.568 1.180 -0.434
-0.568 1.179 -0.432
-0.568 1.178 -0.431
-0.568 1.177 -0.430
-0.567 1.176 -0.428
-0.567 1.175 -0.427
-0.567 1.174 -0.426
-0.566 1.173 -0.425
-0.566 1.173 -0.424
-0.566 1.172 -0.423
-0.566 1.172 -0.421
-0.566 1.171 -0.420
-0.566 1.170 -0.419
-0.565 1.170 -0.418
-0.565 1.169 -0.417
-0.565 1.169 -0.416
-0.565 1.168 -0.415
-0.565 1.168 -0.414
-0.565 1.168 -0.413
-0.565 1.167 -0.412
-0.564 1.166 -0.411
-0.564 1.166 -0.410
-0.564 1.166 -0.409
-0.564 1.166 -0.408
-0.564 1.166 -0.407
-0.563 1.166 -0.406
-0.563 1.165 -0.405
-0.563 1.165 -0.404
-0.562 1.165 -0.403
-0.562 1.165 -0.401
-0.562 1.165 -0.400
-0.562 1.164 -0.399
-0.562 1.164 -0.398
-0.561 1.164 -0.397
-0.561 1.163 -0.396
-0.561 1.163 -0.395
-0.561 1.163 -0.393
-0.561 1.162 -0.392
-0.561 1.162 -0.391
-0.560 1.161 -0.389
-0.560 1.161 -0.388
-0.560 1.160 -0.387
-0.559 1.160 -0.385
-0.559 1.159 -0.384
-0.559 1.158 -0.382
-0.559 1.157 -0.381
-0.558 1.156 -0.379
-0.558 1.155 -0.378
-0.558 1.155 -0.376
-0.558 1.154 -0.374
-0.557 1.152 -0.373
-0.557 1.152 -0.371
-0.557 1.150 -0.369
-0.557 1.149 -0.368
-0.556 1.148 -0.366
-0.556 1.147 -0.364
-0.555 1.146 -0.362
-0.555 1.145 -0.361
-0.555 1.144 -0.359
-0.554 1.143 -0.357
-0.553 1.142 -0.355
-0.553 1.141 -0.353
-0.553 1.140 -0.351
-0.552 1.139 -0.349
-0.552 1.137 -0.348
-0.552 1.137 -0.346
-0.552 1.135 -0.344
-0.552 1.134 -0.342
-0.552 1.132 -0.340
-0.551 1.131 -0.338
-0.551 1.130 -0.337
-0.551 1.128 -0.335
-0.552 1.127 -0.333
-0.551 1.126 -0.331
-0.551 1.124 -0.329
-0.551 1.123 -0.328
-0.551 1.122 -0.326
-0.551 1.121 -0.324
-0.551 1.120 -0.322
-0.551 1.119 -0.320
-0.550 1.119 -0.319
-0.550 1.118 -0.317
-0.550 1.117 -0.315
-0.549 1.116 -0.313
-0.549 1.116 -0.311
-0.549 1.115 -0.310
-0.548 1.115 -0.308
-0.548 1.114 -0.306
-0.548 1.113 -0.305
-0.548 1.113 -0.303
-0.548 1.112 -0.301
-0.548 1.111 -0.300
-0.548 1.111 -0.298
-0.548 1.110 -0.296
-0.548 1.110 -0.295
-0.548 1.109 -0.293
-0.548 1.109 -0.291
-0.548 1.108 -0.290
-0.548 1.107 -0.288
-0.548 1.107 -0.287
-0.548 1.106 -0.285
-0.548 1.106 -0.283
-0.548 1.105 -0.282
-0.548 1.105 -0.280
-0.548 1.105 -0.279
-0.548 1.104 -0.277
-0.548 1.104 -0.275
-0.548 1.104 -0.274
-0.548 1.103 -0.272
-0.547 1.103 -0.270
-0.547 1.103 -0.269
-0.547 1.103 -0.267
-0.547 1.102 -0.265
-0.546 1.102 -0.263
-0.546 1.102 -0.261
-0.546 1.101 -0.260
-0.546 1.101 -0.258
-0.546 1.100 -0.256
-0.546 1.099 -0.254
-0.546 1.099 -0.253
-0.546 1.098 -0.251
-0.546 1.097 -0.249
-0.546 1.097 -0.247
-0.546 1.096 -0.245
-0.546 1.095 -0.243
-0.545 1.095 -0.241
-0.545 1.094 -0.239
-0.545 1.093 -0.237
-0.544 1.092 -0.235
-0.544 1.092 -0.233
-0.543 1.091 -0.231
-0.543 1.090 -0.229
-0.542 1.089 -0.227
-0.542 1.088 -0.225
-0.541 1.087 -0.223
-0.540 1.087 -0.221
-0.540 1.086 -0.219
-0.540 1.085 -0.217
-0.539 1.084 -0.215
-0.539 1.083 -0.213
-0.538 1.082 -0.211
-0.538 1.081 -0.209
-0.537 1.080 -0.207
-0.537 1.079 -0.205
-0.537 1.078 -0.203
-0.536 1.077 -0.201
-0.536 1.077 -0.199
-0.536 1.075 -0.197
-0.535 1.075 -0.195
-0.535 1.074 -0.193
-0.535 1.073 -0.191
-0.534 1.072 -0.189
-0.534 1.071 -0.187
-0.533 1.071 -0.185
-0.533 1.070 -0.183
-0.533 1.069 -0.181
-0.533 1.068 -0.179
-0.533 1.067 -0.177
-0.532 1.066 -0.175
-0.532 1.065 -0.173
-0.532 1.065 -0.171
-0.532 1.064 -0.168
-0.532 1.063 -0.167
-0.531 1.062 -0.165
-0.531 1.062 -0.163
-0.531 1.061 -0.160
-0.531 1.060 -0.159
-0.531 1.060 -0.157
-0.531 1.059 -0.154
-0.530 1.059 -0.152
-0.530 1.058 -0.151
-0.530 1.058 -0.149
-0.529 1.057 -0.146
-0.529 1.057 -0.144
-0.529 1.056 -0.142
-0.528 1.056 -0.141
-0.528 1.055 -0.139
-0.528 1.055 -0.137
-0.528 1.054 -0.135
-0.528 1.054 -0.133
-0.528 1.053 -0.131
-0.528 1.052 -0.129
-0.528 1.051 -0.126
-0.528 1.051 -0.125
-0.528 1.050 -0.123
-0.528 1.050 -0.121
-0.528 1.049 -0.119
-0.528 1.049 -0.117
-0.527 1.048 -0.115
-0.527 1.048 -0.113
-0.527 1.047 -0.111
-0.527 1.047 -0.109
-0.527 1.046 -0.107
-0.526 1.046 -0.105
-0.526 1.046 -0.102
-0.525 1.045 -0.100
-0.525 1.045 -0.098
-0.525 1.044 -0.096
-0.525 1.043 -0.094
-0.524 1.043 -0.091
-0.524 1.042 -0.089
-0.524 1.042 -0.087
-0.524 1.041 -0.085
-0.524 1.040 -0.083
-0.524 1.040 -0.081
-0.524 1.039 -0.079
-0.524 1.038 -0.077
-0.524 1.038 -0.075
-0.523 1.037 -0.073
-0.523 1.037 -0.070
-0.523 1.036 -0.068
-0.523 1.035 -0.066
-0.523 1.035 -0.064
-0.522 1.034 -0.062
-0.522 1.034 -0.060
-0.522 1.033 -0.057
-0.522 1.032 -0.054
-0.521 1.031 -0.052
-0.521 1.031 -0.050
-0.521 1.030 -0.048
-0.521 1.030 -0.046
-0.520 1.029 -0.044
-0.520 1.028 -0.041
-0.520 1.028 -0.039
-0.520 1.027 -0.037
-0.520 1.027 -0.034
-0.520 1.026 -0.032
-0.519 1.025 -0.030
-0.519 1.025 -0.028
-0.519 1.024 -0.025
-0.519 1.023 -0.023
-0.519 1.023 -0.021
-0.519 1.022 -0.019
-0.518 1.022 -0.016
-0.518 1.021 -0.014
-0.518 1.020 -0.011
-0.518 1.020 -0.009
-0.517 1.019 -0.007
-0.517 1.019 -0.004
-0.517 1.019 -0.002
-0.517 1.018 0.000
-0.516 1.017 0.003
-0.516 1.017 0.005
-0.516 1.016 0.007
-0.516 1.015 0.010
-0.516 1.015 0.012
