x y z
-0.965 1.497 -0.404
-0.965 1.497 -0.402
-0.966 1.497 -0.401
-0.966 1.498 -0.400
-0.966 1.498 -0.398
-0.967 1.498 -0.397
-0.967 1.498 -0.396
-0.967 1.499 -0.395
-0.967 1.499 -0.393
-0.967 1.499 -0.391
-0.967 1.499 -0.390
-0.968 1.500 -0.389
-0.968 1.500 -0.387
-0.968 1.500 -0.386
-0.969 1.500 -0.385
-0.969 1.500 -0.383
-0.969 1.500 -0.382
-0.970 1.500 -0.381
-0.970 1.500 -0.379
-0.970 1.500 -0.378
-0.971 1.500 -0.376
-0.971 1.500 -0.375
-0.971 1.500 -0.374
-0.971 1.500 -0.372
-0.972 1.500 -0.371
-0.972 1.500 -0.370
-0.972 1.500 -0.368
-0.972 1.500 -0.367
-0.973 1.501 -0.365
-0.973 1.501 -0.364
-0.973 1.501 -0.363
-0.973 1.501 -0.361
-0.973 1.501 -0.360
-0.974 1.501 -0.359
-0.974 1.501 -0.358
-0.975 1.501 -0.356
-0.975 1.501 -0.355
-0.975 1.501 -0.354
-0.975 1.501 -0.353
-0.975 1.501 -0.351
-0.976 1.501 -0.349
-0.976 1.501 -0.348
-0.977 1.501 -0.347
-0.976 1.501 -0.345
-0.976 1.501 -0.344
-0.976 1.501 -0.343
-0.976 1.501 -0.342
-0.976 1.501 -0.340
-0.976 1.501 -0.339
-0.976 1.501 -0.338
-0.976 1.501 -0.336
-0.976 1.501 -0.335
-0.976 1.501 -0.334
-0.977 1.501 -0.332
-0.977 1.501 -0.331
-0.977 1.501 -0.330
-0.977 1.501 -0.329
-0.977 1.501 -0.328
-0.977 1.501 -0.326
-0.977 1.501 -0.325
-0.977 1.501 -0.324
-0.977 1.501 -0.323
-0.977 1.502 -0.322
-0.977 1.502 -0.321
-0.978 1.502 -0.320
-0.978 1.502 -0.319
-0.978 1.503 -0.317
-0.977 1.503 -0.316
-0.976 1.504 -0.315
-0.974 1.506 -0.314
-0.971 1.508 -0.312
-0.966 1.511 -0.312
-0.961 1.515 -0.311
-0.956 1.519 -0.311
-0.949 1.524 -0.310
-0.943 1.529 -0.310
-0.936 1.535 -0.310
-0.928 1.541 -0.310
-0.920 1.548 -0.311
-0.912 1.554 -0.310
-0.904 1.560 -0.310
-0.897 1.567 -0.307
-0.888 1.574 -0.307
-0.879 1.581 -0.306
-0.869 1.587 -0.305
-0.859 1.594 -0.304
-0.849 1.601 -0.303
-0.837 1.607 -0.303
-0.828 1.615 -0.301
-0.817 1.622 -0.299
-0.806 1.630 -0.298
-0.795 1.637 -0.297
-0.784 1.645 -0.296
-0.772 1.652 -0.295
-0.761 1.659 -0.295
-0.749 1.667 -0.294
-0.737 1.674 -0.293
-0.726 1.682 -0.292
-0.713 1.690 -0.292
-0.702 1.698 -0.291
-0.690 1.705 -0.291
-0.679 1.713 -0.290
-0.667 1.721 -0.290
-0.655 1.729 -0.289
-0.643 1.737 -0.289
-0.631 1.745 -0.289
-0.620 1.753 -0.289
-0.608 1.761 -0.288
-0.595 1.769 -0.288
-0.583 1.777 -0.288
-0.570 1.785 -0.288
-0.559 1.793 -0.288
-0.547 1.802 -0.288
-0.534 1.810 -0.289
-0.521 1.819 -0.289
-0.508 1.827 -0.289
-0.495 1.836 -0.290
-0.482 1.844 -0.291
-0.470 1.853 -0.291
-0.456 1.862 -0.292
-0.443 1.871 -0.293
-0.430 1.880 -0.293
-0.417 1.889 -0.294
-0.403 1.898 -0.295
-0.390 1.907 -0.296
-0.376 1.916 -0.297
-0.363 1.925 -0.298
-0.349 1.934 -0.299
-0.336 1.944 -0.300
-0.322 1.953 -0.301
-0.308 1.962 -0.303
-0.294 1.971 -0.304
-0.280 1.980 -0.305
-0.266 1.989 -0.307
-0.252 1.999 -0.308
-0.238 2.008 -0.310
-0.224 2.017 -0.312
-0.211 2.027 -0.313
-0.197 2.036 -0.315
-0.183 2.046 -0.316
-0.169 2.055 -0.318
-0.155 2.063 -0.319
-0.141 2.072 -0.321
-0.127 2.082 -0.323
-0.114 2.091 -0.325
-0.102 2.099 -0.326
-0.091 2.107 -0.327
-0.081 2.112 -0.328
-0.072 2.117 -0.328
-0.067 2.119 -0.329
-0.064 2.118 -0.329
-0.064 2.117 -0.331
-0.067 2.114 -0.332
-0.071 2.110 -0.333
-0.073 2.106 -0.335
-0.076 2.103 -0.337
-0.077 2.100 -0.338
-0.077 2.097 -0.339
-0.077 2.095 -0.340
-0.077 2.091 -0.340
-0.077 2.088 -0.341
-0.076 2.085 -0.341
-0.075 2.082 -0.341
-0.073 2.080 -0.341
-0.071 2.079 -0.342
-0.069 2.077 -0.342
-0.066 2.076 -0.342
-0.063 2.074 -0.342
-0.060 2.073 -0.342
-0.057 2.073 -0.342
-0.053 2.072 -0.342
-0.050 2.072 -0.342
-0.046 2.071 -0.341
-0.043 2.071 -0.342
-0.039 2.071 -0.342
-0.035 2.071 -0.343
-0.032 2.071 -0.343
-0.028 2.071 -0.343
-0.025 2.071 -0.343
-0.021 2.071 -0.342
-0.018 2.072 -0.342
-0.014 2.072 -0.342
-0.011 2.072 -0.342
-0.007 2.073 -0.342
-0.004 2.073 -0.342
-0.001 2.074 -0.342
0.002 2.074 -0.342
0.006 2.075 -0.342
0.009 2.076 -0.342
0.012 2.077 -0.341
0.016 2.078 -0.341
0.019 2.079 -0.341
0.022 2.080 -0.341
0.025 2.081 -0.341
0.028 2.083 -0.340
0.031 2.084 -0.340
0.034 2.085 -0.339
0.037 2.086 -0.339
0.040 2.087 -0.338
0.042 2.088 -0.338
0.045 2.090 -0.338
0.047 2.091 -0.337
0.049 2.092 -0.337
0.051 2.093 -0.337
0.053 2.094 -0.336
0.055 2.095 -0.336
0.057 2.096 -0.335
0.059 2.097 -0.335
0.061 2.099 -0.334
0.063 2.100 -0.334
0.065 2.101 -0.334
0.066 2.102 -0.333
0.068 2.104 -0.333
0.069 2.105 -0.332
0.070 2.106 -0.332
0.072 2.107 -0.331
0.072 2.108 -0.331
0.073 2.110 -0.330
0.074 2.111 -0.330
0.075 2.112 -0.329
0.076 2.112 -0.329
0.077 2.113 -0.328
0.077 2.114 -0.327
0.078 2.115 -0.327
0.079 2.116 -0.326
0.080 2.117 -0.325
0.080 2.118 -0.325
0.081 2.119 -0.324
0.082 2.119 -0.323
0.082 2.120 -0.323
0.083 2.121 -0.322
0.084 2.122 -0.321
0.085 2.123 -0.320
0.085 2.124 -0.319
0.087 2.124 -0.318
0.088 2.124 -0.317
0.088 2.125 -0.316
0.089 2.126 -0.315
0.090 2.127 -0.314
0.091 2.128 -0.313
0.091 2.129 -0.312
0.092 2.129 -0.311
0.093 2.130 -0.310
0.094 2.130 -0.309
0.094 2.131 -0.307
0.095 2.131 -0.306
0.096 2.132 -0.305
0.097 2.133 -0.304
0.098 2.133 -0.303
0.099 2.134 -0.301
0.100 2.134 -0.300
0.101 2.135 -0.299
0.102 2.136 -0.298
0.103 2.136 -0.296
0.105 2.137 -0.295
0.106 2.138 -0.294
0.107 2.139 -0.292
0.108 2.140 -0.291
0.109 2.141 -0.290
0.111 2.142 -0.288
0.112 2.143 -0.287
0.114 2.143 -0.285
0.115 2.144 -0.284
0.116 2.145 -0.283
0.117 2.146 -0.281
0.118 2.146 -0.280
0.120 2.147 -0.278
0.121 2.148 -0.277
0.123 2.148 -0.275
0.124 2.149 -0.274
0.125 2.150 -0.272
0.127 2.150 -0.271
0.128 2.151 -0.270
0.129 2.152 -0.268
0.130 2.153 -0.267
0.131 2.154 -0.265
0.133 2.155 -0.264
0.134 2.156 -0.263
0.136 2.157 -0.261
0.137 2.158 -0.260
0.138 2.159 -0.259
0.139 2.160 -0.257
0.140 2.161 -0.256
0.141 2.162 -0.255
0.141 2.163 -0.253
0.143 2.164 -0.252
0.143 2.165 -0.250
0.144 2.166 -0.249
0.145 2.166 -0.247
0.146 2.167 -0.246
0.147 2.168 -0.245
0.147 2.169 -0.244
0.147 2.170 -0.242
0.148 2.170 -0.240
0.149 2.171 -0.240
0.150 2.172 -0.238
0.150 2.173 -0.237
0.151 2.174 -0.235
0.152 2.175 -0.234
0.152 2.175 -0.233
0.153 2.176 -0.232
0.154 2.177 -0.230
0.155 2.178 -0.229
0.155 2.179 -0.228
0.156 2.179 -0.226
0.156 2.180 -0.225
0.157 2.181 -0.223
0.158 2.182 -0.222
0.158 2.183 -0.221
0.158 2.184 -0.219
0.158 2.185 -0.217
0.159 2.186 -0.216
0.159 2.186 -0.215
0.159 2.188 -0.213
0.159 2.188 -0.212
0.160 2.189 -0.210
0.161 2.189 -0.209
0.161 2.190 -0.207
0.161 2.191 -0.206
0.162 2.191 -0.204
0.162 2.192 -0.203
0.162 2.192 -0.201
0.163 2.193 -0.199
0.163 2.193 -0.198
0.164 2.194 -0.196
0.164 2.194 -0.195
0.165 2.195 -0.193
0.165 2.196 -0.191
0.163 2.197 -0.190
0.164 2.197 -0.188
0.164 2.198 -0.186
0.165 2.198 -0.185
0.165 2.199 -0.183
0.166 2.199 -0.182
0.166 2.199 -0.180
0.166 2.200 -0.178
0.167 2.200 -0.176
0.167 2.201 -0.175
0.168 2.201 -0.173
0.168 2.201 -0.171
0.169 2.202 -0.170
0.169 2.202 -0.167
0.170 2.203 -0.166
0.170 2.203 -0.164
0.171 2.203 -0.163
0.171 2.204 -0.160
0.172 2.204 -0.159
0.172 2.205 -0.157
0.173 2.205 -0.155
0.173 2.206 -0.154
0.173 2.206 -0.152
0.174 2.207 -0.150
0.174 2.207 -0.148
0.175 2.208 -0.147
0.175 2.208 -0.145
0.176 2.209 -0.143
0.177 2.209 -0.142
0.176 2.210 -0.140
0.177 2.210 -0.138
0.177 2.211 -0.136
0.178 2.211 -0.135
0.178 2.212 -0.133
0.180 2.211 -0.131
0.181 2.212 -0.129
0.181 2.212 -0.128
0.182 2.213 -0.126
0.182 2.213 -0.124
0.182 2.214 -0.122
0.183 2.214 -0.121
0.183 2.215 -0.119
0.184 2.216 -0.117
0.184 2.216 -0.116
0.184 2.217 -0.114
0.185 2.217 -0.112
0.185 2.218 -0.110
0.185 2.218 -0.109
0.186 2.219 -0.107
0.186 2.220 -0.105
0.186 2.220 -0.104
0.187 2.221 -0.102
0.187 2.221 -0.100
0.187 2.222 -0.098
0.187 2.222 -0.097
0.188 2.223 -0.095
0.188 2.223 -0.093
0.188 2.224 -0.091
0.188 2.224 -0.090
0.189 2.225 -0.088
0.189 2.225 -0.086
0.189 2.226 -0.084
0.189 2.226 -0.083
0.189 2.227 -0.081
0.190 2.227 -0.079
0.190 2.228 -0.077
0.190 2.228 -0.075
0.190 2.229 -0.073
0.191 2.229 -0.072
0.191 2.229 -0.070
0.191 2.230 -0.068
0.191 2.230 -0.066
0.191 2.230 -0.064
0.191 2.231 -0.062
0.192 2.231 -0.060
0.192 2.231 -0.058
0.192 2.231 -0.056
0.192 2.232 -0.054
0.192 2.232 -0.052
0.192 2.232 -0.050
0.192 2.232 -0.048
0.192 2.232 -0.046
0.193 2.233 -0.045
0.193 2.233 -0.043
0.193 2.233 -0.041
0.193 2.234 -0.039
0.193 2.234 -0.037
0.194 2.234 -0.035
0.194 2.235 -0.033
0.194 2.235 -0.031
0.195 2.236 -0.029
0.195 2.236 -0.027
0.195 2.236 -0.025
0.195 2.236 -0.023
0.196 2.237 -0.021
0.196 2.237 -0.019
0.196 2.237 -0.017
0.196 2.237 -0.015
0.196 2.237 -0.013
0.196 2.237 -0.011
0.196 2.237 -0.009
0.196 2.237 -0.007
0.196 2.237 -0.005
0.196 2.237 -0.003
0.196 2.237 -0.001
0.196 2.238 0.001
0.196 2.238 0.003
0.196 2.238 0.006
0.196 2.239 0.007
0.197 2.239 0.010
0.197 2.239 0.012
0.197 2.239 0.014
0.197 2.240 0.016
0.197 2.240 0.018
0.197 2.240 0.020
0.197 2.241 0.022
0.197 2.241 0.024
0.197 2.241 0.026
0.197 2.241 0.028
0.197 2.241 0.030
0.197 2.241 0.032
0.197 2.241 0.034
0.197 2.242 0.036
0.197 2.242 0.038
0.197 2.242 0.040
0.197 2.242 0.042
0.197 2.243 0.044
0.198 2.243 0.046
0.197 2.243 0.048
0.197 2.243 0.050
0.197 2.244 0.052
0.198 2.244 0.054
0.198 2.244 0.057
0.198 2.244 0.059
0.199 2.244 0.059
0.199 2.244 0.061
0.199 2.244 0.063
0.199 2.244 0.065
0.200 2.244 0.066
0.200 2.244 0.068
0.200 2.244 0.070
0.200 2.244 0.072
0.200 2.245 0.075
0.200 2.245 0.077
0.201 2.245 0.079
0.201 2.245 0.081
0.201 2.246 0.083
0.201 2.246 0.085
0.201 2.246 0.087
0.201 2.247 0.089
0.201 2.247 0.091
0.202 2.247 0.093
0.201 2.247 0.095
0.202 2.248 0.097
0.202 2.248 0.099
0.202 2.248 0.101
0.202 2.248 0.103
0.202 2.248 0.105
0.202 2.248 0.107
0.202 2.248 0.110
0.202 2.248 0.111
0.202 2.248 0.114
0.202 2.248 0.116
0.202 2.248 0.118
0.202 2.248 0.120
0.201 2.248 0.122
0.201 2.249 0.124
0.201 2.249 0.126
0.201 2.249 0.128
0.202 2.249 0.130
0.202 2.249 0.133
0.202 2.249 0.135
0.202 2.249 0.137
0.202 2.250 0.139
0.202 2.250 0.141
0.202 2.250 0.143
0.202 2.250 0.146
0.202 2.250 0.148
0.202 2.250 0.150
0.203 2.251 0.152
0.203 2.251 0.154
0.203 2.251 0.157
0.203 2.251 0.159
0.203 2.251 0.161
0.203 2.250 0.163
0.203 2.250 0.165
0.203 2.250 0.167
0.203 2.250 0.170
0.203 2.250 0.172
0.203 2.250 0.174
0.203 2.250 0.176
0.203 2.250 0.178
0.203 2.250 0.180
0.203 2.250 0.183
0.203 2.250 0.185
0.203 2.250 0.187
0.203 2.250 0.189
0.203 2.250 0.191
0.203 2.250 0.194
0.203 2.250 0.196
0.203 2.250 0.198
0.203 2.249 0.200
0.202 2.249 0.202
0.202 2.249 0.204
0.202 2.249 0.207
0.202 2.249 0.209
0.202 2.248 0.211
0.202 2.248 0.213
0.201 2.248 0.216
0.201 2.247 0.218
0.201 2.247 0.220
0.201 2.247 0.222
0.201 2.247 0.224
0.201 2.247 0.227
0.201 2.247 0.229
0.201 2.246 0.231
0.201 2.246 0.233
0.201 2.246 0.235
0.201 2.246 0.238
0.201 2.246 0.240
0.202 2.246 0.242
0.202 2.246 0.244
0.202 2.245 0.246
0.202 2.245 0.249
0.202 2.245 0.251
0.202 2.245 0.253
0.202 2.244 0.255
0.202 2.244 0.257
0.202 2.244 0.260
0.202 2.243 0.262
0.202 2.243 0.264
0.202 2.243 0.266
0.202 2.243 0.268
0.201 2.242 0.271
0.201 2.242 0.273
0.201 2.242 0.275
0.201 2.242 0.277
0.202 2.241 0.280
0.202 2.241 0.282
0.202 2.241 0.284
0.202 2.241 0.287
0.202 2.241 0.289
0.202 2.241 0.291
0.202 2.240 0.293
0.202 2.240 0.296
0.202 2.240 0.298
0.202 2.240 0.300
0.202 2.240 0.302
0.202 2.240 0.305
0.202 2.240 0.307
0.202 2.240 0.309
0.202 2.240 0.312
0.202 2.240 0.314
0.202 2.239 0.316
0.201 2.239 0.318
0.201 2.239 0.321
0.201 2.239 0.323
0.201 2.238 0.325
0.201 2.238 0.328
0.201 2.238 0.330
0.201 2.238 0.332
0.201 2.238 0.335
0.201 2.237 0.337
0.201 2.237 0.339
0.201 2.237 0.341
0.201 2.236 0.344
0.201 2.236 0.346
0.201 2.236 0.349
0.201 2.236 0.351
0.201 2.235 0.353
0.201 2.235 0.355
0.200 2.234 0.358
0.200 2.234 0.360
0.200 2.234 0.362
0.200 2.233 0.365
0.200 2.233 0.367
0.200 2.233 0.369
0.200 2.233 0.372
0.200 2.233 0.374
0.200 2.232 0.376
0.200 2.232 0.379
0.200 2.232 0.381
0.200 2.232 0.383
0.200 2.232 0.386
0.200 2.232 0.388
0.200 2.231 0.391
0.200 2.231 0.393
0.200 2.230 0.395
0.200 2.230 0.398
0.200 2.230 0.400
0.200 2.229 0.402
0.199 2.229 0.405
0.200 2.228 0.407
0.199 2.228 0.410
0.199 2.228 0.412
0.199 2.227 0.414
0.199 2.227 0.417
0.199 2.226 0.419
0.199 2.226 0.421
0.199 2.225 0.424
0.199 2.225 0.426
0.198 2.224 0.428
0.198 2.223 0.431
0.198 2.223 0.433
0.198 2.222 0.436
0.198 2.221 0.438
0.197 2.221 0.440
0.197 2.220 0.443
0.197 2.219 0.445
0.197 2.219 0.448
0.196 2.218 0.450
0.196 2.218 0.452
0.196 2.217 0.455
