x y z
-0.868 1.865 -1.299
-0.868 1.865 -1.299
-0.868 1.865 -1.298
-0.868 1.866 -1.297
-0.868 1.866 -1.297
-0.867 1.866 -1.296
-0.868 1.866 -1.296
-0.868 1.867 -1.295
-0.868 1.867 -1.295
-0.868 1.867 -1.294
-0.868 1.867 -1.293
-0.869 1.868 -1.293
-0.869 1.868 -1.292
-0.870 1.868 -1.291
-0.870 1.868 -1.290
-0.871 1.868 -1.289
-0.872 1.868 -1.289
-0.872 1.868 -1.289
-0.873 1.869 -1.288
-0.874 1.869 -1.287
-0.874 1.869 -1.286
-0.875 1.869 -1.286
-0.876 1.870 -1.285
-0.876 1.870 -1.284
-0.877 1.871 -1.284
-0.878 1.871 -1.283
-0.878 1.871 -1.282
-0.879 1.872 -1.282
-0.879 1.873 -1.281
-0.880 1.873 -1.280
-0.880 1.874 -1.280
-0.881 1.875 -1.279
-0.881 1.876 -1.279
-0.881 1.876 -1.278
-0.882 1.877 -1.278
-0.883 1.878 -1.277
-0.883 1.879 -1.277
-0.884 1.879 -1.276
-0.884 1.880 -1.276
-0.885 1.881 -1.275
-0.885 1.881 -1.275
-0.886 1.882 -1.274
-0.887 1.883 -1.274
-0.888 1.883 -1.274
-0.889 1.884 -1.273
-0.890 1.885 -1.273
-0.890 1.886 -1.273
-0.891 1.886 -1.273
-0.892 1.887 -1.272
-0.893 1.887 -1.272
-0.893 1.888 -1.272
-0.894 1.889 -1.272
-0.895 1.890 -1.272
-0.895 1.891 -1.272
-0.896 1.892 -1.272
-0.897 1.892 -1.272
-0.897 1.893 -1.272
-0.898 1.894 -1.272
-0.898 1.895 -1.272
-0.898 1.896 -1.272
-0.899 1.897 -1.272
-0.899 1.898 -1.273
-0.899 1.898 -1.273
-0.899 1.899 -1.273
-0.900 1.900 -1.273
-0.900 1.901 -1.273
-0.901 1.901 -1.273
-0.902 1.902 -1.274
-0.903 1.902 -1.275
-0.906 1.901 -1.275
-0.910 1.900 -1.276
-0.914 1.898 -1.277
-0.917 1.895 -1.278
-0.919 1.891 -1.279
-0.919 1.887 -1.280
-0.918 1.881 -1.281
-0.916 1.875 -1.283
-0.914 1.868 -1.284
-0.910 1.861 -1.285
-0.907 1.853 -1.287
-0.902 1.846 -1.289
-0.897 1.837 -1.290
-0.891 1.828 -1.291
-0.885 1.819 -1.292
-0.877 1.810 -1.293
-0.870 1.800 -1.294
-0.862 1.790 -1.295
-0.854 1.779 -1.295
-0.845 1.769 -1.296
-0.837 1.758 -1.296
-0.828 1.746 -1.297
-0.819 1.734 -1.298
-0.810 1.721 -1.299
-0.801 1.709 -1.300
-0.792 1.695 -1.301
-0.783 1.682 -1.302
-0.775 1.667 -1.303
-0.766 1.653 -1.304
-0.757 1.638 -1.305
-0.749 1.623 -1.307
-0.740 1.608 -1.308
-0.731 1.593 -1.310
-0.722 1.577 -1.312
-0.714 1.561 -1.314
-0.705 1.545 -1.316
-0.696 1.529 -1.318
-0.687 1.513 -1.321
-0.678 1.496 -1.323
-0.669 1.480 -1.326
-0.660 1.463 -1.329
-0.650 1.446 -1.332
-0.641 1.430 -1.335
-0.631 1.413 -1.339
-0.621 1.397 -1.342
-0.611 1.380 -1.346
-0.601 1.364 -1.350
-0.590 1.347 -1.354
-0.580 1.331 -1.359
-0.569 1.315 -1.363
-0.558 1.299 -1.367
-0.547 1.283 -1.371
-0.536 1.266 -1.376
-0.525 1.251 -1.379
-0.514 1.234 -1.383
-0.503 1.219 -1.387
-0.492 1.202 -1.392
-0.481 1.186 -1.396
-0.470 1.170 -1.399
-0.460 1.153 -1.403
-0.449 1.137 -1.406
-0.439 1.120 -1.410
-0.429 1.103 -1.414
-0.418 1.087 -1.417
-0.408 1.071 -1.421
-0.398 1.054 -1.424
-0.387 1.038 -1.427
-0.377 1.022 -1.431
-0.367 1.005 -1.433
-0.356 0.989 -1.436
-0.346 0.972 -1.439
-0.336 0.956 -1.441
-0.326 0.940 -1.444
-0.314 0.924 -1.446
-0.305 0.908 -1.449
-0.295 0.892 -1.451
-0.285 0.876 -1.454
-0.273 0.860 -1.454
-0.263 0.844 -1.456
-0.252 0.828 -1.459
-0.245 0.813 -1.461
-0.237 0.799 -1.463
-0.230 0.787 -1.465
-0.222 0.777 -1.467
-0.222 0.770 -1.473
-0.222 0.767 -1.478
-0.224 0.767 -1.485
-0.226 0.767 -1.494
-0.229 0.769 -1.498
-0.233 0.772 -1.494
-0.235 0.777 -1.492
-0.238 0.778 -1.490
-0.240 0.779 -1.489
-0.241 0.779 -1.488
-0.243 0.780 -1.486
-0.245 0.781 -1.486
-0.247 0.782 -1.485
-0.249 0.782 -1.486
-0.250 0.783 -1.486
-0.252 0.782 -1.487
-0.252 0.782 -1.488
-0.253 0.781 -1.489
-0.253 0.780 -1.490
-0.254 0.779 -1.491
-0.255 0.777 -1.492
-0.257 0.776 -1.493
-0.257 0.774 -1.494
-0.258 0.772 -1.494
-0.260 0.770 -1.496
-0.260 0.768 -1.497
-0.261 0.766 -1.498
-0.261 0.764 -1.499
-0.262 0.762 -1.501
-0.262 0.760 -1.502
-0.262 0.759 -1.503
-0.262 0.757 -1.503
-0.262 0.756 -1.505
-0.262 0.754 -1.505
-0.260 0.753 -1.506
-0.259 0.752 -1.507
-0.259 0.751 -1.508
-0.258 0.749 -1.509
-0.258 0.748 -1.510
-0.257 0.747 -1.511
-0.257 0.745 -1.512
-0.254 0.745 -1.514
-0.253 0.743 -1.514
-0.253 0.742 -1.516
-0.251 0.742 -1.517
-0.251 0.740 -1.518
-0.249 0.739 -1.519
-0.249 0.739 -1.520
-0.247 0.738 -1.522
-0.246 0.737 -1.522
-0.245 0.736 -1.524
-0.243 0.735 -1.525
-0.242 0.735 -1.526
-0.241 0.733 -1.527
-0.240 0.733 -1.528
-0.238 0.732 -1.529
-0.240 0.731 -1.532
-0.239 0.730 -1.533
-0.237 0.729 -1.534
-0.236 0.728 -1.535
-0.236 0.728 -1.536
-0.233 0.727 -1.535
-0.232 0.726 -1.536
-0.231 0.725 -1.536
-0.231 0.725 -1.539
-0.227 0.724 -1.537
-0.223 0.724 -1.538
-0.222 0.723 -1.538
-0.221 0.722 -1.540
-0.220 0.722 -1.540
-0.219 0.721 -1.540
-0.219 0.720 -1.541
-0.218 0.720 -1.543
-0.216 0.720 -1.542
-0.215 0.719 -1.543
-0.214 0.719 -1.543
-0.213 0.718 -1.544
-0.213 0.717 -1.544
-0.212 0.717 -1.545
-0.211 0.717 -1.545
-0.210 0.716 -1.545
-0.210 0.715 -1.546
-0.209 0.715 -1.546
-0.210 0.714 -1.547
-0.209 0.714 -1.547
-0.208 0.713 -1.547
-0.208 0.712 -1.547
-0.208 0.712 -1.547
-0.208 0.711 -1.547
-0.207 0.711 -1.547
-0.207 0.710 -1.547
-0.207 0.709 -1.547
-0.207 0.708 -1.546
-0.207 0.708 -1.546
-0.207 0.707 -1.546
-0.207 0.706 -1.546
-0.207 0.705 -1.545
-0.206 0.704 -1.545
-0.206 0.703 -1.544
-0.206 0.703 -1.544
-0.206 0.702 -1.544
-0.206 0.702 -1.543
-0.205 0.701 -1.542
-0.205 0.701 -1.542
-0.205 0.700 -1.542
-0.205 0.699 -1.541
-0.205 0.699 -1.541
-0.204 0.698 -1.540
-0.204 0.697 -1.539
-0.204 0.696 -1.539
-0.204 0.696 -1.538
-0.204 0.695 -1.538
-0.203 0.694 -1.537
-0.203 0.694 -1.537
-0.203 0.693 -1.537
-0.203 0.692 -1.537
-0.203 0.691 -1.536
-0.203 0.690 -1.536
-0.203 0.690 -1.535
-0.203 0.689 -1.535
-0.202 0.688 -1.535
-0.202 0.688 -1.535
-0.202 0.687 -1.535
-0.201 0.687 -1.535
-0.201 0.686 -1.535
-0.200 0.686 -1.536
-0.200 0.685 -1.536
-0.199 0.685 -1.536
-0.198 0.685 -1.536
-0.198 0.684 -1.537
-0.198 0.684 -1.537
-0.197 0.683 -1.538
-0.197 0.682 -1.538
-0.196 0.682 -1.538
-0.196 0.681 -1.539
-0.196 0.680 -1.540
-0.195 0.680 -1.540
-0.195 0.679 -1.541
-0.195 0.678 -1.542
-0.195 0.678 -1.542
-0.195 0.677 -1.543
-0.195 0.677 -1.543
-0.194 0.677 -1.544
-0.194 0.676 -1.544
-0.194 0.677 -1.545
-0.193 0.676 -1.545
-0.193 0.676 -1.545
-0.192 0.677 -1.546
-0.192 0.676 -1.545
-0.192 0.676 -1.545
-0.191 0.677 -1.545
-0.191 0.677 -1.545
-0.190 0.676 -1.545
-0.190 0.676 -1.546
-0.190 0.676 -1.546
-0.189 0.676 -1.546
-0.189 0.676 -1.546
-0.188 0.676 -1.546
-0.188 0.676 -1.546
-0.187 0.676 -1.546
-0.187 0.676 -1.547
-0.186 0.676 -1.547
-0.186 0.676 -1.547
-0.185 0.676 -1.547
-0.184 0.676 -1.547
-0.184 0.677 -1.547
-0.184 0.676 -1.547
-0.183 0.677 -1.547
-0.183 0.677 -1.547
-0.183 0.676 -1.547
-0.183 0.677 -1.547
-0.183 0.677 -1.547
-0.183 0.677 -1.547
-0.183 0.676 -1.547
-0.183 0.676 -1.547
-0.183 0.676 -1.547
-0.183 0.675 -1.547
-0.184 0.675 -1.547
-0.184 0.675 -1.547
-0.184 0.675 -1.547
-0.184 0.675 -1.547
-0.184 0.675 -1.547
-0.184 0.675 -1.547
-0.184 0.675 -1.547
-0.184 0.675 -1.547
-0.183 0.675 -1.547
-0.183 0.675 -1.547
-0.183 0.675 -1.547
-0.183 0.675 -1.547
-0.183 0.675 -1.547
-0.182 0.676 -1.547
-0.182 0.676 -1.547
-0.182 0.676 -1.547
-0.182 0.676 -1.547
-0.182 0.676 -1.547
-0.182 0.676 -1.547
-0.182 0.676 -1.547
-0.182 0.676 -1.547
-0.182 0.676 -1.547
-0.182 0.676 -1.546
-0.182 0.676 -1.546
-0.182 0.676 -1.547
-0.182 0.676 -1.547
-0.183 0.675 -1.546
-0.183 0.676 -1.546
-0.183 0.676 -1.546
-0.183 0.676 -1.546
-0.183 0.676 -1.546
-0.183 0.676 -1.546
-0.183 0.676 -1.546
-0.183 0.676 -1.546
-0.183 0.676 -1.546
-0.183 0.676 -1.546
-0.182 0.676 -1.546
-0.183 0.677 -1.546
-0.183 0.677 -1.546
-0.183 0.677 -1.546
-0.183 0.677 -1.545
-0.183 0.677 -1.545
-0.183 0.677 -1.545
-0.183 0.677 -1.545
-0.183 0.677 -1.545
-0.184 0.676 -1.546
-0.184 0.677 -1.545
-0.184 0.677 -1.545
-0.184 0.677 -1.545
-0.184 0.677 -1.545
-0.184 0.677 -1.544
-0.184 0.677 -1.545
-0.183 0.677 -1.544
-0.184 0.677 -1.544
-0.183 0.678 -1.544
