x y z
-1.709 1.145 -0.426
-1.708 1.144 -0.426
-1.707 1.143 -0.425
-1.706 1.143 -0.424
-1.705 1.142 -0.423
-1.704 1.141 -0.423
-1.703 1.140 -0.422
-1.701 1.140 -0.421
-1.700 1.139 -0.420
-1.699 1.138 -0.420
-1.698 1.138 -0.419
-1.697 1.137 -0.418
-1.695 1.136 -0.418
-1.694 1.135 -0.417
-1.693 1.135 -0.417
-1.692 1.134 -0.416
-1.691 1.133 -0.415
-1.690 1.132 -0.415
-1.689 1.131 -0.414
-1.687 1.130 -0.414
-1.686 1.129 -0.413
-1.685 1.128 -0.413
-1.684 1.127 -0.412
-1.683 1.126 -0.412
-1.682 1.125 -0.411
-1.680 1.124 -0.411
-1.679 1.123 -0.410
-1.678 1.122 -0.409
-1.677 1.121 -0.409
-1.675 1.120 -0.408
-1.674 1.119 -0.408
-1.673 1.118 -0.407
-1.671 1.117 -0.407
-1.670 1.117 -0.406
-1.669 1.115 -0.406
-1.667 1.115 -0.405
-1.666 1.114 -0.405
-1.665 1.113 -0.404
-1.663 1.112 -0.403
-1.662 1.111 -0.403
-1.660 1.111 -0.402
-1.659 1.110 -0.402
-1.657 1.109 -0.401
-1.656 1.108 -0.401
-1.655 1.108 -0.400
-1.653 1.107 -0.400
-1.652 1.106 -0.399
-1.651 1.105 -0.399
-1.650 1.105 -0.398
-1.648 1.104 -0.398
-1.647 1.103 -0.398
-1.646 1.102 -0.398
-1.645 1.101 -0.397
-1.644 1.100 -0.397
-1.642 1.099 -0.397
-1.641 1.097 -0.396
-1.640 1.096 -0.396
-1.638 1.095 -0.396
-1.637 1.094 -0.396
-1.635 1.093 -0.396
-1.634 1.092 -0.395
-1.632 1.091 -0.395
-1.631 1.090 -0.395
-1.629 1.089 -0.395
-1.628 1.088 -0.394
-1.626 1.087 -0.394
-1.624 1.086 -0.394
-1.623 1.085 -0.394
-1.621 1.085 -0.394
-1.619 1.084 -0.394
-1.618 1.082 -0.393
-1.616 1.081 -0.393
-1.613 1.079 -0.393
-1.610 1.077 -0.393
-1.606 1.073 -0.393
-1.600 1.067 -0.394
-1.592 1.061 -0.395
-1.584 1.054 -0.396
-1.576 1.047 -0.398
-1.567 1.039 -0.399
-1.557 1.031 -0.401
-1.547 1.022 -0.403
-1.537 1.014 -0.405
-1.526 1.004 -0.407
-1.515 0.995 -0.409
-1.503 0.985 -0.410
-1.491 0.975 -0.412
-1.479 0.965 -0.414
-1.467 0.955 -0.416
-1.455 0.945 -0.417
-1.442 0.934 -0.419
-1.430 0.923 -0.421
-1.417 0.912 -0.423
-1.404 0.901 -0.425
-1.390 0.890 -0.427
-1.378 0.878 -0.429
-1.365 0.867 -0.431
-1.351 0.855 -0.433
-1.338 0.844 -0.436
-1.325 0.833 -0.438
-1.311 0.820 -0.440
-1.298 0.809 -0.443
-1.284 0.797 -0.446
-1.271 0.785 -0.449
-1.257 0.773 -0.452
-1.243 0.761 -0.455
-1.229 0.749 -0.459
-1.216 0.737 -0.462
-1.202 0.725 -0.466
-1.188 0.713 -0.470
-1.174 0.701 -0.474
-1.160 0.688 -0.478
-1.146 0.676 -0.482
-1.132 0.664 -0.487
-1.118 0.652 -0.491
-1.103 0.640 -0.496
-1.089 0.628 -0.501
-1.075 0.616 -0.506
-1.060 0.603 -0.512
-1.046 0.591 -0.517
-1.031 0.579 -0.523
-1.016 0.567 -0.528
-1.001 0.554 -0.534
-0.986 0.542 -0.541
-0.971 0.529 -0.547
-0.956 0.517 -0.553
-0.941 0.504 -0.560
-0.925 0.492 -0.566
-0.910 0.479 -0.573
-0.895 0.466 -0.580
-0.880 0.453 -0.587
-0.864 0.440 -0.594
-0.849 0.427 -0.601
-0.833 0.414 -0.608
-0.818 0.401 -0.615
-0.803 0.387 -0.622
-0.787 0.374 -0.629
-0.771 0.360 -0.637
-0.755 0.347 -0.643
-0.740 0.333 -0.651
-0.723 0.319 -0.658
-0.707 0.305 -0.665
-0.691 0.291 -0.672
-0.675 0.277 -0.679
-0.659 0.263 -0.685
-0.643 0.249 -0.692
-0.627 0.235 -0.699
-0.611 0.221 -0.705
-0.596 0.207 -0.712
-0.582 0.195 -0.717
-0.569 0.184 -0.723
-0.558 0.174 -0.727
-0.552 0.166 -0.731
-0.550 0.161 -0.735
-0.551 0.160 -0.739
-0.555 0.161 -0.744
-0.560 0.164 -0.748
-0.568 0.168 -0.752
-0.575 0.173 -0.756
-0.581 0.177 -0.759
-0.587 0.180 -0.762
-0.592 0.183 -0.765
-0.597 0.186 -0.767
-0.601 0.189 -0.768
-0.606 0.193 -0.769
-0.610 0.196 -0.770
-0.615 0.199 -0.771
-0.618 0.201 -0.772
-0.621 0.203 -0.773
-0.624 0.205 -0.773
-0.626 0.206 -0.774
-0.628 0.207 -0.774
-0.630 0.207 -0.775
-0.631 0.207 -0.775
-0.632 0.207 -0.775
-0.633 0.207 -0.775
-0.633 0.206 -0.776
-0.633 0.205 -0.775
-0.633 0.204 -0.775
-0.632 0.203 -0.775
-0.632 0.201 -0.775
-0.631 0.200 -0.775
-0.630 0.198 -0.774
-0.628 0.196 -0.774
-0.627 0.193 -0.773
-0.626 0.191 -0.773
-0.624 0.189 -0.772
-0.622 0.186 -0.772
-0.620 0.183 -0.771
-0.618 0.180 -0.770
-0.616 0.178 -0.769
-0.614 0.175 -0.768
-0.612 0.172 -0.767
-0.609 0.170 -0.766
-0.607 0.167 -0.765
-0.605 0.164 -0.764
-0.603 0.161 -0.762
-0.600 0.159 -0.761
-0.598 0.156 -0.760
-0.596 0.153 -0.759
-0.594 0.151 -0.758
-0.592 0.148 -0.757
-0.590 0.146 -0.755
-0.588 0.143 -0.754
-0.586 0.141 -0.753
-0.584 0.139 -0.752
-0.582 0.137 -0.752
-0.581 0.135 -0.751
-0.579 0.134 -0.750
-0.578 0.132 -0.749
-0.577 0.131 -0.749
-0.575 0.129 -0.749
-0.574 0.128 -0.748
-0.573 0.127 -0.748
-0.572 0.126 -0.748
-0.571 0.125 -0.748
-0.571 0.124 -0.748
-0.570 0.124 -0.748
-0.569 0.123 -0.748
-0.569 0.122 -0.749
-0.569 0.122 -0.749
-0.568 0.121 -0.750
-0.568 0.121 -0.750
-0.567 0.121 -0.751
-0.567 0.121 -0.752
-0.567 0.121 -0.753
-0.567 0.121 -0.753
-0.567 0.121 -0.754
-0.567 0.121 -0.755
-0.567 0.121 -0.756
-0.568 0.121 -0.757
-0.567 0.121 -0.758
-0.567 0.121 -0.759
-0.568 0.122 -0.760
-0.568 0.122 -0.761
-0.568 0.123 -0.762
-0.568 0.123 -0.763
-0.568 0.124 -0.764
-0.568 0.125 -0.765
-0.568 0.126 -0.766
-0.568 0.126 -0.767
-0.567 0.127 -0.768
-0.567 0.127 -0.769
-0.567 0.128 -0.770
-0.568 0.128 -0.770
-0.567 0.128 -0.771
-0.567 0.128 -0.772
-0.567 0.128 -0.773
-0.566 0.128 -0.773
-0.566 0.128 -0.774
-0.566 0.128 -0.775
-0.565 0.128 -0.775
-0.565 0.128 -0.776
-0.564 0.127 -0.776
-0.564 0.127 -0.776
-0.563 0.127 -0.777
-0.562 0.126 -0.777
-0.561 0.126 -0.777
-0.561 0.126 -0.777
-0.559 0.125 -0.778
-0.559 0.125 -0.778
-0.557 0.124 -0.778
-0.556 0.123 -0.778
-0.556 0.122 -0.778
-0.554 0.121 -0.778
-0.553 0.120 -0.778
-0.552 0.119 -0.778
-0.550 0.118 -0.778
-0.549 0.117 -0.778
-0.548 0.116 -0.777
-0.547 0.114 -0.778
-0.545 0.113 -0.777
-0.544 0.112 -0.777
-0.543 0.110 -0.777
-0.541 0.109 -0.777
-0.540 0.108 -0.776
-0.539 0.107 -0.776
-0.538 0.106 -0.776
-0.536 0.104 -0.776
-0.535 0.103 -0.775
-0.533 0.102 -0.776
-0.532 0.101 -0.775
-0.531 0.100 -0.775
-0.530 0.099 -0.775
-0.529 0.098 -0.775
-0.527 0.097 -0.775
-0.527 0.096 -0.774
-0.525 0.095 -0.774
-0.525 0.094 -0.774
-0.524 0.093 -0.774
-0.523 0.092 -0.774
