x y z
-0.955 1.750 -0.374
-0.955 1.750 -0.373
-0.955 1.751 -0.371
-0.955 1.751 -0.369
-0.954 1.751 -0.368
-0.954 1.752 -0.366
-0.954 1.752 -0.364
-0.954 1.752 -0.362
-0.954 1.753 -0.361
-0.953 1.753 -0.359
-0.953 1.753 -0.357
-0.953 1.753 -0.356
-0.953 1.754 -0.354
-0.953 1.754 -0.352
-0.953 1.754 -0.351
-0.953 1.755 -0.349
-0.953 1.755 -0.348
-0.952 1.755 -0.346
-0.952 1.755 -0.344
-0.952 1.756 -0.343
-0.952 1.756 -0.341
-0.952 1.757 -0.339
-0.952 1.757 -0.337
-0.951 1.757 -0.336
-0.951 1.757 -0.334
-0.951 1.758 -0.332
-0.951 1.758 -0.331
-0.951 1.758 -0.329
-0.951 1.758 -0.328
-0.951 1.759 -0.326
-0.951 1.759 -0.325
-0.951 1.759 -0.323
-0.951 1.759 -0.322
-0.951 1.760 -0.320
-0.950 1.760 -0.319
-0.950 1.760 -0.317
-0.951 1.760 -0.315
-0.951 1.761 -0.314
-0.951 1.761 -0.312
-0.951 1.761 -0.311
-0.951 1.761 -0.310
-0.950 1.761 -0.308
-0.951 1.762 -0.307
-0.950 1.762 -0.305
-0.950 1.762 -0.304
-0.950 1.762 -0.302
-0.950 1.763 -0.301
-0.950 1.763 -0.299
-0.950 1.763 -0.298
-0.950 1.763 -0.297
-0.950 1.763 -0.295
-0.950 1.763 -0.294
-0.949 1.764 -0.293
-0.949 1.764 -0.291
-0.949 1.764 -0.290
-0.948 1.764 -0.289
-0.948 1.764 -0.287
-0.948 1.765 -0.286
-0.947 1.765 -0.284
-0.945 1.766 -0.283
-0.943 1.767 -0.281
-0.939 1.769 -0.280
-0.934 1.772 -0.279
-0.929 1.776 -0.278
-0.922 1.780 -0.277
-0.914 1.785 -0.277
-0.907 1.791 -0.277
-0.898 1.797 -0.277
-0.890 1.803 -0.277
-0.881 1.809 -0.277
-0.872 1.815 -0.277
-0.863 1.822 -0.276
-0.853 1.828 -0.275
-0.843 1.835 -0.274
-0.833 1.842 -0.274
-0.823 1.848 -0.273
-0.812 1.855 -0.271
-0.802 1.862 -0.270
-0.790 1.869 -0.269
-0.779 1.876 -0.268
-0.768 1.883 -0.267
-0.756 1.891 -0.265
-0.745 1.898 -0.265
-0.733 1.905 -0.264
-0.721 1.912 -0.263
-0.709 1.920 -0.262
-0.697 1.927 -0.261
-0.685 1.935 -0.260
-0.673 1.943 -0.260
-0.660 1.950 -0.259
-0.648 1.958 -0.259
-0.636 1.965 -0.258
-0.623 1.973 -0.258
-0.611 1.981 -0.258
-0.598 1.989 -0.258
-0.585 1.996 -0.257
-0.571 2.004 -0.257
-0.558 2.012 -0.257
-0.546 2.020 -0.257
-0.532 2.028 -0.257
-0.519 2.036 -0.258
-0.505 2.044 -0.258
-0.492 2.052 -0.258
-0.478 2.060 -0.259
-0.465 2.069 -0.260
-0.451 2.077 -0.260
-0.437 2.085 -0.261
-0.424 2.093 -0.262
-0.410 2.101 -0.263
-0.397 2.110 -0.263
-0.382 2.119 -0.265
-0.368 2.128 -0.266
-0.354 2.136 -0.267
-0.340 2.145 -0.269
-0.325 2.154 -0.270
-0.311 2.163 -0.272
-0.296 2.172 -0.273
-0.282 2.181 -0.275
-0.267 2.189 -0.276
-0.252 2.198 -0.278
-0.238 2.208 -0.279
-0.223 2.217 -0.281
-0.209 2.225 -0.283
-0.193 2.234 -0.284
-0.179 2.243 -0.286
-0.165 2.251 -0.288
-0.149 2.260 -0.290
-0.135 2.269 -0.292
-0.121 2.278 -0.293
-0.107 2.287 -0.295
-0.092 2.295 -0.297
-0.078 2.305 -0.299
-0.063 2.314 -0.301
-0.049 2.323 -0.303
-0.034 2.331 -0.305
-0.021 2.340 -0.307
-0.007 2.347 -0.310
0.004 2.354 -0.311
0.013 2.360 -0.312
0.018 2.364 -0.313
0.019 2.366 -0.314
0.018 2.366 -0.315
0.014 2.365 -0.316
0.008 2.361 -0.318
0.000 2.357 -0.320
-0.006 2.352 -0.321
-0.011 2.347 -0.322
-0.015 2.344 -0.323
-0.018 2.339 -0.323
-0.020 2.336 -0.323
-0.021 2.333 -0.322
-0.022 2.329 -0.322
-0.023 2.327 -0.322
-0.022 2.324 -0.321
-0.022 2.322 -0.321
-0.021 2.320 -0.321
-0.020 2.319 -0.321
-0.018 2.318 -0.321
-0.017 2.316 -0.322
-0.015 2.315 -0.321
-0.014 2.314 -0.322
-0.011 2.314 -0.322
-0.009 2.313 -0.322
-0.007 2.312 -0.322
-0.004 2.311 -0.322
-0.001 2.310 -0.322
0.001 2.310 -0.322
0.004 2.310 -0.322
0.007 2.310 -0.322
0.010 2.309 -0.323
0.013 2.309 -0.323
0.016 2.308 -0.322
0.019 2.309 -0.323
0.022 2.309 -0.322
0.025 2.309 -0.323
0.028 2.309 -0.322
0.031 2.309 -0.322
0.034 2.309 -0.321
0.037 2.309 -0.321
0.040 2.309 -0.321
0.043 2.309 -0.320
0.046 2.309 -0.320
0.049 2.309 -0.320
0.052 2.310 -0.320
0.054 2.310 -0.319
0.057 2.310 -0.319
0.059 2.310 -0.319
0.061 2.311 -0.318
0.063 2.311 -0.318
0.065 2.311 -0.318
0.068 2.311 -0.318
0.070 2.311 -0.318
0.071 2.311 -0.317
0.073 2.311 -0.317
0.075 2.312 -0.317
0.077 2.312 -0.316
0.078 2.312 -0.316
0.080 2.312 -0.315
0.081 2.312 -0.315
0.082 2.312 -0.315
0.085 2.311 -0.314
0.086 2.312 -0.314
0.086 2.312 -0.314
0.088 2.313 -0.313
0.089 2.313 -0.313
0.089 2.314 -0.312
0.090 2.314 -0.312
0.091 2.314 -0.312
0.093 2.314 -0.311
0.094 2.314 -0.311
0.095 2.315 -0.310
0.096 2.315 -0.310
0.098 2.314 -0.310
0.099 2.314 -0.309
0.100 2.313 -0.309
0.101 2.314 -0.308
0.102 2.313 -0.308
0.102 2.313 -0.307
0.103 2.313 -0.307
0.104 2.313 -0.306
0.105 2.312 -0.306
0.105 2.312 -0.305
0.106 2.312 -0.305
0.106 2.311 -0.304
0.107 2.311 -0.304
0.108 2.311 -0.303
0.108 2.310 -0.303
0.109 2.310 -0.302
0.110 2.310 -0.301
0.110 2.309 -0.301
0.111 2.309 -0.300
0.112 2.309 -0.299
0.113 2.309 -0.299
0.113 2.308 -0.298
0.114 2.308 -0.297
0.115 2.308 -0.296
0.116 2.307 -0.296
0.118 2.307 -0.294
0.119 2.307 -0.294
0.120 2.306 -0.292
0.121 2.306 -0.292
0.122 2.305 -0.291
0.123 2.305 -0.290
0.124 2.305 -0.289
0.125 2.305 -0.289
0.125 2.304 -0.288
0.126 2.304 -0.287
0.127 2.304 -0.286
0.128 2.303 -0.285
0.130 2.303 -0.284
0.130 2.304 -0.283
0.132 2.303 -0.283
0.134 2.303 -0.282
0.134 2.303 -0.281
0.136 2.304 -0.280
0.137 2.303 -0.279
0.138 2.303 -0.278
0.139 2.303 -0.277
0.141 2.303 -0.276
0.142 2.303 -0.275
0.143 2.303 -0.274
0.144 2.303 -0.273
0.145 2.303 -0.272
0.146 2.303 -0.271
0.148 2.303 -0.270
0.149 2.303 -0.269
0.150 2.303 -0.268
0.151 2.303 -0.267
0.152 2.303 -0.266
0.153 2.303 -0.265
0.155 2.303 -0.263
0.156 2.303 -0.262
0.156 2.303 -0.262
0.158 2.303 -0.261
0.158 2.303 -0.260
0.159 2.303 -0.258
0.160 2.303 -0.257
0.161 2.304 -0.257
0.162 2.304 -0.256
0.163 2.303 -0.254
0.164 2.303 -0.253
0.165 2.304 -0.252
0.166 2.303 -0.251
0.167 2.304 -0.250
0.168 2.303 -0.249
0.169 2.304 -0.248
0.170 2.303 -0.247
0.171 2.303 -0.246
0.171 2.303 -0.245
0.172 2.303 -0.243
0.173 2.303 -0.242
0.174 2.303 -0.241
0.174 2.303 -0.240
0.175 2.303 -0.239
0.175 2.302 -0.238
0.176 2.302 -0.237
0.177 2.302 -0.236
0.177 2.302 -0.235
0.177 2.302 -0.234
0.178 2.302 -0.232
0.179 2.302 -0.231
0.179 2.301 -0.230
0.180 2.301 -0.229
0.180 2.301 -0.228
0.181 2.301 -0.227
0.182 2.301 -0.226
0.180 2.302 -0.224
0.181 2.301 -0.223
0.181 2.301 -0.222
0.182 2.301 -0.221
0.182 2.301 -0.219
0.183 2.301 -0.218
0.184 2.300 -0.217
0.184 2.300 -0.215
0.185 2.300 -0.214
0.185 2.299 -0.213
0.186 2.299 -0.212
0.186 2.298 -0.210
0.186 2.299 -0.209
0.187 2.298 -0.208
0.187 2.298 -0.207
0.188 2.298 -0.205
0.189 2.298 -0.204
0.189 2.297 -0.203
0.190 2.297 -0.201
0.191 2.297 -0.200
0.192 2.297 -0.198
0.192 2.297 -0.197
0.193 2.296 -0.196
0.194 2.296 -0.194
0.195 2.296 -0.193
0.195 2.295 -0.191
0.196 2.295 -0.190
0.196 2.295 -0.189
0.197 2.294 -0.187
0.197 2.294 -0.186
0.200 2.293 -0.185
0.201 2.293 -0.183
0.202 2.292 -0.182
0.202 2.292 -0.180
0.203 2.292 -0.179
0.203 2.291 -0.177
0.204 2.291 -0.176
0.205 2.291 -0.175
0.206 2.291 -0.173
0.206 2.291 -0.172
0.207 2.290 -0.170
0.208 2.290 -0.169
0.208 2.290 -0.167
0.209 2.290 -0.166
0.210 2.290 -0.164
0.210 2.290 -0.163
0.211 2.290 -0.161
0.212 2.289 -0.160
0.212 2.289 -0.158
0.213 2.289 -0.157
0.213 2.289 -0.155
0.214 2.289 -0.154
0.214 2.288 -0.152
0.215 2.288 -0.151
0.216 2.287 -0.149
0.215 2.288 -0.148
0.216 2.287 -0.147
0.216 2.287 -0.145
0.217 2.287 -0.143
0.217 2.286 -0.142
0.218 2.287 -0.140
0.219 2.286 -0.139
0.219 2.286 -0.137
0.219 2.286 -0.136
0.220 2.285 -0.134
0.221 2.285 -0.132
0.221 2.285 -0.131
0.222 2.285 -0.129
0.222 2.284 -0.128
0.223 2.284 -0.126
0.223 2.283 -0.125
0.224 2.283 -0.123
0.224 2.283 -0.121
0.225 2.283 -0.120
0.225 2.283 -0.118
0.226 2.282 -0.117
0.226 2.282 -0.115
0.227 2.282 -0.113
0.227 2.281 -0.112
0.228 2.281 -0.110
0.228 2.281 -0.109
0.228 2.280 -0.107
0.229 2.280 -0.105
0.229 2.280 -0.104
0.229 2.279 -0.102
0.230 2.279 -0.100
0.230 2.279 -0.099
0.230 2.278 -0.097
0.231 2.278 -0.095
0.231 2.278 -0.094
0.232 2.277 -0.092
0.232 2.277 -0.090
0.233 2.277 -0.089
0.233 2.277 -0.087
0.233 2.276 -0.085
0.234 2.276 -0.083
0.234 2.276 -0.082
0.235 2.275 -0.080
0.235 2.275 -0.078
0.236 2.275 -0.077
0.236 2.274 -0.075
0.236 2.274 -0.073
0.237 2.274 -0.071
0.237 2.273 -0.069
0.238 2.273 -0.068
0.238 2.273 -0.066
0.238 2.272 -0.064
0.239 2.272 -0.062
0.239 2.272 -0.061
0.239 2.271 -0.059
0.240 2.271 -0.057
0.240 2.271 -0.055
0.241 2.270 -0.053
0.241 2.270 -0.052
0.242 2.270 -0.050
0.242 2.269 -0.048
0.242 2.269 -0.046
0.243 2.268 -0.044
0.243 2.268 -0.042
0.243 2.268 -0.040
0.244 2.267 -0.039
0.244 2.267 -0.037
0.245 2.267 -0.035
0.245 2.267 -0.033
0.245 2.266 -0.031
0.246 2.266 -0.029
0.246 2.266 -0.028
0.247 2.266 -0.026
0.247 2.265 -0.024
0.247 2.265 -0.022
0.248 2.265 -0.020
0.248 2.265 -0.018
0.248 2.264 -0.016
0.249 2.264 -0.014
0.249 2.264 -0.013
0.250 2.263 -0.011
0.250 2.263 -0.009
0.250 2.262 -0.007
0.251 2.262 -0.005
0.251 2.261 -0.003
0.251 2.261 -0.001
0.251 2.261 0.001
0.252 2.261 0.003
0.252 2.260 0.005
0.253 2.260 0.006
0.253 2.260 0.008
0.253 2.260 0.010
0.254 2.260 0.012
0.254 2.259 0.014
0.254 2.259 0.016
0.255 2.258 0.018
0.255 2.258 0.020
0.255 2.258 0.022
0.256 2.257 0.024
0.256 2.257 0.026
0.256 2.257 0.028
0.256 2.256 0.030
0.257 2.256 0.032
0.257 2.256 0.034
0.258 2.256 0.036
0.258 2.256 0.038
0.258 2.255 0.040
0.258 2.255 0.042
0.259 2.255 0.044
0.259 2.255 0.046
0.259 2.254 0.048
0.260 2.254 0.050
0.260 2.254 0.052
0.261 2.253 0.054
0.261 2.253 0.056
0.261 2.252 0.058
0.261 2.252 0.060
0.261 2.251 0.062
0.261 2.251 0.064
0.262 2.250 0.066
0.262 2.250 0.068
0.262 2.250 0.070
0.262 2.249 0.072
0.263 2.249 0.074
0.263 2.249 0.076
0.263 2.248 0.078
0.264 2.248 0.080
0.264 2.248 0.082
0.264 2.248 0.084
0.264 2.247 0.086
0.265 2.247 0.089
0.265 2.247 0.091
0.265 2.246 0.093
0.265 2.246 0.095
0.266 2.246 0.097
0.266 2.245 0.099
0.266 2.245 0.101
0.266 2.245 0.103
0.267 2.244 0.105
0.267 2.244 0.107
0.267 2.243 0.110
0.267 2.243 0.112
0.267 2.243 0.114
0.267 2.242 0.116
0.268 2.242 0.118
0.268 2.241 0.120
0.268 2.241 0.122
0.268 2.241 0.124
0.269 2.240 0.126
0.269 2.240 0.128
0.269 2.240 0.131
0.269 2.240 0.133
0.270 2.239 0.135
0.270 2.239 0.137
0.270 2.239 0.139
0.270 2.238 0.141
0.271 2.238 0.143
0.271 2.237 0.145
0.271 2.237 0.147
0.271 2.237 0.149
0.271 2.236 0.151
0.272 2.236 0.154
0.272 2.235 0.156
0.272 2.235 0.158
0.272 2.235 0.160
0.272 2.234 0.162
0.272 2.234 0.164
0.273 2.234 0.167
0.273 2.233 0.169
0.273 2.233 0.171
0.273 2.233 0.173
0.273 2.232 0.175
0.274 2.232 0.178
0.274 2.232 0.180
0.274 2.232 0.182
0.274 2.231 0.184
0.274 2.231 0.186
0.274 2.231 0.188
0.274 2.230 0.190
0.274 2.230 0.193
0.274 2.229 0.195
0.274 2.229 0.197
0.275 2.229 0.199
0.275 2.228 0.201
0.275 2.228 0.203
0.275 2.227 0.205
0.276 2.227 0.207
0.276 2.227 0.209
0.276 2.226 0.212
0.276 2.226 0.214
0.277 2.226 0.216
0.277 2.226 0.218
0.277 2.225 0.220
0.277 2.225 0.222
0.277 2.225 0.225
0.277 2.225 0.227
0.278 2.225 0.229
0.278 2.224 0.231
0.278 2.224 0.233
0.278 2.223 0.235
0.278 2.223 0.238
0.278 2.222 0.240
0.278 2.222 0.242
0.278 2.221 0.244
0.278 2.221 0.246
0.278 2.220 0.249
0.278 2.220 0.251
0.278 2.220 0.253
0.278 2.219 0.255
0.278 2.219 0.258
0.278 2.219 0.260
0.278 2.218 0.262
0.278 2.218 0.264
0.279 2.218 0.266
0.279 2.217 0.269
0.279 2.217 0.271
0.279 2.217 0.273
0.279 2.217 0.275
0.279 2.216 0.278
0.279 2.216 0.280
0.279 2.216 0.282
0.279 2.215 0.284
0.279 2.215 0.287
0.279 2.214 0.289
0.279 2.214 0.291
0.279 2.213 0.293
0.279 2.213 0.295
0.279 2.212 0.298
0.279 2.212 0.300
0.279 2.212 0.302
