x y z
-1.127 1.267 -0.447
-1.127 1.267 -0.446
-1.127 1.267 -0.444
-1.127 1.267 -0.443
-1.127 1.267 -0.442
-1.127 1.267 -0.440
-1.127 1.267 -0.439
-1.127 1.267 -0.437
-1.127 1.267 -0.436
-1.127 1.267 -0.435
-1.126 1.267 -0.433
-1.127 1.267 -0.431
-1.127 1.267 -0.430
-1.127 1.267 -0.429
-1.127 1.267 -0.427
-1.127 1.267 -0.426
-1.127 1.267 -0.425
-1.127 1.267 -0.423
-1.127 1.267 -0.422
-1.127 1.267 -0.420
-1.127 1.267 -0.419
-1.127 1.267 -0.418
-1.127 1.266 -0.416
-1.127 1.266 -0.415
-1.128 1.266 -0.414
-1.127 1.267 -0.412
-1.127 1.267 -0.411
-1.127 1.267 -0.409
-1.127 1.267 -0.408
-1.126 1.267 -0.407
-1.126 1.267 -0.405
-1.126 1.268 -0.404
-1.126 1.267 -0.403
-1.126 1.268 -0.401
-1.125 1.268 -0.400
-1.125 1.268 -0.399
-1.125 1.268 -0.397
-1.126 1.268 -0.396
-1.125 1.268 -0.395
-1.125 1.267 -0.393
-1.126 1.267 -0.392
-1.126 1.267 -0.391
-1.126 1.267 -0.390
-1.126 1.267 -0.388
-1.126 1.267 -0.387
-1.126 1.267 -0.386
-1.126 1.267 -0.384
-1.126 1.266 -0.383
-1.125 1.267 -0.382
-1.125 1.266 -0.381
-1.125 1.266 -0.379
-1.125 1.266 -0.378
-1.125 1.266 -0.377
-1.124 1.266 -0.376
-1.124 1.266 -0.374
-1.124 1.266 -0.373
-1.124 1.266 -0.373
-1.124 1.266 -0.371
-1.123 1.265 -0.370
-1.123 1.265 -0.368
-1.123 1.265 -0.367
-1.122 1.264 -0.366
-1.122 1.264 -0.365
-1.122 1.264 -0.364
-1.121 1.264 -0.363
-1.121 1.264 -0.361
-1.120 1.263 -0.360
-1.120 1.263 -0.359
-1.120 1.263 -0.358
-1.120 1.263 -0.357
-1.119 1.262 -0.356
-1.119 1.262 -0.355
-1.118 1.263 -0.354
-1.117 1.263 -0.353
-1.117 1.264 -0.352
-1.115 1.264 -0.351
-1.113 1.266 -0.349
-1.111 1.267 -0.348
-1.109 1.268 -0.347
-1.106 1.269 -0.346
-1.104 1.271 -0.345
-1.101 1.273 -0.345
-1.098 1.275 -0.344
-1.094 1.277 -0.344
-1.090 1.279 -0.343
-1.087 1.282 -0.343
-1.083 1.284 -0.343
-1.078 1.287 -0.343
-1.074 1.290 -0.342
-1.070 1.293 -0.342
-1.065 1.297 -0.342
-1.061 1.300 -0.341
-1.056 1.303 -0.341
-1.050 1.306 -0.340
-1.045 1.309 -0.340
-1.040 1.313 -0.339
-1.035 1.315 -0.338
-1.030 1.319 -0.338
-1.024 1.322 -0.337
-1.018 1.325 -0.337
-1.013 1.328 -0.336
-1.007 1.331 -0.335
-1.001 1.334 -0.335
-0.996 1.337 -0.334
-0.990 1.341 -0.333
-0.984 1.343 -0.332
-0.978 1.346 -0.331
-0.972 1.350 -0.330
-0.966 1.354 -0.331
-0.960 1.357 -0.330
-0.954 1.360 -0.330
-0.947 1.363 -0.329
-0.941 1.366 -0.328
-0.935 1.370 -0.328
-0.929 1.373 -0.328
-0.923 1.376 -0.327
-0.916 1.379 -0.326
-0.910 1.383 -0.326
-0.904 1.387 -0.325
-0.897 1.390 -0.325
-0.891 1.393 -0.325
-0.885 1.397 -0.324
-0.878 1.401 -0.324
-0.871 1.404 -0.324
-0.864 1.408 -0.323
-0.858 1.411 -0.323
-0.851 1.416 -0.323
-0.844 1.419 -0.323
-0.837 1.423 -0.322
-0.830 1.427 -0.322
-0.823 1.431 -0.322
-0.816 1.435 -0.322
-0.809 1.439 -0.322
-0.802 1.443 -0.322
-0.795 1.447 -0.322
-0.787 1.451 -0.322
-0.780 1.455 -0.322
-0.773 1.459 -0.322
-0.765 1.463 -0.322
-0.758 1.467 -0.322
-0.751 1.471 -0.322
-0.743 1.476 -0.321
-0.736 1.480 -0.321
-0.728 1.484 -0.321
-0.721 1.489 -0.322
-0.713 1.493 -0.322
-0.705 1.497 -0.322
-0.698 1.501 -0.322
-0.690 1.506 -0.322
-0.682 1.510 -0.322
-0.675 1.515 -0.322
-0.668 1.518 -0.322
-0.663 1.521 -0.323
-0.659 1.522 -0.322
-0.657 1.523 -0.322
-0.657 1.524 -0.323
-0.658 1.523 -0.324
-0.660 1.522 -0.325
-0.663 1.520 -0.326
-0.667 1.518 -0.327
-0.671 1.516 -0.328
-0.674 1.515 -0.330
-0.679 1.512 -0.330
-0.681 1.511 -0.331
-0.683 1.509 -0.332
-0.685 1.508 -0.332
-0.686 1.507 -0.333
-0.687 1.506 -0.334
-0.688 1.505 -0.334
-0.689 1.504 -0.334
-0.689 1.503 -0.334
-0.689 1.502 -0.335
-0.689 1.501 -0.335
-0.689 1.501 -0.335
-0.689 1.500 -0.335
-0.688 1.500 -0.335
-0.687 1.499 -0.335
-0.686 1.499 -0.334
-0.685 1.499 -0.334
-0.684 1.499 -0.334
-0.682 1.499 -0.334
-0.681 1.499 -0.334
-0.679 1.499 -0.334
-0.678 1.499 -0.333
-0.676 1.499 -0.333
-0.674 1.498 -0.333
-0.672 1.499 -0.334
-0.670 1.499 -0.334
-0.668 1.499 -0.333
-0.667 1.498 -0.333
-0.665 1.498 -0.332
-0.663 1.498 -0.332
-0.662 1.498 -0.331
-0.660 1.498 -0.331
-0.658 1.498 -0.330
-0.657 1.497 -0.330
-0.655 1.497 -0.329
-0.653 1.497 -0.329
-0.652 1.497 -0.328
-0.650 1.497 -0.328
-0.648 1.497 -0.327
-0.647 1.497 -0.327
-0.645 1.498 -0.326
-0.643 1.498 -0.326
-0.641 1.498 -0.325
-0.640 1.498 -0.325
-0.638 1.498 -0.325
-0.636 1.499 -0.324
-0.635 1.499 -0.324
-0.633 1.499 -0.323
-0.632 1.500 -0.323
-0.631 1.500 -0.322
-0.629 1.500 -0.322
-0.628 1.500 -0.321
-0.627 1.501 -0.321
-0.626 1.501 -0.320
-0.625 1.501 -0.320
-0.624 1.502 -0.320
-0.623 1.502 -0.319
-0.622 1.502 -0.319
-0.621 1.503 -0.319
-0.620 1.503 -0.318
-0.619 1.504 -0.318
-0.618 1.504 -0.318
-0.617 1.504 -0.317
-0.617 1.505 -0.317
-0.616 1.505 -0.317
-0.615 1.506 -0.316
-0.615 1.506 -0.316
-0.614 1.506 -0.316
-0.614 1.506 -0.315
-0.613 1.507 -0.315
-0.613 1.507 -0.315
-0.612 1.507 -0.314
-0.612 1.507 -0.314
-0.611 1.507 -0.314
-0.611 1.507 -0.313
-0.611 1.507 -0.313
-0.610 1.507 -0.312
-0.610 1.507 -0.312
-0.609 1.507 -0.312
-0.609 1.507 -0.311
-0.609 1.507 -0.311
-0.608 1.507 -0.310
-0.607 1.507 -0.310
-0.607 1.507 -0.309
-0.607 1.507 -0.309
-0.606 1.507 -0.308
-0.605 1.506 -0.308
-0.605 1.506 -0.307
-0.604 1.506 -0.307
-0.603 1.506 -0.306
-0.603 1.506 -0.306
-0.602 1.506 -0.305
-0.602 1.505 -0.304
-0.601 1.505 -0.304
-0.600 1.505 -0.303
