x y z
-1.518 0.693 -0.521
-1.518 0.692 -0.520
-1.517 0.691 -0.519
-1.517 0.691 -0.518
-1.516 0.690 -0.517
-1.516 0.689 -0.516
-1.515 0.689 -0.514
-1.515 0.688 -0.513
-1.514 0.687 -0.512
-1.514 0.686 -0.511
-1.513 0.685 -0.510
-1.513 0.685 -0.509
-1.512 0.684 -0.508
-1.511 0.683 -0.507
-1.511 0.682 -0.506
-1.510 0.681 -0.505
-1.510 0.680 -0.504
-1.509 0.680 -0.503
-1.509 0.679 -0.503
-1.508 0.678 -0.502
-1.507 0.678 -0.501
-1.507 0.677 -0.500
-1.506 0.676 -0.499
-1.506 0.676 -0.498
-1.505 0.675 -0.497
-1.504 0.675 -0.496
-1.504 0.674 -0.496
-1.503 0.674 -0.495
-1.502 0.673 -0.494
-1.502 0.672 -0.493
-1.501 0.672 -0.492
-1.501 0.671 -0.491
-1.500 0.670 -0.491
-1.500 0.670 -0.490
-1.499 0.669 -0.489
-1.498 0.668 -0.488
-1.498 0.668 -0.488
-1.497 0.667 -0.487
-1.496 0.666 -0.486
-1.496 0.666 -0.485
-1.495 0.666 -0.485
-1.494 0.665 -0.484
-1.494 0.664 -0.483
-1.493 0.664 -0.483
-1.493 0.664 -0.482
-1.492 0.663 -0.482
-1.491 0.663 -0.481
-1.491 0.662 -0.480
-1.490 0.661 -0.480
-1.490 0.660 -0.479
-1.489 0.660 -0.479
-1.488 0.659 -0.478
-1.488 0.658 -0.478
-1.487 0.658 -0.477
-1.486 0.657 -0.476
-1.486 0.657 -0.476
-1.485 0.656 -0.475
-1.484 0.656 -0.475
-1.483 0.655 -0.474
-1.482 0.655 -0.474
-1.481 0.654 -0.474
-1.480 0.654 -0.473
-1.478 0.653 -0.473
-1.477 0.653 -0.473
-1.475 0.652 -0.472
-1.472 0.652 -0.472
-1.470 0.651 -0.471
-1.467 0.652 -0.471
-1.464 0.652 -0.471
-1.461 0.653 -0.470
-1.458 0.654 -0.470
-1.455 0.656 -0.470
-1.451 0.658 -0.470
-1.448 0.661 -0.470
-1.444 0.664 -0.470
-1.441 0.667 -0.470
-1.437 0.671 -0.470
-1.433 0.674 -0.471
-1.429 0.678 -0.471
-1.425 0.683 -0.472
-1.421 0.687 -0.472
-1.417 0.692 -0.472
-1.412 0.696 -0.473
-1.408 0.700 -0.473
-1.403 0.704 -0.473
-1.398 0.709 -0.474
-1.393 0.713 -0.474
-1.388 0.717 -0.474
-1.383 0.721 -0.474
-1.378 0.725 -0.474
-1.373 0.729 -0.474
-1.368 0.733 -0.474
-1.363 0.738 -0.474
-1.357 0.741 -0.474
-1.352 0.745 -0.474
-1.347 0.749 -0.474
-1.342 0.753 -0.474
-1.336 0.757 -0.474
-1.331 0.761 -0.474
-1.326 0.765 -0.474
-1.321 0.769 -0.474
-1.316 0.773 -0.474
-1.310 0.776 -0.474
-1.305 0.780 -0.474
-1.300 0.784 -0.474
-1.295 0.788 -0.475
-1.290 0.792 -0.475
-1.284 0.797 -0.475
-1.279 0.801 -0.475
-1.273 0.805 -0.475
-1.268 0.809 -0.476
-1.262 0.814 -0.476
-1.257 0.818 -0.476
-1.251 0.823 -0.476
-1.245 0.827 -0.477
-1.239 0.832 -0.477
-1.233 0.836 -0.477
-1.227 0.841 -0.477
-1.221 0.845 -0.477
-1.215 0.850 -0.478
-1.209 0.854 -0.478
-1.203 0.859 -0.478
-1.197 0.864 -0.479
-1.191 0.869 -0.479
-1.184 0.874 -0.480
-1.178 0.879 -0.480
-1.172 0.884 -0.481
-1.165 0.889 -0.481
-1.159 0.894 -0.482
-1.153 0.899 -0.482
-1.146 0.904 -0.483
-1.140 0.909 -0.483
-1.134 0.915 -0.484
-1.127 0.920 -0.484
-1.121 0.925 -0.484
-1.114 0.930 -0.485
-1.108 0.935 -0.485
-1.101 0.940 -0.486
-1.095 0.946 -0.486
-1.090 0.950 -0.485
-1.084 0.955 -0.485
-1.078 0.960 -0.486
-1.072 0.965 -0.486
-1.066 0.969 -0.487
-1.062 0.972 -0.488
-1.060 0.974 -0.488
-1.059 0.974 -0.489
-1.058 0.974 -0.491
-1.059 0.972 -0.493
-1.062 0.969 -0.496
-1.064 0.966 -0.498
-1.067 0.964 -0.501
-1.069 0.961 -0.504
-1.071 0.959 -0.507
-1.073 0.956 -0.509
-1.073 0.953 -0.511
-1.074 0.951 -0.513
-1.075 0.949 -0.515
-1.075 0.947 -0.516
-1.075 0.945 -0.518
-1.074 0.944 -0.519
-1.074 0.942 -0.520
-1.073 0.940 -0.521
-1.072 0.939 -0.522
-1.071 0.938 -0.523
-1.069 0.937 -0.524
-1.068 0.936 -0.525
-1.066 0.935 -0.526
-1.065 0.934 -0.526
-1.063 0.933 -0.527
-1.061 0.933 -0.527
-1.059 0.932 -0.528
-1.057 0.931 -0.529
-1.055 0.931 -0.529
-1.053 0.930 -0.530
-1.050 0.930 -0.530
-1.048 0.929 -0.531
-1.046 0.928 -0.531
-1.044 0.928 -0.532
-1.041 0.927 -0.532
-1.039 0.927 -0.533
-1.037 0.926 -0.533
-1.034 0.926 -0.534
-1.032 0.926 -0.534
-1.030 0.926 -0.534
-1.028 0.926 -0.535
-1.025 0.925 -0.535
-1.023 0.925 -0.536
-1.021 0.925 -0.536
-1.018 0.925 -0.537
-1.016 0.925 -0.537
-1.014 0.925 -0.538
-1.012 0.924 -0.538
-1.010 0.924 -0.539
-1.008 0.924 -0.539
-1.006 0.924 -0.540
-1.004 0.924 -0.541
-1.003 0.924 -0.541
-1.001 0.923 -0.542
-0.999 0.923 -0.543
-0.998 0.923 -0.543
-0.996 0.923 -0.544
-0.995 0.923 -0.545
-0.993 0.923 -0.546
-0.992 0.923 -0.547
-0.990 0.923 -0.548
-0.989 0.923 -0.548
-0.988 0.923 -0.549
-0.986 0.923 -0.550
-0.985 0.923 -0.551
-0.984 0.923 -0.552
-0.983 0.923 -0.553
-0.981 0.922 -0.554
-0.980 0.922 -0.555
-0.979 0.922 -0.556
-0.978 0.921 -0.557
-0.977 0.921 -0.558
-0.976 0.921 -0.559
-0.975 0.920 -0.559
-0.974 0.920 -0.560
-0.973 0.920 -0.561
-0.972 0.920 -0.562
-0.971 0.920 -0.563
-0.969 0.920 -0.564
-0.968 0.919 -0.565
-0.967 0.919 -0.566
-0.966 0.919 -0.567
-0.965 0.919 -0.568
-0.963 0.918 -0.568
-0.962 0.918 -0.569
-0.961 0.917 -0.570
-0.960 0.917 -0.571
-0.958 0.916 -0.572
-0.957 0.916 -0.572
-0.956 0.915 -0.573
-0.955 0.914 -0.574
-0.954 0.914 -0.575
-0.953 0.913 -0.575
-0.952 0.912 -0.576
-0.950 0.912 -0.577
-0.949 0.911 -0.578
-0.948 0.910 -0.578
-0.946 0.910 -0.579
-0.945 0.909 -0.580
-0.944 0.908 -0.580
-0.942 0.908 -0.581
-0.941 0.907 -0.582
-0.939 0.906 -0.582
-0.938 0.906 -0.583
-0.936 0.906 -0.583
-0.935 0.905 -0.584
-0.933 0.905 -0.584
-0.931 0.904 -0.585
-0.930 0.904 -0.585
-0.928 0.903 -0.586
-0.927 0.903 -0.586
-0.925 0.902 -0.587
-0.924 0.901 -0.587
-0.922 0.901 -0.588
-0.921 0.900 -0.588
-0.919 0.900 -0.589
-0.918 0.899 -0.589
-0.916 0.899 -0.590
-0.914 0.898 -0.591
-0.913 0.898 -0.591
-0.911 0.897 -0.592
-0.910 0.897 -0.592
-0.908 0.896 -0.593
-0.906 0.896 -0.593
-0.905 0.895 -0.594
-0.903 0.895 -0.594
-0.902 0.895 -0.595
-0.900 0.894 -0.595
-0.899 0.894 -0.596
-0.897 0.894 -0.596
-0.896 0.894 -0.597
-0.894 0.893 -0.597
-0.893 0.893 -0.598
-0.891 0.892 -0.598
-0.890 0.892 -0.599
-0.889 0.892 -0.599
-0.887 0.891 -0.600
-0.886 0.891 -0.601
-0.885 0.890 -0.601
-0.884 0.889 -0.602
-0.882 0.889 -0.602
-0.881 0.888 -0.603
-0.880 0.888 -0.604
-0.879 0.887 -0.604
-0.878 0.887 -0.605
-0.877 0.887 -0.605
-0.875 0.886 -0.606
-0.874 0.886 -0.607
-0.873 0.885 -0.607
-0.872 0.885 -0.608
-0.871 0.885 -0.608
-0.869 0.884 -0.609
-0.869 0.884 -0.610
-0.867 0.884 -0.610
-0.866 0.883 -0.611
-0.865 0.883 -0.612
-0.864 0.882 -0.612
-0.863 0.881 -0.613
-0.862 0.880 -0.613
