x y z
-1.447 2.149 -0.369
-1.450 2.149 -0.367
-1.450 2.148 -0.367
-1.451 2.148 -0.365
-1.452 2.147 -0.363
-1.453 2.147 -0.361
-1.454 2.146 -0.359
-1.454 2.145 -0.359
-1.456 2.145 -0.356
-1.457 2.144 -0.354
-1.457 2.143 -0.353
-1.458 2.142 -0.352
-1.459 2.142 -0.349
-1.460 2.141 -0.348
-1.460 2.141 -0.347
-1.461 2.140 -0.345
-1.462 2.139 -0.343
-1.462 2.139 -0.342
-1.464 2.138 -0.340
-1.463 2.138 -0.338
-1.464 2.137 -0.337
-1.463 2.135 -0.334
-1.464 2.135 -0.333
-1.466 2.136 -0.331
-1.466 2.135 -0.330
-1.467 2.134 -0.328
-1.468 2.134 -0.327
-1.468 2.133 -0.325
-1.469 2.133 -0.324
-1.470 2.132 -0.322
-1.470 2.131 -0.320
-1.471 2.130 -0.319
-1.472 2.130 -0.317
-1.472 2.129 -0.315
-1.473 2.129 -0.314
-1.474 2.128 -0.312
-1.474 2.128 -0.310
-1.475 2.127 -0.308
-1.476 2.127 -0.306
-1.475 2.126 -0.305
-1.476 2.125 -0.304
-1.477 2.125 -0.302
-1.477 2.124 -0.300
-1.478 2.123 -0.299
-1.478 2.123 -0.297
-1.478 2.122 -0.296
-1.479 2.122 -0.294
-1.480 2.121 -0.293
-1.480 2.120 -0.291
-1.481 2.120 -0.289
-1.482 2.119 -0.287
-1.482 2.119 -0.286
-1.482 2.118 -0.284
-1.483 2.117 -0.283
-1.483 2.117 -0.281
-1.484 2.116 -0.280
-1.484 2.116 -0.278
-1.485 2.115 -0.276
-1.486 2.115 -0.275
-1.486 2.114 -0.274
-1.486 2.114 -0.273
-1.487 2.113 -0.271
-1.487 2.113 -0.270
-1.487 2.112 -0.268
-1.487 2.112 -0.266
-1.486 2.112 -0.264
-1.483 2.113 -0.263
-1.478 2.115 -0.262
-1.472 2.118 -0.262
-1.467 2.122 -0.260
-1.460 2.126 -0.260
-1.452 2.131 -0.260
-1.444 2.137 -0.260
-1.435 2.142 -0.260
-1.426 2.148 -0.260
-1.417 2.154 -0.260
-1.407 2.159 -0.260
-1.398 2.165 -0.259
-1.389 2.170 -0.259
-1.380 2.176 -0.258
-1.369 2.182 -0.258
-1.358 2.186 -0.257
-1.351 2.194 -0.257
-1.340 2.199 -0.256
-1.330 2.206 -0.255
-1.318 2.211 -0.254
-1.310 2.218 -0.253
-1.302 2.226 -0.254
-1.292 2.233 -0.253
-1.281 2.239 -0.253
-1.271 2.245 -0.252
-1.260 2.253 -0.252
-1.250 2.259 -0.251
-1.240 2.266 -0.251
-1.229 2.273 -0.251
-1.218 2.281 -0.250
-1.207 2.288 -0.250
-1.196 2.295 -0.250
-1.185 2.303 -0.250
-1.173 2.310 -0.250
-1.161 2.318 -0.250
-1.150 2.325 -0.250
-1.138 2.333 -0.250
-1.126 2.341 -0.250
-1.114 2.349 -0.251
-1.102 2.356 -0.251
-1.089 2.364 -0.252
-1.076 2.372 -0.253
-1.063 2.380 -0.253
-1.050 2.388 -0.254
-1.037 2.396 -0.255
-1.024 2.405 -0.256
-1.010 2.413 -0.257
-0.997 2.421 -0.259
-0.983 2.430 -0.260
-0.969 2.438 -0.261
-0.955 2.446 -0.263
-0.941 2.455 -0.265
-0.928 2.464 -0.266
-0.914 2.473 -0.268
-0.901 2.481 -0.270
-0.888 2.490 -0.271
-0.875 2.498 -0.273
-0.861 2.507 -0.275
-0.848 2.516 -0.278
-0.835 2.525 -0.280
-0.822 2.534 -0.282
-0.809 2.543 -0.284
-0.796 2.552 -0.286
-0.782 2.561 -0.288
-0.769 2.570 -0.290
-0.756 2.579 -0.292
-0.742 2.588 -0.294
-0.729 2.597 -0.297
-0.715 2.606 -0.299
-0.701 2.615 -0.302
-0.687 2.624 -0.304
-0.674 2.633 -0.307
-0.661 2.642 -0.309
-0.647 2.651 -0.312
-0.634 2.660 -0.314
-0.623 2.667 -0.317
-0.612 2.675 -0.319
-0.604 2.682 -0.320
-0.597 2.687 -0.322
-0.592 2.692 -0.323
-0.589 2.696 -0.324
-0.587 2.699 -0.326
-0.589 2.700 -0.327
-0.593 2.699 -0.328
-0.598 2.695 -0.330
-0.603 2.692 -0.331
-0.607 2.689 -0.333
-0.609 2.686 -0.334
-0.612 2.682 -0.334
-0.613 2.680 -0.335
-0.614 2.677 -0.336
-0.614 2.675 -0.336
-0.614 2.674 -0.337
-0.614 2.673 -0.337
-0.612 2.672 -0.338
-0.610 2.672 -0.338
-0.609 2.672 -0.339
-0.606 2.673 -0.339
-0.604 2.674 -0.340
-0.601 2.675 -0.340
-0.598 2.676 -0.340
-0.595 2.676 -0.341
-0.592 2.678 -0.341
-0.589 2.679 -0.342
-0.586 2.680 -0.342
-0.583 2.681 -0.343
-0.580 2.682 -0.343
-0.576 2.683 -0.343
-0.573 2.684 -0.343
-0.570 2.686 -0.344
-0.567 2.687 -0.344
-0.563 2.688 -0.344
-0.560 2.689 -0.344
-0.557 2.691 -0.344
-0.553 2.692 -0.345
-0.550 2.694 -0.345
-0.547 2.696 -0.346
-0.543 2.698 -0.346
-0.540 2.699 -0.346
-0.536 2.700 -0.346
-0.533 2.702 -0.346
-0.530 2.703 -0.346
-0.527 2.705 -0.347
-0.523 2.706 -0.347
-0.520 2.708 -0.347
-0.517 2.710 -0.347
-0.514 2.711 -0.347
-0.511 2.713 -0.347
-0.508 2.714 -0.347
-0.505 2.716 -0.348
-0.502 2.717 -0.348
-0.500 2.719 -0.348
-0.497 2.720 -0.349
-0.494 2.722 -0.349
-0.492 2.723 -0.349
-0.490 2.725 -0.349
-0.487 2.727 -0.350
-0.485 2.728 -0.350
-0.483 2.730 -0.350
-0.481 2.731 -0.350
-0.479 2.733 -0.351
-0.477 2.734 -0.351
-0.475 2.736 -0.351
-0.473 2.737 -0.352
-0.472 2.738 -0.352
-0.470 2.739 -0.353
-0.468 2.741 -0.353
-0.467 2.742 -0.354
-0.466 2.743 -0.354
-0.464 2.744 -0.354
-0.463 2.745 -0.355
-0.462 2.746 -0.355
-0.460 2.747 -0.355
-0.459 2.748 -0.356
-0.457 2.749 -0.356
-0.456 2.750 -0.356
-0.455 2.751 -0.357
-0.454 2.752 -0.357
-0.452 2.753 -0.357
-0.451 2.754 -0.358
-0.450 2.755 -0.358
-0.449 2.755 -0.358
-0.448 2.756 -0.358
-0.446 2.757 -0.358
-0.445 2.758 -0.358
-0.444 2.758 -0.358
-0.443 2.758 -0.358
-0.442 2.759 -0.358
-0.441 2.760 -0.358
-0.439 2.760 -0.358
-0.439 2.761 -0.358
-0.438 2.763 -0.359
-0.436 2.763 -0.358
-0.434 2.763 -0.358
-0.433 2.763 -0.358
-0.431 2.763 -0.358
-0.430 2.764 -0.357
-0.428 2.764 -0.357
-0.427 2.765 -0.357
-0.426 2.765 -0.357
-0.424 2.766 -0.356
-0.423 2.766 -0.356
-0.421 2.766 -0.356
-0.419 2.767 -0.355
-0.418 2.768 -0.355
-0.416 2.768 -0.355
-0.414 2.769 -0.354
-0.413 2.769 -0.354
-0.411 2.770 -0.354
-0.409 2.770 -0.353
-0.408 2.770 -0.353
-0.406 2.771 -0.352
-0.404 2.771 -0.352
-0.403 2.772 -0.352
-0.401 2.772 -0.351
-0.399 2.773 -0.351
-0.397 2.774 -0.351
-0.395 2.774 -0.350
-0.394 2.775 -0.349
-0.392 2.776 -0.349
-0.390 2.776 -0.349
-0.388 2.777 -0.348
-0.385 2.777 -0.347
-0.384 2.779 -0.348
-0.383 2.779 -0.347
-0.381 2.781 -0.347
-0.379 2.781 -0.346
-0.377 2.782 -0.346
-0.377 2.783 -0.346
-0.375 2.784 -0.345
-0.373 2.785 -0.345
-0.371 2.786 -0.344
-0.369 2.787 -0.344
-0.366 2.788 -0.344
-0.366 2.788 -0.343
-0.364 2.789 -0.343
-0.363 2.790 -0.342
-0.361 2.791 -0.342
-0.360 2.792 -0.342
-0.358 2.793 -0.341
-0.357 2.794 -0.341
-0.355 2.794 -0.341
-0.354 2.795 -0.340
-0.352 2.796 -0.340
-0.351 2.797 -0.340
-0.350 2.798 -0.339
-0.349 2.799 -0.339
-0.347 2.800 -0.339
-0.346 2.801 -0.338
-0.345 2.801 -0.338
-0.343 2.802 -0.338
-0.342 2.803 -0.337
-0.341 2.804 -0.337
-0.338 2.805 -0.336
-0.337 2.805 -0.336
-0.336 2.806 -0.335
-0.335 2.807 -0.335
-0.334 2.808 -0.334
-0.332 2.809 -0.334
-0.331 2.809 -0.333
-0.330 2.809 -0.333
-0.329 2.810 -0.332
-0.330 2.811 -0.332
-0.328 2.812 -0.331
-0.327 2.813 -0.330
-0.325 2.812 -0.330
-0.324 2.813 -0.329
-0.323 2.814 -0.329
-0.322 2.814 -0.328
-0.321 2.814 -0.327
-0.320 2.815 -0.327
-0.319 2.815 -0.326
-0.318 2.815 -0.325
-0.317 2.816 -0.325
-0.316 2.816 -0.324
-0.315 2.817 -0.323
-0.314 2.817 -0.322
-0.313 2.817 -0.322
-0.312 2.818 -0.321
-0.311 2.818 -0.320
-0.310 2.818 -0.319
-0.309 2.819 -0.319
-0.308 2.819 -0.317
-0.307 2.820 -0.317
-0.306 2.820 -0.316
-0.304 2.820 -0.315
-0.303 2.821 -0.314
-0.303 2.822 -0.314
-0.303 2.823 -0.313
-0.301 2.824 -0.312
-0.300 2.824 -0.311
-0.299 2.825 -0.310
-0.298 2.825 -0.309
-0.297 2.825 -0.308
-0.296 2.826 -0.307
-0.295 2.826 -0.306
-0.294 2.826 -0.306
-0.294 2.826 -0.305
-0.292 2.827 -0.304
-0.292 2.827 -0.303
-0.290 2.827 -0.302
-0.289 2.828 -0.301
-0.288 2.828 -0.300
-0.287 2.829 -0.299
-0.286 2.829 -0.298
-0.285 2.830 -0.297
-0.284 2.830 -0.296
-0.283 2.831 -0.295
-0.282 2.831 -0.294
-0.281 2.832 -0.293
-0.280 2.832 -0.292
-0.279 2.832 -0.292
-0.278 2.833 -0.290
-0.277 2.833 -0.289
-0.276 2.834 -0.289
-0.275 2.834 -0.287
-0.275 2.836 -0.286
-0.271 2.834 -0.285
-0.270 2.834 -0.285
-0.270 2.835 -0.283
-0.268 2.835 -0.282
-0.267 2.836 -0.282
-0.266 2.836 -0.281
-0.265 2.837 -0.279
-0.264 2.837 -0.278
-0.263 2.838 -0.278
-0.263 2.838 -0.276
-0.261 2.838 -0.275
