x y z
-2.147 0.165 -0.554
-2.147 0.165 -0.553
-2.147 0.165 -0.551
-2.146 0.165 -0.550
-2.146 0.165 -0.548
-2.146 0.165 -0.547
-2.146 0.165 -0.545
-2.146 0.165 -0.543
-2.146 0.165 -0.542
-2.146 0.165 -0.540
-2.146 0.165 -0.539
-2.146 0.165 -0.537
-2.146 0.166 -0.535
-2.146 0.166 -0.534
-2.146 0.166 -0.532
-2.146 0.166 -0.530
-2.145 0.167 -0.529
-2.145 0.167 -0.527
-2.145 0.167 -0.525
-2.145 0.167 -0.524
-2.145 0.167 -0.522
-2.145 0.167 -0.521
-2.145 0.167 -0.519
-2.145 0.167 -0.517
-2.145 0.167 -0.516
-2.145 0.167 -0.514
-2.145 0.167 -0.513
-2.145 0.167 -0.511
-2.145 0.167 -0.509
-2.144 0.167 -0.508
-2.144 0.167 -0.506
-2.144 0.167 -0.505
-2.144 0.167 -0.503
-2.144 0.168 -0.502
-2.144 0.168 -0.500
-2.145 0.168 -0.498
-2.144 0.168 -0.497
-2.144 0.169 -0.496
-2.144 0.169 -0.494
-2.144 0.169 -0.492
-2.144 0.169 -0.491
-2.144 0.170 -0.489
-2.144 0.170 -0.488
-2.144 0.170 -0.486
-2.144 0.170 -0.485
-2.144 0.171 -0.483
-2.144 0.171 -0.481
-2.144 0.171 -0.480
-2.144 0.172 -0.478
-2.144 0.172 -0.477
-2.144 0.172 -0.475
-2.144 0.173 -0.474
-2.144 0.173 -0.472
-2.144 0.174 -0.471
-2.144 0.174 -0.469
-2.144 0.174 -0.468
-2.144 0.175 -0.467
-2.145 0.175 -0.465
-2.145 0.176 -0.464
-2.145 0.176 -0.463
-2.145 0.177 -0.462
-2.145 0.178 -0.460
-2.146 0.179 -0.459
-2.146 0.180 -0.458
-2.145 0.180 -0.457
-2.144 0.181 -0.456
-2.141 0.182 -0.455
-2.136 0.183 -0.453
-2.129 0.183 -0.452
-2.121 0.183 -0.452
-2.112 0.183 -0.451
-2.102 0.183 -0.451
-2.092 0.182 -0.451
-2.081 0.181 -0.451
-2.068 0.181 -0.451
-2.056 0.180 -0.451
-2.043 0.180 -0.452
-2.031 0.179 -0.452
-2.016 0.178 -0.452
-2.003 0.177 -0.453
-1.989 0.177 -0.453
-1.973 0.176 -0.454
-1.958 0.176 -0.454
-1.944 0.175 -0.455
-1.929 0.175 -0.456
-1.913 0.175 -0.456
-1.898 0.175 -0.457
-1.882 0.174 -0.458
-1.865 0.174 -0.459
-1.849 0.174 -0.460
-1.832 0.174 -0.461
-1.816 0.173 -0.462
-1.799 0.173 -0.463
-1.782 0.173 -0.464
-1.766 0.172 -0.465
-1.749 0.172 -0.467
-1.732 0.171 -0.468
-1.714 0.171 -0.471
-1.697 0.171 -0.472
-1.680 0.171 -0.475
-1.662 0.170 -0.477
-1.644 0.170 -0.479
-1.626 0.169 -0.481
-1.607 0.170 -0.484
-1.589 0.169 -0.486
-1.571 0.169 -0.488
-1.552 0.169 -0.491
-1.533 0.168 -0.494
-1.514 0.168 -0.496
-1.495 0.168 -0.499
-1.476 0.167 -0.502
-1.457 0.167 -0.505
-1.438 0.167 -0.508
-1.419 0.166 -0.511
-1.399 0.166 -0.514
-1.380 0.165 -0.517
-1.360 0.165 -0.520
-1.340 0.165 -0.524
-1.320 0.164 -0.528
-1.300 0.164 -0.531
-1.280 0.164 -0.534
-1.260 0.163 -0.538
-1.240 0.162 -0.542
-1.219 0.162 -0.545
-1.198 0.161 -0.549
-1.178 0.161 -0.552
-1.157 0.160 -0.556
-1.136 0.159 -0.560
-1.115 0.159 -0.564
-1.094 0.158 -0.567
-1.073 0.158 -0.571
-1.052 0.157 -0.575
-1.031 0.156 -0.578
-1.010 0.156 -0.582
-0.989 0.155 -0.585
-0.968 0.155 -0.589
-0.947 0.154 -0.593
-0.926 0.154 -0.596
-0.904 0.153 -0.600
-0.882 0.152 -0.603
-0.861 0.152 -0.607
-0.841 0.151 -0.610
-0.823 0.150 -0.613
-0.807 0.149 -0.616
-0.795 0.147 -0.618
-0.787 0.145 -0.621
-0.785 0.144 -0.624
-0.787 0.143 -0.628
-0.792 0.142 -0.633
-0.797 0.141 -0.636
-0.805 0.141 -0.640
-0.812 0.140 -0.644
-0.816 0.139 -0.646
-0.822 0.140 -0.649
-0.827 0.140 -0.651
-0.830 0.139 -0.652
-0.834 0.139 -0.653
-0.838 0.139 -0.654
-0.843 0.139 -0.655
-0.847 0.138 -0.655
-0.851 0.138 -0.656
-0.854 0.138 -0.656
-0.856 0.139 -0.657
-0.858 0.139 -0.657
-0.859 0.139 -0.657
-0.860 0.139 -0.657
-0.860 0.139 -0.656
-0.860 0.139 -0.656
-0.860 0.139 -0.655
-0.859 0.139 -0.654
-0.857 0.138 -0.653
-0.856 0.138 -0.652
-0.854 0.138 -0.652
-0.852 0.138 -0.650
-0.850 0.138 -0.649
-0.847 0.137 -0.648
-0.845 0.137 -0.646
-0.842 0.136 -0.644
-0.839 0.136 -0.643
-0.836 0.135 -0.641
-0.833 0.135 -0.639
-0.830 0.134 -0.636
-0.826 0.133 -0.634
-0.823 0.133 -0.632
-0.819 0.132 -0.630
-0.815 0.132 -0.628
-0.812 0.132 -0.626
-0.808 0.131 -0.623
-0.804 0.131 -0.621
-0.801 0.131 -0.618
-0.797 0.129 -0.615
-0.793 0.129 -0.612
-0.790 0.127 -0.609
-0.787 0.127 -0.607
-0.784 0.127 -0.604
-0.781 0.126 -0.602
-0.778 0.125 -0.600
-0.775 0.125 -0.597
-0.772 0.124 -0.595
-0.770 0.124 -0.593
-0.767 0.123 -0.591
-0.765 0.123 -0.589
-0.763 0.123 -0.587
-0.761 0.122 -0.586
-0.759 0.122 -0.584
-0.757 0.122 -0.582
-0.756 0.121 -0.581
-0.754 0.121 -0.580
-0.752 0.121 -0.578
-0.751 0.121 -0.577
-0.750 0.121 -0.576
-0.749 0.120 -0.575
-0.748 0.120 -0.574
-0.747 0.120 -0.573
-0.746 0.120 -0.572
-0.745 0.120 -0.572
-0.744 0.120 -0.571
-0.743 0.119 -0.571
-0.743 0.119 -0.570
-0.742 0.119 -0.570
-0.742 0.119 -0.569
-0.742 0.119 -0.569
-0.741 0.120 -0.569
-0.741 0.120 -0.568
-0.741 0.120 -0.568
-0.741 0.120 -0.568
-0.741 0.120 -0.568
-0.741 0.121 -0.567
-0.741 0.121 -0.568
-0.741 0.121 -0.567
-0.741 0.123 -0.568
-0.741 0.123 -0.568
-0.741 0.123 -0.568
-0.741 0.124 -0.568
-0.741 0.124 -0.568
-0.741 0.124 -0.567
-0.741 0.125 -0.567
-0.741 0.125 -0.566
-0.740 0.125 -0.566
-0.740 0.125 -0.565
-0.740 0.125 -0.565
-0.740 0.125 -0.564
-0.739 0.126 -0.563
-0.739 0.126 -0.562
-0.738 0.126 -0.561
-0.738 0.126 -0.561
-0.737 0.126 -0.560
-0.736 0.126 -0.559
-0.735 0.126 -0.557
-0.734 0.127 -0.557
-0.733 0.127 -0.555
-0.731 0.127 -0.554
-0.731 0.127 -0.552
-0.730 0.127 -0.551
-0.728 0.127 -0.550
-0.727 0.127 -0.549
-0.726 0.127 -0.547
-0.724 0.127 -0.546
-0.723 0.127 -0.544
-0.720 0.127 -0.543
-0.719 0.127 -0.541
-0.717 0.127 -0.539
-0.715 0.127 -0.538
-0.713 0.127 -0.536
-0.712 0.127 -0.534
-0.710 0.126 -0.532
-0.708 0.126 -0.530
-0.706 0.126 -0.529
-0.704 0.125 -0.527
-0.703 0.125 -0.525
-0.701 0.125 -0.523
-0.699 0.125 -0.521
-0.697 0.124 -0.519
-0.695 0.124 -0.517
-0.693 0.124 -0.515
-0.691 0.124 -0.513
-0.690 0.124 -0.511
-0.688 0.123 -0.509
-0.687 0.122 -0.506
-0.685 0.122 -0.504
-0.684 0.122 -0.503
-0.682 0.121 -0.501
-0.681 0.121 -0.499
-0.680 0.121 -0.497
-0.678 0.121 -0.495
-0.677 0.120 -0.494
-0.675 0.120 -0.492
-0.674 0.120 -0.490
-0.673 0.119 -0.488
-0.672 0.119 -0.486
-0.671 0.118 -0.485
-0.670 0.118 -0.484
-0.669 0.118 -0.482
-0.667 0.119 -0.481
-0.667 0.118 -0.479
-0.666 0.119 -0.479
-0.665 0.119 -0.477
-0.664 0.119 -0.476
-0.664 0.119 -0.475
-0.663 0.119 -0.474
-0.662 0.119 -0.472
-0.662 0.119 -0.471
-0.661 0.120 -0.471
-0.661 0.119 -0.469
-0.660 0.120 -0.469
-0.660 0.120 -0.468
-0.659 0.120 -0.467
-0.659 0.120 -0.466
-0.658 0.120 -0.465
-0.658 0.120 -0.463
-0.658 0.120 -0.462
-0.657 0.120 -0.461
-0.656 0.120 -0.461
-0.657 0.120 -0.459
-0.656 0.120 -0.458
-0.656 0.120 -0.457
-0.656 0.120 -0.456
-0.656 0.120 -0.455
-0.655 0.121 -0.453
-0.655 0.121 -0.452
-0.654 0.121 -0.451
-0.654 0.121 -0.449
-0.654 0.121 -0.448
-0.653 0.121 -0.447
