x y z
-1.517 -0.105 -0.592
-1.517 -0.105 -0.591
-1.517 -0.104 -0.590
-1.518 -0.103 -0.589
-1.521 -0.105 -0.585
-1.520 -0.102 -0.586
-1.520 -0.101 -0.585
-1.520 -0.100 -0.584
-1.520 -0.099 -0.584
-1.521 -0.099 -0.583
-1.521 -0.098 -0.582
-1.522 -0.097 -0.581
-1.522 -0.097 -0.580
-1.523 -0.096 -0.579
-1.523 -0.095 -0.578
-1.523 -0.095 -0.577
-1.523 -0.094 -0.576
-1.523 -0.094 -0.575
-1.524 -0.093 -0.574
-1.524 -0.092 -0.573
-1.525 -0.091 -0.572
-1.525 -0.091 -0.571
-1.526 -0.090 -0.570
-1.526 -0.089 -0.569
-1.527 -0.088 -0.567
-1.527 -0.088 -0.566
-1.527 -0.087 -0.565
-1.528 -0.086 -0.564
-1.528 -0.085 -0.563
-1.528 -0.084 -0.562
-1.528 -0.084 -0.561
-1.529 -0.083 -0.559
-1.529 -0.083 -0.558
-1.529 -0.082 -0.557
-1.529 -0.081 -0.556
-1.530 -0.081 -0.555
-1.530 -0.080 -0.553
-1.530 -0.079 -0.552
-1.530 -0.079 -0.551
-1.530 -0.078 -0.550
-1.530 -0.077 -0.549
-1.531 -0.076 -0.547
-1.531 -0.076 -0.546
-1.531 -0.075 -0.545
-1.531 -0.074 -0.544
-1.532 -0.073 -0.542
-1.532 -0.073 -0.541
-1.532 -0.072 -0.540
-1.533 -0.072 -0.539
-1.533 -0.071 -0.538
-1.533 -0.070 -0.536
-1.533 -0.070 -0.535
-1.533 -0.069 -0.534
-1.533 -0.069 -0.533
-1.533 -0.068 -0.531
-1.533 -0.067 -0.530
-1.533 -0.067 -0.529
-1.533 -0.066 -0.527
-1.534 -0.066 -0.526
-1.533 -0.065 -0.525
-1.534 -0.065 -0.524
-1.534 -0.064 -0.522
-1.534 -0.063 -0.521
-1.534 -0.063 -0.520
-1.534 -0.062 -0.519
-1.534 -0.061 -0.517
-1.534 -0.060 -0.516
-1.534 -0.059 -0.515
-1.535 -0.057 -0.513
-1.535 -0.055 -0.512
-1.535 -0.051 -0.511
-1.535 -0.046 -0.509
-1.536 -0.040 -0.508
-1.537 -0.032 -0.508
-1.538 -0.024 -0.507
-1.539 -0.015 -0.507
-1.540 -0.005 -0.507
-1.541 0.005 -0.507
-1.543 0.016 -0.507
-1.545 0.026 -0.507
-1.546 0.038 -0.507
-1.548 0.049 -0.506
-1.550 0.061 -0.506
-1.551 0.072 -0.505
-1.553 0.084 -0.504
-1.554 0.096 -0.503
-1.556 0.109 -0.502
-1.558 0.121 -0.501
-1.559 0.134 -0.500
-1.561 0.147 -0.499
-1.563 0.160 -0.498
-1.565 0.173 -0.497
-1.567 0.186 -0.496
-1.569 0.199 -0.495
-1.571 0.213 -0.494
-1.573 0.226 -0.493
-1.575 0.239 -0.492
-1.577 0.252 -0.492
-1.579 0.266 -0.491
-1.581 0.280 -0.491
-1.583 0.293 -0.490
-1.585 0.307 -0.490
-1.586 0.321 -0.489
-1.588 0.335 -0.489
-1.590 0.349 -0.489
-1.592 0.363 -0.488
-1.595 0.377 -0.488
-1.597 0.391 -0.488
-1.599 0.405 -0.488
-1.601 0.420 -0.489
-1.603 0.435 -0.489
-1.605 0.450 -0.489
-1.606 0.465 -0.490
-1.608 0.480 -0.491
-1.611 0.495 -0.491
-1.613 0.510 -0.492
-1.615 0.525 -0.492
-1.617 0.540 -0.493
-1.619 0.555 -0.494
-1.621 0.570 -0.495
-1.623 0.586 -0.496
-1.625 0.601 -0.498
-1.627 0.617 -0.499
-1.629 0.632 -0.500
-1.631 0.648 -0.502
-1.633 0.664 -0.503
-1.635 0.680 -0.505
-1.637 0.696 -0.506
-1.639 0.712 -0.507
-1.642 0.728 -0.509
-1.644 0.745 -0.511
-1.646 0.761 -0.512
-1.648 0.777 -0.514
-1.650 0.793 -0.515
-1.651 0.809 -0.517
-1.653 0.826 -0.519
-1.656 0.842 -0.521
-1.657 0.858 -0.522
-1.659 0.875 -0.523
-1.661 0.891 -0.525
-1.663 0.908 -0.527
-1.665 0.924 -0.529
-1.667 0.941 -0.530
-1.669 0.957 -0.532
-1.671 0.972 -0.533
-1.672 0.986 -0.534
-1.672 0.998 -0.536
-1.672 1.008 -0.537
-1.669 1.015 -0.537
-1.665 1.018 -0.538
-1.660 1.019 -0.539
-1.657 1.017 -0.541
-1.654 1.012 -0.543
-1.651 1.006 -0.545
-1.650 1.001 -0.547
-1.648 0.998 -0.549
-1.645 0.995 -0.550
-1.642 0.993 -0.550
-1.640 0.990 -0.551
-1.637 0.988 -0.551
-1.635 0.986 -0.551
-1.632 0.985 -0.551
-1.630 0.985 -0.552
-1.627 0.984 -0.551
-1.625 0.985 -0.551
-1.622 0.985 -0.551
-1.620 0.986 -0.551
-1.618 0.988 -0.551
-1.616 0.989 -0.551
-1.614 0.991 -0.551
-1.611 0.993 -0.551
-1.609 0.995 -0.551
-1.607 0.998 -0.551
-1.606 1.000 -0.551
-1.604 1.003 -0.551
-1.602 1.006 -0.551
-1.600 1.009 -0.551
-1.599 1.012 -0.551
-1.597 1.016 -0.551
-1.596 1.019 -0.551
-1.594 1.022 -0.552
-1.593 1.025 -0.552
-1.591 1.029 -0.552
-1.590 1.032 -0.552
-1.589 1.036 -0.551
-1.587 1.039 -0.551
-1.585 1.043 -0.552
-1.584 1.047 -0.552
-1.583 1.051 -0.552
-1.581 1.055 -0.552
-1.580 1.059 -0.552
-1.579 1.062 -0.552
-1.579 1.066 -0.552
-1.579 1.070 -0.552
-1.578 1.073 -0.552
-1.577 1.077 -0.552
-1.577 1.080 -0.552
-1.576 1.083 -0.552
-1.575 1.086 -0.552
-1.575 1.089 -0.551
-1.574 1.092 -0.551
-1.573 1.095 -0.551
-1.573 1.098 -0.551
-1.572 1.100 -0.551
-1.572 1.103 -0.551
-1.572 1.105 -0.551
-1.571 1.108 -0.551
-1.570 1.110 -0.551
-1.570 1.112 -0.550
-1.570 1.115 -0.550
-1.569 1.117 -0.550
-1.569 1.119 -0.550
-1.569 1.121 -0.550
-1.569 1.123 -0.550
-1.569 1.125 -0.550
-1.568 1.127 -0.549
-1.568 1.129 -0.549
-1.568 1.131 -0.549
-1.569 1.133 -0.549
-1.568 1.134 -0.548
-1.568 1.136 -0.548
-1.568 1.138 -0.548
-1.568 1.139 -0.548
-1.568 1.141 -0.547
-1.567 1.142 -0.547
-1.567 1.143 -0.547
-1.567 1.145 -0.546
-1.567 1.146 -0.546
-1.566 1.147 -0.545
-1.565 1.149 -0.545
-1.565 1.150 -0.545
-1.565 1.151 -0.544
-1.564 1.152 -0.543
-1.564 1.153 -0.543
-1.563 1.154 -0.542
-1.563 1.155 -0.541
-1.562 1.156 -0.541
-1.562 1.158 -0.540
-1.561 1.158 -0.539
-1.561 1.160 -0.538
-1.560 1.161 -0.537
-1.560 1.162 -0.536
-1.559 1.163 -0.535
-1.559 1.164 -0.534
-1.558 1.166 -0.534
-1.558 1.167 -0.532
-1.557 1.168 -0.531
-1.556 1.169 -0.531
-1.555 1.170 -0.529
-1.554 1.171 -0.528
-1.554 1.173 -0.527
-1.553 1.174 -0.526
-1.551 1.175 -0.525
-1.551 1.176 -0.524
-1.550 1.178 -0.523
-1.549 1.179 -0.522
-1.548 1.181 -0.521
-1.547 1.182 -0.520
-1.546 1.184 -0.519
-1.545 1.185 -0.518
-1.544 1.187 -0.516
-1.543 1.189 -0.515
-1.542 1.190 -0.514
-1.540 1.191 -0.511
-1.539 1.193 -0.510
-1.539 1.195 -0.509
-1.538 1.197 -0.508
-1.537 1.199 -0.507
-1.536 1.201 -0.505
-1.536 1.202 -0.504
-1.535 1.205 -0.504
-1.535 1.206 -0.503
-1.535 1.208 -0.502
-1.534 1.210 -0.501
-1.533 1.211 -0.499
-1.532 1.213 -0.498
-1.531 1.215 -0.497
-1.531 1.216 -0.496
-1.531 1.218 -0.495
-1.530 1.219 -0.493
-1.529 1.221 -0.492
-1.529 1.223 -0.491
-1.529 1.224 -0.490
-1.529 1.226 -0.489
-1.528 1.227 -0.487
-1.528 1.229 -0.487
-1.528 1.231 -0.485
-1.527 1.232 -0.484
-1.528 1.234 -0.483
-1.527 1.235 -0.482
-1.527 1.237 -0.481
-1.527 1.239 -0.480
-1.527 1.240 -0.478
-1.527 1.241 -0.478
-1.527 1.242 -0.476
-1.526 1.244 -0.475
-1.526 1.245 -0.474
-1.526 1.246 -0.473
-1.526 1.248 -0.472
-1.526 1.249 -0.470
-1.525 1.250 -0.469
-1.525 1.251 -0.468
-1.525 1.252 -0.467
-1.525 1.253 -0.465
-1.525 1.254 -0.464
-1.524 1.255 -0.463
-1.524 1.256 -0.462
-1.524 1.257 -0.460
-1.524 1.258 -0.459
-1.524 1.259 -0.458
-1.523 1.260 -0.456
-1.523 1.261 -0.455
-1.523 1.261 -0.454
-1.523 1.262 -0.452
-1.523 1.263 -0.451
-1.523 1.264 -0.449
-1.522 1.265 -0.448
-1.522 1.266 -0.447
-1.522 1.267 -0.445
-1.522 1.267 -0.444
-1.521 1.268 -0.442
-1.521 1.269 -0.441
-1.521 1.269 -0.439
-1.520 1.270 -0.438
-1.520 1.271 -0.437
-1.519 1.271 -0.435
-1.519 1.272 -0.433
-1.519 1.273 -0.432
-1.518 1.274 -0.430
-1.518 1.274 -0.428
-1.517 1.275 -0.427
-1.517 1.276 -0.426
-1.517 1.276 -0.424
-1.516 1.277 -0.423
-1.516 1.278 -0.421
-1.516 1.279 -0.419
-1.515 1.280 -0.418
-1.515 1.280 -0.416
-1.515 1.281 -0.415
-1.514 1.282 -0.413
-1.514 1.282 -0.411
-1.514 1.283 -0.409
-1.513 1.284 -0.408
-1.513 1.284 -0.406
-1.512 1.285 -0.405
-1.512 1.286 -0.402
-1.512 1.286 -0.401
-1.511 1.287 -0.400
-1.511 1.288 -0.398
-1.511 1.288 -0.396
-1.511 1.289 -0.394
-1.510 1.290 -0.393
-1.510 1.291 -0.391
-1.509 1.291 -0.389
-1.509 1.292 -0.387
-1.509 1.293 -0.386
-1.509 1.294 -0.384
-1.509 1.294 -0.382
-1.509 1.294 -0.381
-1.508 1.295 -0.379
-1.508 1.296 -0.377
-1.508 1.297 -0.375
-1.508 1.297 -0.374
-1.507 1.298 -0.372
-1.507 1.299 -0.370
-1.507 1.299 -0.369
-1.507 1.300 -0.367
-1.507 1.301 -0.365
-1.506 1.302 -0.364
-1.506 1.302 -0.362
-1.506 1.303 -0.360
-1.506 1.304 -0.358
-1.506 1.304 -0.357
-1.506 1.305 -0.355
-1.506 1.305 -0.353
-1.506 1.306 -0.351
-1.506 1.306 -0.349
-1.505 1.307 -0.348
-1.505 1.308 -0.346
-1.505 1.308 -0.344
-1.505 1.309 -0.343
-1.505 1.309 -0.341
-1.505 1.310 -0.339
-1.505 1.310 -0.337
-1.505 1.311 -0.335
-1.505 1.311 -0.334
-1.504 1.312 -0.332
-1.504 1.312 -0.330
-1.504 1.313 -0.329
-1.504 1.313 -0.327
-1.504 1.314 -0.325
-1.504 1.314 -0.323
-1.503 1.315 -0.321
-1.503 1.315 -0.319
-1.503 1.315 -0.318
-1.503 1.315 -0.316
-1.503 1.316 -0.314
-1.503 1.317 -0.312
-1.502 1.316 -0.310
-1.502 1.317 -0.308
-1.502 1.317 -0.306
-1.502 1.318 -0.305
-1.502 1.318 -0.303
-1.501 1.319 -0.301
-1.501 1.319 -0.299
-1.501 1.319 -0.297
-1.501 1.320 -0.295
-1.500 1.320 -0.293
-1.500 1.320 -0.291
-1.500 1.321 -0.289
-1.500 1.321 -0.287
-1.500 1.321 -0.286
-1.499 1.321 -0.284
-1.499 1.322 -0.282
-1.499 1.322 -0.280
-1.499 1.322 -0.278
-1.498 1.322 -0.276
-1.498 1.323 -0.274
-1.498 1.323 -0.272
-1.498 1.323 -0.270
-1.497 1.323 -0.268
-1.497 1.324 -0.266
-1.497 1.324 -0.264
-1.497 1.324 -0.262
-1.497 1.324 -0.260
-1.496 1.324 -0.258
-1.496 1.324 -0.256
-1.496 1.325 -0.254
-1.496 1.325 -0.252
-1.495 1.325 -0.250
-1.495 1.325 -0.248
-1.495 1.325 -0.246
-1.495 1.326 -0.245
-1.495 1.326 -0.243
-1.495 1.326 -0.241
-1.495 1.327 -0.239
-1.494 1.327 -0.237
-1.494 1.327 -0.235
-1.494 1.327 -0.233
-1.494 1.328 -0.231
-1.494 1.328 -0.229
-1.493 1.328 -0.227
-1.493 1.328 -0.225
-1.493 1.328 -0.223
-1.493 1.328 -0.220
-1.492 1.328 -0.219
-1.492 1.328 -0.217
-1.492 1.328 -0.215
-1.492 1.329 -0.213
-1.492 1.329 -0.211
-1.492 1.329 -0.209
-1.491 1.329 -0.206
-1.491 1.329 -0.204
-1.491 1.330 -0.203
-1.491 1.330 -0.200
-1.491 1.330 -0.199
-1.491 1.330 -0.197
-1.490 1.331 -0.195
-1.490 1.330 -0.193
-1.490 1.330 -0.191
-1.490 1.331 -0.189
-1.489 1.331 -0.187
-1.489 1.331 -0.185
-1.488 1.331 -0.183
