x y z
-1.027 1.291 -0.425
-1.027 1.291 -0.424
-1.027 1.291 -0.423
-1.027 1.291 -0.422
-1.027 1.292 -0.420
-1.027 1.292 -0.419
-1.026 1.292 -0.418
-1.026 1.293 -0.417
-1.026 1.293 -0.416
-1.026 1.293 -0.415
-1.025 1.294 -0.414
-1.025 1.294 -0.413
-1.025 1.294 -0.412
-1.024 1.294 -0.410
-1.024 1.294 -0.409
-1.024 1.294 -0.408
-1.024 1.294 -0.407
-1.024 1.294 -0.406
-1.024 1.294 -0.404
-1.023 1.294 -0.403
-1.023 1.294 -0.402
-1.023 1.294 -0.400
-1.023 1.294 -0.399
-1.023 1.294 -0.398
-1.023 1.294 -0.397
-1.022 1.294 -0.396
-1.022 1.294 -0.395
-1.022 1.295 -0.394
-1.022 1.294 -0.392
-1.022 1.295 -0.391
-1.021 1.295 -0.390
-1.021 1.295 -0.389
-1.021 1.295 -0.388
-1.021 1.295 -0.387
-1.021 1.295 -0.385
-1.021 1.295 -0.384
-1.021 1.295 -0.383
-1.021 1.295 -0.382
-1.020 1.295 -0.380
-1.020 1.295 -0.379
-1.020 1.294 -0.378
-1.020 1.294 -0.377
-1.019 1.294 -0.376
-1.019 1.294 -0.374
-1.019 1.294 -0.373
-1.019 1.294 -0.372
-1.019 1.294 -0.371
-1.018 1.294 -0.370
-1.018 1.294 -0.368
-1.018 1.294 -0.367
-1.017 1.294 -0.366
-1.017 1.294 -0.365
-1.016 1.294 -0.363
-1.016 1.295 -0.362
-1.016 1.294 -0.361
-1.015 1.294 -0.360
-1.014 1.294 -0.359
-1.014 1.294 -0.358
-1.014 1.294 -0.356
-1.013 1.294 -0.355
-1.013 1.294 -0.354
-1.013 1.294 -0.354
-1.012 1.295 -0.353
-1.012 1.295 -0.352
-1.011 1.295 -0.351
-1.011 1.295 -0.350
-1.011 1.295 -0.349
-1.011 1.295 -0.348
-1.011 1.295 -0.347
-1.011 1.295 -0.346
-1.010 1.296 -0.346
-1.010 1.296 -0.345
-1.010 1.296 -0.344
-1.009 1.298 -0.342
-1.006 1.299 -0.341
-1.002 1.302 -0.340
-0.998 1.306 -0.339
-0.991 1.310 -0.338
-0.985 1.315 -0.338
-0.977 1.321 -0.337
-0.969 1.328 -0.338
-0.960 1.334 -0.338
-0.951 1.341 -0.337
-0.941 1.347 -0.337
-0.932 1.354 -0.336
-0.922 1.361 -0.335
-0.912 1.368 -0.335
-0.902 1.375 -0.334
-0.892 1.382 -0.332
-0.882 1.389 -0.331
-0.872 1.397 -0.330
-0.862 1.404 -0.329
-0.851 1.411 -0.328
-0.841 1.419 -0.326
-0.830 1.426 -0.325
-0.820 1.434 -0.324
-0.809 1.442 -0.323
-0.799 1.450 -0.322
-0.788 1.457 -0.321
-0.777 1.465 -0.319
-0.766 1.473 -0.318
-0.755 1.481 -0.317
-0.743 1.489 -0.316
-0.731 1.497 -0.315
-0.720 1.505 -0.314
-0.708 1.514 -0.313
-0.696 1.522 -0.312
-0.683 1.531 -0.311
-0.671 1.539 -0.311
-0.659 1.548 -0.310
-0.646 1.557 -0.309
-0.633 1.566 -0.309
-0.620 1.575 -0.308
-0.607 1.584 -0.308
-0.595 1.593 -0.308
-0.581 1.602 -0.307
-0.568 1.611 -0.307
-0.555 1.621 -0.307
-0.542 1.630 -0.307
-0.528 1.639 -0.307
-0.515 1.649 -0.308
-0.501 1.658 -0.308
-0.487 1.668 -0.308
-0.474 1.677 -0.309
-0.459 1.687 -0.309
-0.446 1.697 -0.310
-0.431 1.706 -0.311
-0.417 1.716 -0.312
-0.403 1.725 -0.313
-0.390 1.735 -0.314
-0.376 1.745 -0.315
-0.363 1.755 -0.316
-0.349 1.765 -0.317
-0.335 1.774 -0.318
-0.321 1.784 -0.320
-0.307 1.794 -0.321
-0.293 1.804 -0.322
-0.279 1.814 -0.324
-0.265 1.824 -0.325
-0.250 1.834 -0.327
-0.236 1.844 -0.329
-0.222 1.854 -0.331
-0.208 1.863 -0.332
-0.195 1.873 -0.334
-0.181 1.883 -0.336
-0.167 1.893 -0.338
-0.153 1.903 -0.340
-0.139 1.913 -0.342
-0.126 1.922 -0.344
-0.114 1.931 -0.346
-0.104 1.938 -0.347
-0.096 1.944 -0.348
-0.091 1.949 -0.349
-0.090 1.950 -0.349
-0.091 1.950 -0.350
-0.094 1.948 -0.351
-0.100 1.945 -0.353
-0.107 1.940 -0.354
-0.113 1.935 -0.355
-0.118 1.931 -0.356
-0.121 1.927 -0.357
-0.123 1.924 -0.357
-0.125 1.921 -0.357
-0.126 1.918 -0.357
-0.126 1.916 -0.357
-0.126 1.913 -0.356
-0.125 1.912 -0.356
-0.124 1.910 -0.356
-0.123 1.909 -0.356
-0.121 1.908 -0.355
-0.119 1.907 -0.355
-0.118 1.907 -0.355
-0.115 1.907 -0.355
-0.113 1.906 -0.355
-0.110 1.906 -0.354
-0.108 1.906 -0.354
-0.105 1.905 -0.354
-0.102 1.905 -0.354
-0.099 1.905 -0.354
-0.096 1.905 -0.353
-0.093 1.905 -0.353
-0.090 1.906 -0.353
-0.087 1.906 -0.353
-0.084 1.906 -0.352
-0.081 1.907 -0.352
-0.078 1.907 -0.352
-0.074 1.907 -0.351
-0.071 1.908 -0.351
-0.068 1.908 -0.350
-0.064 1.908 -0.350
-0.061 1.909 -0.349
-0.058 1.909 -0.349
-0.055 1.910 -0.348
-0.052 1.910 -0.347
-0.049 1.910 -0.347
-0.046 1.911 -0.346
-0.044 1.911 -0.346
-0.041 1.911 -0.345
-0.039 1.912 -0.345
-0.036 1.913 -0.344
-0.034 1.913 -0.344
-0.031 1.914 -0.343
-0.029 1.914 -0.343
-0.026 1.915 -0.342
-0.024 1.916 -0.342
-0.022 1.916 -0.341
-0.020 1.917 -0.341
-0.018 1.918 -0.340
-0.016 1.918 -0.340
-0.014 1.919 -0.340
-0.012 1.919 -0.339
-0.010 1.920 -0.339
-0.008 1.920 -0.338
-0.007 1.921 -0.338
-0.005 1.921 -0.338
-0.004 1.922 -0.337
-0.002 1.922 -0.337
-0.001 1.923 -0.337
0.000 1.923 -0.337
0.002 1.923 -0.336
0.003 1.924 -0.336
0.004 1.924 -0.336
0.005 1.925 -0.336
0.006 1.925 -0.336
0.007 1.925 -0.335
0.008 1.926 -0.335
0.009 1.926 -0.335
0.010 1.926 -0.335
0.011 1.927 -0.334
0.012 1.927 -0.334
0.013 1.927 -0.334
0.014 1.927 -0.334
0.014 1.927 -0.334
0.015 1.928 -0.333
0.016 1.928 -0.333
0.016 1.928 -0.333
0.017 1.928 -0.333
0.018 1.928 -0.332
0.018 1.928 -0.332
0.019 1.928 -0.332
0.020 1.928 -0.331
0.020 1.928 -0.331
0.021 1.928 -0.331
0.022 1.928 -0.330
0.023 1.928 -0.330
0.024 1.928 -0.329
0.024 1.928 -0.329
0.025 1.928 -0.328
0.026 1.928 -0.328
0.027 1.928 -0.327
0.028 1.928 -0.326
0.029 1.928 -0.326
0.030 1.928 -0.325
0.032 1.928 -0.324
0.033 1.928 -0.324
0.034 1.928 -0.323
0.035 1.928 -0.323
0.036 1.928 -0.322
0.037 1.927 -0.321
0.039 1.927 -0.320
0.040 1.927 -0.320
0.041 1.927 -0.319
0.042 1.927 -0.318
0.043 1.927 -0.317
0.045 1.926 -0.316
0.046 1.926 -0.316
0.047 1.926 -0.315
0.049 1.926 -0.314
0.050 1.926 -0.313
0.052 1.926 -0.312
0.053 1.926 -0.311
0.055 1.926 -0.310
0.056 1.926 -0.309
0.058 1.926 -0.309
0.060 1.926 -0.308
0.061 1.926 -0.307
0.063 1.926 -0.306
0.064 1.926 -0.305
0.066 1.926 -0.304
0.067 1.926 -0.303
0.069 1.927 -0.302
0.070 1.926 -0.301
0.071 1.926 -0.300
0.073 1.926 -0.300
0.074 1.926 -0.299
0.075 1.926 -0.298
0.077 1.926 -0.297
0.078 1.926 -0.296
0.079 1.926 -0.295
0.080 1.926 -0.294
0.081 1.926 -0.294
0.083 1.926 -0.293
0.084 1.926 -0.292
0.085 1.927 -0.291
0.086 1.927 -0.290
0.087 1.926 -0.290
0.089 1.927 -0.289
0.090 1.926 -0.288
0.091 1.927 -0.287
0.092 1.927 -0.287
0.093 1.927 -0.286
0.094 1.927 -0.285
0.095 1.927 -0.284
0.095 1.926 -0.284
0.096 1.926 -0.283
0.097 1.927 -0.282
0.098 1.926 -0.282
0.098 1.926 -0.281
0.099 1.926 -0.280
0.100 1.926 -0.279
0.100 1.926 -0.279
0.101 1.925 -0.278
0.101 1.925 -0.277
0.102 1.925 -0.277
0.102 1.925 -0.276
0.103 1.925 -0.275
0.103 1.925 -0.274
0.104 1.924 -0.274
0.104 1.924 -0.273
0.105 1.924 -0.272
0.105 1.924 -0.271
0.106 1.924 -0.270
0.106 1.924 -0.270
0.107 1.924 -0.269
0.107 1.924 -0.268
0.108 1.923 -0.267
0.108 1.923 -0.266
0.109 1.923 -0.265
0.109 1.922 -0.264
0.110 1.922 -0.264
0.110 1.922 -0.263
0.111 1.922 -0.262
0.112 1.921 -0.261
0.113 1.921 -0.260
