x y z
-1.679 0.976 -0.451
-1.679 0.975 -0.450
-1.678 0.974 -0.449
-1.677 0.973 -0.448
-1.676 0.972 -0.448
-1.675 0.971 -0.447
-1.674 0.969 -0.446
-1.673 0.968 -0.446
-1.672 0.967 -0.445
-1.671 0.966 -0.444
-1.669 0.965 -0.444
-1.668 0.964 -0.443
-1.667 0.964 -0.442
-1.666 0.963 -0.442
-1.665 0.962 -0.441
-1.664 0.961 -0.440
-1.663 0.960 -0.440
-1.661 0.959 -0.439
-1.660 0.958 -0.438
-1.659 0.957 -0.438
-1.658 0.956 -0.437
-1.656 0.955 -0.437
-1.655 0.954 -0.436
-1.654 0.953 -0.435
-1.653 0.952 -0.435
-1.652 0.951 -0.435
-1.651 0.950 -0.434
-1.649 0.949 -0.434
-1.648 0.948 -0.433
-1.647 0.947 -0.433
-1.646 0.946 -0.433
-1.645 0.944 -0.432
-1.643 0.943 -0.431
-1.643 0.942 -0.431
-1.641 0.941 -0.430
-1.640 0.940 -0.430
-1.639 0.939 -0.430
-1.638 0.938 -0.430
-1.637 0.937 -0.430
-1.635 0.936 -0.428
-1.634 0.935 -0.428
-1.632 0.934 -0.428
-1.631 0.933 -0.427
-1.630 0.933 -0.427
-1.628 0.932 -0.426
-1.627 0.931 -0.426
-1.626 0.930 -0.425
-1.624 0.930 -0.425
-1.623 0.929 -0.425
-1.622 0.928 -0.424
-1.620 0.927 -0.424
-1.619 0.926 -0.423
-1.618 0.925 -0.423
-1.617 0.925 -0.423
-1.615 0.924 -0.423
-1.614 0.923 -0.422
-1.613 0.922 -0.422
-1.612 0.921 -0.422
-1.610 0.920 -0.422
-1.609 0.920 -0.421
-1.608 0.919 -0.421
-1.606 0.918 -0.421
-1.605 0.918 -0.421
-1.604 0.917 -0.420
-1.602 0.916 -0.420
-1.601 0.915 -0.420
-1.600 0.914 -0.420
-1.599 0.913 -0.420
-1.597 0.912 -0.419
-1.596 0.911 -0.420
-1.595 0.910 -0.419
-1.594 0.909 -0.420
-1.592 0.908 -0.420
-1.591 0.907 -0.420
-1.588 0.904 -0.420
-1.585 0.902 -0.420
-1.580 0.898 -0.420
-1.576 0.894 -0.421
-1.570 0.889 -0.422
-1.564 0.883 -0.422
-1.556 0.877 -0.423
-1.548 0.869 -0.423
-1.540 0.861 -0.424
-1.531 0.851 -0.425
-1.521 0.842 -0.426
-1.511 0.832 -0.427
-1.501 0.822 -0.429
-1.491 0.811 -0.430
-1.480 0.801 -0.432
-1.469 0.790 -0.434
-1.459 0.778 -0.435
-1.447 0.767 -0.437
-1.436 0.756 -0.439
-1.424 0.744 -0.441
-1.413 0.732 -0.443
-1.401 0.721 -0.445
-1.389 0.709 -0.447
-1.377 0.696 -0.449
-1.365 0.684 -0.451
-1.353 0.671 -0.454
-1.341 0.659 -0.456
-1.329 0.646 -0.459
-1.317 0.633 -0.462
-1.305 0.620 -0.465
-1.292 0.607 -0.468
-1.280 0.594 -0.472
-1.268 0.582 -0.475
-1.255 0.569 -0.479
-1.243 0.556 -0.483
-1.230 0.543 -0.487
-1.217 0.530 -0.491
-1.204 0.517 -0.495
-1.192 0.504 -0.500
-1.179 0.491 -0.504
-1.166 0.477 -0.509
-1.153 0.464 -0.514
-1.140 0.451 -0.519
-1.126 0.437 -0.524
-1.113 0.424 -0.529
-1.100 0.410 -0.534
-1.086 0.396 -0.540
-1.073 0.382 -0.545
-1.060 0.368 -0.551
-1.046 0.354 -0.557
-1.033 0.339 -0.563
-1.019 0.325 -0.569
-1.006 0.310 -0.575
-0.992 0.296 -0.581
-0.978 0.282 -0.588
-0.964 0.267 -0.594
-0.950 0.253 -0.601
-0.936 0.239 -0.608
-0.922 0.224 -0.615
-0.907 0.210 -0.621
-0.893 0.195 -0.628
-0.879 0.181 -0.634
-0.864 0.166 -0.641
-0.850 0.152 -0.648
-0.835 0.137 -0.655
-0.820 0.122 -0.662
-0.806 0.107 -0.669
-0.791 0.092 -0.676
-0.776 0.078 -0.683
-0.761 0.063 -0.690
-0.747 0.048 -0.696
-0.732 0.033 -0.703
-0.717 0.018 -0.710
-0.702 0.003 -0.717
-0.687 -0.012 -0.724
-0.672 -0.027 -0.731
-0.657 -0.042 -0.737
-0.642 -0.057 -0.744
-0.627 -0.072 -0.750
-0.611 -0.088 -0.757
-0.596 -0.103 -0.764
-0.582 -0.117 -0.769
-0.570 -0.129 -0.774
-0.560 -0.140 -0.779
-0.554 -0.147 -0.783
-0.552 -0.151 -0.786
-0.553 -0.150 -0.791
-0.556 -0.148 -0.795
-0.561 -0.144 -0.799
-0.567 -0.138 -0.803
-0.570 -0.134 -0.807
-0.574 -0.131 -0.810
-0.577 -0.128 -0.813
-0.581 -0.125 -0.816
-0.584 -0.122 -0.818
-0.587 -0.120 -0.820
-0.591 -0.116 -0.821
-0.594 -0.113 -0.823
-0.596 -0.111 -0.824
-0.598 -0.109 -0.826
-0.601 -0.107 -0.827
-0.602 -0.106 -0.828
-0.604 -0.105 -0.829
-0.605 -0.103 -0.831
-0.606 -0.103 -0.832
-0.607 -0.103 -0.832
-0.607 -0.103 -0.833
-0.607 -0.103 -0.834
-0.607 -0.103 -0.834
-0.607 -0.103 -0.835
-0.607 -0.104 -0.835
-0.606 -0.105 -0.835
-0.605 -0.106 -0.836
-0.604 -0.108 -0.836
-0.603 -0.109 -0.836
-0.602 -0.111 -0.836
-0.601 -0.113 -0.836
-0.599 -0.115 -0.835
-0.598 -0.117 -0.835
-0.596 -0.119 -0.835
-0.595 -0.121 -0.835
-0.593 -0.123 -0.834
-0.591 -0.126 -0.834
-0.590 -0.128 -0.833
-0.588 -0.130 -0.833
-0.586 -0.133 -0.832
-0.584 -0.135 -0.831
-0.582 -0.137 -0.831
-0.581 -0.139 -0.830
-0.579 -0.142 -0.829
-0.577 -0.144 -0.829
-0.575 -0.146 -0.828
-0.573 -0.148 -0.827
-0.572 -0.150 -0.826
-0.570 -0.152 -0.826
-0.568 -0.153 -0.825
-0.567 -0.155 -0.824
-0.566 -0.157 -0.824
-0.564 -0.158 -0.823
-0.563 -0.160 -0.823
-0.562 -0.161 -0.822
-0.560 -0.162 -0.822
-0.559 -0.163 -0.822
-0.558 -0.164 -0.821
-0.557 -0.165 -0.821
-0.556 -0.166 -0.821
-0.555 -0.167 -0.821
-0.555 -0.167 -0.821
-0.554 -0.168 -0.821
-0.553 -0.168 -0.822
-0.553 -0.168 -0.822
-0.552 -0.169 -0.822
-0.552 -0.169 -0.823
-0.551 -0.169 -0.823
-0.551 -0.169 -0.824
-0.551 -0.169 -0.825
-0.551 -0.169 -0.825
-0.551 -0.169 -0.826
-0.551 -0.168 -0.827
-0.550 -0.168 -0.828
-0.550 -0.168 -0.829
-0.551 -0.168 -0.830
-0.550 -0.167 -0.831
-0.550 -0.167 -0.832
-0.550 -0.167 -0.833
-0.550 -0.166 -0.834
-0.550 -0.166 -0.835
-0.550 -0.166 -0.836
-0.550 -0.166 -0.837
-0.550 -0.165 -0.838
-0.550 -0.165 -0.839
-0.550 -0.165 -0.840
-0.550 -0.165 -0.841
-0.550 -0.165 -0.842
-0.550 -0.164 -0.842
-0.550 -0.164 -0.843
-0.550 -0.164 -0.844
-0.549 -0.164 -0.845
-0.549 -0.164 -0.846
-0.549 -0.164 -0.846
-0.549 -0.164 -0.847
-0.548 -0.164 -0.848
-0.548 -0.164 -0.848
-0.548 -0.164 -0.849
-0.547 -0.164 -0.849
-0.547 -0.164 -0.850
-0.546 -0.164 -0.850
-0.546 -0.165 -0.851
-0.545 -0.165 -0.851
-0.544 -0.166 -0.851
-0.544 -0.167 -0.852
-0.543 -0.167 -0.852
-0.542 -0.168 -0.852
-0.542 -0.169 -0.852
-0.541 -0.169 -0.852
-0.540 -0.170 -0.853
-0.539 -0.171 -0.853
-0.538 -0.172 -0.853
-0.537 -0.173 -0.853
-0.536 -0.174 -0.853
-0.535 -0.175 -0.853
-0.534 -0.176 -0.853
-0.533 -0.177 -0.853
-0.532 -0.178 -0.853
-0.531 -0.179 -0.852
-0.530 -0.180 -0.852
-0.529 -0.181 -0.852
-0.528 -0.182 -0.852
-0.527 -0.183 -0.852
-0.526 -0.184 -0.851
-0.525 -0.185 -0.851
-0.524 -0.186 -0.851
-0.523 -0.187 -0.851
-0.522 -0.188 -0.851
-0.521 -0.189 -0.851
-0.520 -0.190 -0.850
-0.519 -0.191 -0.850
-0.518 -0.192 -0.850
-0.517 -0.193 -0.850
-0.516 -0.193 -0.850
-0.516 -0.194 -0.850
-0.516 -0.195 -0.850
-0.515 -0.195 -0.850
-0.514 -0.196 -0.850
-0.513 -0.197 -0.850
-0.513 -0.197 -0.851
-0.512 -0.198 -0.851
-0.511 -0.198 -0.851
-0.511 -0.199 -0.851
-0.510 -0.199 -0.851
-0.510 -0.199 -0.852
-0.509 -0.199 -0.852
-0.509 -0.199 -0.852
