x y z
-1.493 1.960 -0.386
-1.494 1.960 -0.385
-1.495 1.959 -0.383
-1.496 1.959 -0.382
-1.497 1.958 -0.380
-1.498 1.957 -0.378
-1.498 1.956 -0.377
-1.499 1.955 -0.375
-1.500 1.955 -0.373
-1.501 1.954 -0.372
-1.502 1.953 -0.370
-1.503 1.952 -0.368
-1.504 1.952 -0.367
-1.505 1.951 -0.365
-1.505 1.950 -0.364
-1.506 1.950 -0.362
-1.507 1.949 -0.360
-1.507 1.949 -0.359
-1.508 1.948 -0.357
-1.508 1.948 -0.355
-1.508 1.947 -0.354
-1.509 1.947 -0.352
-1.509 1.947 -0.350
-1.510 1.946 -0.349
-1.510 1.946 -0.347
-1.511 1.945 -0.345
-1.511 1.945 -0.344
-1.512 1.944 -0.342
-1.513 1.944 -0.341
-1.513 1.943 -0.339
-1.514 1.943 -0.337
-1.515 1.942 -0.336
-1.515 1.942 -0.335
-1.516 1.941 -0.333
-1.517 1.941 -0.332
-1.517 1.941 -0.330
-1.518 1.940 -0.329
-1.518 1.940 -0.327
-1.519 1.939 -0.326
-1.520 1.939 -0.324
-1.520 1.939 -0.323
-1.520 1.938 -0.321
-1.521 1.938 -0.320
-1.521 1.937 -0.318
-1.522 1.937 -0.317
-1.523 1.937 -0.315
-1.523 1.936 -0.314
-1.523 1.936 -0.312
-1.523 1.936 -0.311
-1.524 1.936 -0.310
-1.524 1.936 -0.308
-1.524 1.935 -0.307
-1.525 1.935 -0.306
-1.525 1.935 -0.304
-1.525 1.934 -0.303
-1.525 1.933 -0.302
-1.525 1.932 -0.301
-1.524 1.931 -0.300
-1.524 1.929 -0.298
-1.523 1.928 -0.297
-1.521 1.928 -0.296
-1.519 1.928 -0.295
-1.517 1.928 -0.293
-1.515 1.928 -0.292
-1.512 1.929 -0.291
-1.510 1.930 -0.290
-1.506 1.932 -0.289
-1.503 1.934 -0.289
-1.499 1.936 -0.288
-1.495 1.939 -0.288
-1.491 1.942 -0.287
-1.487 1.945 -0.287
-1.482 1.948 -0.287
-1.478 1.952 -0.287
-1.473 1.955 -0.287
-1.468 1.959 -0.287
-1.463 1.962 -0.287
-1.458 1.966 -0.287
-1.453 1.969 -0.286
-1.448 1.972 -0.286
-1.443 1.975 -0.286
-1.438 1.979 -0.285
-1.433 1.982 -0.285
-1.428 1.985 -0.285
-1.422 1.988 -0.284
-1.417 1.991 -0.284
-1.412 1.994 -0.283
-1.407 1.997 -0.283
-1.401 2.000 -0.282
-1.396 2.003 -0.282
-1.391 2.006 -0.282
-1.386 2.009 -0.281
-1.381 2.012 -0.281
-1.375 2.015 -0.281
-1.370 2.018 -0.280
-1.365 2.021 -0.280
-1.359 2.025 -0.280
-1.354 2.028 -0.279
-1.349 2.031 -0.279
-1.343 2.034 -0.279
-1.338 2.038 -0.278
-1.332 2.040 -0.278
-1.327 2.045 -0.278
-1.321 2.048 -0.277
-1.315 2.052 -0.277
-1.309 2.055 -0.277
-1.303 2.059 -0.276
-1.297 2.063 -0.276
-1.290 2.067 -0.276
-1.284 2.071 -0.276
-1.277 2.075 -0.275
-1.270 2.079 -0.275
-1.264 2.082 -0.275
-1.257 2.087 -0.275
-1.250 2.090 -0.275
-1.243 2.094 -0.275
-1.237 2.098 -0.275
-1.230 2.102 -0.275
-1.223 2.106 -0.274
-1.217 2.110 -0.274
-1.210 2.114 -0.274
-1.203 2.118 -0.273
-1.196 2.122 -0.274
-1.188 2.126 -0.273
-1.182 2.130 -0.273
-1.174 2.135 -0.273
-1.167 2.139 -0.273
-1.160 2.143 -0.273
-1.153 2.147 -0.273
-1.146 2.152 -0.272
-1.139 2.156 -0.272
-1.131 2.160 -0.272
-1.124 2.165 -0.272
-1.117 2.169 -0.272
-1.110 2.173 -0.272
-1.103 2.178 -0.273
-1.096 2.182 -0.273
-1.090 2.187 -0.273
-1.085 2.191 -0.273
-1.082 2.194 -0.273
-1.080 2.196 -0.273
-1.080 2.197 -0.273
-1.081 2.198 -0.274
-1.083 2.197 -0.274
-1.087 2.195 -0.275
-1.091 2.193 -0.277
-1.095 2.190 -0.278
-1.099 2.187 -0.280
-1.102 2.185 -0.281
-1.104 2.183 -0.282
-1.107 2.181 -0.283
-1.109 2.179 -0.283
-1.110 2.177 -0.284
-1.111 2.176 -0.285
-1.112 2.174 -0.285
-1.113 2.173 -0.285
-1.113 2.172 -0.285
-1.114 2.171 -0.286
-1.114 2.170 -0.286
-1.114 2.169 -0.285
-1.113 2.168 -0.285
-1.112 2.167 -0.285
-1.112 2.167 -0.285
-1.111 2.166 -0.285
-1.110 2.166 -0.285
-1.109 2.165 -0.284
-1.108 2.165 -0.284
-1.107 2.164 -0.284
-1.106 2.164 -0.284
-1.104 2.164 -0.283
-1.103 2.164 -0.283
-1.101 2.164 -0.282
-1.100 2.164 -0.282
-1.098 2.164 -0.282
-1.097 2.163 -0.281
-1.095 2.163 -0.281
-1.094 2.163 -0.281
-1.092 2.163 -0.280
-1.091 2.163 -0.280
-1.089 2.163 -0.279
-1.087 2.163 -0.279
-1.086 2.163 -0.278
-1.084 2.164 -0.278
-1.082 2.164 -0.277
-1.081 2.164 -0.277
-1.079 2.164 -0.276
-1.077 2.164 -0.275
-1.075 2.164 -0.274
-1.074 2.164 -0.274
-1.073 2.164 -0.273
-1.071 2.165 -0.272
-1.070 2.164 -0.272
-1.068 2.164 -0.271
-1.067 2.165 -0.270
-1.066 2.164 -0.269
-1.064 2.165 -0.269
-1.063 2.164 -0.268
-1.062 2.165 -0.267
-1.061 2.165 -0.267
-1.060 2.165 -0.266
-1.059 2.165 -0.265
-1.058 2.165 -0.264
-1.056 2.165 -0.264
-1.056 2.164 -0.263
-1.055 2.164 -0.262
-1.054 2.164 -0.261
-1.053 2.164 -0.261
-1.052 2.164 -0.260
-1.051 2.164 -0.259
-1.051 2.164 -0.258
-1.050 2.163 -0.257
-1.050 2.163 -0.257
-1.049 2.163 -0.256
-1.049 2.163 -0.255
-1.048 2.162 -0.254
-1.048 2.162 -0.253
-1.047 2.161 -0.252
-1.047 2.161 -0.252
-1.046 2.161 -0.251
-1.046 2.160 -0.250
-1.046 2.160 -0.249
-1.045 2.159 -0.248
-1.045 2.159 -0.247
-1.044 2.158 -0.246
-1.044 2.158 -0.245
-1.044 2.158 -0.244
-1.043 2.157 -0.243
-1.043 2.157 -0.242
-1.043 2.156 -0.242
-1.043 2.156 -0.241
-1.042 2.155 -0.240
-1.042 2.155 -0.239
-1.041 2.155 -0.238
-1.041 2.154 -0.237
-1.041 2.154 -0.236
-1.040 2.153 -0.235
-1.040 2.153 -0.234
-1.039 2.153 -0.233
-1.039 2.152 -0.232
-1.038 2.152 -0.230
-1.038 2.151 -0.229
-1.037 2.151 -0.228
-1.037 2.151 -0.227
-1.036 2.150 -0.226
-1.036 2.150 -0.225
-1.035 2.150 -0.223
-1.035 2.149 -0.222
-1.034 2.149 -0.221
-1.033 2.148 -0.220
-1.033 2.148 -0.218
-1.032 2.147 -0.217
-1.031 2.147 -0.216
-1.030 2.147 -0.215
-1.030 2.147 -0.214
-1.029 2.147 -0.212
-1.028 2.146 -0.211
-1.028 2.146 -0.210
-1.027 2.146 -0.209
-1.026 2.146 -0.207
-1.025 2.146 -0.206
-1.024 2.146 -0.205
-1.024 2.146 -0.203
-1.023 2.145 -0.202
-1.022 2.145 -0.201
-1.021 2.145 -0.199
-1.020 2.145 -0.198
-1.020 2.144 -0.197
-1.019 2.144 -0.195
-1.018 2.144 -0.194
-1.017 2.144 -0.193
-1.016 2.143 -0.191
-1.015 2.143 -0.190
-1.014 2.143 -0.188
-1.014 2.143 -0.187
-1.013 2.143 -0.186
-1.012 2.142 -0.184
-1.012 2.142 -0.183
-1.011 2.142 -0.181
-1.010 2.142 -0.180
-1.010 2.142 -0.179
-1.009 2.141 -0.177
-1.009 2.141 -0.176
-1.008 2.141 -0.174
-1.007 2.140 -0.173
-1.007 2.140 -0.171
-1.006 2.139 -0.170
-1.006 2.139 -0.168
-1.005 2.139 -0.167
-1.004 2.139 -0.165
-1.004 2.138 -0.164
-1.003 2.138 -0.162
-1.003 2.138 -0.161
-1.002 2.138 -0.159
-1.002 2.137 -0.158
-1.001 2.137 -0.156
-1.001 2.137 -0.155
-1.001 2.137 -0.153
-1.000 2.136 -0.152
-1.000 2.136 -0.150
-0.999 2.136 -0.149
-0.999 2.135 -0.147
-0.998 2.135 -0.146
-0.998 2.135 -0.144
-0.998 2.134 -0.143
-0.997 2.134 -0.141
-0.997 2.133 -0.139
-0.997 2.133 -0.138
-0.996 2.132 -0.136
-0.996 2.132 -0.135
-0.996 2.131 -0.133
-0.995 2.130 -0.132
-0.995 2.130 -0.130
-0.995 2.130 -0.129
-0.995 2.129 -0.127
-0.994 2.129 -0.125
-0.994 2.128 -0.124
-0.994 2.128 -0.122
-0.993 2.127 -0.120
-0.993 2.127 -0.119
-0.993 2.126 -0.117
-0.992 2.126 -0.116
-0.992 2.125 -0.114
-0.992 2.125 -0.112
-0.992 2.124 -0.110
-0.991 2.124 -0.109
-0.991 2.124 -0.107
-0.991 2.123 -0.105
-0.990 2.122 -0.104
-0.990 2.122 -0.102
-0.990 2.122 -0.100
-0.989 2.122 -0.099
-0.989 2.121 -0.097
-0.988 2.120 -0.095
-0.988 2.120 -0.093
-0.987 2.119 -0.091
-0.987 2.119 -0.090
-0.987 2.119 -0.088
-0.986 2.118 -0.086
-0.986 2.118 -0.085
-0.986 2.117 -0.083
-0.985 2.117 -0.081
-0.985 2.117 -0.080
-0.984 2.116 -0.078
-0.984 2.116 -0.076
-0.984 2.116 -0.074
-0.983 2.115 -0.072
-0.983 2.115 -0.071
-0.982 2.114 -0.069
-0.982 2.114 -0.067
-0.981 2.113 -0.065
-0.981 2.113 -0.064
-0.981 2.113 -0.062
-0.980 2.112 -0.060
-0.980 2.112 -0.058
-0.980 2.111 -0.056
-0.979 2.111 -0.055
-0.979 2.110 -0.053
-0.979 2.110 -0.051
-0.979 2.109 -0.049
-0.979 2.109 -0.048
-0.978 2.108 -0.046
-0.978 2.108 -0.044
-0.978 2.107 -0.042
-0.977 2.107 -0.040
-0.976 2.106 -0.039
-0.976 2.106 -0.037
-0.975 2.106 -0.035
-0.974 2.105 -0.033
-0.974 2.105 -0.031
-0.973 2.104 -0.029
-0.972 2.104 -0.027
-0.972 2.104 -0.025
-0.971 2.103 -0.023
-0.970 2.103 -0.022
-0.969 2.102 -0.020
-0.969 2.102 -0.018
-0.969 2.101 -0.016
-0.968 2.101 -0.014
-0.968 2.100 -0.012
-0.967 2.100 -0.010
-0.967 2.099 -0.009
-0.967 2.098 -0.007
-0.966 2.098 -0.005
-0.966 2.097 -0.003
-0.965 2.097 -0.001
-0.965 2.096 0.001
-0.964 2.096 0.003
-0.964 2.096 0.004
-0.964 2.095 0.006
-0.963 2.095 0.008
-0.963 2.094 0.010
-0.963 2.094 0.012
-0.962 2.093 0.014
-0.962 2.093 0.016
-0.962 2.092 0.018
-0.961 2.092 0.019
-0.961 2.091 0.021
-0.960 2.091 0.023
-0.960 2.090 0.025
-0.960 2.090 0.027
-0.960 2.089 0.029
