x y z
-1.356 2.145 -0.335
-1.356 2.145 -0.334
-1.356 2.145 -0.332
-1.356 2.145 -0.331
-1.356 2.145 -0.329
-1.356 2.145 -0.328
-1.356 2.145 -0.326
-1.356 2.145 -0.325
-1.356 2.145 -0.323
-1.356 2.145 -0.322
-1.356 2.145 -0.320
-1.356 2.145 -0.319
-1.356 2.145 -0.317
-1.356 2.145 -0.316
-1.356 2.146 -0.315
-1.355 2.145 -0.313
-1.355 2.146 -0.311
-1.355 2.146 -0.310
-1.355 2.146 -0.308
-1.355 2.146 -0.307
-1.355 2.146 -0.305
-1.355 2.146 -0.304
-1.355 2.146 -0.303
-1.355 2.145 -0.301
-1.355 2.145 -0.300
-1.355 2.145 -0.298
-1.355 2.145 -0.297
-1.355 2.145 -0.296
-1.355 2.145 -0.294
-1.355 2.145 -0.292
-1.355 2.145 -0.291
-1.355 2.145 -0.290
-1.355 2.145 -0.288
-1.355 2.145 -0.287
-1.355 2.145 -0.286
-1.355 2.145 -0.284
-1.355 2.145 -0.283
-1.355 2.145 -0.282
-1.355 2.145 -0.280
-1.355 2.145 -0.279
-1.355 2.145 -0.278
-1.355 2.145 -0.276
-1.355 2.145 -0.275
-1.355 2.145 -0.274
-1.355 2.145 -0.272
-1.355 2.145 -0.271
-1.355 2.144 -0.270
-1.355 2.144 -0.269
-1.355 2.144 -0.267
-1.355 2.144 -0.266
-1.355 2.144 -0.265
-1.356 2.144 -0.264
-1.355 2.144 -0.263
-1.355 2.143 -0.261
-1.355 2.143 -0.260
-1.355 2.143 -0.259
-1.355 2.143 -0.258
-1.355 2.143 -0.257
-1.354 2.143 -0.256
-1.354 2.142 -0.254
-1.354 2.142 -0.253
-1.353 2.142 -0.252
-1.353 2.142 -0.251
-1.353 2.142 -0.250
-1.353 2.142 -0.249
-1.352 2.142 -0.248
-1.352 2.141 -0.247
-1.352 2.141 -0.245
-1.352 2.141 -0.245
-1.352 2.141 -0.244
-1.351 2.140 -0.243
-1.351 2.140 -0.242
-1.351 2.139 -0.241
-1.352 2.138 -0.240
-1.351 2.136 -0.239
-1.350 2.131 -0.239
-1.348 2.125 -0.239
-1.346 2.117 -0.239
-1.344 2.108 -0.240
-1.342 2.098 -0.241
-1.339 2.088 -0.242
-1.337 2.077 -0.244
-1.333 2.066 -0.246
-1.330 2.054 -0.248
-1.327 2.042 -0.250
-1.323 2.029 -0.252
-1.319 2.016 -0.254
-1.316 2.003 -0.257
-1.312 1.988 -0.259
-1.307 1.974 -0.261
-1.303 1.960 -0.264
-1.299 1.945 -0.266
-1.295 1.930 -0.269
-1.290 1.915 -0.272
-1.286 1.899 -0.275
-1.281 1.884 -0.278
-1.277 1.868 -0.281
-1.273 1.852 -0.284
-1.268 1.836 -0.287
-1.264 1.819 -0.291
-1.259 1.803 -0.294
-1.254 1.786 -0.298
-1.249 1.769 -0.302
-1.244 1.752 -0.305
-1.239 1.736 -0.309
-1.233 1.718 -0.314
-1.228 1.701 -0.318
-1.223 1.684 -0.322
-1.217 1.667 -0.326
-1.212 1.649 -0.331
-1.206 1.632 -0.335
-1.201 1.614 -0.340
-1.195 1.596 -0.344
-1.190 1.578 -0.350
-1.184 1.560 -0.355
-1.178 1.542 -0.360
-1.173 1.524 -0.365
-1.167 1.506 -0.370
-1.162 1.488 -0.376
-1.156 1.469 -0.382
-1.150 1.451 -0.388
-1.145 1.432 -0.394
-1.138 1.413 -0.400
-1.132 1.394 -0.406
-1.126 1.375 -0.413
-1.121 1.357 -0.419
-1.115 1.338 -0.425
-1.109 1.319 -0.432
-1.103 1.299 -0.438
-1.097 1.280 -0.445
-1.091 1.260 -0.452
-1.085 1.241 -0.459
-1.079 1.221 -0.466
-1.073 1.201 -0.473
-1.067 1.181 -0.480
-1.061 1.161 -0.488
-1.055 1.141 -0.495
-1.049 1.121 -0.502
-1.043 1.101 -0.510
-1.037 1.081 -0.517
-1.031 1.061 -0.524
-1.025 1.041 -0.532
-1.019 1.021 -0.539
-1.013 1.001 -0.547
-1.007 0.981 -0.554
-1.001 0.961 -0.561
-0.995 0.941 -0.569
-0.989 0.920 -0.576
-0.983 0.900 -0.583
-0.977 0.880 -0.590
-0.972 0.863 -0.596
-0.968 0.846 -0.602
-0.965 0.833 -0.607
-0.964 0.822 -0.612
-0.965 0.817 -0.616
-0.966 0.817 -0.620
-0.969 0.820 -0.625
-0.971 0.825 -0.629
-0.974 0.833 -0.633
-0.977 0.841 -0.636
-0.979 0.848 -0.639
-0.981 0.853 -0.641
-0.983 0.859 -0.643
-0.984 0.864 -0.645
-0.986 0.869 -0.646
-0.987 0.875 -0.647
-0.988 0.880 -0.647
-0.989 0.885 -0.648
-0.990 0.888 -0.649
-0.991 0.892 -0.650
-0.991 0.894 -0.651
-0.992 0.897 -0.651
-0.992 0.899 -0.651
-0.992 0.900 -0.651
-0.992 0.901 -0.652
-0.993 0.902 -0.652
-0.993 0.902 -0.652
-0.993 0.902 -0.652
-0.992 0.902 -0.652
-0.992 0.901 -0.652
-0.992 0.900 -0.651
-0.991 0.899 -0.651
-0.991 0.897 -0.651
-0.991 0.896 -0.650
-0.991 0.894 -0.650
-0.990 0.892 -0.649
-0.990 0.889 -0.648
-0.989 0.886 -0.647
-0.989 0.884 -0.646
-0.988 0.881 -0.645
-0.988 0.878 -0.645
-0.987 0.875 -0.643
-0.987 0.872 -0.642
-0.986 0.869 -0.641
-0.985 0.866 -0.640
-0.984 0.863 -0.638
-0.983 0.860 -0.637
-0.982 0.857 -0.636
-0.981 0.854 -0.634
-0.980 0.851 -0.633
-0.979 0.848 -0.632
-0.978 0.846 -0.630
-0.977 0.843 -0.629
-0.976 0.840 -0.627
-0.976 0.837 -0.626
-0.974 0.835 -0.625
-0.974 0.832 -0.623
-0.973 0.830 -0.622
-0.972 0.827 -0.621
-0.971 0.825 -0.620
-0.970 0.823 -0.618
-0.969 0.821 -0.617
-0.969 0.820 -0.617
-0.968 0.818 -0.616
-0.968 0.817 -0.615
-0.967 0.816 -0.614
-0.966 0.815 -0.614
-0.966 0.813 -0.613
-0.965 0.813 -0.613
-0.965 0.812 -0.612
-0.964 0.811 -0.612
-0.964 0.811 -0.612
-0.964 0.810 -0.612
-0.963 0.810 -0.612
-0.963 0.810 -0.612
-0.963 0.809 -0.613
-0.963 0.809 -0.613
-0.962 0.809 -0.613
-0.962 0.809 -0.614
-0.962 0.809 -0.614
-0.962 0.810 -0.615
-0.962 0.810 -0.615
-0.962 0.810 -0.616
-0.962 0.811 -0.616
-0.961 0.811 -0.617
-0.961 0.812 -0.618
-0.961 0.813 -0.618
-0.961 0.813 -0.619
-0.960 0.814 -0.619
-0.960 0.815 -0.620
-0.960 0.816 -0.621
-0.960 0.817 -0.621
-0.960 0.817 -0.621
-0.959 0.818 -0.622
-0.959 0.819 -0.622
-0.959 0.819 -0.623
-0.959 0.820 -0.623
-0.959 0.821 -0.623
-0.958 0.821 -0.624
-0.958 0.821 -0.624
-0.958 0.822 -0.624
-0.958 0.822 -0.624
-0.958 0.822 -0.624
-0.958 0.821 -0.624
-0.957 0.821 -0.624
-0.957 0.821 -0.624
-0.957 0.821 -0.624
-0.956 0.820 -0.624
-0.956 0.820 -0.623
-0.956 0.820 -0.623
-0.955 0.819 -0.623
-0.955 0.818 -0.622
-0.954 0.818 -0.622
-0.954 0.817 -0.621
-0.953 0.816 -0.621
-0.953 0.815 -0.620
-0.952 0.814 -0.620
-0.951 0.813 -0.619
-0.951 0.812 -0.618
-0.951 0.810 -0.617
-0.950 0.809 -0.617
-0.950 0.807 -0.616
-0.949 0.806 -0.615
-0.949 0.804 -0.614
-0.949 0.802 -0.613
-0.948 0.801 -0.612
-0.948 0.799 -0.611
-0.947 0.797 -0.610
-0.947 0.796 -0.609
-0.946 0.794 -0.608
-0.946 0.792 -0.607
-0.945 0.791 -0.606
-0.945 0.789 -0.605
-0.944 0.788 -0.604
-0.943 0.786 -0.603
-0.943 0.785 -0.602
-0.942 0.783 -0.601
-0.942 0.782 -0.600
-0.941 0.780 -0.599
-0.941 0.779 -0.598
-0.941 0.777 -0.597
-0.940 0.776 -0.596
-0.940 0.774 -0.595
-0.940 0.773 -0.594
-0.940 0.772 -0.593
-0.939 0.771 -0.593
-0.939 0.770 -0.592
-0.939 0.769 -0.591
-0.939 0.768 -0.590
-0.939 0.767 -0.589
-0.938 0.766 -0.589
-0.938 0.765 -0.588
-0.938 0.764 -0.588
-0.937 0.764 -0.587
-0.937 0.763 -0.587
-0.937 0.763 -0.586
-0.937 0.762 -0.586
-0.937 0.762 -0.585
-0.936 0.762 -0.585
-0.936 0.762 -0.584
-0.936 0.761 -0.584
-0.936 0.761 -0.584
-0.936 0.761 -0.583
-0.935 0.761 -0.583
-0.935 0.761 -0.583
-0.935 0.760 -0.582
-0.935 0.760 -0.582
-0.935 0.760 -0.581
-0.935 0.760 -0.581
-0.935 0.760 -0.581
-0.935 0.760 -0.581
