x y z
-1.465 -0.011 -0.584
-1.465 -0.011 -0.582
-1.465 -0.011 -0.580
-1.465 -0.011 -0.579
-1.465 -0.010 -0.577
-1.465 -0.010 -0.575
-1.465 -0.010 -0.573
-1.465 -0.010 -0.571
-1.465 -0.010 -0.570
-1.465 -0.010 -0.568
-1.465 -0.010 -0.566
-1.466 -0.010 -0.565
-1.466 -0.010 -0.563
-1.466 -0.010 -0.561
-1.466 -0.010 -0.560
-1.466 -0.009 -0.558
-1.466 -0.009 -0.556
-1.466 -0.009 -0.554
-1.466 -0.009 -0.552
-1.466 -0.008 -0.550
-1.466 -0.008 -0.549
-1.466 -0.008 -0.547
-1.466 -0.008 -0.545
-1.466 -0.008 -0.543
-1.466 -0.008 -0.542
-1.466 -0.008 -0.540
-1.466 -0.007 -0.538
-1.466 -0.008 -0.536
-1.466 -0.008 -0.535
-1.466 -0.008 -0.533
-1.466 -0.008 -0.531
-1.466 -0.008 -0.530
-1.466 -0.008 -0.528
-1.466 -0.008 -0.526
-1.467 -0.007 -0.524
-1.467 -0.007 -0.523
-1.467 -0.007 -0.521
-1.467 -0.007 -0.519
-1.467 -0.007 -0.518
-1.467 -0.007 -0.516
-1.467 -0.007 -0.514
-1.467 -0.007 -0.513
-1.467 -0.007 -0.511
-1.467 -0.007 -0.509
-1.467 -0.007 -0.508
-1.467 -0.007 -0.506
-1.467 -0.008 -0.505
-1.468 -0.007 -0.503
-1.468 -0.007 -0.502
-1.468 -0.008 -0.500
-1.468 -0.008 -0.499
-1.468 -0.008 -0.497
-1.469 -0.007 -0.496
-1.469 -0.007 -0.494
-1.469 -0.007 -0.493
-1.469 -0.007 -0.491
-1.469 -0.007 -0.490
-1.469 -0.007 -0.488
-1.469 -0.007 -0.487
-1.469 -0.007 -0.485
-1.468 -0.007 -0.484
-1.468 -0.007 -0.482
-1.468 -0.007 -0.481
-1.468 -0.007 -0.479
-1.468 -0.007 -0.478
-1.468 -0.006 -0.476
-1.468 -0.006 -0.475
-1.467 -0.006 -0.473
-1.467 -0.005 -0.472
-1.467 -0.004 -0.470
-1.467 -0.002 -0.468
-1.467 0.002 -0.467
-1.468 0.008 -0.465
-1.468 0.014 -0.464
-1.468 0.021 -0.463
-1.469 0.030 -0.462
-1.469 0.039 -0.462
-1.469 0.049 -0.462
-1.470 0.059 -0.462
-1.471 0.070 -0.461
-1.472 0.081 -0.460
-1.472 0.092 -0.459
-1.473 0.103 -0.458
-1.473 0.115 -0.457
-1.473 0.127 -0.456
-1.474 0.138 -0.454
-1.475 0.150 -0.453
-1.475 0.163 -0.452
-1.476 0.175 -0.450
-1.477 0.187 -0.449
-1.478 0.200 -0.448
-1.478 0.213 -0.446
-1.479 0.225 -0.445
-1.480 0.238 -0.444
-1.481 0.251 -0.442
-1.482 0.264 -0.441
-1.482 0.277 -0.440
-1.483 0.290 -0.439
-1.484 0.303 -0.438
-1.485 0.317 -0.437
-1.486 0.330 -0.436
-1.487 0.344 -0.434
-1.488 0.358 -0.433
-1.489 0.372 -0.432
-1.489 0.386 -0.431
-1.490 0.400 -0.431
-1.491 0.415 -0.430
-1.491 0.429 -0.429
-1.492 0.443 -0.428
-1.492 0.457 -0.427
-1.493 0.472 -0.427
-1.493 0.487 -0.427
-1.494 0.501 -0.426
-1.495 0.516 -0.426
-1.496 0.531 -0.426
-1.497 0.546 -0.425
-1.497 0.562 -0.425
-1.498 0.578 -0.425
-1.498 0.593 -0.425
-1.499 0.609 -0.426
-1.500 0.625 -0.426
-1.500 0.641 -0.426
-1.501 0.657 -0.427
-1.502 0.673 -0.427
-1.503 0.689 -0.428
-1.503 0.705 -0.428
-1.504 0.721 -0.429
-1.505 0.737 -0.429
-1.505 0.754 -0.430
-1.506 0.770 -0.431
-1.507 0.786 -0.432
-1.508 0.803 -0.433
-1.509 0.819 -0.434
-1.510 0.836 -0.435
-1.510 0.852 -0.436
-1.511 0.868 -0.437
-1.512 0.884 -0.439
-1.513 0.901 -0.440
-1.514 0.916 -0.441
-1.515 0.933 -0.442
-1.517 0.949 -0.443
-1.518 0.965 -0.445
-1.519 0.982 -0.446
-1.519 0.998 -0.448
-1.521 1.014 -0.450
-1.522 1.029 -0.451
-1.523 1.043 -0.453
-1.525 1.054 -0.454
-1.527 1.062 -0.454
-1.529 1.065 -0.455
-1.530 1.066 -0.456
-1.531 1.063 -0.457
-1.531 1.060 -0.460
-1.531 1.053 -0.462
-1.530 1.043 -0.462
-1.529 1.037 -0.463
-1.528 1.032 -0.464
-1.527 1.028 -0.465
-1.525 1.025 -0.465
-1.522 1.022 -0.465
-1.520 1.020 -0.464
-1.518 1.019 -0.464
-1.516 1.018 -0.464
-1.514 1.018 -0.463
-1.512 1.018 -0.463
-1.511 1.018 -0.462
-1.509 1.019 -0.462
-1.507 1.021 -0.461
-1.505 1.022 -0.461
-1.504 1.024 -0.461
-1.502 1.026 -0.460
-1.501 1.027 -0.460
-1.499 1.029 -0.459
-1.498 1.032 -0.459
-1.497 1.034 -0.458
-1.495 1.036 -0.458
-1.494 1.039 -0.458
-1.492 1.041 -0.457
-1.491 1.044 -0.457
-1.490 1.046 -0.457
-1.488 1.049 -0.457
-1.487 1.051 -0.457
-1.486 1.054 -0.456
-1.486 1.058 -0.457
-1.485 1.061 -0.457
-1.485 1.064 -0.456
-1.484 1.067 -0.456
-1.483 1.069 -0.456
-1.482 1.073 -0.456
-1.481 1.075 -0.455
-1.480 1.078 -0.455
-1.479 1.081 -0.454
-1.478 1.083 -0.454
-1.478 1.086 -0.454
-1.477 1.089 -0.454
-1.477 1.091 -0.453
-1.476 1.094 -0.453
-1.475 1.096 -0.452
-1.474 1.099 -0.452
-1.474 1.101 -0.452
-1.473 1.103 -0.451
-1.472 1.105 -0.451
-1.472 1.108 -0.451
-1.472 1.110 -0.450
-1.472 1.112 -0.450
-1.472 1.114 -0.450
-1.472 1.116 -0.449
-1.472 1.118 -0.449
-1.471 1.120 -0.448
-1.471 1.121 -0.448
-1.471 1.123 -0.448
-1.471 1.125 -0.447
-1.470 1.126 -0.447
-1.470 1.128 -0.446
-1.470 1.130 -0.445
-1.469 1.131 -0.445
-1.469 1.133 -0.444
-1.469 1.134 -0.444
-1.468 1.135 -0.443
-1.468 1.137 -0.443
-1.468 1.138 -0.442
-1.467 1.139 -0.441
-1.467 1.140 -0.441
-1.467 1.142 -0.440
-1.466 1.143 -0.440
-1.466 1.144 -0.439
-1.466 1.145 -0.438
-1.466 1.146 -0.438
-1.465 1.147 -0.437
-1.465 1.147 -0.436
-1.464 1.148 -0.435
-1.464 1.149 -0.435
-1.464 1.150 -0.434
-1.463 1.151 -0.433
-1.463 1.152 -0.432
-1.463 1.153 -0.431
-1.462 1.154 -0.430
-1.462 1.155 -0.430
-1.461 1.155 -0.429
-1.461 1.156 -0.428
-1.461 1.157 -0.427
-1.460 1.158 -0.426
-1.460 1.159 -0.425
-1.459 1.160 -0.424
-1.459 1.160 -0.423
-1.459 1.161 -0.422
-1.458 1.162 -0.421
-1.458 1.163 -0.420
-1.457 1.163 -0.419
-1.457 1.164 -0.418
-1.456 1.165 -0.417
-1.456 1.166 -0.415
-1.455 1.167 -0.415
-1.455 1.168 -0.414
-1.454 1.169 -0.413
-1.454 1.170 -0.412
-1.454 1.171 -0.411
-1.453 1.171 -0.410
-1.453 1.173 -0.409
-1.452 1.174 -0.408
-1.453 1.175 -0.408
-1.452 1.176 -0.408
-1.452 1.178 -0.408
-1.452 1.178 -0.404
-1.452 1.179 -0.403
-1.452 1.180 -0.401
-1.451 1.181 -0.400
-1.451 1.182 -0.399
-1.451 1.183 -0.398
-1.451 1.184 -0.397
-1.451 1.185 -0.396
-1.451 1.186 -0.395
-1.451 1.187 -0.394
-1.450 1.188 -0.393
-1.450 1.189 -0.391
-1.450 1.190 -0.390
-1.450 1.191 -0.389
-1.450 1.192 -0.388
-1.449 1.193 -0.387
-1.449 1.194 -0.386
-1.449 1.195 -0.385
-1.449 1.197 -0.384
-1.449 1.198 -0.382
-1.448 1.198 -0.381
-1.449 1.199 -0.380
-1.449 1.200 -0.379
-1.449 1.201 -0.378
-1.449 1.202 -0.376
-1.449 1.202 -0.375
-1.449 1.203 -0.374
-1.448 1.204 -0.373
-1.448 1.205 -0.372
-1.448 1.205 -0.370
-1.448 1.206 -0.369
-1.448 1.206 -0.368
-1.448 1.207 -0.367
-1.448 1.208 -0.366
-1.448 1.209 -0.366
-1.448 1.209 -0.363
-1.448 1.210 -0.362
-1.448 1.211 -0.361
-1.448 1.211 -0.360
-1.448 1.212 -0.358
-1.447 1.214 -0.357
-1.447 1.214 -0.356
-1.447 1.215 -0.355
-1.447 1.216 -0.353
-1.447 1.216 -0.352
-1.447 1.217 -0.351
-1.446 1.218 -0.350
-1.446 1.218 -0.348
-1.446 1.219 -0.347
-1.446 1.219 -0.346
-1.445 1.220 -0.344
-1.445 1.221 -0.343
-1.445 1.221 -0.342
-1.444 1.221 -0.340
-1.444 1.222 -0.339
-1.443 1.223 -0.337
-1.443 1.223 -0.336
-1.443 1.224 -0.335
-1.442 1.224 -0.333
-1.443 1.225 -0.332
-1.442 1.225 -0.331
-1.442 1.226 -0.329
-1.442 1.226 -0.327
-1.441 1.227 -0.326
-1.441 1.228 -0.324
-1.440 1.228 -0.323
-1.440 1.229 -0.322
-1.440 1.230 -0.321
-1.440 1.230 -0.319
-1.440 1.231 -0.317
-1.440 1.231 -0.316
-1.440 1.232 -0.314
-1.440 1.233 -0.313
-1.439 1.233 -0.311
-1.439 1.233 -0.310
-1.439 1.234 -0.308
-1.439 1.234 -0.307
-1.438 1.235 -0.305
-1.438 1.235 -0.304
-1.438 1.236 -0.302
-1.438 1.236 -0.301
-1.438 1.237 -0.299
-1.437 1.237 -0.298
-1.437 1.238 -0.296
-1.437 1.239 -0.295
-1.437 1.239 -0.293
-1.437 1.240 -0.292
-1.437 1.241 -0.290
-1.437 1.241 -0.289
-1.437 1.242 -0.287
-1.437 1.243 -0.286
-1.437 1.243 -0.284
-1.437 1.244 -0.283
-1.437 1.244 -0.281
-1.437 1.245 -0.280
-1.437 1.246 -0.278
-1.437 1.246 -0.277
-1.437 1.247 -0.275
-1.437 1.247 -0.274
-1.437 1.248 -0.272
-1.437 1.248 -0.270
-1.437 1.249 -0.269
-1.437 1.250 -0.267
-1.437 1.250 -0.266
-1.437 1.251 -0.264
-1.436 1.252 -0.263
-1.436 1.252 -0.261
-1.436 1.253 -0.259
-1.436 1.254 -0.258
-1.436 1.254 -0.256
-1.436 1.255 -0.254
-1.436 1.255 -0.253
-1.436 1.256 -0.251
-1.436 1.257 -0.250
-1.436 1.257 -0.248
-1.436 1.258 -0.246
-1.436 1.258 -0.245
-1.436 1.259 -0.243
-1.436 1.259 -0.241
-1.436 1.260 -0.240
-1.435 1.260 -0.238
-1.435 1.261 -0.236
-1.435 1.261 -0.234
-1.435 1.262 -0.233
-1.435 1.263 -0.231
-1.435 1.263 -0.229
-1.435 1.263 -0.227
-1.435 1.264 -0.226
-1.435 1.264 -0.224
-1.435 1.265 -0.222
-1.434 1.265 -0.220
-1.434 1.266 -0.219
-1.434 1.266 -0.217
-1.434 1.267 -0.215
-1.434 1.267 -0.213
-1.434 1.268 -0.212
-1.434 1.268 -0.210
-1.433 1.268 -0.208
-1.433 1.269 -0.206
-1.433 1.270 -0.204
-1.433 1.270 -0.203
-1.433 1.270 -0.201
-1.433 1.271 -0.199
-1.433 1.271 -0.197
-1.432 1.272 -0.195
-1.432 1.272 -0.193
-1.432 1.272 -0.192
-1.432 1.273 -0.190
-1.432 1.273 -0.188
-1.432 1.274 -0.186
-1.432 1.274 -0.184
-1.432 1.275 -0.183
-1.431 1.275 -0.181
-1.431 1.275 -0.179
-1.431 1.276 -0.177
-1.431 1.276 -0.175
-1.431 1.277 -0.173
-1.431 1.277 -0.172
-1.431 1.278 -0.170
-1.430 1.278 -0.168
-1.430 1.278 -0.166
-1.430 1.279 -0.164
-1.430 1.279 -0.162
-1.430 1.280 -0.160
-1.430 1.280 -0.159
-1.430 1.280 -0.157
-1.430 1.281 -0.155
-1.430 1.281 -0.153
-1.430 1.282 -0.151
-1.430 1.282 -0.149
-1.429 1.283 -0.147
-1.429 1.283 -0.145
-1.429 1.283 -0.144
-1.429 1.284 -0.142
-1.429 1.284 -0.140
-1.429 1.284 -0.138
-1.429 1.285 -0.136
-1.429 1.285 -0.134
-1.429 1.286 -0.132
-1.429 1.286 -0.130
-1.428 1.286 -0.128
-1.428 1.287 -0.126
-1.428 1.287 -0.124
-1.428 1.287 -0.123
-1.427 1.288 -0.121
-1.427 1.288 -0.119
-1.427 1.288 -0.117
-1.427 1.288 -0.115
