x y z
-1.585 1.057 -0.449
-1.584 1.055 -0.448
-1.583 1.055 -0.447
-1.582 1.054 -0.446
-1.581 1.052 -0.445
-1.580 1.052 -0.444
-1.580 1.050 -0.443
-1.579 1.050 -0.442
-1.578 1.049 -0.441
-1.577 1.048 -0.440
-1.576 1.047 -0.439
-1.575 1.046 -0.438
-1.574 1.046 -0.437
-1.573 1.045 -0.436
-1.572 1.044 -0.435
-1.571 1.044 -0.434
-1.570 1.043 -0.433
-1.569 1.042 -0.433
-1.568 1.042 -0.432
-1.567 1.041 -0.431
-1.567 1.040 -0.430
-1.566 1.039 -0.429
-1.565 1.038 -0.428
-1.564 1.037 -0.428
-1.563 1.036 -0.427
-1.562 1.034 -0.426
-1.561 1.033 -0.425
-1.560 1.032 -0.425
-1.560 1.031 -0.424
-1.559 1.029 -0.423
-1.558 1.028 -0.423
-1.557 1.027 -0.422
-1.556 1.026 -0.422
-1.556 1.025 -0.421
-1.555 1.024 -0.420
-1.554 1.023 -0.420
-1.553 1.022 -0.419
-1.552 1.021 -0.418
-1.552 1.020 -0.418
-1.551 1.019 -0.417
-1.550 1.018 -0.417
-1.549 1.017 -0.416
-1.548 1.015 -0.415
-1.548 1.014 -0.415
-1.547 1.013 -0.414
-1.546 1.012 -0.414
-1.545 1.011 -0.413
-1.544 1.010 -0.412
-1.544 1.008 -0.412
-1.543 1.007 -0.411
-1.542 1.006 -0.411
-1.541 1.005 -0.410
-1.540 1.004 -0.409
-1.540 1.003 -0.409
-1.539 1.002 -0.408
-1.538 1.001 -0.408
-1.537 1.000 -0.408
-1.536 0.999 -0.407
-1.535 0.998 -0.407
-1.534 0.997 -0.406
-1.532 0.996 -0.406
-1.531 0.995 -0.405
-1.530 0.994 -0.405
-1.529 0.994 -0.405
-1.528 0.993 -0.404
-1.526 0.992 -0.403
-1.525 0.991 -0.404
-1.524 0.991 -0.404
-1.523 0.989 -0.403
-1.522 0.989 -0.403
-1.521 0.988 -0.404
-1.519 0.987 -0.403
-1.519 0.986 -0.402
-1.518 0.985 -0.402
-1.517 0.984 -0.402
-1.516 0.983 -0.402
-1.515 0.982 -0.402
-1.514 0.980 -0.402
-1.513 0.979 -0.402
-1.512 0.979 -0.402
-1.510 0.979 -0.402
-1.508 0.979 -0.402
-1.505 0.979 -0.401
-1.503 0.980 -0.401
-1.500 0.981 -0.401
-1.497 0.982 -0.401
-1.494 0.984 -0.401
-1.490 0.986 -0.401
-1.486 0.988 -0.401
-1.482 0.991 -0.401
-1.478 0.993 -0.402
-1.474 0.996 -0.402
-1.470 0.999 -0.403
-1.465 1.003 -0.403
-1.461 1.006 -0.403
-1.457 1.009 -0.404
-1.452 1.013 -0.404
-1.448 1.016 -0.404
-1.443 1.019 -0.405
-1.438 1.022 -0.405
-1.433 1.025 -0.405
-1.428 1.029 -0.405
-1.423 1.032 -0.405
-1.418 1.035 -0.405
-1.413 1.038 -0.405
-1.408 1.041 -0.404
-1.403 1.045 -0.404
-1.397 1.048 -0.404
-1.392 1.052 -0.404
-1.386 1.055 -0.404
-1.381 1.059 -0.403
-1.375 1.062 -0.403
-1.370 1.066 -0.403
-1.364 1.069 -0.402
-1.358 1.073 -0.402
-1.353 1.077 -0.402
-1.347 1.080 -0.402
-1.341 1.084 -0.401
-1.335 1.088 -0.401
-1.330 1.092 -0.401
-1.324 1.095 -0.401
-1.318 1.100 -0.400
-1.312 1.103 -0.400
-1.306 1.107 -0.400
-1.300 1.112 -0.400
-1.294 1.116 -0.400
-1.288 1.120 -0.399
-1.282 1.124 -0.399
-1.276 1.129 -0.399
-1.270 1.133 -0.399
-1.263 1.137 -0.399
-1.257 1.141 -0.398
-1.251 1.146 -0.398
-1.245 1.150 -0.398
-1.238 1.155 -0.398
-1.232 1.159 -0.398
-1.226 1.163 -0.398
-1.219 1.167 -0.397
-1.213 1.172 -0.397
-1.206 1.176 -0.397
-1.200 1.181 -0.397
-1.193 1.185 -0.397
-1.186 1.190 -0.397
-1.179 1.195 -0.397
-1.173 1.200 -0.397
-1.166 1.205 -0.396
-1.160 1.209 -0.396
-1.153 1.214 -0.396
-1.146 1.220 -0.396
-1.140 1.225 -0.396
-1.133 1.230 -0.396
-1.126 1.235 -0.396
-1.120 1.240 -0.396
-1.113 1.245 -0.397
-1.107 1.250 -0.397
-1.100 1.255 -0.397
-1.094 1.260 -0.397
-1.089 1.265 -0.397
-1.086 1.268 -0.398
-1.084 1.269 -0.398
-1.083 1.270 -0.399
-1.083 1.269 -0.400
-1.084 1.267 -0.401
-1.086 1.265 -0.403
-1.088 1.262 -0.405
-1.091 1.259 -0.407
-1.093 1.257 -0.410
-1.094 1.254 -0.411
-1.096 1.252 -0.413
-1.097 1.249 -0.415
-1.098 1.247 -0.416
-1.098 1.245 -0.418
-1.099 1.243 -0.419
-1.099 1.242 -0.420
-1.098 1.240 -0.421
-1.097 1.238 -0.422
-1.097 1.237 -0.422
-1.096 1.235 -0.423
-1.095 1.234 -0.423
-1.093 1.233 -0.424
-1.092 1.232 -0.424
-1.090 1.231 -0.424
-1.088 1.230 -0.425
-1.086 1.229 -0.425
-1.084 1.228 -0.425
-1.082 1.228 -0.426
-1.080 1.227 -0.426
-1.077 1.226 -0.426
-1.075 1.226 -0.426
-1.072 1.225 -0.426
-1.070 1.225 -0.426
-1.067 1.224 -0.426
-1.065 1.224 -0.426
-1.062 1.223 -0.426
-1.059 1.223 -0.427
-1.056 1.223 -0.427
-1.053 1.222 -0.427
-1.051 1.223 -0.427
-1.048 1.223 -0.427
-1.045 1.223 -0.427
-1.043 1.222 -0.427
-1.040 1.222 -0.427
-1.038 1.221 -0.427
-1.035 1.221 -0.427
-1.033 1.220 -0.427
-1.031 1.220 -0.427
-1.028 1.220 -0.427
-1.026 1.219 -0.427
-1.024 1.219 -0.427
-1.022 1.219 -0.427
-1.020 1.218 -0.427
-1.018 1.218 -0.427
-1.016 1.218 -0.427
-1.014 1.218 -0.428
-1.012 1.218 -0.428
-1.010 1.217 -0.428
-1.009 1.217 -0.428
-1.007 1.217 -0.429
-1.005 1.217 -0.429
-1.003 1.217 -0.429
-1.002 1.217 -0.430
-1.000 1.217 -0.430
-0.999 1.216 -0.430
-0.997 1.216 -0.431
-0.996 1.216 -0.431
-0.994 1.216 -0.432
-0.993 1.216 -0.432
-0.991 1.215 -0.433
-0.990 1.215 -0.433
-0.989 1.215 -0.434
-0.988 1.214 -0.434
-0.987 1.214 -0.435
-0.985 1.214 -0.436
-0.984 1.213 -0.436
-0.983 1.213 -0.437
-0.982 1.212 -0.438
-0.981 1.212 -0.438
-0.980 1.212 -0.439
-0.978 1.211 -0.439
-0.977 1.210 -0.440
-0.976 1.210 -0.440
-0.974 1.209 -0.441
-0.973 1.209 -0.441
-0.972 1.208 -0.442
-0.971 1.208 -0.442
-0.970 1.207 -0.443
-0.969 1.207 -0.443
-0.967 1.206 -0.444
-0.966 1.206 -0.444
-0.965 1.205 -0.444
-0.964 1.204 -0.445
-0.962 1.203 -0.445
-0.961 1.203 -0.446
-0.960 1.202 -0.446
-0.958 1.201 -0.447
-0.957 1.201 -0.447
-0.956 1.200 -0.448
-0.954 1.199 -0.448
-0.953 1.198 -0.448
-0.952 1.197 -0.449
-0.950 1.196 -0.449
-0.949 1.195 -0.450
-0.947 1.195 -0.450
-0.946 1.194 -0.450
-0.944 1.193 -0.451
-0.943 1.192 -0.451
-0.941 1.192 -0.451
-0.939 1.191 -0.452
-0.938 1.191 -0.452
-0.936 1.190 -0.452
-0.934 1.190 -0.453
-0.932 1.189 -0.453
-0.930 1.188 -0.453
-0.929 1.188 -0.453
-0.927 1.187 -0.454
-0.925 1.186 -0.454
-0.923 1.186 -0.454
-0.921 1.185 -0.455
-0.920 1.184 -0.455
-0.918 1.184 -0.455
-0.916 1.183 -0.456
-0.914 1.182 -0.456
-0.913 1.181 -0.456
-0.911 1.181 -0.456
-0.909 1.180 -0.457
-0.908 1.179 -0.457
-0.906 1.179 -0.457
-0.904 1.178 -0.458
-0.903 1.177 -0.458
-0.901 1.177 -0.458
-0.899 1.177 -0.459
-0.898 1.176 -0.459
-0.896 1.175 -0.460
-0.895 1.175 -0.460
-0.893 1.175 -0.460
-0.891 1.174 -0.461
-0.890 1.174 -0.461
-0.888 1.173 -0.462
-0.887 1.173 -0.462
-0.885 1.172 -0.462
-0.884 1.172 -0.463
-0.882 1.171 -0.463
-0.881 1.170 -0.464
-0.879 1.170 -0.464
-0.878 1.169 -0.465
-0.877 1.169 -0.465
-0.875 1.168 -0.466
-0.874 1.167 -0.466
-0.873 1.166 -0.467
-0.872 1.165 -0.467
-0.870 1.165 -0.468
-0.869 1.164 -0.469
-0.868 1.163 -0.469
-0.867 1.162 -0.470
-0.865 1.162 -0.470
-0.864 1.161 -0.471
-0.863 1.160 -0.471
