x y z
-1.429 1.915 -0.363
-1.429 1.916 -0.362
-1.429 1.916 -0.361
-1.429 1.916 -0.359
-1.429 1.916 -0.357
-1.429 1.916 -0.355
-1.429 1.916 -0.354
-1.429 1.916 -0.352
-1.429 1.916 -0.351
-1.429 1.916 -0.349
-1.429 1.916 -0.348
-1.429 1.916 -0.346
-1.429 1.916 -0.345
-1.429 1.916 -0.343
-1.429 1.916 -0.341
-1.429 1.916 -0.340
-1.429 1.916 -0.339
-1.429 1.916 -0.337
-1.429 1.916 -0.336
-1.429 1.915 -0.334
-1.429 1.915 -0.332
-1.429 1.915 -0.331
-1.429 1.915 -0.329
-1.429 1.915 -0.328
-1.430 1.914 -0.326
-1.429 1.914 -0.325
-1.430 1.914 -0.323
-1.430 1.914 -0.322
-1.429 1.913 -0.321
-1.430 1.913 -0.319
-1.430 1.913 -0.318
-1.430 1.913 -0.317
-1.430 1.913 -0.315
-1.430 1.913 -0.313
-1.430 1.913 -0.312
-1.430 1.913 -0.311
-1.430 1.913 -0.309
-1.430 1.913 -0.308
-1.430 1.912 -0.307
-1.430 1.912 -0.305
-1.430 1.912 -0.304
-1.430 1.912 -0.302
-1.430 1.912 -0.301
-1.430 1.912 -0.300
-1.430 1.911 -0.298
-1.430 1.911 -0.297
-1.430 1.911 -0.296
-1.430 1.911 -0.294
-1.430 1.911 -0.293
-1.430 1.911 -0.292
-1.430 1.911 -0.290
-1.430 1.911 -0.289
-1.430 1.911 -0.288
-1.429 1.911 -0.286
-1.430 1.911 -0.285
-1.429 1.911 -0.284
-1.429 1.911 -0.283
-1.429 1.911 -0.281
-1.428 1.911 -0.280
-1.429 1.911 -0.279
-1.428 1.911 -0.278
-1.428 1.911 -0.277
-1.427 1.911 -0.275
-1.427 1.911 -0.274
-1.427 1.910 -0.273
-1.427 1.910 -0.272
-1.427 1.910 -0.271
-1.427 1.910 -0.269
-1.427 1.910 -0.268
-1.426 1.910 -0.267
-1.427 1.910 -0.266
-1.426 1.909 -0.264
-1.425 1.909 -0.264
-1.425 1.907 -0.263
-1.423 1.905 -0.262
-1.422 1.902 -0.262
-1.420 1.899 -0.261
-1.418 1.895 -0.260
-1.417 1.891 -0.260
-1.415 1.886 -0.260
-1.412 1.882 -0.260
-1.410 1.877 -0.260
-1.408 1.872 -0.261
-1.405 1.867 -0.261
-1.403 1.861 -0.262
-1.400 1.856 -0.262
-1.397 1.851 -0.263
-1.394 1.846 -0.264
-1.390 1.841 -0.265
-1.387 1.835 -0.266
-1.383 1.829 -0.267
-1.379 1.824 -0.268
-1.375 1.818 -0.269
-1.371 1.812 -0.270
-1.367 1.806 -0.271
-1.362 1.800 -0.273
-1.358 1.794 -0.274
-1.354 1.788 -0.275
-1.349 1.782 -0.277
-1.344 1.776 -0.278
-1.340 1.770 -0.280
-1.335 1.764 -0.281
-1.330 1.758 -0.283
-1.325 1.751 -0.285
-1.320 1.745 -0.286
-1.315 1.739 -0.288
-1.311 1.732 -0.290
-1.306 1.725 -0.292
-1.301 1.719 -0.294
-1.296 1.712 -0.296
-1.291 1.705 -0.298
-1.286 1.698 -0.300
-1.282 1.691 -0.302
-1.277 1.684 -0.304
-1.272 1.677 -0.307
-1.267 1.670 -0.309
-1.262 1.663 -0.311
-1.258 1.656 -0.314
-1.253 1.648 -0.316
-1.248 1.641 -0.319
-1.243 1.633 -0.321
-1.238 1.626 -0.324
-1.233 1.618 -0.326
-1.227 1.610 -0.329
-1.222 1.603 -0.331
-1.217 1.595 -0.334
-1.212 1.587 -0.337
-1.206 1.579 -0.339
-1.201 1.571 -0.342
-1.195 1.563 -0.344
-1.189 1.556 -0.347
-1.184 1.548 -0.350
-1.178 1.539 -0.352
-1.172 1.531 -0.355
-1.166 1.523 -0.358
-1.160 1.515 -0.360
-1.155 1.506 -0.363
-1.149 1.498 -0.366
-1.143 1.489 -0.368
-1.137 1.481 -0.371
-1.131 1.472 -0.374
-1.125 1.464 -0.377
-1.119 1.455 -0.379
-1.113 1.446 -0.382
-1.107 1.437 -0.385
-1.100 1.429 -0.387
-1.094 1.420 -0.390
-1.088 1.411 -0.393
-1.082 1.402 -0.396
-1.077 1.394 -0.398
-1.073 1.387 -0.400
-1.070 1.382 -0.402
-1.069 1.378 -0.403
-1.069 1.377 -0.404
-1.070 1.377 -0.405
-1.073 1.378 -0.407
-1.076 1.381 -0.408
-1.079 1.385 -0.409
-1.082 1.389 -0.411
-1.085 1.392 -0.413
-1.087 1.394 -0.414
-1.089 1.395 -0.415
-1.090 1.396 -0.416
-1.091 1.397 -0.417
-1.092 1.398 -0.418
-1.093 1.399 -0.418
-1.094 1.399 -0.419
-1.095 1.399 -0.419
-1.095 1.399 -0.419
-1.095 1.399 -0.419
-1.095 1.399 -0.420
-1.096 1.399 -0.419
-1.096 1.398 -0.419
-1.096 1.397 -0.419
-1.095 1.397 -0.419
-1.095 1.395 -0.419
-1.095 1.395 -0.418
-1.095 1.393 -0.418
-1.095 1.392 -0.417
-1.094 1.390 -0.417
-1.094 1.388 -0.416
-1.093 1.387 -0.415
-1.093 1.384 -0.415
-1.093 1.382 -0.414
-1.093 1.381 -0.413
-1.092 1.378 -0.412
-1.092 1.376 -0.411
-1.091 1.374 -0.410
-1.091 1.372 -0.409
-1.090 1.370 -0.408
-1.089 1.368 -0.407
-1.089 1.366 -0.406
-1.088 1.364 -0.405
-1.087 1.361 -0.403
-1.087 1.360 -0.403
-1.086 1.358 -0.401
-1.085 1.356 -0.400
-1.085 1.354 -0.399
-1.084 1.352 -0.398
-1.083 1.350 -0.397
-1.083 1.348 -0.396
-1.082 1.346 -0.395
-1.081 1.345 -0.394
-1.081 1.343 -0.393
-1.081 1.342 -0.392
-1.080 1.340 -0.391
-1.080 1.339 -0.390
-1.079 1.338 -0.389
-1.079 1.336 -0.388
-1.079 1.335 -0.388
-1.078 1.334 -0.387
-1.078 1.333 -0.387
-1.078 1.332 -0.386
-1.077 1.332 -0.385
-1.077 1.331 -0.385
-1.077 1.330 -0.385
-1.077 1.330 -0.384
-1.077 1.329 -0.384
-1.077 1.329 -0.384
-1.077 1.328 -0.384
-1.077 1.328 -0.383
-1.077 1.328 -0.383
-1.077 1.327 -0.383
-1.077 1.328 -0.383
-1.077 1.328 -0.383
-1.077 1.327 -0.383
-1.077 1.328 -0.383
-1.077 1.327 -0.383
-1.077 1.327 -0.383
-1.078 1.327 -0.383
-1.077 1.328 -0.383
-1.078 1.327 -0.383
-1.078 1.328 -0.383
-1.078 1.327 -0.382
-1.077 1.327 -0.382
-1.078 1.327 -0.382
-1.078 1.327 -0.382
-1.078 1.327 -0.382
-1.077 1.327 -0.382
-1.077 1.326 -0.382
-1.077 1.326 -0.381
-1.077 1.326 -0.381
-1.077 1.326 -0.381
-1.077 1.326 -0.381
-1.076 1.325 -0.380
-1.076 1.325 -0.380
-1.076 1.324 -0.379
-1.076 1.324 -0.379
-1.076 1.324 -0.378
-1.075 1.323 -0.378
-1.075 1.322 -0.377
-1.075 1.321 -0.377
-1.075 1.320 -0.376
-1.075 1.320 -0.376
-1.074 1.318 -0.375
-1.074 1.318 -0.374
-1.074 1.317 -0.373
-1.073 1.316 -0.372
-1.073 1.315 -0.371
-1.072 1.313 -0.371
-1.072 1.312 -0.370
-1.071 1.311 -0.369
-1.071 1.310 -0.368
-1.070 1.309 -0.367
