x y z
-0.983 1.447 -0.392
-0.982 1.447 -0.392
-0.982 1.447 -0.390
-0.982 1.447 -0.388
-0.982 1.447 -0.387
-0.983 1.447 -0.385
-0.983 1.447 -0.383
-0.983 1.447 -0.382
-0.983 1.447 -0.380
-0.983 1.447 -0.378
-0.983 1.447 -0.377
-0.983 1.448 -0.375
-0.983 1.448 -0.374
-0.984 1.448 -0.372
-0.984 1.448 -0.370
-0.984 1.448 -0.369
-0.984 1.448 -0.367
-0.984 1.448 -0.366
-0.984 1.448 -0.364
-0.984 1.449 -0.363
-0.985 1.449 -0.361
-0.985 1.449 -0.360
-0.985 1.449 -0.358
-0.985 1.449 -0.357
-0.985 1.449 -0.355
-0.986 1.449 -0.354
-0.986 1.449 -0.352
-0.986 1.449 -0.351
-0.986 1.449 -0.349
-0.987 1.449 -0.348
-0.987 1.449 -0.346
-0.987 1.449 -0.345
-0.987 1.449 -0.343
-0.986 1.449 -0.342
-0.987 1.449 -0.340
-0.986 1.450 -0.339
-0.986 1.450 -0.337
-0.986 1.451 -0.336
-0.986 1.451 -0.335
-0.986 1.451 -0.333
-0.986 1.451 -0.332
-0.985 1.452 -0.330
-0.986 1.452 -0.329
-0.986 1.452 -0.328
-0.986 1.452 -0.326
-0.986 1.452 -0.325
-0.986 1.453 -0.324
-0.987 1.453 -0.323
-0.987 1.453 -0.322
-0.987 1.453 -0.321
-0.988 1.453 -0.320
-0.988 1.453 -0.319
-0.988 1.453 -0.318
-0.988 1.453 -0.317
-0.989 1.454 -0.316
-0.989 1.454 -0.315
-0.990 1.454 -0.314
-0.990 1.454 -0.313
-0.990 1.454 -0.311
-0.991 1.454 -0.310
-0.991 1.454 -0.309
-0.992 1.454 -0.308
-0.993 1.454 -0.307
-0.993 1.454 -0.306
-0.993 1.454 -0.305
-0.993 1.454 -0.304
-0.992 1.454 -0.303
-0.991 1.455 -0.301
-0.990 1.456 -0.300
-0.988 1.457 -0.299
-0.986 1.459 -0.298
-0.984 1.460 -0.297
-0.981 1.462 -0.296
-0.979 1.464 -0.295
-0.975 1.467 -0.294
-0.972 1.469 -0.293
-0.968 1.472 -0.293
-0.965 1.474 -0.292
-0.961 1.478 -0.291
-0.957 1.481 -0.291
-0.953 1.484 -0.290
-0.948 1.487 -0.290
-0.944 1.491 -0.289
-0.939 1.494 -0.288
-0.934 1.498 -0.287
-0.930 1.501 -0.286
-0.925 1.505 -0.286
-0.920 1.509 -0.285
-0.915 1.512 -0.284
-0.910 1.516 -0.283
-0.905 1.520 -0.282
-0.900 1.523 -0.281
-0.898 1.528 -0.277
-0.892 1.532 -0.277
-0.886 1.536 -0.276
-0.881 1.540 -0.275
-0.875 1.544 -0.274
-0.870 1.548 -0.273
-0.864 1.552 -0.272
-0.858 1.556 -0.271
-0.850 1.559 -0.272
-0.844 1.563 -0.271
-0.838 1.567 -0.270
-0.835 1.572 -0.267
-0.829 1.576 -0.266
-0.823 1.580 -0.265
-0.818 1.584 -0.265
-0.812 1.588 -0.264
-0.806 1.592 -0.263
-0.798 1.596 -0.263
-0.792 1.600 -0.262
-0.786 1.605 -0.262
-0.780 1.609 -0.261
-0.773 1.613 -0.261
-0.767 1.618 -0.260
-0.761 1.622 -0.259
-0.755 1.627 -0.258
-0.748 1.631 -0.258
-0.741 1.636 -0.258
-0.735 1.641 -0.257
-0.729 1.645 -0.256
-0.722 1.650 -0.256
-0.716 1.655 -0.255
-0.709 1.659 -0.255
-0.702 1.663 -0.254
-0.696 1.668 -0.254
-0.689 1.673 -0.253
-0.683 1.678 -0.253
-0.676 1.683 -0.253
-0.670 1.687 -0.252
-0.663 1.692 -0.252
-0.656 1.697 -0.252
-0.650 1.702 -0.251
-0.643 1.707 -0.251
-0.636 1.712 -0.251
-0.629 1.717 -0.251
-0.622 1.722 -0.251
-0.615 1.727 -0.251
-0.608 1.732 -0.251
-0.601 1.737 -0.251
-0.594 1.743 -0.251
-0.587 1.748 -0.251
-0.581 1.753 -0.251
-0.575 1.757 -0.251
-0.571 1.760 -0.251
-0.568 1.762 -0.251
-0.567 1.763 -0.251
-0.567 1.763 -0.251
-0.569 1.762 -0.252
-0.571 1.761 -0.253
-0.575 1.759 -0.254
-0.580 1.756 -0.255
-0.583 1.754 -0.256
-0.586 1.752 -0.257
-0.589 1.751 -0.258
-0.591 1.749 -0.259
-0.593 1.747 -0.259
-0.595 1.746 -0.260
-0.596 1.744 -0.260
-0.597 1.743 -0.260
-0.598 1.742 -0.260
-0.598 1.741 -0.260
-0.599 1.740 -0.260
-0.601 1.742 -0.258
-0.600 1.741 -0.258
-0.599 1.740 -0.258
-0.598 1.739 -0.259
-0.597 1.738 -0.259
-0.595 1.736 -0.260
-0.594 1.736 -0.260
-0.594 1.736 -0.259
-0.593 1.736 -0.259
-0.592 1.735 -0.258
-0.591 1.735 -0.258
-0.589 1.734 -0.258
-0.588 1.734 -0.257
-0.587 1.734 -0.257
-0.585 1.734 -0.257
-0.584 1.733 -0.256
-0.582 1.733 -0.256
-0.580 1.733 -0.255
-0.578 1.733 -0.255
-0.577 1.734 -0.254
-0.575 1.734 -0.254
-0.573 1.734 -0.254
-0.571 1.734 -0.253
-0.569 1.735 -0.253
-0.567 1.735 -0.252
-0.565 1.735 -0.252
-0.563 1.736 -0.251
-0.561 1.736 -0.251
-0.559 1.737 -0.250
-0.557 1.737 -0.249
-0.555 1.738 -0.249
-0.554 1.738 -0.248
-0.552 1.738 -0.248
-0.550 1.739 -0.247
-0.548 1.740 -0.247
-0.547 1.740 -0.246
-0.545 1.741 -0.246
-0.544 1.742 -0.245
-0.542 1.742 -0.245
-0.541 1.743 -0.244
-0.539 1.743 -0.244
-0.538 1.744 -0.243
-0.537 1.744 -0.243
-0.536 1.745 -0.242
-0.535 1.745 -0.241
-0.533 1.746 -0.241
-0.532 1.747 -0.240
-0.531 1.747 -0.240
-0.530 1.747 -0.239
-0.529 1.748 -0.239
-0.529 1.749 -0.238
-0.528 1.749 -0.237
-0.527 1.750 -0.237
-0.526 1.750 -0.236
-0.525 1.751 -0.235
-0.524 1.751 -0.235
-0.524 1.752 -0.234
-0.523 1.752 -0.233
-0.522 1.752 -0.233
-0.522 1.752 -0.232
-0.521 1.752 -0.231
-0.521 1.752 -0.230
-0.520 1.752 -0.230
-0.520 1.753 -0.229
-0.519 1.753 -0.228
-0.519 1.752 -0.227
-0.519 1.752 -0.227
-0.518 1.753 -0.226
-0.518 1.753 -0.225
-0.517 1.753 -0.224
-0.516 1.753 -0.223
-0.516 1.753 -0.222
-0.516 1.753 -0.222
-0.515 1.753 -0.221
-0.514 1.752 -0.220
-0.513 1.752 -0.219
-0.513 1.752 -0.218
-0.512 1.753 -0.217
-0.512 1.752 -0.216
-0.512 1.753 -0.215
-0.511 1.752 -0.214
-0.511 1.752 -0.213
-0.510 1.752 -0.212
-0.509 1.752 -0.211
-0.509 1.752 -0.210
-0.508 1.751 -0.209
-0.508 1.751 -0.208
-0.507 1.751 -0.206
-0.507 1.751 -0.205
-0.506 1.751 -0.204
-0.505 1.751 -0.203
-0.505 1.750 -0.202
-0.504 1.750 -0.200
-0.503 1.750 -0.199
-0.503 1.750 -0.198
-0.502 1.750 -0.197
-0.501 1.750 -0.196
-0.500 1.751 -0.195
-0.499 1.751 -0.193
-0.499 1.751 -0.192
-0.498 1.751 -0.191
-0.497 1.751 -0.190
-0.496 1.751 -0.188
-0.495 1.751 -0.187
-0.495 1.751 -0.186
-0.494 1.751 -0.185
-0.493 1.751 -0.183
-0.492 1.751 -0.182
-0.491 1.752 -0.181
-0.490 1.752 -0.180
-0.489 1.753 -0.178
-0.487 1.753 -0.178
-0.487 1.753 -0.176
-0.486 1.754 -0.175
-0.485 1.754 -0.174
-0.485 1.755 -0.172
-0.484 1.755 -0.171
-0.483 1.756 -0.170
-0.482 1.756 -0.168
-0.481 1.756 -0.167
-0.480 1.757 -0.166
-0.480 1.757 -0.164
-0.479 1.757 -0.163
-0.478 1.757 -0.162
-0.477 1.758 -0.160
-0.477 1.758 -0.159
-0.476 1.758 -0.158
-0.475 1.758 -0.157
-0.475 1.759 -0.155
-0.474 1.759 -0.154
-0.474 1.759 -0.153
-0.473 1.759 -0.152
-0.472 1.759 -0.150
-0.472 1.759 -0.149
-0.471 1.760 -0.148
-0.471 1.760 -0.147
-0.470 1.760 -0.145
-0.470 1.761 -0.144
-0.469 1.761 -0.142
-0.468 1.761 -0.141
-0.468 1.762 -0.140
-0.467 1.762 -0.138
-0.467 1.762 -0.137
-0.466 1.762 -0.135
-0.466 1.763 -0.134
-0.465 1.763 -0.133
-0.465 1.763 -0.131
-0.464 1.763 -0.130
-0.464 1.763 -0.128
-0.463 1.763 -0.127
-0.463 1.763 -0.125
-0.463 1.763 -0.124
-0.462 1.763 -0.122
-0.462 1.764 -0.121
-0.461 1.763 -0.119
-0.461 1.763 -0.118
-0.461 1.763 -0.116
-0.460 1.763 -0.115
-0.460 1.763 -0.113
-0.460 1.763 -0.112
-0.459 1.763 -0.110
-0.459 1.763 -0.109
-0.459 1.763 -0.107
-0.458 1.763 -0.105
-0.458 1.763 -0.104
-0.457 1.763 -0.102
-0.457 1.763 -0.101
-0.457 1.763 -0.099
-0.456 1.763 -0.097
-0.455 1.763 -0.095
-0.455 1.762 -0.094
-0.454 1.762 -0.092
-0.454 1.762 -0.091
-0.453 1.762 -0.089
-0.453 1.762 -0.087
-0.452 1.761 -0.086
-0.452 1.761 -0.084
-0.451 1.761 -0.082
-0.451 1.761 -0.081
-0.450 1.761 -0.079
-0.449 1.761 -0.077
-0.448 1.761 -0.076
-0.447 1.761 -0.074
-0.447 1.761 -0.072
-0.445 1.761 -0.071
-0.445 1.761 -0.069
-0.444 1.761 -0.068
-0.443 1.761 -0.066
-0.442 1.761 -0.064
-0.442 1.761 -0.062
-0.441 1.761 -0.061
-0.441 1.761 -0.059
-0.440 1.761 -0.057
-0.440 1.761 -0.056
-0.439 1.761 -0.054
-0.439 1.760 -0.052
-0.439 1.760 -0.051
-0.438 1.760 -0.049
-0.438 1.760 -0.048
-0.437 1.760 -0.046
-0.437 1.760 -0.044
-0.436 1.760 -0.043
-0.436 1.761 -0.041
-0.435 1.761 -0.039
-0.435 1.761 -0.038
-0.434 1.761 -0.036
-0.434 1.761 -0.034
-0.433 1.761 -0.033
-0.433 1.761 -0.031
-0.432 1.761 -0.029
-0.432 1.761 -0.028
-0.432 1.761 -0.026
-0.431 1.761 -0.024
-0.431 1.761 -0.023
-0.431 1.761 -0.021
-0.430 1.761 -0.019
-0.430 1.761 -0.017
-0.429 1.761 -0.016
-0.429 1.761 -0.014
-0.429 1.761 -0.012
-0.428 1.762 -0.010
-0.428 1.761 -0.009
-0.427 1.762 -0.007
-0.427 1.761 -0.005
-0.427 1.761 -0.003
-0.426 1.761 -0.001
-0.426 1.761 0.000
-0.426 1.761 0.002
-0.425 1.761 0.004
-0.425 1.761 0.006
-0.425 1.761 0.008
-0.424 1.761 0.009
-0.424 1.761 0.011
-0.424 1.761 0.013
-0.423 1.760 0.015
-0.423 1.760 0.017
-0.423 1.760 0.019
-0.423 1.760 0.020
-0.423 1.759 0.022
-0.422 1.759 0.024
-0.422 1.759 0.026
-0.422 1.759 0.028
-0.422 1.759 0.030
-0.421 1.758 0.031
-0.421 1.758 0.033
-0.421 1.758 0.035
-0.421 1.758 0.037
-0.421 1.758 0.039
-0.420 1.758 0.041
-0.420 1.758 0.043
-0.419 1.758 0.045
-0.419 1.758 0.046
-0.419 1.758 0.048
-0.419 1.757 0.050
-0.418 1.757 0.052
-0.418 1.757 0.054
-0.418 1.757 0.056
-0.418 1.757 0.058
-0.418 1.756 0.060
-0.417 1.756 0.062
-0.417 1.756 0.064
-0.417 1.756 0.066
-0.417 1.755 0.068
-0.417 1.755 0.070
-0.416 1.755 0.071
-0.416 1.755 0.073
-0.416 1.755 0.075
-0.415 1.755 0.077
-0.415 1.755 0.079
-0.415 1.755 0.081
-0.415 1.755 0.083
-0.414 1.754 0.085
-0.414 1.754 0.087
-0.414 1.754 0.089
-0.414 1.754 0.091
-0.414 1.754 0.093
-0.414 1.753 0.095
-0.413 1.753 0.097
-0.413 1.753 0.098
-0.413 1.753 0.100
-0.413 1.753 0.102
-0.414 1.753 0.105
-0.413 1.753 0.107
-0.413 1.752 0.108
-0.413 1.752 0.110
-0.413 1.753 0.112
-0.413 1.752 0.114
-0.413 1.752 0.116
-0.412 1.752 0.118
-0.412 1.752 0.120
-0.412 1.752 0.122
-0.412 1.752 0.124
-0.412 1.751 0.126
-0.412 1.751 0.128
-0.412 1.751 0.130
-0.412 1.751 0.132
-0.411 1.751 0.134
-0.411 1.750 0.136
-0.411 1.750 0.138
-0.411 1.750 0.140
-0.411 1.750 0.142
-0.411 1.750 0.144
-0.411 1.750 0.146
-0.410 1.750 0.148
-0.410 1.750 0.151
-0.410 1.749 0.153
-0.410 1.749 0.155
-0.410 1.749 0.157
-0.410 1.749 0.159
-0.410 1.748 0.161
-0.410 1.748 0.163
-0.410 1.748 0.165
-0.410 1.748 0.167
-0.410 1.747 0.169
-0.409 1.747 0.171
-0.409 1.747 0.173
-0.409 1.746 0.175
-0.409 1.746 0.177
-0.409 1.746 0.179
-0.409 1.745 0.181
-0.409 1.745 0.183
-0.409 1.744 0.185
-0.409 1.744 0.187
-0.409 1.744 0.189
-0.409 1.743 0.191
-0.409 1.743 0.194
-0.409 1.743 0.196
-0.408 1.743 0.198
-0.408 1.742 0.200
-0.408 1.742 0.202
-0.408 1.742 0.204
-0.408 1.742 0.206
-0.408 1.741 0.209
-0.408 1.741 0.211
-0.408 1.741 0.213
-0.408 1.740 0.215
-0.408 1.740 0.217
-0.408 1.739 0.219
