x y z
-1.499 2.256 -0.330
-1.499 2.257 -0.328
-1.498 2.257 -0.327
-1.498 2.258 -0.326
-1.499 2.258 -0.324
-1.499 2.259 -0.322
-1.499 2.259 -0.321
-1.498 2.260 -0.320
-1.498 2.260 -0.318
-1.498 2.261 -0.316
-1.498 2.261 -0.315
-1.498 2.262 -0.313
-1.497 2.262 -0.312
-1.498 2.263 -0.310
-1.498 2.263 -0.309
-1.497 2.264 -0.308
-1.497 2.264 -0.306
-1.497 2.265 -0.304
-1.496 2.265 -0.303
-1.497 2.265 -0.301
-1.497 2.266 -0.300
-1.497 2.266 -0.298
-1.496 2.267 -0.298
-1.497 2.267 -0.295
-1.496 2.268 -0.294
-1.496 2.268 -0.292
-1.496 2.269 -0.291
-1.496 2.269 -0.289
-1.496 2.269 -0.288
-1.496 2.270 -0.286
-1.496 2.270 -0.285
-1.496 2.271 -0.283
-1.496 2.271 -0.282
-1.495 2.271 -0.281
-1.496 2.272 -0.279
-1.496 2.272 -0.278
-1.495 2.273 -0.277
-1.496 2.273 -0.275
-1.495 2.274 -0.274
-1.496 2.274 -0.272
-1.495 2.274 -0.271
-1.495 2.275 -0.270
-1.495 2.275 -0.268
-1.495 2.275 -0.267
-1.495 2.276 -0.265
-1.495 2.276 -0.264
-1.495 2.276 -0.262
-1.495 2.277 -0.261
-1.495 2.277 -0.259
-1.494 2.277 -0.258
-1.494 2.277 -0.257
-1.493 2.278 -0.256
-1.494 2.278 -0.254
-1.493 2.279 -0.253
-1.494 2.279 -0.251
-1.493 2.279 -0.251
-1.493 2.279 -0.248
-1.493 2.280 -0.247
-1.493 2.280 -0.246
-1.492 2.280 -0.245
-1.493 2.281 -0.243
-1.492 2.280 -0.242
-1.492 2.280 -0.240
-1.491 2.280 -0.239
-1.490 2.279 -0.238
-1.489 2.278 -0.237
-1.488 2.275 -0.236
-1.487 2.273 -0.235
-1.485 2.270 -0.235
-1.483 2.266 -0.234
-1.481 2.262 -0.234
-1.479 2.259 -0.234
-1.477 2.254 -0.234
-1.476 2.250 -0.234
-1.474 2.245 -0.234
-1.472 2.240 -0.235
-1.469 2.236 -0.235
-1.466 2.231 -0.236
-1.465 2.226 -0.237
-1.463 2.221 -0.237
-1.460 2.216 -0.238
-1.457 2.211 -0.239
-1.455 2.205 -0.240
-1.451 2.200 -0.241
-1.449 2.194 -0.243
-1.445 2.188 -0.244
-1.442 2.183 -0.245
-1.439 2.177 -0.247
-1.435 2.171 -0.248
-1.432 2.166 -0.249
-1.428 2.159 -0.251
-1.425 2.153 -0.253
-1.422 2.147 -0.254
-1.419 2.141 -0.256
-1.415 2.135 -0.257
-1.412 2.129 -0.260
-1.408 2.122 -0.261
-1.405 2.116 -0.264
-1.402 2.110 -0.266
-1.397 2.102 -0.267
-1.390 2.092 -0.268
-1.390 2.087 -0.270
-1.387 2.081 -0.273
-1.383 2.074 -0.275
-1.379 2.067 -0.278
-1.375 2.060 -0.280
-1.372 2.054 -0.283
-1.368 2.046 -0.285
-1.364 2.039 -0.287
-1.361 2.032 -0.289
-1.357 2.025 -0.292
-1.353 2.017 -0.294
-1.348 2.010 -0.297
-1.344 2.002 -0.299
-1.340 1.995 -0.302
-1.336 1.987 -0.304
-1.332 1.979 -0.307
-1.327 1.971 -0.309
-1.323 1.963 -0.312
-1.318 1.955 -0.314
-1.314 1.947 -0.317
-1.309 1.938 -0.320
-1.305 1.930 -0.322
-1.300 1.922 -0.325
-1.295 1.914 -0.327
-1.290 1.905 -0.330
-1.285 1.897 -0.333
-1.280 1.888 -0.335
-1.275 1.880 -0.338
-1.270 1.872 -0.340
-1.265 1.863 -0.343
-1.259 1.854 -0.345
-1.254 1.845 -0.348
-1.249 1.837 -0.351
-1.244 1.828 -0.353
-1.239 1.819 -0.356
-1.234 1.810 -0.358
-1.228 1.801 -0.361
-1.223 1.792 -0.364
-1.218 1.783 -0.366
-1.213 1.774 -0.369
-1.209 1.766 -0.371
-1.206 1.760 -0.373
-1.204 1.756 -0.374
-1.204 1.754 -0.376
-1.204 1.754 -0.377
-1.205 1.755 -0.378
-1.207 1.758 -0.379
-1.208 1.762 -0.381
-1.210 1.766 -0.382
-1.213 1.769 -0.383
-1.213 1.773 -0.385
-1.214 1.775 -0.386
-1.214 1.776 -0.388
-1.214 1.778 -0.389
-1.214 1.780 -0.390
-1.215 1.781 -0.391
-1.215 1.781 -0.391
-1.215 1.782 -0.392
-1.215 1.782 -0.392
-1.215 1.782 -0.393
-1.215 1.782 -0.393
-1.215 1.782 -0.393
-1.214 1.782 -0.393
-1.214 1.781 -0.393
-1.213 1.781 -0.393
-1.213 1.780 -0.393
-1.213 1.778 -0.393
-1.212 1.777 -0.393
-1.211 1.776 -0.392
-1.210 1.776 -0.392
-1.210 1.775 -0.391
-1.209 1.772 -0.391
-1.209 1.771 -0.390
-1.207 1.770 -0.389
-1.207 1.768 -0.389
-1.206 1.766 -0.388
-1.205 1.764 -0.388
-1.205 1.762 -0.387
-1.204 1.760 -0.386
-1.203 1.758 -0.385
-1.202 1.756 -0.384
-1.201 1.755 -0.383
-1.200 1.754 -0.382
-1.199 1.752 -0.381
-1.198 1.750 -0.380
-1.197 1.747 -0.379
-1.196 1.745 -0.378
-1.195 1.743 -0.377
-1.194 1.741 -0.376
-1.193 1.739 -0.375
-1.192 1.738 -0.374
-1.191 1.736 -0.372
-1.190 1.734 -0.372
-1.190 1.732 -0.371
-1.189 1.731 -0.370
-1.188 1.729 -0.369
-1.187 1.727 -0.368
-1.186 1.727 -0.367
-1.186 1.725 -0.367
-1.185 1.723 -0.366
-1.185 1.722 -0.365
-1.184 1.721 -0.365
-1.184 1.720 -0.364
-1.184 1.719 -0.364
-1.183 1.718 -0.363
-1.182 1.717 -0.362
-1.182 1.716 -0.362
-1.182 1.716 -0.361
-1.181 1.715 -0.361
-1.181 1.715 -0.361
-1.181 1.714 -0.361
-1.181 1.713 -0.360
-1.181 1.713 -0.360
-1.180 1.712 -0.360
-1.180 1.712 -0.360
-1.180 1.712 -0.359
-1.180 1.711 -0.359
-1.179 1.711 -0.359
-1.179 1.711 -0.359
-1.180 1.711 -0.359
-1.179 1.712 -0.358
-1.179 1.711 -0.358
-1.179 1.711 -0.359
-1.179 1.710 -0.358
-1.179 1.710 -0.358
-1.179 1.710 -0.358
-1.179 1.710 -0.358
-1.179 1.710 -0.358
-1.178 1.710 -0.358
-1.178 1.709 -0.357
-1.178 1.709 -0.357
-1.178 1.709 -0.357
-1.177 1.709 -0.356
-1.177 1.709 -0.356
-1.177 1.709 -0.356
-1.177 1.709 -0.355
-1.177 1.708 -0.354
-1.176 1.708 -0.354
-1.176 1.708 -0.354
-1.176 1.707 -0.353
-1.175 1.707 -0.352
-1.175 1.706 -0.352
-1.175 1.706 -0.351
-1.174 1.705 -0.350
-1.174 1.704 -0.350
-1.174 1.703 -0.349
-1.173 1.703 -0.348
-1.173 1.701 -0.347
-1.173 1.701 -0.346
-1.172 1.700 -0.345
-1.172 1.699 -0.344
-1.171 1.698 -0.343
-1.171 1.696 -0.342
-1.170 1.695 -0.341
-1.169 1.694 -0.340
-1.168 1.694 -0.339
-1.168 1.693 -0.337
-1.167 1.692 -0.336
-1.167 1.691 -0.335
-1.166 1.689 -0.334
-1.166 1.687 -0.333
-1.164 1.687 -0.331
-1.164 1.685 -0.330
-1.163 1.684 -0.328
-1.163 1.683 -0.327
-1.163 1.680 -0.326
-1.162 1.679 -0.325
-1.161 1.678 -0.323
-1.161 1.676 -0.322
-1.160 1.675 -0.321
-1.159 1.675 -0.319
-1.159 1.672 -0.318
-1.158 1.671 -0.317
-1.158 1.670 -0.315
-1.157 1.670 -0.314
-1.156 1.669 -0.312
-1.156 1.667 -0.311
-1.155 1.666 -0.310
-1.154 1.666 -0.308
-1.154 1.664 -0.307
-1.153 1.663 -0.306
-1.153 1.662 -0.305
-1.153 1.661 -0.303
-1.152 1.660 -0.302
-1.152 1.659 -0.301
-1.152 1.658 -0.300
-1.152 1.656 -0.299
-1.151 1.656 -0.298
-1.151 1.656 -0.297
-1.151 1.654 -0.296
-1.151 1.654 -0.294
-1.151 1.653 -0.293
-1.151 1.652 -0.292
-1.150 1.652 -0.291
-1.150 1.651 -0.290
-1.150 1.651 -0.289
-1.149 1.651 -0.288
-1.150 1.650 -0.287
-1.149 1.650 -0.286
-1.149 1.649 -0.285
-1.149 1.649 -0.284
-1.149 1.648 -0.283
-1.149 1.648 -0.282
-1.149 1.647 -0.281
-1.149 1.646 -0.280
-1.148 1.646 -0.279
-1.149 1.645 -0.278
-1.149 1.645 -0.277
-1.148 1.645 -0.276
-1.149 1.644 -0.275
-1.148 1.643 -0.274
-1.148 1.643 -0.273
-1.148 1.643 -0.271
-1.148 1.642 -0.270
-1.148 1.642 -0.269
-1.148 1.642 -0.268
-1.148 1.641 -0.267
-1.148 1.640 -0.266
-1.147 1.641 -0.264
-1.147 1.639 -0.263
-1.147 1.638 -0.262
-1.147 1.638 -0.261
-1.146 1.637 -0.259
-1.146 1.636 -0.258
-1.146 1.636 -0.256
-1.146 1.635 -0.255
-1.146 1.634 -0.254
-1.146 1.633 -0.252
-1.146 1.632 -0.251
-1.145 1.631 -0.249
-1.145 1.631 -0.248
-1.145 1.630 -0.247
-1.145 1.629 -0.245
-1.144 1.628 -0.243
-1.144 1.627 -0.242
-1.143 1.626 -0.240
-1.143 1.626 -0.239
-1.142 1.626 -0.237
-1.142 1.624 -0.235
-1.141 1.623 -0.234
-1.141 1.622 -0.232
-1.140 1.621 -0.231
-1.140 1.620 -0.229
-1.140 1.620 -0.227
-1.139 1.618 -0.226
-1.139 1.617 -0.224
-1.139 1.616 -0.222
-1.139 1.615 -0.221
-1.138 1.615 -0.219
-1.138 1.613 -0.217
-1.138 1.613 -0.215
-1.138 1.611 -0.214
-1.138 1.610 -0.212
-1.137 1.609 -0.211
-1.137 1.608 -0.209
-1.136 1.607 -0.207
-1.136 1.606 -0.206
-1.136 1.606 -0.204
-1.135 1.605 -0.203
-1.135 1.604 -0.201
-1.134 1.604 -0.199
-1.134 1.603 -0.198
-1.134 1.602 -0.196
-1.134 1.601 -0.194
-1.134 1.600 -0.193
-1.133 1.600 -0.191
-1.133 1.599 -0.190
-1.133 1.599 -0.188
-1.133 1.597 -0.187
-1.133 1.597 -0.185
-1.133 1.596 -0.183
-1.133 1.596 -0.182
-1.133 1.595 -0.180
-1.133 1.594 -0.179
-1.132 1.594 -0.177
-1.132 1.593 -0.176
-1.132 1.593 -0.174
-1.132 1.592 -0.172
-1.131 1.592 -0.171
-1.132 1.591 -0.169
-1.131 1.591 -0.168
-1.132 1.590 -0.166
-1.131 1.590 -0.165
-1.131 1.589 -0.163
-1.132 1.589 -0.162
-1.132 1.588 -0.160
-1.132 1.587 -0.159
-1.132 1.587 -0.157
-1.132 1.586 -0.155
-1.132 1.586 -0.154
