x y z
-1.320 1.861 -0.341
-1.320 1.861 -0.340
-1.319 1.861 -0.339
-1.319 1.861 -0.338
-1.319 1.860 -0.336
-1.320 1.860 -0.335
-1.320 1.860 -0.334
-1.319 1.859 -0.332
-1.319 1.859 -0.331
-1.319 1.859 -0.330
-1.319 1.858 -0.328
-1.319 1.858 -0.328
-1.320 1.858 -0.326
-1.319 1.857 -0.325
-1.319 1.857 -0.324
-1.319 1.856 -0.323
-1.319 1.856 -0.322
-1.319 1.855 -0.321
-1.319 1.855 -0.319
-1.320 1.855 -0.318
-1.320 1.854 -0.317
-1.319 1.854 -0.316
-1.319 1.853 -0.315
-1.319 1.853 -0.314
-1.319 1.853 -0.312
-1.319 1.852 -0.311
-1.318 1.852 -0.310
-1.318 1.851 -0.309
-1.318 1.851 -0.308
-1.317 1.851 -0.307
-1.317 1.850 -0.305
-1.316 1.851 -0.304
-1.316 1.850 -0.303
-1.316 1.850 -0.302
-1.315 1.850 -0.301
-1.315 1.849 -0.300
-1.314 1.849 -0.299
-1.314 1.849 -0.298
-1.314 1.849 -0.297
-1.313 1.848 -0.296
-1.313 1.848 -0.295
-1.313 1.848 -0.294
-1.312 1.847 -0.293
-1.312 1.847 -0.292
-1.312 1.847 -0.291
-1.312 1.847 -0.290
-1.312 1.847 -0.289
-1.312 1.846 -0.289
-1.312 1.846 -0.288
-1.312 1.846 -0.288
-1.312 1.846 -0.287
-1.312 1.845 -0.286
-1.312 1.845 -0.286
-1.312 1.845 -0.285
-1.313 1.845 -0.285
-1.313 1.845 -0.284
-1.313 1.844 -0.283
-1.314 1.844 -0.283
-1.314 1.844 -0.282
-1.314 1.843 -0.282
-1.314 1.843 -0.281
-1.315 1.843 -0.281
-1.315 1.842 -0.281
-1.316 1.842 -0.280
-1.316 1.841 -0.280
-1.317 1.841 -0.279
-1.317 1.840 -0.279
-1.318 1.840 -0.278
-1.318 1.839 -0.278
-1.319 1.839 -0.277
-1.319 1.839 -0.277
-1.319 1.838 -0.276
-1.318 1.838 -0.276
-1.317 1.838 -0.275
-1.314 1.839 -0.274
-1.310 1.840 -0.273
-1.305 1.843 -0.273
-1.299 1.846 -0.273
-1.292 1.851 -0.273
-1.284 1.855 -0.274
-1.276 1.860 -0.274
-1.267 1.866 -0.275
-1.258 1.872 -0.276
-1.249 1.877 -0.276
-1.240 1.883 -0.276
-1.230 1.889 -0.276
-1.220 1.894 -0.275
-1.210 1.900 -0.274
-1.200 1.906 -0.274
-1.189 1.912 -0.273
-1.178 1.919 -0.272
-1.167 1.925 -0.271
-1.156 1.932 -0.271
-1.145 1.938 -0.269
-1.134 1.945 -0.268
-1.121 1.952 -0.267
-1.110 1.959 -0.266
-1.098 1.966 -0.265
-1.086 1.973 -0.264
-1.073 1.980 -0.263
-1.061 1.987 -0.262
-1.049 1.994 -0.261
-1.036 2.001 -0.260
-1.023 2.008 -0.259
-1.011 2.015 -0.259
-0.998 2.023 -0.258
-0.985 2.030 -0.257
-0.972 2.037 -0.256
-0.959 2.045 -0.256
-0.946 2.052 -0.256
-0.933 2.060 -0.255
-0.920 2.067 -0.255
-0.907 2.075 -0.255
-0.894 2.082 -0.255
-0.881 2.090 -0.254
-0.868 2.098 -0.254
-0.854 2.106 -0.254
-0.841 2.114 -0.254
-0.827 2.121 -0.254
-0.814 2.129 -0.255
-0.800 2.137 -0.255
-0.786 2.146 -0.256
-0.772 2.154 -0.256
-0.758 2.162 -0.257
-0.744 2.170 -0.258
-0.730 2.179 -0.259
-0.715 2.187 -0.261
-0.701 2.196 -0.262
-0.687 2.205 -0.263
-0.673 2.213 -0.265
-0.659 2.222 -0.266
-0.645 2.231 -0.268
-0.630 2.240 -0.269
-0.615 2.249 -0.271
-0.601 2.258 -0.273
-0.587 2.267 -0.275
-0.573 2.275 -0.277
-0.558 2.285 -0.279
-0.544 2.294 -0.281
-0.529 2.303 -0.283
-0.514 2.312 -0.285
-0.500 2.321 -0.287
-0.485 2.330 -0.290
-0.470 2.339 -0.292
-0.456 2.349 -0.294
-0.441 2.358 -0.297
-0.427 2.367 -0.299
-0.412 2.375 -0.301
-0.399 2.384 -0.304
-0.386 2.391 -0.306
-0.375 2.398 -0.308
-0.367 2.402 -0.309
-0.362 2.404 -0.310
-0.361 2.404 -0.312
-0.363 2.403 -0.314
-0.367 2.401 -0.315
-0.373 2.397 -0.318
-0.380 2.392 -0.319
-0.385 2.388 -0.320
-0.389 2.384 -0.322
-0.392 2.381 -0.323
-0.396 2.378 -0.323
-0.397 2.375 -0.324
-0.399 2.373 -0.323
-0.400 2.370 -0.324
-0.401 2.368 -0.323
-0.401 2.366 -0.323
-0.401 2.364 -0.323
-0.400 2.362 -0.323
-0.399 2.361 -0.324
-0.399 2.359 -0.323
-0.398 2.358 -0.323
-0.395 2.356 -0.323
-0.393 2.355 -0.323
-0.391 2.354 -0.323
-0.390 2.353 -0.322
-0.387 2.352 -0.322
-0.384 2.351 -0.322
-0.382 2.350 -0.322
-0.379 2.349 -0.322
-0.375 2.349 -0.322
-0.373 2.348 -0.321
-0.369 2.348 -0.321
-0.366 2.348 -0.321
-0.362 2.347 -0.321
-0.359 2.347 -0.321
-0.355 2.347 -0.321
-0.352 2.347 -0.320
-0.348 2.347 -0.320
-0.345 2.347 -0.320
-0.342 2.347 -0.319
-0.338 2.347 -0.319
-0.334 2.347 -0.319
-0.332 2.347 -0.318
-0.329 2.347 -0.318
-0.326 2.347 -0.317
-0.323 2.347 -0.317
-0.320 2.348 -0.317
-0.317 2.348 -0.316
-0.314 2.348 -0.316
-0.311 2.348 -0.316
-0.308 2.348 -0.315
-0.305 2.349 -0.315
-0.303 2.349 -0.314
-0.301 2.350 -0.313
-0.298 2.350 -0.313
-0.296 2.350 -0.313
-0.294 2.350 -0.312
-0.292 2.350 -0.312
-0.289 2.350 -0.312
-0.288 2.350 -0.311
-0.285 2.350 -0.311
-0.283 2.350 -0.311
-0.281 2.350 -0.310
-0.279 2.350 -0.310
-0.276 2.350 -0.310
-0.275 2.350 -0.310
-0.274 2.351 -0.309
-0.272 2.351 -0.309
-0.270 2.351 -0.308
-0.269 2.351 -0.308
-0.267 2.351 -0.308
-0.266 2.352 -0.307
-0.264 2.352 -0.307
-0.263 2.352 -0.306
-0.262 2.351 -0.306
-0.261 2.351 -0.306
-0.259 2.351 -0.305
-0.258 2.351 -0.305
-0.257 2.351 -0.305
-0.256 2.351 -0.304
-0.255 2.351 -0.304
-0.254 2.351 -0.304
-0.253 2.351 -0.303
-0.252 2.350 -0.303
-0.251 2.350 -0.302
-0.250 2.350 -0.302
-0.249 2.350 -0.301
-0.248 2.349 -0.301
-0.247 2.349 -0.300
-0.246 2.349 -0.300
-0.246 2.349 -0.299
-0.245 2.348 -0.299
-0.244 2.348 -0.298
-0.243 2.348 -0.298
-0.242 2.347 -0.297
-0.241 2.347 -0.297
-0.240 2.346 -0.296
-0.240 2.346 -0.295
-0.238 2.346 -0.295
-0.238 2.345 -0.294
-0.237 2.345 -0.293
-0.236 2.344 -0.293
-0.235 2.344 -0.292
-0.234 2.343 -0.292
-0.233 2.343 -0.291
-0.232 2.342 -0.289
-0.231 2.342 -0.289
-0.231 2.341 -0.288
-0.229 2.341 -0.287
-0.228 2.339 -0.286
-0.227 2.339 -0.286
-0.226 2.339 -0.285
-0.225 2.339 -0.284
-0.224 2.338 -0.284
-0.223 2.337 -0.283
-0.222 2.337 -0.282
-0.221 2.336 -0.281
-0.220 2.336 -0.280
-0.218 2.335 -0.279
-0.217 2.335 -0.278
-0.216 2.334 -0.277
-0.214 2.334 -0.276
-0.213 2.333 -0.276
-0.212 2.333 -0.275
-0.210 2.332 -0.274
-0.209 2.332 -0.273
-0.207 2.332 -0.272
-0.206 2.331 -0.271
-0.205 2.330 -0.270
-0.203 2.330 -0.269
-0.202 2.329 -0.269
-0.201 2.329 -0.267
-0.200 2.328 -0.266
-0.198 2.328 -0.266
-0.197 2.328 -0.265
-0.196 2.327 -0.264
-0.195 2.327 -0.263
-0.193 2.326 -0.262
-0.194 2.327 -0.260
-0.191 2.326 -0.260
-0.190 2.326 -0.259
-0.189 2.325 -0.258
-0.187 2.325 -0.257
-0.186 2.324 -0.256
-0.185 2.324 -0.255
-0.184 2.323 -0.254
-0.183 2.323 -0.253
-0.183 2.322 -0.253
-0.182 2.322 -0.252
-0.181 2.321 -0.251
-0.180 2.321 -0.250
-0.179 2.320 -0.249
-0.179 2.319 -0.248
-0.178 2.319 -0.247
-0.177 2.319 -0.246
-0.176 2.319 -0.245
-0.175 2.318 -0.244
-0.174 2.318 -0.243
-0.174 2.318 -0.242
-0.172 2.317 -0.242
-0.172 2.317 -0.241
-0.171 2.317 -0.240
-0.170 2.316 -0.239
-0.170 2.316 -0.238
-0.169 2.315 -0.237
-0.169 2.315 -0.236
-0.168 2.314 -0.235
-0.168 2.314 -0.234
-0.167 2.313 -0.233
-0.166 2.312 -0.232
-0.166 2.312 -0.231
-0.165 2.311 -0.230
-0.165 2.310 -0.229
-0.164 2.310 -0.228
-0.163 2.309 -0.227
-0.163 2.308 -0.226
-0.161 2.308 -0.225
-0.161 2.307 -0.224
-0.160 2.306 -0.223
-0.159 2.306 -0.222
-0.159 2.305 -0.221
-0.157 2.304 -0.220
-0.156 2.304 -0.219
-0.156 2.303 -0.218
-0.155 2.303 -0.217
-0.154 2.302 -0.215
-0.153 2.302 -0.214
-0.152 2.301 -0.213
-0.152 2.300 -0.212
-0.151 2.300 -0.211
-0.150 2.299 -0.210
-0.150 2.299 -0.209
-0.148 2.298 -0.208
-0.147 2.297 -0.207
-0.146 2.297 -0.206
-0.145 2.297 -0.205
