x y z
-1.285 1.511 -0.429
-1.287 1.511 -0.427
-1.287 1.511 -0.425
-1.286 1.511 -0.424
-1.287 1.511 -0.422
-1.288 1.511 -0.421
-1.288 1.511 -0.419
-1.288 1.511 -0.418
-1.288 1.511 -0.416
-1.289 1.511 -0.415
-1.289 1.511 -0.413
-1.290 1.511 -0.411
-1.290 1.511 -0.410
-1.291 1.510 -0.409
-1.291 1.510 -0.407
-1.291 1.510 -0.406
-1.292 1.510 -0.404
-1.292 1.510 -0.403
-1.293 1.510 -0.401
-1.293 1.510 -0.399
-1.294 1.510 -0.398
-1.297 1.510 -0.395
-1.295 1.510 -0.395
-1.296 1.510 -0.393
-1.296 1.509 -0.391
-1.296 1.510 -0.390
-1.297 1.509 -0.388
-1.298 1.509 -0.387
-1.298 1.509 -0.385
-1.299 1.509 -0.383
-1.298 1.509 -0.383
-1.299 1.509 -0.381
-1.299 1.509 -0.380
-1.300 1.509 -0.379
-1.300 1.508 -0.377
-1.301 1.508 -0.375
-1.301 1.509 -0.374
-1.302 1.508 -0.373
-1.302 1.509 -0.371
-1.302 1.508 -0.370
-1.305 1.508 -0.368
-1.305 1.508 -0.367
-1.305 1.508 -0.366
-1.305 1.508 -0.364
-1.306 1.508 -0.363
-1.307 1.507 -0.362
-1.307 1.508 -0.360
-1.307 1.507 -0.359
-1.308 1.507 -0.358
-1.308 1.507 -0.356
-1.308 1.507 -0.355
-1.309 1.507 -0.354
-1.309 1.507 -0.352
-1.310 1.508 -0.351
-1.310 1.508 -0.350
-1.310 1.508 -0.348
-1.310 1.508 -0.347
-1.311 1.508 -0.345
-1.311 1.508 -0.344
-1.311 1.508 -0.343
-1.311 1.508 -0.341
-1.311 1.508 -0.340
-1.311 1.508 -0.339
-1.312 1.508 -0.338
-1.312 1.508 -0.337
-1.312 1.508 -0.335
-1.312 1.508 -0.334
-1.312 1.508 -0.333
-1.313 1.508 -0.331
-1.313 1.509 -0.330
-1.313 1.509 -0.329
-1.313 1.509 -0.327
-1.312 1.510 -0.326
-1.312 1.512 -0.325
-1.310 1.512 -0.323
-1.309 1.514 -0.322
-1.307 1.516 -0.321
-1.305 1.518 -0.320
-1.303 1.520 -0.319
-1.301 1.523 -0.318
-1.298 1.525 -0.317
-1.295 1.528 -0.316
-1.293 1.530 -0.315
-1.290 1.533 -0.315
-1.286 1.536 -0.314
-1.283 1.540 -0.314
-1.280 1.543 -0.313
-1.276 1.546 -0.312
-1.273 1.550 -0.312
-1.269 1.553 -0.311
-1.266 1.557 -0.310
-1.262 1.560 -0.310
-1.258 1.564 -0.309
-1.254 1.568 -0.308
-1.250 1.571 -0.307
-1.246 1.575 -0.307
-1.241 1.579 -0.306
-1.237 1.583 -0.305
-1.233 1.587 -0.304
-1.229 1.590 -0.303
-1.224 1.594 -0.303
-1.219 1.598 -0.302
-1.215 1.602 -0.301
-1.210 1.606 -0.301
-1.206 1.610 -0.299
-1.201 1.614 -0.299
-1.196 1.618 -0.298
-1.192 1.622 -0.297
-1.187 1.626 -0.297
-1.182 1.631 -0.296
-1.178 1.635 -0.296
-1.173 1.639 -0.295
-1.169 1.643 -0.295
-1.164 1.647 -0.294
-1.158 1.651 -0.294
-1.153 1.655 -0.294
-1.149 1.660 -0.293
-1.144 1.664 -0.293
-1.138 1.669 -0.293
-1.132 1.673 -0.293
-1.128 1.678 -0.292
-1.122 1.682 -0.292
-1.117 1.686 -0.291
-1.111 1.691 -0.291
-1.106 1.696 -0.291
-1.100 1.701 -0.291
-1.094 1.705 -0.291
-1.089 1.710 -0.290
-1.083 1.715 -0.290
-1.077 1.720 -0.290
-1.071 1.725 -0.290
-1.065 1.729 -0.290
-1.059 1.734 -0.290
-1.053 1.739 -0.289
-1.047 1.744 -0.289
-1.041 1.749 -0.289
-1.035 1.754 -0.289
-1.029 1.759 -0.289
-1.023 1.764 -0.289
-1.016 1.769 -0.289
-1.010 1.774 -0.289
-1.004 1.779 -0.289
-0.997 1.784 -0.289
-0.992 1.789 -0.290
-0.985 1.794 -0.290
-0.979 1.800 -0.290
-0.973 1.805 -0.290
-0.967 1.810 -0.289
-0.961 1.815 -0.290
-0.956 1.819 -0.290
-0.951 1.823 -0.290
-0.947 1.825 -0.290
-0.946 1.826 -0.290
-0.946 1.826 -0.290
-0.946 1.825 -0.291
-0.948 1.823 -0.292
-0.950 1.820 -0.293
-0.953 1.818 -0.294
-0.956 1.816 -0.296
-0.958 1.814 -0.297
-0.959 1.812 -0.298
-0.961 1.810 -0.299
-0.962 1.809 -0.300
-0.962 1.807 -0.302
-0.963 1.806 -0.303
-0.962 1.805 -0.303
-0.963 1.804 -0.303
-0.963 1.803 -0.304
-0.962 1.803 -0.304
-0.962 1.802 -0.304
-0.961 1.802 -0.305
-0.960 1.801 -0.305
-0.959 1.801 -0.305
-0.958 1.801 -0.305
-0.957 1.801 -0.305
-0.955 1.800 -0.305
-0.954 1.800 -0.305
-0.952 1.801 -0.305
-0.951 1.800 -0.304
-0.949 1.800 -0.303
-0.947 1.801 -0.305
-0.946 1.802 -0.305
-0.944 1.802 -0.305
-0.942 1.802 -0.304
-0.941 1.802 -0.304
-0.939 1.802 -0.303
-0.938 1.803 -0.303
-0.935 1.803 -0.303
-0.934 1.804 -0.303
-0.932 1.804 -0.302
-0.931 1.805 -0.302
-0.930 1.805 -0.302
-0.927 1.805 -0.301
-0.925 1.805 -0.301
-0.924 1.806 -0.301
-0.923 1.806 -0.300
-0.921 1.806 -0.300
-0.919 1.807 -0.299
-0.917 1.807 -0.299
-0.916 1.808 -0.298
-0.914 1.809 -0.298
-0.913 1.809 -0.297
-0.912 1.810 -0.297
-0.910 1.810 -0.296
-0.908 1.811 -0.296
-0.907 1.811 -0.295
-0.906 1.812 -0.295
-0.905 1.812 -0.294
-0.904 1.813 -0.294
-0.903 1.813 -0.293
-0.902 1.814 -0.293
-0.901 1.814 -0.292
-0.900 1.814 -0.292
-0.899 1.815 -0.291
-0.898 1.815 -0.291
-0.897 1.815 -0.290
-0.897 1.816 -0.290
-0.896 1.816 -0.289
-0.895 1.816 -0.289
-0.895 1.817 -0.288
-0.895 1.817 -0.288
-0.894 1.817 -0.287
-0.893 1.818 -0.287
-0.892 1.818 -0.287
-0.892 1.818 -0.286
-0.891 1.819 -0.286
-0.891 1.819 -0.285
-0.891 1.819 -0.284
-0.890 1.819 -0.284
-0.890 1.820 -0.283
-0.889 1.820 -0.283
-0.889 1.820 -0.282
-0.889 1.820 -0.282
-0.888 1.820 -0.281
-0.888 1.821 -0.281
-0.887 1.821 -0.280
-0.887 1.821 -0.279
-0.887 1.821 -0.279
-0.886 1.821 -0.278
-0.886 1.821 -0.277
-0.886 1.821 -0.276
-0.886 1.821 -0.275
-0.886 1.821 -0.275
-0.885 1.821 -0.274
-0.885 1.821 -0.273
-0.884 1.821 -0.273
-0.885 1.821 -0.272
-0.884 1.822 -0.270
-0.883 1.822 -0.270
-0.883 1.822 -0.269
-0.882 1.822 -0.268
-0.881 1.822 -0.267
-0.881 1.822 -0.266
-0.880 1.822 -0.265
-0.880 1.823 -0.264
-0.880 1.823 -0.263
-0.879 1.823 -0.262
-0.879 1.823 -0.261
-0.878 1.822 -0.260
-0.878 1.822 -0.259
-0.878 1.822 -0.258
-0.877 1.822 -0.257
-0.877 1.822 -0.255
-0.876 1.822 -0.255
-0.875 1.822 -0.253
-0.874 1.822 -0.252
-0.874 1.822 -0.251
-0.873 1.822 -0.250
-0.873 1.822 -0.248
-0.871 1.823 -0.247
-0.870 1.823 -0.246
-0.870 1.823 -0.245
-0.868 1.823 -0.244
-0.868 1.823 -0.242
-0.867 1.824 -0.241
-0.866 1.824 -0.240
-0.865 1.824 -0.238
-0.864 1.824 -0.237
-0.863 1.825 -0.236
-0.863 1.825 -0.235
-0.862 1.825 -0.233
-0.861 1.825 -0.232
-0.860 1.826 -0.231
-0.859 1.826 -0.229
-0.858 1.826 -0.228
-0.857 1.827 -0.227
-0.857 1.827 -0.225
-0.856 1.827 -0.224
-0.855 1.828 -0.223
-0.855 1.828 -0.222
-0.854 1.829 -0.220
-0.853 1.829 -0.219
-0.853 1.830 -0.218
-0.852 1.830 -0.216
-0.851 1.831 -0.215
-0.851 1.831 -0.214
-0.850 1.832 -0.212
-0.849 1.832 -0.211
-0.849 1.833 -0.210
-0.848 1.834 -0.209
-0.848 1.834 -0.207
-0.848 1.834 -0.206
-0.847 1.835 -0.205
-0.847 1.835 -0.203
-0.846 1.835 -0.202
-0.846 1.836 -0.201
-0.846 1.836 -0.199
-0.845 1.837 -0.198
-0.845 1.837 -0.197
-0.845 1.837 -0.195
-0.844 1.838 -0.194
-0.844 1.838 -0.193
-0.843 1.839 -0.191
-0.843 1.839 -0.190
-0.842 1.839 -0.189
-0.842 1.840 -0.188
-0.842 1.840 -0.186
-0.842 1.841 -0.185
-0.841 1.841 -0.183
-0.841 1.841 -0.182
-0.841 1.841 -0.181
-0.841 1.841 -0.179
-0.841 1.841 -0.178
-0.840 1.841 -0.176
-0.840 1.842 -0.175
-0.840 1.842 -0.173
-0.840 1.842 -0.172
-0.839 1.842 -0.170
-0.839 1.842 -0.169
-0.839 1.842 -0.167
-0.839 1.842 -0.166
-0.838 1.842 -0.164
-0.838 1.843 -0.162
-0.837 1.843 -0.161
-0.837 1.843 -0.159
-0.837 1.843 -0.158
-0.836 1.843 -0.156
-0.836 1.844 -0.155
-0.835 1.844 -0.153
-0.835 1.844 -0.151
-0.835 1.844 -0.150
-0.834 1.844 -0.148
-0.834 1.844 -0.146
-0.834 1.844 -0.145
-0.833 1.844 -0.143
-0.833 1.844 -0.142
-0.832 1.844 -0.140
-0.832 1.844 -0.138
-0.832 1.844 -0.136
-0.831 1.844 -0.135
-0.831 1.844 -0.133
-0.830 1.845 -0.131
-0.830 1.845 -0.129
-0.829 1.845 -0.128
-0.829 1.845 -0.126
-0.827 1.844 -0.124
-0.826 1.844 -0.122
-0.825 1.845 -0.120
-0.824 1.845 -0.118
-0.824 1.845 -0.117
-0.826 1.846 -0.115
-0.825 1.846 -0.114
-0.825 1.846 -0.112
-0.822 1.846 -0.110
-0.822 1.846 -0.108
-0.822 1.846 -0.106
-0.821 1.846 -0.104
-0.821 1.846 -0.103
-0.820 1.846 -0.101
-0.820 1.846 -0.099
-0.820 1.847 -0.097
-0.819 1.847 -0.095
-0.819 1.847 -0.094
-0.819 1.847 -0.092
-0.818 1.847 -0.090
-0.818 1.848 -0.088
-0.818 1.848 -0.087
-0.817 1.848 -0.085
-0.817 1.848 -0.083
-0.816 1.848 -0.081
-0.816 1.848 -0.080
-0.816 1.849 -0.078
-0.819 1.850 -0.077
-0.819 1.851 -0.075
-0.815 1.849 -0.072
-0.818 1.851 -0.071
-0.814 1.850 -0.069
-0.817 1.852 -0.068
-0.817 1.852 -0.066
-0.816 1.852 -0.064
-0.813 1.851 -0.062
-0.816 1.853 -0.060
-0.816 1.853 -0.059
-0.816 1.853 -0.057
-0.816 1.853 -0.055
-0.815 1.853 -0.053
-0.816 1.853 -0.051
-0.815 1.853 -0.049
-0.815 1.853 -0.048
-0.815 1.853 -0.046
-0.815 1.853 -0.044
-0.815 1.853 -0.042
-0.815 1.854 -0.040
-0.815 1.854 -0.038
-0.815 1.854 -0.036
-0.814 1.854 -0.035
-0.814 1.854 -0.033
-0.814 1.855 -0.031
-0.814 1.855 -0.029
-0.813 1.855 -0.027
-0.813 1.855 -0.025
-0.813 1.855 -0.023
-0.813 1.855 -0.021
-0.813 1.856 -0.019
-0.812 1.856 -0.017
-0.812 1.856 -0.015
-0.812 1.856 -0.013
-0.812 1.856 -0.011
-0.812 1.856 -0.009
-0.812 1.856 -0.007
-0.812 1.856 -0.005
-0.812 1.855 -0.003
-0.812 1.855 -0.001
-0.811 1.856 0.001
-0.811 1.856 0.002
-0.811 1.855 0.004
-0.811 1.855 0.006
-0.811 1.855 0.008
-0.811 1.855 0.010
-0.811 1.855 0.012
-0.811 1.855 0.014
-0.811 1.856 0.016
-0.810 1.855 0.019
-0.810 1.856 0.020
-0.810 1.856 0.022
-0.810 1.856 0.024
-0.809 1.856 0.026
-0.809 1.856 0.029
-0.809 1.856 0.031
-0.809 1.856 0.033
-0.808 1.857 0.035
-0.808 1.856 0.037
-0.808 1.857 0.039
-0.808 1.857 0.041
-0.808 1.856 0.043
-0.808 1.856 0.045
-0.808 1.856 0.047
-0.808 1.856 0.049
-0.808 1.856 0.051
-0.808 1.856 0.053
-0.808 1.856 0.055
-0.808 1.856 0.057
-0.807 1.856 0.059
-0.807 1.856 0.061
-0.807 1.856 0.063
-0.807 1.856 0.065
-0.807 1.856 0.067
-0.807 1.857 0.069
-0.807 1.857 0.071
-0.806 1.857 0.073
-0.806 1.857 0.076
-0.806 1.857 0.077
-0.806 1.857 0.080
-0.806 1.857 0.082
-0.806 1.857 0.084
-0.806 1.857 0.086
-0.805 1.858 0.088
-0.805 1.858 0.090
-0.805 1.858 0.092
-0.805 1.858 0.094
-0.805 1.858 0.096
-0.805 1.858 0.098
-0.805 1.858 0.100
-0.805 1.858 0.102
-0.805 1.858 0.104
-0.805 1.858 0.106
-0.805 1.858 0.108
-0.805 1.858 0.110
-0.805 1.858 0.112
-0.805 1.858 0.115
-0.805 1.858 0.117
-0.805 1.858 0.119
-0.805 1.858 0.121
-0.805 1.858 0.123
-0.805 1.858 0.125
-0.805 1.858 0.127
-0.805 1.858 0.129
-0.805 1.858 0.131
-0.805 1.858 0.134
-0.805 1.858 0.136
-0.805 1.858 0.138
-0.805 1.858 0.140
-0.805 1.858 0.142
-0.804 1.858 0.144
-0.804 1.858 0.147
-0.804 1.858 0.149
-0.804 1.858 0.151
-0.804 1.858 0.153
-0.804 1.858 0.155
-0.804 1.857 0.157
-0.804 1.857 0.159
-0.805 1.857 0.162
-0.805 1.857 0.164
-0.805 1.857 0.166
-0.805 1.857 0.168
-0.805 1.857 0.170
-0.805 1.857 0.172
-0.805 1.856 0.175
-0.805 1.857 0.177
-0.805 1.856 0.179
-0.805 1.857 0.181
-0.804 1.857 0.183
-0.804 1.857 0.186
-0.804 1.857 0.188
-0.804 1.856 0.190
-0.804 1.857 0.192
-0.804 1.857 0.194
-0.804 1.856 0.197
-0.804 1.856 0.199
-0.804 1.856 0.201
-0.804 1.856 0.203
-0.805 1.856 0.205
-0.804 1.856 0.208
-0.805 1.855 0.210
-0.805 1.855 0.212
-0.805 1.855 0.214
-0.805 1.855 0.216
-0.805 1.855 0.219
-0.805 1.855 0.221
-0.805 1.855 0.223
-0.805 1.855 0.225
-0.805 1.855 0.227
-0.805 1.855 0.230
-0.805 1.855 0.232
-0.804 1.855 0.234
-0.804 1.855 0.236
-0.804 1.855 0.239
-0.804 1.855 0.241
-0.804 1.855 0.243
-0.804 1.855 0.245
-0.804 1.855 0.247
-0.804 1.855 0.250
-0.804 1.855 0.252
-0.805 1.855 0.254
-0.805 1.855 0.256
-0.805 1.855 0.258
-0.805 1.854 0.261
