x y z
-0.909 1.854 -1.257
-0.909 1.855 -1.257
-0.909 1.855 -1.257
-0.908 1.855 -1.256
-0.908 1.856 -1.256
-0.908 1.856 -1.255
-0.908 1.856 -1.255
-0.908 1.857 -1.255
-0.908 1.857 -1.255
-0.908 1.857 -1.255
-0.908 1.857 -1.254
-0.909 1.857 -1.254
-0.909 1.858 -1.254
-0.909 1.858 -1.254
-0.910 1.858 -1.254
-0.910 1.858 -1.254
-0.910 1.858 -1.254
-0.911 1.858 -1.254
-0.911 1.859 -1.254
-0.912 1.858 -1.254
-0.912 1.859 -1.254
-0.912 1.859 -1.254
-0.912 1.860 -1.254
-0.912 1.860 -1.254
-0.912 1.861 -1.254
-0.912 1.861 -1.254
-0.912 1.862 -1.254
-0.912 1.862 -1.254
-0.912 1.863 -1.254
-0.912 1.864 -1.254
-0.912 1.865 -1.254
-0.912 1.866 -1.254
-0.912 1.866 -1.254
-0.912 1.866 -1.255
-0.913 1.867 -1.255
-0.913 1.867 -1.255
-0.913 1.868 -1.255
-0.914 1.868 -1.255
-0.914 1.869 -1.255
-0.915 1.869 -1.255
-0.915 1.869 -1.255
-0.916 1.870 -1.255
-0.916 1.870 -1.255
-0.916 1.871 -1.255
-0.916 1.872 -1.255
-0.916 1.872 -1.255
-0.917 1.873 -1.255
-0.917 1.873 -1.255
-0.917 1.874 -1.255
-0.917 1.874 -1.255
-0.917 1.875 -1.255
-0.917 1.876 -1.255
-0.917 1.876 -1.254
-0.917 1.877 -1.254
-0.917 1.878 -1.254
-0.918 1.879 -1.254
-0.918 1.880 -1.254
-0.918 1.880 -1.254
-0.918 1.881 -1.254
-0.918 1.882 -1.254
-0.918 1.883 -1.254
-0.918 1.884 -1.254
-0.918 1.884 -1.254
-0.918 1.885 -1.255
-0.918 1.885 -1.255
-0.917 1.885 -1.255
-0.915 1.884 -1.256
-0.911 1.882 -1.256
-0.907 1.879 -1.257
-0.902 1.875 -1.257
-0.896 1.870 -1.258
-0.891 1.864 -1.259
-0.885 1.858 -1.260
-0.879 1.851 -1.261
-0.873 1.844 -1.262
-0.867 1.836 -1.263
-0.860 1.827 -1.264
-0.853 1.819 -1.265
-0.846 1.809 -1.266
-0.839 1.799 -1.267
-0.832 1.788 -1.268
-0.825 1.777 -1.269
-0.818 1.765 -1.271
-0.811 1.753 -1.272
-0.803 1.741 -1.274
-0.796 1.728 -1.276
-0.788 1.714 -1.277
-0.781 1.701 -1.279
-0.773 1.687 -1.282
-0.766 1.672 -1.284
-0.758 1.658 -1.286
-0.750 1.644 -1.288
-0.742 1.629 -1.291
-0.734 1.614 -1.293
-0.725 1.599 -1.296
-0.717 1.584 -1.299
-0.708 1.570 -1.302
-0.699 1.554 -1.305
-0.690 1.539 -1.309
-0.680 1.524 -1.312
-0.671 1.508 -1.316
-0.662 1.493 -1.320
-0.652 1.477 -1.325
-0.642 1.461 -1.329
-0.632 1.445 -1.334
-0.622 1.428 -1.338
-0.613 1.412 -1.343
-0.602 1.396 -1.348
-0.592 1.380 -1.354
-0.582 1.363 -1.359
-0.572 1.347 -1.364
-0.562 1.331 -1.370
-0.551 1.315 -1.376
-0.541 1.298 -1.382
-0.532 1.282 -1.388
-0.522 1.265 -1.394
-0.512 1.249 -1.399
-0.501 1.233 -1.405
-0.492 1.216 -1.411
-0.482 1.200 -1.416
-0.471 1.183 -1.422
-0.461 1.167 -1.427
-0.451 1.151 -1.432
-0.441 1.135 -1.437
-0.431 1.118 -1.442
-0.422 1.102 -1.447
-0.412 1.086 -1.451
-0.402 1.070 -1.454
-0.392 1.054 -1.458
-0.382 1.038 -1.462
-0.373 1.022 -1.465
-0.362 1.006 -1.469
-0.352 0.990 -1.472
-0.343 0.974 -1.475
-0.333 0.958 -1.477
-0.324 0.942 -1.479
-0.315 0.927 -1.479
-0.307 0.912 -1.480
-0.298 0.897 -1.483
-0.288 0.882 -1.485
-0.278 0.867 -1.486
-0.271 0.853 -1.489
-0.264 0.840 -1.492
-0.257 0.828 -1.494
-0.253 0.819 -1.496
-0.249 0.813 -1.498
-0.248 0.810 -1.500
-0.248 0.811 -1.501
-0.250 0.813 -1.501
-0.252 0.817 -1.499
-0.254 0.820 -1.497
-0.255 0.822 -1.495
-0.256 0.823 -1.493
-0.257 0.823 -1.492
-0.257 0.824 -1.491
-0.258 0.824 -1.491
-0.258 0.824 -1.490
-0.260 0.824 -1.489
-0.260 0.824 -1.488
-0.261 0.824 -1.489
-0.261 0.824 -1.489
-0.261 0.823 -1.490
-0.261 0.822 -1.490
-0.260 0.821 -1.491
-0.261 0.820 -1.492
-0.261 0.818 -1.493
-0.261 0.817 -1.493
-0.261 0.816 -1.494
-0.260 0.815 -1.495
-0.261 0.813 -1.495
-0.260 0.812 -1.496
-0.260 0.810 -1.497
-0.261 0.809 -1.499
-0.260 0.808 -1.500
-0.260 0.806 -1.502
-0.259 0.805 -1.503
-0.259 0.804 -1.504
-0.259 0.803 -1.505
-0.258 0.802 -1.506
-0.258 0.800 -1.508
-0.257 0.799 -1.509
-0.258 0.798 -1.511
-0.255 0.797 -1.511
-0.255 0.796 -1.513
-0.256 0.795 -1.515
-0.254 0.794 -1.515
-0.255 0.792 -1.517
-0.254 0.791 -1.518
-0.253 0.790 -1.519
-0.253 0.789 -1.520
-0.252 0.787 -1.522
-0.251 0.786 -1.522
-0.250 0.785 -1.523
-0.249 0.784 -1.524
-0.249 0.783 -1.525
-0.249 0.782 -1.526
-0.248 0.781 -1.527
-0.246 0.781 -1.528
-0.246 0.780 -1.528
-0.245 0.779 -1.529
-0.244 0.778 -1.530
-0.244 0.778 -1.531
-0.244 0.776 -1.532
-0.243 0.776 -1.533
-0.243 0.775 -1.534
-0.242 0.774 -1.535
-0.242 0.774 -1.535
-0.242 0.773 -1.537
-0.241 0.772 -1.537
-0.241 0.772 -1.538
-0.240 0.771 -1.538
-0.239 0.770 -1.538
-0.239 0.770 -1.538
-0.238 0.769 -1.539
-0.238 0.769 -1.539
-0.237 0.768 -1.539
-0.237 0.767 -1.540
-0.236 0.767 -1.540
-0.236 0.766 -1.540
-0.235 0.766 -1.540
-0.235 0.765 -1.540
-0.234 0.764 -1.540
-0.233 0.764 -1.540
-0.233 0.763 -1.540
-0.233 0.762 -1.540
-0.232 0.761 -1.540
-0.232 0.761 -1.540
-0.231 0.761 -1.540
-0.230 0.760 -1.539
-0.230 0.759 -1.539
-0.229 0.759 -1.539
-0.228 0.758 -1.538
-0.228 0.758 -1.538
-0.228 0.757 -1.537
-0.227 0.757 -1.537
-0.227 0.756 -1.537
-0.226 0.755 -1.536
-0.226 0.755 -1.536
-0.226 0.754 -1.535
-0.225 0.754 -1.534
-0.225 0.753 -1.534
-0.225 0.752 -1.534
-0.224 0.751 -1.533
-0.224 0.751 -1.532
-0.224 0.750 -1.532
-0.223 0.749 -1.532
-0.223 0.749 -1.532
-0.223 0.748 -1.532
-0.223 0.747 -1.531
-0.223 0.747 -1.531
-0.223 0.747 -1.531
-0.223 0.746 -1.531
-0.222 0.745 -1.531
-0.222 0.745 -1.531
-0.222 0.745 -1.531
-0.222 0.744 -1.531
-0.221 0.744 -1.530
-0.221 0.743 -1.530
-0.220 0.743 -1.530
-0.220 0.742 -1.530
-0.220 0.742 -1.530
-0.219 0.741 -1.530
-0.219 0.741 -1.531
-0.219 0.740 -1.531
-0.219 0.739 -1.531
-0.218 0.739 -1.531
-0.218 0.738 -1.532
-0.218 0.738 -1.532
-0.217 0.737 -1.532
-0.217 0.737 -1.533
-0.217 0.737 -1.533
-0.216 0.737 -1.534
-0.216 0.736 -1.535
-0.216 0.736 -1.535
-0.215 0.736 -1.536
-0.214 0.736 -1.537
-0.214 0.736 -1.538
-0.214 0.736 -1.538
-0.213 0.737 -1.539
-0.212 0.736 -1.540
-0.212 0.736 -1.540
-0.212 0.736 -1.540
-0.212 0.736 -1.541
-0.211 0.735 -1.541
-0.211 0.735 -1.541
-0.211 0.735 -1.541
-0.211 0.735 -1.541
-0.211 0.735 -1.541
-0.211 0.734 -1.541
-0.210 0.734 -1.541
-0.210 0.734 -1.541
-0.210 0.735 -1.541
-0.210 0.735 -1.541
-0.209 0.735 -1.541
-0.209 0.735 -1.541
-0.209 0.735 -1.541
-0.208 0.736 -1.541
-0.208 0.736 -1.541
-0.207 0.737 -1.542
-0.207 0.737 -1.542
-0.207 0.737 -1.542
-0.206 0.737 -1.542
-0.206 0.737 -1.542
-0.206 0.737 -1.542
-0.206 0.737 -1.542
-0.206 0.737 -1.542
-0.205 0.737 -1.542
-0.206 0.736 -1.542
-0.206 0.737 -1.542
-0.205 0.737 -1.542
-0.205 0.736 -1.541
-0.205 0.737 -1.542
-0.205 0.737 -1.541
-0.205 0.737 -1.542
-0.205 0.736 -1.541
-0.205 0.737 -1.541
-0.205 0.737 -1.541
-0.205 0.736 -1.541
-0.205 0.736 -1.541
-0.205 0.737 -1.541
-0.205 0.737 -1.541
-0.205 0.737 -1.541
-0.205 0.737 -1.541
-0.206 0.737 -1.541
-0.206 0.736 -1.541
-0.206 0.736 -1.541
-0.205 0.737 -1.541
-0.205 0.737 -1.541
-0.205 0.737 -1.541
-0.205 0.737 -1.541
-0.205 0.737 -1.541
-0.205 0.737 -1.541
-0.205 0.737 -1.541
-0.205 0.737 -1.541
-0.205 0.737 -1.541
-0.205 0.737 -1.541
-0.205 0.738 -1.541
-0.205 0.738 -1.541
-0.205 0.738 -1.541
-0.205 0.738 -1.541
-0.205 0.738 -1.541
-0.205 0.738 -1.541
-0.205 0.738 -1.541
-0.205 0.738 -1.541
-0.206 0.738 -1.541
-0.206 0.738 -1.541
-0.206 0.738 -1.541
-0.206 0.738 -1.541
-0.206 0.738 -1.540
-0.206 0.738 -1.540
-0.207 0.737 -1.540
-0.207 0.738 -1.540
-0.207 0.737 -1.540
-0.207 0.737 -1.540
-0.207 0.738 -1.540
-0.207 0.738 -1.540
-0.207 0.738 -1.540
-0.207 0.738 -1.539
-0.207 0.738 -1.539
-0.207 0.738 -1.539
-0.207 0.739 -1.539
-0.207 0.739 -1.539
-0.207 0.740 -1.538
-0.207 0.740 -1.538
-0.207 0.740 -1.538
-0.207 0.741 -1.538
-0.207 0.741 -1.538
-0.207 0.741 -1.538
-0.207 0.741 -1.537
-0.207 0.741 -1.537
-0.207 0.741 -1.537
-0.207 0.741 -1.537
-0.207 0.741 -1.537
-0.207 0.741 -1.538
-0.207 0.741 -1.537
-0.207 0.741 -1.537
-0.208 0.741 -1.537
-0.207 0.741 -1.537
-0.207 0.741 -1.537
-0.207 0.742 -1.537
-0.207 0.742 -1.537
-0.207 0.742 -1.537
-0.207 0.742 -1.537
-0.207 0.742 -1.537
-0.207 0.743 -1.537
-0.207 0.743 -1.537
-0.207 0.743 -1.537
-0.207 0.743 -1.537
-0.207 0.743 -1.536
-0.207 0.743 -1.536
-0.207 0.743 -1.536
-0.207 0.743 -1.536
-0.207 0.743 -1.536
-0.207 0.744 -1.536
-0.207 0.743 -1.536
-0.207 0.744 -1.536
-0.207 0.744 -1.536
-0.207 0.744 -1.536
-0.206 0.744 -1.536
-0.206 0.744 -1.536
-0.206 0.744 -1.536
-0.206 0.744 -1.536
-0.206 0.745 -1.536
-0.205 0.745 -1.536
-0.206 0.745 -1.536
-0.206 0.745 -1.536
-0.205 0.745 -1.537
-0.205 0.745 -1.537
-0.205 0.745 -1.537
-0.205 0.745 -1.537
-0.205 0.745 -1.537
-0.205 0.745 -1.537
-0.205 0.745 -1.537
-0.206 0.745 -1.537
-0.206 0.744 -1.537
-0.206 0.745 -1.537
-0.206 0.745 -1.537
-0.206 0.744 -1.537
-0.206 0.744 -1.537
-0.206 0.744 -1.536
-0.206 0.745 -1.536
-0.206 0.744 -1.536
-0.206 0.744 -1.536
-0.206 0.745 -1.536
-0.206 0.744 -1.536
-0.206 0.745 -1.536
-0.206 0.745 -1.536
-0.206 0.745 -1.536
-0.206 0.745 -1.536
-0.206 0.745 -1.536
-0.205 0.745 -1.536
-0.206 0.745 -1.536
-0.206 0.745 -1.536
-0.206 0.745 -1.536
-0.206 0.745 -1.536
-0.206 0.745 -1.536
-0.206 0.745 -1.536
-0.206 0.745 -1.536
-0.206 0.745 -1.536
-0.206 0.745 -1.536
-0.206 0.745 -1.536
-0.206 0.745 -1.536
-0.206 0.745 -1.536
-0.205 0.745 -1.535
-0.205 0.745 -1.535
-0.205 0.745 -1.535
-0.206 0.745 -1.535
-0.206 0.746 -1.535
-0.205 0.745 -1.535
-0.205 0.745 -1.535
-0.205 0.746 -1.535
-0.205 0.746 -1.535
-0.205 0.746 -1.535
-0.205 0.746 -1.535
-0.204 0.746 -1.535
-0.204 0.746 -1.535
-0.205 0.746 -1.535
-0.205 0.746 -1.535
-0.205 0.746 -1.535
-0.205 0.745 -1.535
-0.205 0.745 -1.535
-0.205 0.745 -1.535
-0.205 0.745 -1.535
-0.206 0.745 -1.535
-0.206 0.745 -1.535
-0.206 0.745 -1.536
-0.206 0.745 -1.536
-0.206 0.745 -1.536
-0.206 0.745 -1.536
-0.205 0.745 -1.535
-0.205 0.745 -1.535
-0.205 0.745 -1.535
-0.205 0.745 -1.535
-0.205 0.746 -1.536
-0.205 0.746 -1.536
-0.205 0.745 -1.536
-0.205 0.745 -1.536
-0.205 0.745 -1.536
-0.205 0.745 -1.536
-0.206 0.745 -1.536
-0.205 0.745 -1.536
-0.206 0.744 -1.536
-0.206 0.744 -1.536
-0.206 0.744 -1.536
-0.206 0.744 -1.536
-0.205 0.745 -1.536
-0.205 0.744 -1.536
-0.205 0.745 -1.536
-0.205 0.745 -1.536
-0.205 0.745 -1.536
-0.204 0.745 -1.536
-0.204 0.745 -1.536
-0.204 0.745 -1.537
-0.205 0.745 -1.536
-0.205 0.745 -1.537
-0.205 0.745 -1.537
-0.205 0.745 -1.537
-0.205 0.745 -1.537
-0.205 0.745 -1.536
-0.205 0.745 -1.536
-0.206 0.744 -1.536
-0.206 0.744 -1.536
-0.206 0.744 -1.536
-0.206 0.744 -1.536
-0.206 0.744 -1.536
-0.206 0.744 -1.536
-0.206 0.744 -1.536
-0.206 0.744 -1.536
-0.206 0.745 -1.536
-0.206 0.745 -1.536
-0.205 0.745 -1.536
-0.205 0.745 -1.536
-0.205 0.745 -1.536
-0.205 0.746 -1.536
-0.205 0.746 -1.536
-0.205 0.746 -1.536
-0.205 0.746 -1.536
-0.205 0.746 -1.536
-0.205 0.746 -1.536
-0.205 0.746 -1.536
-0.205 0.746 -1.536
-0.205 0.745 -1.536
-0.206 0.745 -1.536
-0.206 0.745 -1.536
-0.206 0.745 -1.535
-0.206 0.745 -1.535
-0.206 0.745 -1.535
-0.206 0.745 -1.535
-0.206 0.745 -1.535
-0.206 0.745 -1.535
-0.206 0.745 -1.535
-0.206 0.745 -1.535
-0.206 0.746 -1.535
-0.205 0.746 -1.535
-0.205 0.746 -1.535
-0.205 0.747 -1.535
-0.205 0.747 -1.535
-0.205 0.747 -1.534
-0.205 0.747 -1.535
-0.205 0.747 -1.535
-0.205 0.747 -1.535
-0.205 0.747 -1.534
-0.205 0.746 -1.534
-0.205 0.746 -1.535
-0.206 0.746 -1.535
-0.206 0.746 -1.535
-0.206 0.746 -1.535
