x y z
-1.472 1.996 -0.388
-1.472 1.996 -0.386
-1.473 1.996 -0.384
-1.473 1.996 -0.382
-1.473 1.997 -0.381
-1.473 1.997 -0.379
-1.473 1.997 -0.377
-1.474 1.997 -0.375
-1.474 1.997 -0.373
-1.474 1.997 -0.372
-1.474 1.997 -0.370
-1.474 1.997 -0.368
-1.475 1.997 -0.366
-1.475 1.997 -0.364
-1.474 1.997 -0.362
-1.475 1.997 -0.360
-1.474 1.997 -0.358
-1.474 1.997 -0.357
-1.475 1.997 -0.355
-1.475 1.997 -0.353
-1.475 1.997 -0.351
-1.475 1.997 -0.350
-1.475 1.997 -0.348
-1.475 1.997 -0.346
-1.475 1.997 -0.344
-1.475 1.996 -0.343
-1.476 1.996 -0.341
-1.476 1.996 -0.339
-1.476 1.996 -0.338
-1.476 1.996 -0.336
-1.476 1.996 -0.334
-1.476 1.995 -0.332
-1.476 1.995 -0.331
-1.476 1.995 -0.329
-1.477 1.995 -0.328
-1.476 1.995 -0.326
-1.476 1.995 -0.324
-1.476 1.994 -0.323
-1.476 1.994 -0.321
-1.476 1.994 -0.320
-1.476 1.994 -0.318
-1.476 1.994 -0.317
-1.477 1.994 -0.315
-1.477 1.994 -0.314
-1.477 1.993 -0.313
-1.478 1.993 -0.311
-1.478 1.992 -0.310
-1.479 1.992 -0.308
-1.480 1.991 -0.307
-1.480 1.991 -0.306
-1.480 1.991 -0.304
-1.481 1.990 -0.303
-1.481 1.990 -0.301
-1.481 1.990 -0.300
-1.481 1.990 -0.299
-1.481 1.990 -0.297
-1.482 1.990 -0.296
-1.481 1.990 -0.295
-1.481 1.990 -0.294
-1.481 1.990 -0.292
-1.481 1.990 -0.291
-1.481 1.990 -0.290
-1.481 1.990 -0.288
-1.481 1.990 -0.287
-1.481 1.989 -0.286
-1.481 1.989 -0.285
-1.481 1.989 -0.284
-1.481 1.989 -0.283
-1.481 1.988 -0.281
-1.481 1.988 -0.280
-1.480 1.988 -0.279
-1.480 1.988 -0.278
-1.480 1.988 -0.277
-1.480 1.988 -0.276
-1.480 1.987 -0.275
-1.480 1.987 -0.274
-1.480 1.986 -0.273
-1.479 1.985 -0.272
-1.478 1.983 -0.271
-1.477 1.981 -0.270
-1.476 1.978 -0.270
-1.475 1.974 -0.269
-1.473 1.970 -0.269
-1.471 1.966 -0.269
-1.469 1.961 -0.269
-1.467 1.956 -0.269
-1.466 1.951 -0.269
-1.464 1.946 -0.269
-1.462 1.941 -0.270
-1.460 1.935 -0.271
-1.457 1.930 -0.272
-1.455 1.924 -0.273
-1.453 1.919 -0.274
-1.450 1.913 -0.275
-1.447 1.907 -0.276
-1.444 1.901 -0.277
-1.441 1.895 -0.278
-1.438 1.889 -0.280
-1.435 1.884 -0.281
-1.432 1.877 -0.283
-1.429 1.871 -0.284
-1.425 1.864 -0.286
-1.422 1.858 -0.287
-1.419 1.852 -0.289
-1.415 1.845 -0.291
-1.412 1.838 -0.293
-1.408 1.832 -0.294
-1.405 1.825 -0.296
-1.402 1.818 -0.298
-1.398 1.811 -0.300
-1.394 1.804 -0.302
-1.391 1.797 -0.305
-1.387 1.790 -0.307
-1.383 1.783 -0.309
-1.379 1.776 -0.312
-1.376 1.768 -0.314
-1.372 1.761 -0.316
-1.368 1.754 -0.319
-1.364 1.746 -0.321
-1.360 1.739 -0.324
-1.356 1.731 -0.326
-1.352 1.723 -0.329
-1.348 1.716 -0.332
-1.344 1.708 -0.334
-1.340 1.700 -0.337
-1.335 1.692 -0.340
-1.331 1.684 -0.343
-1.327 1.676 -0.345
-1.322 1.667 -0.348
-1.317 1.659 -0.351
-1.313 1.651 -0.353
-1.308 1.642 -0.356
-1.303 1.634 -0.359
-1.298 1.625 -0.362
-1.293 1.617 -0.365
-1.289 1.609 -0.369
-1.284 1.600 -0.370
-1.279 1.590 -0.373
-1.274 1.581 -0.376
-1.269 1.573 -0.379
-1.264 1.563 -0.381
-1.260 1.554 -0.384
-1.255 1.546 -0.387
-1.250 1.536 -0.390
-1.245 1.527 -0.392
-1.240 1.517 -0.395
-1.235 1.509 -0.398
-1.229 1.499 -0.400
-1.224 1.489 -0.402
-1.219 1.480 -0.405
-1.214 1.470 -0.407
-1.209 1.461 -0.410
-1.203 1.451 -0.412
-1.198 1.443 -0.416
-1.194 1.434 -0.419
-1.190 1.427 -0.420
-1.188 1.423 -0.422
-1.187 1.420 -0.424
-1.187 1.420 -0.425
-1.187 1.423 -0.426
-1.189 1.425 -0.428
-1.190 1.430 -0.429
-1.192 1.434 -0.430
-1.194 1.439 -0.431
-1.195 1.443 -0.433
-1.195 1.445 -0.434
-1.196 1.448 -0.435
-1.196 1.449 -0.436
-1.197 1.451 -0.437
-1.198 1.452 -0.437
-1.198 1.453 -0.438
-1.199 1.454 -0.438
-1.199 1.454 -0.438
-1.199 1.455 -0.439
-1.199 1.455 -0.439
-1.199 1.456 -0.439
-1.199 1.456 -0.439
-1.199 1.456 -0.439
-1.199 1.456 -0.439
-1.198 1.456 -0.439
-1.198 1.455 -0.438
-1.197 1.455 -0.438
-1.197 1.454 -0.438
-1.196 1.454 -0.437
-1.196 1.453 -0.437
-1.195 1.452 -0.437
-1.195 1.451 -0.436
-1.194 1.449 -0.436
-1.193 1.448 -0.435
-1.193 1.447 -0.434
-1.192 1.445 -0.434
-1.192 1.444 -0.433
-1.191 1.442 -0.432
-1.190 1.441 -0.431
-1.190 1.439 -0.431
-1.189 1.437 -0.430
-1.190 1.437 -0.430
-1.188 1.434 -0.428
-1.187 1.433 -0.427
-1.187 1.431 -0.426
-1.186 1.429 -0.425
-1.185 1.428 -0.424
-1.184 1.427 -0.423
-1.184 1.425 -0.422
-1.183 1.423 -0.421
-1.183 1.422 -0.420
-1.182 1.420 -0.419
-1.182 1.419 -0.418
-1.181 1.418 -0.417
-1.181 1.416 -0.416
-1.180 1.415 -0.416
-1.180 1.415 -0.415
-1.179 1.413 -0.414
-1.179 1.412 -0.413
-1.178 1.411 -0.413
-1.178 1.411 -0.412
-1.178 1.409 -0.411
-1.177 1.409 -0.411
-1.177 1.409 -0.410
-1.176 1.408 -0.410
-1.177 1.407 -0.410
-1.176 1.407 -0.409
-1.176 1.407 -0.409
-1.176 1.407 -0.409
-1.175 1.406 -0.408
-1.175 1.406 -0.408
-1.175 1.406 -0.408
-1.175 1.406 -0.408
-1.174 1.406 -0.407
-1.174 1.406 -0.407
-1.174 1.406 -0.407
-1.174 1.406 -0.407
-1.174 1.406 -0.407
-1.174 1.406 -0.407
-1.174 1.406 -0.407
-1.174 1.406 -0.407
-1.174 1.407 -0.407
-1.173 1.407 -0.406
-1.173 1.407 -0.406
-1.173 1.407 -0.406
-1.173 1.407 -0.406
-1.173 1.408 -0.406
-1.173 1.408 -0.406
-1.173 1.408 -0.406
-1.173 1.408 -0.405
-1.173 1.409 -0.405
-1.172 1.408 -0.405
-1.172 1.409 -0.405
-1.172 1.408 -0.403
-1.171 1.408 -0.403
-1.171 1.408 -0.403
-1.171 1.408 -0.402
-1.171 1.408 -0.402
-1.170 1.408 -0.401
-1.170 1.408 -0.401
-1.170 1.407 -0.400
-1.169 1.407 -0.400
-1.169 1.406 -0.399
-1.169 1.406 -0.398
-1.168 1.405 -0.398
-1.168 1.404 -0.397
-1.168 1.403 -0.395
-1.167 1.402 -0.395
-1.167 1.402 -0.395
-1.167 1.401 -0.394
-1.166 1.400 -0.394
-1.166 1.399 -0.393
-1.165 1.398 -0.391
-1.164 1.397 -0.390
-1.164 1.396 -0.389
-1.163 1.395 -0.388
-1.163 1.394 -0.387
-1.162 1.393 -0.386
-1.162 1.392 -0.385
-1.161 1.391 -0.384
-1.161 1.389 -0.383
-1.160 1.388 -0.382
-1.160 1.387 -0.380
-1.160 1.385 -0.379
-1.159 1.384 -0.378
-1.159 1.383 -0.377
-1.158 1.382 -0.376
-1.158 1.380 -0.375
-1.157 1.379 -0.374
-1.157 1.378 -0.373
-1.157 1.377 -0.372
-1.156 1.376 -0.371
