x y z
-0.675 2.493 -0.287
-0.674 2.493 -0.285
-0.673 2.493 -0.283
-0.672 2.493 -0.282
-0.671 2.493 -0.280
-0.670 2.493 -0.278
-0.669 2.493 -0.276
-0.668 2.493 -0.275
-0.666 2.493 -0.273
-0.665 2.492 -0.271
-0.665 2.492 -0.269
-0.664 2.492 -0.268
-0.663 2.492 -0.266
-0.662 2.492 -0.264
-0.661 2.492 -0.263
-0.660 2.492 -0.261
-0.659 2.492 -0.259
-0.659 2.491 -0.258
-0.658 2.491 -0.256
-0.657 2.491 -0.254
-0.656 2.490 -0.253
-0.655 2.490 -0.251
-0.654 2.490 -0.250
-0.654 2.490 -0.248
-0.653 2.489 -0.246
-0.652 2.489 -0.245
-0.651 2.489 -0.243
-0.650 2.489 -0.241
-0.650 2.489 -0.240
-0.649 2.488 -0.238
-0.648 2.488 -0.236
-0.647 2.488 -0.235
-0.646 2.488 -0.233
-0.646 2.488 -0.231
-0.645 2.488 -0.230
-0.644 2.487 -0.228
-0.643 2.487 -0.227
-0.643 2.487 -0.225
-0.642 2.487 -0.224
-0.641 2.487 -0.222
-0.641 2.487 -0.221
-0.640 2.486 -0.219
-0.640 2.486 -0.218
-0.639 2.486 -0.216
-0.638 2.486 -0.215
-0.637 2.485 -0.213
-0.636 2.485 -0.212
-0.636 2.485 -0.210
-0.635 2.485 -0.209
-0.635 2.484 -0.207
-0.634 2.484 -0.206
-0.633 2.484 -0.204
-0.632 2.484 -0.203
-0.632 2.484 -0.201
-0.631 2.484 -0.200
-0.631 2.484 -0.198
-0.630 2.484 -0.197
-0.629 2.483 -0.195
-0.628 2.483 -0.194
-0.627 2.483 -0.192
-0.627 2.483 -0.191
-0.626 2.483 -0.190
-0.625 2.483 -0.188
-0.624 2.483 -0.187
-0.623 2.483 -0.185
-0.621 2.484 -0.184
-0.619 2.484 -0.182
-0.616 2.485 -0.181
-0.613 2.487 -0.180
-0.609 2.488 -0.178
-0.605 2.489 -0.177
-0.602 2.491 -0.176
-0.598 2.493 -0.175
-0.593 2.494 -0.174
-0.588 2.497 -0.173
-0.583 2.499 -0.172
-0.578 2.501 -0.171
-0.573 2.504 -0.171
-0.568 2.506 -0.170
-0.563 2.509 -0.170
-0.557 2.512 -0.169
-0.551 2.515 -0.169
-0.546 2.518 -0.168
-0.540 2.520 -0.167
-0.534 2.523 -0.167
-0.528 2.526 -0.166
-0.522 2.529 -0.165
-0.516 2.531 -0.164
-0.510 2.534 -0.163
-0.504 2.536 -0.162
-0.498 2.539 -0.162
-0.492 2.542 -0.161
-0.485 2.545 -0.160
-0.481 2.548 -0.158
-0.475 2.550 -0.158
-0.468 2.553 -0.157
-0.462 2.556 -0.156
-0.459 2.559 -0.154
-0.452 2.561 -0.154
-0.445 2.564 -0.153
-0.439 2.567 -0.152
-0.433 2.570 -0.152
-0.427 2.573 -0.151
-0.420 2.577 -0.150
-0.413 2.580 -0.150
-0.406 2.583 -0.149
-0.400 2.586 -0.149
-0.393 2.589 -0.148
-0.386 2.592 -0.148
-0.379 2.596 -0.147
-0.372 2.599 -0.147
-0.365 2.602 -0.146
-0.357 2.606 -0.146
-0.351 2.609 -0.145
-0.343 2.612 -0.144
-0.336 2.616 -0.144
-0.328 2.619 -0.144
-0.319 2.621 -0.144
-0.312 2.625 -0.143
-0.305 2.628 -0.143
-0.297 2.631 -0.143
-0.289 2.634 -0.142
-0.281 2.638 -0.142
-0.274 2.641 -0.142
-0.266 2.644 -0.142
-0.258 2.648 -0.142
-0.251 2.651 -0.142
-0.243 2.655 -0.142
-0.235 2.659 -0.142
-0.228 2.663 -0.142
-0.220 2.666 -0.142
-0.212 2.670 -0.142
-0.204 2.674 -0.142
-0.196 2.677 -0.142
-0.188 2.681 -0.142
-0.180 2.685 -0.142
-0.173 2.689 -0.143
-0.165 2.693 -0.143
-0.157 2.697 -0.143
-0.149 2.701 -0.143
-0.141 2.705 -0.144
-0.134 2.709 -0.144
-0.130 2.712 -0.144
-0.126 2.715 -0.144
-0.125 2.717 -0.144
-0.124 2.718 -0.145
-0.125 2.718 -0.146
-0.128 2.717 -0.146
-0.131 2.715 -0.148
-0.136 2.713 -0.149
-0.140 2.711 -0.150
-0.143 2.709 -0.152
-0.146 2.707 -0.153
-0.149 2.705 -0.154
-0.151 2.703 -0.155
-0.153 2.702 -0.155
-0.154 2.700 -0.156
-0.155 2.698 -0.156
-0.156 2.697 -0.157
-0.156 2.695 -0.157
-0.156 2.694 -0.157
-0.156 2.693 -0.157
-0.155 2.692 -0.157
-0.154 2.691 -0.157
-0.152 2.691 -0.157
-0.151 2.690 -0.157
-0.150 2.689 -0.157
-0.149 2.689 -0.157
-0.147 2.688 -0.157
-0.145 2.688 -0.157
-0.144 2.688 -0.157
-0.142 2.687 -0.156
-0.140 2.686 -0.156
-0.138 2.686 -0.156
-0.136 2.686 -0.155
-0.134 2.686 -0.155
-0.132 2.685 -0.154
-0.132 2.686 -0.154
-0.129 2.686 -0.154
-0.127 2.686 -0.153
-0.125 2.686 -0.153
-0.123 2.685 -0.152
-0.121 2.685 -0.152
-0.119 2.685 -0.151
-0.117 2.685 -0.151
-0.115 2.685 -0.150
-0.113 2.685 -0.149
-0.111 2.684 -0.149
-0.108 2.684 -0.148
-0.106 2.684 -0.148
-0.104 2.684 -0.147
-0.102 2.684 -0.146
-0.100 2.684 -0.146
-0.098 2.684 -0.145
-0.096 2.684 -0.144
-0.096 2.685 -0.144
-0.092 2.684 -0.143
-0.090 2.684 -0.142
-0.089 2.684 -0.141
-0.087 2.684 -0.140
-0.085 2.685 -0.140
-0.083 2.685 -0.139
-0.082 2.685 -0.138
-0.080 2.684 -0.137
-0.079 2.684 -0.137
-0.077 2.684 -0.136
-0.076 2.684 -0.135
-0.075 2.684 -0.134
-0.074 2.684 -0.134
-0.072 2.684 -0.133
-0.072 2.683 -0.132
-0.070 2.683 -0.131
-0.069 2.683 -0.131
-0.068 2.683 -0.130
-0.068 2.682 -0.129
-0.067 2.682 -0.128
-0.066 2.681 -0.128
-0.065 2.681 -0.127
-0.064 2.681 -0.126
-0.063 2.681 -0.126
-0.063 2.680 -0.125
-0.062 2.680 -0.124
-0.060 2.679 -0.123
-0.059 2.679 -0.122
-0.058 2.678 -0.121
-0.058 2.678 -0.121
-0.057 2.678 -0.120
-0.056 2.678 -0.119
-0.056 2.677 -0.118
-0.055 2.677 -0.117
-0.054 2.677 -0.117
-0.054 2.676 -0.116
-0.053 2.676 -0.115
-0.053 2.675 -0.114
-0.052 2.675 -0.113
-0.052 2.675 -0.112
-0.051 2.674 -0.112
-0.051 2.674 -0.111
-0.050 2.673 -0.110
-0.049 2.673 -0.109
-0.049 2.673 -0.108
-0.048 2.673 -0.107
-0.047 2.672 -0.106
-0.047 2.672 -0.105
-0.046 2.671 -0.104
-0.045 2.671 -0.103
-0.044 2.671 -0.102
-0.044 2.670 -0.101
-0.043 2.670 -0.100
-0.042 2.670 -0.099
-0.041 2.669 -0.098
-0.040 2.669 -0.097
-0.039 2.668 -0.096
-0.039 2.668 -0.095
-0.038 2.668 -0.094
-0.037 2.667 -0.093
-0.036 2.667 -0.092
-0.035 2.667 -0.091
-0.034 2.666 -0.090
-0.033 2.666 -0.088
-0.032 2.666 -0.087
-0.030 2.666 -0.086
-0.029 2.666 -0.085
-0.028 2.666 -0.084
-0.026 2.666 -0.082
-0.025 2.665 -0.081
-0.024 2.665 -0.080
-0.023 2.665 -0.079
-0.021 2.665 -0.077
-0.020 2.665 -0.076
-0.019 2.664 -0.075
-0.018 2.664 -0.074
-0.017 2.664 -0.072
-0.016 2.663 -0.071
-0.015 2.663 -0.070
-0.014 2.663 -0.069
-0.013 2.662 -0.067
-0.012 2.662 -0.066
-0.011 2.661 -0.065
-0.010 2.661 -0.064
-0.008 2.661 -0.063
-0.007 2.660 -0.061
-0.006 2.660 -0.060
-0.005 2.660 -0.059
-0.005 2.661 -0.057
-0.004 2.660 -0.056
-0.003 2.660 -0.055
-0.002 2.660 -0.053
0.000 2.659 -0.052
0.001 2.659 -0.050
0.002 2.659 -0.049
0.004 2.659 -0.048
0.004 2.659 -0.046
0.005 2.658 -0.045
0.006 2.658 -0.044
0.007 2.658 -0.043
0.008 2.657 -0.041
0.008 2.657 -0.040
0.007 2.657 -0.039
0.008 2.657 -0.037
0.009 2.656 -0.036
0.011 2.655 -0.035
0.011 2.654 -0.033
0.012 2.654 -0.032
0.012 2.653 -0.031
0.013 2.652 -0.029
0.014 2.652 -0.028
0.014 2.651 -0.026
0.015 2.651 -0.025
0.016 2.650 -0.024
0.016 2.650 -0.022
0.016 2.651 -0.021
0.017 2.650 -0.019
0.017 2.650 -0.018
0.020 2.649 -0.017
0.020 2.648 -0.015
0.020 2.647 -0.014
0.022 2.647 -0.012
0.022 2.646 -0.011
0.021 2.645 -0.009
0.022 2.645 -0.008
0.023 2.644 -0.006
0.023 2.643 -0.005
0.023 2.643 -0.003
0.023 2.642 -0.002
0.024 2.641 -0.000
0.024 2.640 0.001
0.025 2.640 0.003
0.025 2.639 0.004
0.026 2.638 0.006
0.027 2.638 0.007
0.027 2.638 0.009
0.028 2.637 0.010
0.029 2.637 0.012
0.029 2.636 0.013
0.030 2.636 0.015
0.031 2.635 0.017
0.031 2.635 0.018
0.031 2.635 0.020
0.033 2.634 0.021
0.033 2.633 0.023
0.035 2.632 0.024
0.036 2.632 0.026
0.036 2.631 0.028
0.037 2.631 0.029
0.038 2.631 0.031
0.039 2.629 0.032
0.040 2.629 0.034
0.041 2.628 0.036
0.041 2.628 0.038
0.042 2.627 0.039
0.042 2.627 0.041
0.043 2.626 0.042
0.044 2.626 0.044
0.044 2.625 0.046
0.045 2.624 0.047
0.045 2.624 0.049
0.046 2.623 0.051
0.047 2.622 0.052
0.046 2.622 0.055
0.048 2.621 0.055
0.049 2.621 0.057
0.050 2.620 0.059
0.050 2.620 0.060
0.051 2.619 0.062
0.052 2.619 0.064
0.052 2.619 0.065
0.053 2.618 0.067
0.049 2.620 0.070
0.050 2.619 0.071
0.051 2.619 0.073
0.051 2.618 0.074
0.052 2.618 0.076
0.052 2.617 0.078
0.053 2.617 0.080
0.053 2.616 0.081
0.054 2.615 0.083
0.054 2.615 0.085
0.055 2.614 0.086
0.055 2.614 0.088
0.056 2.613 0.090
0.056 2.613 0.092
0.057 2.612 0.093
0.057 2.611 0.095
0.058 2.611 0.097
0.059 2.610 0.098
0.059 2.610 0.100
0.059 2.609 0.102
0.060 2.609 0.104
0.060 2.608 0.105
0.060 2.607 0.107
0.061 2.607 0.109
0.061 2.606 0.110
0.061 2.605 0.112
0.061 2.605 0.114
0.062 2.604 0.116
0.062 2.604 0.117
0.063 2.603 0.119
0.063 2.603 0.121
0.064 2.602 0.123
0.064 2.602 0.124
0.064 2.601 0.126
0.065 2.600 0.128
0.065 2.600 0.130
