x y z
-1.436 1.104 -0.514
-1.436 1.104 -0.513
-1.435 1.103 -0.512
-1.435 1.102 -0.511
-1.435 1.102 -0.510
-1.434 1.101 -0.509
-1.433 1.100 -0.508
-1.433 1.099 -0.508
-1.432 1.099 -0.507
-1.432 1.098 -0.506
-1.431 1.097 -0.505
-1.431 1.096 -0.504
-1.430 1.096 -0.503
-1.429 1.095 -0.503
-1.429 1.094 -0.502
-1.428 1.093 -0.501
-1.427 1.092 -0.500
-1.427 1.091 -0.499
-1.426 1.090 -0.499
-1.425 1.089 -0.498
-1.425 1.088 -0.497
-1.424 1.087 -0.497
-1.423 1.086 -0.496
-1.423 1.086 -0.495
-1.422 1.085 -0.495
-1.421 1.084 -0.494
-1.420 1.084 -0.494
-1.420 1.083 -0.493
-1.419 1.083 -0.492
-1.418 1.082 -0.492
-1.417 1.081 -0.491
-1.417 1.081 -0.491
-1.416 1.080 -0.490
-1.414 1.080 -0.489
-1.414 1.079 -0.488
-1.413 1.078 -0.488
-1.412 1.077 -0.487
-1.411 1.077 -0.486
-1.410 1.076 -0.486
-1.410 1.076 -0.485
-1.408 1.075 -0.484
-1.408 1.074 -0.484
-1.407 1.074 -0.484
-1.406 1.073 -0.483
-1.405 1.073 -0.483
-1.404 1.072 -0.481
-1.403 1.071 -0.481
-1.402 1.071 -0.481
-1.401 1.070 -0.481
-1.400 1.070 -0.480
-1.399 1.069 -0.480
-1.398 1.069 -0.480
-1.397 1.068 -0.479
-1.396 1.068 -0.479
-1.395 1.067 -0.478
-1.394 1.066 -0.476
-1.393 1.066 -0.476
-1.392 1.065 -0.476
-1.392 1.065 -0.477
-1.391 1.064 -0.477
-1.390 1.063 -0.477
-1.389 1.062 -0.477
-1.388 1.062 -0.477
-1.388 1.061 -0.477
-1.387 1.060 -0.476
-1.386 1.059 -0.476
-1.385 1.059 -0.476
-1.385 1.058 -0.476
-1.384 1.058 -0.476
-1.382 1.057 -0.476
-1.381 1.058 -0.475
-1.377 1.059 -0.475
-1.374 1.062 -0.475
-1.369 1.065 -0.474
-1.364 1.070 -0.474
-1.358 1.076 -0.475
-1.354 1.082 -0.474
-1.346 1.089 -0.476
-1.339 1.097 -0.477
-1.331 1.104 -0.478
-1.324 1.112 -0.478
-1.317 1.120 -0.478
-1.309 1.129 -0.478
-1.301 1.137 -0.477
-1.293 1.146 -0.477
-1.284 1.155 -0.476
-1.275 1.164 -0.475
-1.266 1.173 -0.474
-1.257 1.183 -0.473
-1.248 1.193 -0.472
-1.239 1.202 -0.471
-1.230 1.212 -0.470
-1.221 1.222 -0.469
-1.212 1.232 -0.468
-1.202 1.242 -0.467
-1.193 1.252 -0.466
-1.184 1.262 -0.465
-1.174 1.272 -0.464
-1.165 1.282 -0.463
-1.155 1.293 -0.462
-1.146 1.303 -0.461
-1.136 1.314 -0.460
-1.126 1.324 -0.460
-1.116 1.335 -0.459
-1.106 1.345 -0.458
-1.096 1.356 -0.458
-1.085 1.367 -0.457
-1.076 1.378 -0.456
-1.065 1.389 -0.456
-1.055 1.400 -0.455
-1.045 1.411 -0.455
-1.035 1.423 -0.455
-1.024 1.434 -0.454
-1.014 1.445 -0.454
-1.003 1.457 -0.453
-0.992 1.469 -0.454
-0.982 1.481 -0.454
-0.972 1.492 -0.453
-0.961 1.504 -0.455
-0.950 1.516 -0.456
-0.939 1.529 -0.457
-0.928 1.541 -0.457
-0.916 1.553 -0.456
-0.905 1.565 -0.456
-0.894 1.578 -0.456
-0.882 1.591 -0.457
-0.871 1.603 -0.457
-0.859 1.616 -0.458
-0.848 1.629 -0.459
-0.837 1.642 -0.460
-0.825 1.655 -0.461
-0.814 1.667 -0.462
-0.803 1.680 -0.462
-0.792 1.693 -0.463
-0.778 1.705 -0.465
-0.767 1.718 -0.466
-0.755 1.731 -0.467
-0.744 1.744 -0.467
-0.732 1.756 -0.468
-0.720 1.769 -0.469
-0.709 1.782 -0.471
-0.697 1.794 -0.471
-0.686 1.807 -0.473
-0.674 1.820 -0.474
-0.665 1.832 -0.474
-0.654 1.844 -0.475
-0.644 1.855 -0.476
-0.634 1.865 -0.477
-0.626 1.874 -0.478
-0.622 1.881 -0.478
-0.620 1.885 -0.479
-0.619 1.885 -0.480
-0.621 1.884 -0.481
-0.625 1.880 -0.483
-0.630 1.875 -0.485
-0.631 1.870 -0.488
-0.634 1.866 -0.490
-0.636 1.862 -0.492
-0.639 1.858 -0.491
-0.639 1.856 -0.491
-0.639 1.853 -0.491
-0.638 1.851 -0.491
-0.637 1.849 -0.491
-0.636 1.848 -0.490
-0.634 1.847 -0.490
-0.632 1.846 -0.490
-0.630 1.846 -0.490
-0.628 1.846 -0.489
-0.625 1.846 -0.489
-0.623 1.847 -0.489
-0.620 1.847 -0.489
-0.617 1.848 -0.488
-0.614 1.849 -0.488
-0.610 1.849 -0.487
-0.607 1.850 -0.487
-0.604 1.851 -0.487
-0.600 1.852 -0.488
-0.597 1.854 -0.488
-0.593 1.855 -0.487
-0.590 1.856 -0.487
-0.587 1.857 -0.487
-0.584 1.858 -0.487
-0.580 1.859 -0.486
-0.577 1.861 -0.486
-0.574 1.862 -0.486
-0.570 1.863 -0.486
-0.567 1.864 -0.486
-0.564 1.865 -0.486
-0.561 1.867 -0.485
-0.559 1.868 -0.485
-0.556 1.869 -0.485
-0.554 1.871 -0.485
-0.550 1.872 -0.485
-0.548 1.873 -0.485
-0.545 1.874 -0.485
-0.542 1.876 -0.485
-0.540 1.877 -0.485
-0.537 1.879 -0.485
-0.534 1.880 -0.485
-0.532 1.882 -0.485
-0.530 1.883 -0.485
-0.527 1.884 -0.485
-0.525 1.885 -0.485
-0.523 1.887 -0.485
-0.520 1.887 -0.485
-0.518 1.889 -0.485
-0.516 1.890 -0.486
-0.513 1.891 -0.486
-0.512 1.892 -0.486
-0.510 1.893 -0.487
-0.508 1.893 -0.487
-0.506 1.894 -0.487
-0.504 1.895 -0.487
-0.503 1.896 -0.487
-0.501 1.896 -0.487
-0.499 1.897 -0.487
-0.498 1.898 -0.488
-0.496 1.898 -0.488
-0.494 1.898 -0.488
-0.493 1.899 -0.488
-0.491 1.899 -0.488
-0.490 1.899 -0.489
-0.488 1.900 -0.489
-0.487 1.899 -0.489
-0.486 1.900 -0.489
-0.484 1.900 -0.489
-0.483 1.900 -0.489
-0.481 1.900 -0.490
-0.480 1.899 -0.490
-0.478 1.900 -0.490
-0.477 1.899 -0.490
-0.475 1.899 -0.490
-0.474 1.899 -0.490
-0.472 1.899 -0.491
-0.471 1.899 -0.491
-0.469 1.899 -0.491
-0.468 1.899 -0.491
-0.466 1.899 -0.491
-0.465 1.898 -0.491
-0.463 1.898 -0.491
-0.461 1.898 -0.491
-0.460 1.898 -0.491
-0.458 1.897 -0.491
-0.456 1.897 -0.491
-0.454 1.897 -0.491
-0.453 1.897 -0.491
-0.451 1.896 -0.491
-0.449 1.896 -0.491
-0.447 1.895 -0.491
-0.446 1.895 -0.491
-0.444 1.894 -0.491
-0.441 1.894 -0.491
-0.439 1.893 -0.491
-0.438 1.893 -0.491
-0.436 1.893 -0.491
-0.434 1.893 -0.491
-0.433 1.893 -0.491
-0.431 1.893 -0.491
-0.428 1.892 -0.491
-0.426 1.892 -0.491
-0.424 1.892 -0.491
-0.422 1.891 -0.491
-0.420 1.891 -0.491
-0.418 1.891 -0.491
-0.416 1.891 -0.491
-0.415 1.890 -0.490
-0.413 1.890 -0.490
-0.411 1.890 -0.491
-0.410 1.890 -0.491
-0.408 1.890 -0.491
-0.406 1.889 -0.491
-0.404 1.889 -0.491
-0.402 1.889 -0.491
-0.400 1.889 -0.491
-0.398 1.889 -0.491
-0.396 1.888 -0.492
-0.395 1.888 -0.492
-0.393 1.888 -0.492
-0.391 1.887 -0.492
-0.389 1.887 -0.492
-0.390 1.887 -0.492
-0.388 1.887 -0.492
-0.386 1.887 -0.492
-0.385 1.887 -0.492
-0.383 1.887 -0.493
-0.381 1.886 -0.493
-0.379 1.886 -0.493
-0.378 1.886 -0.493
-0.376 1.885 -0.493
-0.375 1.885 -0.493
-0.373 1.884 -0.494
-0.372 1.884 -0.494
-0.370 1.883 -0.494
-0.369 1.883 -0.495
-0.367 1.882 -0.495
-0.366 1.881 -0.495
-0.364 1.881 -0.495
