x y z
-2.046 -0.104 -0.601
-2.046 -0.103 -0.599
-2.045 -0.103 -0.598
-2.045 -0.102 -0.596
-2.045 -0.102 -0.594
-2.045 -0.102 -0.593
-2.045 -0.101 -0.591
-2.045 -0.100 -0.590
-2.045 -0.100 -0.588
-2.045 -0.099 -0.587
-2.045 -0.099 -0.585
-2.045 -0.098 -0.583
-2.045 -0.098 -0.582
-2.045 -0.098 -0.580
-2.044 -0.097 -0.578
-2.044 -0.097 -0.577
-2.044 -0.097 -0.575
-2.044 -0.097 -0.573
-2.044 -0.097 -0.572
-2.044 -0.097 -0.570
-2.045 -0.096 -0.569
-2.045 -0.096 -0.568
-2.045 -0.096 -0.566
-2.045 -0.096 -0.564
-2.044 -0.095 -0.563
-2.044 -0.095 -0.561
-2.044 -0.095 -0.560
-2.044 -0.094 -0.558
-2.043 -0.093 -0.556
-2.043 -0.094 -0.554
-2.043 -0.093 -0.553
-2.042 -0.093 -0.551
-2.042 -0.093 -0.550
-2.042 -0.093 -0.548
-2.043 -0.092 -0.547
-2.042 -0.092 -0.545
-2.043 -0.092 -0.544
-2.043 -0.092 -0.542
-2.043 -0.092 -0.541
-2.043 -0.092 -0.539
-2.042 -0.091 -0.538
-2.042 -0.091 -0.536
-2.042 -0.091 -0.535
-2.042 -0.091 -0.533
-2.041 -0.091 -0.531
-2.041 -0.090 -0.530
-2.041 -0.090 -0.528
-2.041 -0.090 -0.527
-2.041 -0.090 -0.525
-2.040 -0.090 -0.524
-2.040 -0.090 -0.522
-2.040 -0.090 -0.521
-2.040 -0.090 -0.519
-2.040 -0.090 -0.518
-2.040 -0.090 -0.516
-2.040 -0.091 -0.514
-2.040 -0.090 -0.513
-2.039 -0.090 -0.512
-2.039 -0.089 -0.510
-2.039 -0.089 -0.509
-2.039 -0.089 -0.507
-2.038 -0.088 -0.506
-2.038 -0.088 -0.504
-2.038 -0.088 -0.503
-2.037 -0.087 -0.501
-2.037 -0.086 -0.500
-2.036 -0.085 -0.498
-2.035 -0.083 -0.496
-2.033 -0.079 -0.494
-2.032 -0.073 -0.492
-2.031 -0.067 -0.491
-2.030 -0.059 -0.490
-2.030 -0.050 -0.489
-2.030 -0.040 -0.489
-2.030 -0.030 -0.489
-2.030 -0.018 -0.490
-2.030 -0.007 -0.490
-2.029 0.004 -0.489
-2.030 0.015 -0.488
-2.029 0.027 -0.486
-2.029 0.038 -0.485
-2.028 0.050 -0.484
-2.028 0.062 -0.483
-2.027 0.074 -0.481
-2.027 0.087 -0.480
-2.026 0.100 -0.479
-2.026 0.112 -0.478
-2.026 0.125 -0.477
-2.026 0.138 -0.475
-2.025 0.151 -0.474
-2.025 0.164 -0.473
-2.025 0.177 -0.472
-2.025 0.190 -0.471
-2.025 0.203 -0.470
-2.025 0.216 -0.469
-2.025 0.230 -0.469
-2.026 0.243 -0.468
-2.026 0.256 -0.467
-2.026 0.270 -0.466
-2.026 0.284 -0.466
-2.026 0.297 -0.465
-2.026 0.310 -0.464
-2.026 0.324 -0.464
-2.026 0.337 -0.463
-2.027 0.351 -0.463
-2.027 0.365 -0.462
-2.027 0.379 -0.462
-2.027 0.393 -0.462
-2.027 0.408 -0.462
-2.027 0.423 -0.461
-2.027 0.437 -0.461
-2.027 0.452 -0.462
-2.027 0.467 -0.462
-2.027 0.483 -0.462
-2.027 0.498 -0.462
-2.027 0.513 -0.462
-2.027 0.528 -0.462
-2.027 0.544 -0.463
-2.027 0.560 -0.463
-2.027 0.575 -0.464
-2.027 0.591 -0.464
-2.027 0.607 -0.465
-2.027 0.623 -0.465
-2.027 0.639 -0.466
-2.027 0.655 -0.467
-2.028 0.671 -0.468
-2.028 0.687 -0.469
-2.028 0.703 -0.470
-2.029 0.719 -0.471
-2.029 0.736 -0.472
-2.029 0.752 -0.473
-2.030 0.768 -0.474
-2.030 0.784 -0.474
-2.031 0.800 -0.476
-2.032 0.816 -0.477
-2.032 0.833 -0.478
-2.033 0.849 -0.479
-2.034 0.865 -0.480
-2.035 0.881 -0.481
-2.036 0.897 -0.482
-2.036 0.913 -0.483
-2.037 0.927 -0.484
-2.038 0.939 -0.485
-2.040 0.949 -0.486
-2.042 0.957 -0.486
-2.044 0.962 -0.486
-2.047 0.963 -0.487
-2.048 0.961 -0.488
-2.049 0.956 -0.490
-2.049 0.948 -0.492
-2.049 0.940 -0.494
-2.048 0.931 -0.494
-2.047 0.925 -0.495
-2.046 0.920 -0.496
-2.045 0.915 -0.496
-2.043 0.912 -0.495
-2.042 0.908 -0.494
-2.040 0.906 -0.493
-2.039 0.904 -0.492
-2.038 0.903 -0.491
-2.037 0.902 -0.490
-2.036 0.902 -0.489
-2.034 0.901 -0.488
-2.033 0.902 -0.487
-2.032 0.902 -0.486
-2.031 0.903 -0.485
-2.030 0.904 -0.484
-2.029 0.904 -0.483
-2.028 0.906 -0.482
-2.027 0.907 -0.481
-2.027 0.908 -0.480
-2.026 0.910 -0.479
-2.025 0.911 -0.478
-2.024 0.913 -0.477
-2.023 0.915 -0.476
-2.023 0.916 -0.475
-2.022 0.918 -0.475
-2.021 0.920 -0.474
-2.021 0.922 -0.473
-2.020 0.924 -0.472
-2.020 0.927 -0.472
-2.019 0.929 -0.471
-2.019 0.931 -0.470
-2.018 0.933 -0.469
-2.018 0.936 -0.469
-2.018 0.938 -0.468
-2.017 0.940 -0.467
-2.017 0.942 -0.467
-2.017 0.945 -0.466
-2.017 0.947 -0.465
-2.017 0.949 -0.465
-2.016 0.951 -0.464
-2.016 0.953 -0.463
-2.016 0.955 -0.463
-2.016 0.957 -0.462
-2.016 0.959 -0.461
-2.016 0.961 -0.460
-2.016 0.963 -0.460
-2.016 0.965 -0.459
-2.016 0.967 -0.458
-2.016 0.969 -0.458
-2.016 0.971 -0.457
-2.016 0.973 -0.456
-2.016 0.975 -0.455
-2.016 0.976 -0.455
-2.016 0.978 -0.454
-2.016 0.980 -0.453
-2.016 0.981 -0.452
-2.016 0.983 -0.451
-2.016 0.984 -0.451
-2.016 0.986 -0.450
-2.016 0.987 -0.449
-2.016 0.988 -0.448
-2.016 0.989 -0.447
-2.016 0.990 -0.446
-2.016 0.991 -0.445
-2.016 0.992 -0.445
-2.015 0.993 -0.444
-2.015 0.994 -0.443
-2.015 0.994 -0.442
-2.015 0.995 -0.441
-2.015 0.996 -0.440
-2.015 0.997 -0.439
-2.014 0.997 -0.438
-2.014 0.998 -0.437
-2.014 0.999 -0.436
-2.014 1.000 -0.435
-2.014 1.000 -0.434
-2.014 1.001 -0.433
-2.013 1.002 -0.432
-2.013 1.002 -0.431
-2.013 1.003 -0.429
-2.013 1.003 -0.428
-2.012 1.004 -0.427
-2.012 1.004 -0.426
-2.012 1.005 -0.424
-2.011 1.005 -0.423
-2.011 1.006 -0.422
-2.011 1.006 -0.421
-2.010 1.007 -0.419
-2.010 1.007 -0.418
-2.009 1.008 -0.416
-2.009 1.009 -0.415
-2.008 1.009 -0.414
-2.008 1.010 -0.412
-2.008 1.010 -0.411
-2.007 1.011 -0.409
-2.007 1.012 -0.408
-2.007 1.012 -0.406
-2.006 1.013 -0.405
-2.006 1.013 -0.403
-2.005 1.014 -0.402
-2.005 1.015 -0.400
-2.005 1.016 -0.399
-2.004 1.016 -0.397
-2.004 1.017 -0.395
-2.004 1.019 -0.394
-2.003 1.019 -0.392
-2.003 1.020 -0.391
-2.003 1.022 -0.389
-2.003 1.023 -0.388
-2.003 1.024 -0.386
-2.002 1.025 -0.385
-2.002 1.025 -0.383
-2.002 1.027 -0.382
-2.001 1.028 -0.380
-2.001 1.029 -0.379
-2.001 1.030 -0.377
-2.001 1.031 -0.376
-2.001 1.032 -0.374
-2.001 1.033 -0.373
-2.000 1.034 -0.371
-2.000 1.035 -0.370
-2.000 1.036 -0.368
-2.000 1.037 -0.367
-2.000 1.038 -0.365
-2.000 1.039 -0.364
-2.000 1.040 -0.362
-2.000 1.041 -0.361
-2.000 1.042 -0.359
-1.999 1.043 -0.358
-1.999 1.044 -0.356
-1.999 1.045 -0.355
-1.999 1.045 -0.353
-1.999 1.046 -0.352
-1.999 1.047 -0.350
-1.999 1.048 -0.349
-1.999 1.049 -0.347
-1.999 1.049 -0.346
-1.999 1.050 -0.344
-1.999 1.050 -0.343
-1.999 1.051 -0.341
-1.999 1.051 -0.340
-1.999 1.052 -0.339
-1.999 1.053 -0.337
-1.999 1.053 -0.336
-1.998 1.054 -0.334
-1.998 1.054 -0.333
-1.998 1.055 -0.331
-1.998 1.055 -0.330
-1.998 1.056 -0.328
-1.998 1.056 -0.326
-1.998 1.057 -0.325
-1.998 1.057 -0.323
-1.998 1.058 -0.321
-1.998 1.058 -0.320
-1.998 1.059 -0.318
-1.998 1.059 -0.317
-1.997 1.059 -0.315
-1.997 1.060 -0.313
-1.997 1.060 -0.312
-1.997 1.060 -0.310
-1.997 1.060 -0.308
-1.996 1.061 -0.307
-1.996 1.061 -0.305
-1.996 1.061 -0.303
-1.996 1.062 -0.302
-1.996 1.062 -0.300
-1.995 1.062 -0.298
-1.995 1.062 -0.296
-1.995 1.063 -0.295
-1.995 1.063 -0.293
-1.995 1.063 -0.291
-1.994 1.064 -0.289
-1.994 1.064 -0.287
-1.994 1.064 -0.286
-1.993 1.064 -0.284
-1.993 1.065 -0.282
-1.993 1.065 -0.280
-1.993 1.065 -0.279
-1.992 1.066 -0.277
-1.992 1.066 -0.275
-1.992 1.066 -0.273
-1.992 1.066 -0.271
-1.991 1.067 -0.269
-1.991 1.067 -0.268
-1.991 1.067 -0.266
-1.990 1.067 -0.264
-1.990 1.068 -0.262
-1.990 1.068 -0.260
-1.990 1.068 -0.258
-1.990 1.069 -0.257
-1.989 1.069 -0.255
-1.989 1.070 -0.253
-1.989 1.070 -0.251
-1.989 1.071 -0.249
-1.989 1.071 -0.247
-1.989 1.071 -0.246
-1.988 1.072 -0.244
-1.988 1.073 -0.242
-1.988 1.073 -0.241
-1.988 1.074 -0.239
-1.988 1.074 -0.237
-1.988 1.075 -0.235
-1.988 1.075 -0.233
-1.988 1.075 -0.232
-1.987 1.076 -0.229
-1.987 1.076 -0.228
-1.987 1.076 -0.226
-1.987 1.077 -0.224
-1.987 1.077 -0.223
-1.987 1.078 -0.221
-1.987 1.078 -0.219
-1.986 1.079 -0.217
-1.987 1.079 -0.215
-1.987 1.080 -0.213
-1.987 1.080 -0.211
-1.987 1.081 -0.210
-1.987 1.081 -0.208
-1.987 1.082 -0.206
-1.987 1.082 -0.204
-1.987 1.082 -0.202
-1.987 1.083 -0.200
-1.986 1.083 -0.198
-1.987 1.083 -0.196
-1.986 1.084 -0.194
-1.986 1.084 -0.192
-1.986 1.085 -0.191
-1.986 1.085 -0.188
-1.986 1.085 -0.187
-1.986 1.086 -0.185
-1.986 1.086 -0.183
-1.986 1.087 -0.181
-1.986 1.087 -0.179
-1.986 1.087 -0.177
-1.986 1.088 -0.175
-1.986 1.088 -0.173
-1.986 1.089 -0.170
-1.986 1.089 -0.168
-1.985 1.090 -0.167
-1.985 1.090 -0.164
-1.985 1.090 -0.162
-1.985 1.090 -0.160
-1.985 1.091 -0.158
-1.984 1.091 -0.156
-1.985 1.091 -0.154
-1.984 1.092 -0.152
-1.983 1.093 -0.149
-1.983 1.093 -0.147
-1.984 1.093 -0.146
-1.984 1.093 -0.144
-1.984 1.093 -0.141
-1.984 1.093 -0.140
-1.984 1.092 -0.137
-1.984 1.093 -0.134
-1.984 1.093 -0.132
-1.983 1.094 -0.130
-1.983 1.094 -0.128
-1.983 1.094 -0.126
-1.982 1.095 -0.124
-1.981 1.095 -0.122
-1.981 1.096 -0.120
-1.981 1.096 -0.118
-1.981 1.096 -0.116
-1.981 1.097 -0.114
-1.981 1.097 -0.112
-1.981 1.097 -0.109
-1.980 1.097 -0.107
-1.980 1.098 -0.105
-1.979 1.098 -0.101
-1.978 1.100 -0.100
-1.979 1.099 -0.099
-1.979 1.099 -0.096
-1.979 1.100 -0.094
-1.979 1.100 -0.092
-1.979 1.100 -0.090
-1.979 1.100 -0.088
-1.978 1.100 -0.086
-1.978 1.101 -0.084
-1.978 1.101 -0.082
-1.978 1.101 -0.079
-1.978 1.102 -0.077
-1.977 1.102 -0.075
-1.977 1.102 -0.073
-1.977 1.102 -0.071
-1.977 1.102 -0.069
-1.977 1.103 -0.067
-1.976 1.103 -0.064
-1.976 1.103 -0.062
-1.976 1.103 -0.060
-1.976 1.103 -0.058
-1.976 1.103 -0.056
-1.976 1.104 -0.054
-1.975 1.104 -0.052
-1.975 1.104 -0.050
-1.975 1.104 -0.047
-1.974 1.104 -0.045
-1.974 1.104 -0.043
-1.974 1.104 -0.041
-1.972 1.105 -0.037
-1.974 1.105 -0.037
