x y z
-1.372 1.926 -0.349
-1.374 1.927 -0.348
-1.373 1.927 -0.346
-1.374 1.928 -0.345
-1.376 1.929 -0.344
-1.376 1.929 -0.342
-1.377 1.930 -0.341
-1.377 1.930 -0.340
-1.377 1.930 -0.338
-1.374 1.929 -0.336
-1.378 1.931 -0.335
-1.376 1.930 -0.333
-1.376 1.930 -0.331
-1.377 1.930 -0.330
-1.377 1.930 -0.329
-1.379 1.930 -0.327
-1.380 1.931 -0.326
-1.379 1.931 -0.324
-1.380 1.932 -0.323
-1.379 1.932 -0.321
-1.379 1.932 -0.319
-1.379 1.932 -0.317
-1.381 1.933 -0.316
-1.379 1.933 -0.314
-1.379 1.934 -0.313
-1.383 1.935 -0.312
-1.382 1.935 -0.310
-1.382 1.935 -0.309
-1.382 1.935 -0.307
-1.380 1.934 -0.306
-1.382 1.934 -0.304
-1.383 1.935 -0.303
-1.384 1.935 -0.301
-1.384 1.935 -0.300
-1.386 1.935 -0.298
-1.383 1.935 -0.297
-1.386 1.935 -0.295
-1.386 1.935 -0.294
-1.386 1.936 -0.292
-1.386 1.936 -0.291
-1.386 1.936 -0.290
-1.386 1.937 -0.288
-1.387 1.937 -0.287
-1.386 1.937 -0.285
-1.387 1.937 -0.283
-1.387 1.938 -0.282
-1.387 1.938 -0.281
-1.386 1.939 -0.279
-1.386 1.939 -0.278
-1.387 1.939 -0.276
-1.387 1.939 -0.275
-1.386 1.940 -0.273
-1.386 1.940 -0.272
-1.386 1.940 -0.270
-1.386 1.940 -0.269
-1.386 1.940 -0.267
-1.386 1.941 -0.266
-1.386 1.941 -0.265
-1.386 1.941 -0.263
-1.386 1.941 -0.262
-1.386 1.941 -0.261
-1.386 1.941 -0.259
-1.385 1.940 -0.258
-1.384 1.939 -0.257
-1.382 1.935 -0.256
-1.379 1.930 -0.256
-1.374 1.924 -0.256
-1.369 1.917 -0.256
-1.364 1.909 -0.256
-1.357 1.901 -0.257
-1.351 1.893 -0.258
-1.344 1.884 -0.259
-1.337 1.874 -0.261
-1.330 1.865 -0.262
-1.322 1.855 -0.264
-1.314 1.844 -0.265
-1.306 1.834 -0.267
-1.297 1.823 -0.269
-1.288 1.812 -0.271
-1.280 1.801 -0.273
-1.271 1.789 -0.275
-1.261 1.777 -0.277
-1.251 1.766 -0.280
-1.242 1.754 -0.282
-1.232 1.741 -0.285
-1.221 1.729 -0.288
-1.212 1.717 -0.293
-1.204 1.704 -0.296
-1.194 1.691 -0.299
-1.185 1.677 -0.300
-1.175 1.664 -0.304
-1.165 1.651 -0.307
-1.154 1.639 -0.313
-1.145 1.625 -0.315
-1.135 1.611 -0.318
-1.125 1.596 -0.322
-1.114 1.583 -0.325
-1.103 1.568 -0.329
-1.092 1.554 -0.334
-1.081 1.540 -0.338
-1.070 1.526 -0.342
-1.059 1.511 -0.347
-1.048 1.496 -0.351
-1.037 1.482 -0.356
-1.026 1.467 -0.360
-1.015 1.452 -0.365
-1.004 1.437 -0.370
-0.993 1.422 -0.374
-0.981 1.408 -0.379
-0.969 1.392 -0.385
-0.958 1.378 -0.390
-0.947 1.362 -0.395
-0.935 1.347 -0.401
-0.923 1.332 -0.406
-0.911 1.317 -0.412
-0.899 1.301 -0.417
-0.887 1.286 -0.424
-0.875 1.270 -0.430
-0.863 1.254 -0.436
-0.851 1.238 -0.442
-0.839 1.222 -0.448
-0.827 1.206 -0.455
-0.814 1.190 -0.461
-0.801 1.174 -0.468
-0.789 1.157 -0.474
-0.776 1.141 -0.480
-0.765 1.125 -0.486
-0.752 1.108 -0.492
-0.738 1.091 -0.500
-0.726 1.075 -0.506
-0.713 1.058 -0.512
-0.700 1.041 -0.518
-0.687 1.024 -0.524
-0.675 1.007 -0.531
-0.662 0.990 -0.537
-0.649 0.973 -0.542
-0.636 0.956 -0.548
-0.624 0.939 -0.554
-0.611 0.923 -0.560
-0.600 0.908 -0.565
-0.590 0.894 -0.569
-0.582 0.882 -0.573
-0.576 0.873 -0.577
-0.574 0.869 -0.580
-0.575 0.868 -0.583
-0.578 0.870 -0.587
-0.582 0.874 -0.592
-0.588 0.880 -0.595
-0.593 0.885 -0.599
-0.597 0.890 -0.602
-0.601 0.893 -0.604
-0.605 0.896 -0.606
-0.609 0.900 -0.608
-0.613 0.904 -0.609
-0.616 0.907 -0.610
-0.620 0.910 -0.610
-0.623 0.913 -0.611
-0.625 0.915 -0.612
-0.628 0.917 -0.612
-0.629 0.919 -0.613
-0.631 0.921 -0.613
-0.632 0.922 -0.613
-0.633 0.922 -0.613
-0.634 0.923 -0.613
-0.635 0.923 -0.613
-0.635 0.923 -0.613
-0.636 0.922 -0.613
-0.636 0.921 -0.612
-0.635 0.920 -0.612
-0.635 0.919 -0.612
-0.635 0.918 -0.611
-0.634 0.916 -0.610
-0.633 0.914 -0.609
-0.632 0.912 -0.608
-0.631 0.910 -0.607
-0.629 0.909 -0.606
-0.628 0.906 -0.605
-0.627 0.905 -0.605
-0.625 0.902 -0.603
-0.623 0.900 -0.602
-0.621 0.897 -0.601
-0.619 0.894 -0.600
-0.617 0.891 -0.598
-0.615 0.888 -0.597
-0.613 0.885 -0.595
-0.611 0.883 -0.593
-0.609 0.879 -0.592
-0.607 0.876 -0.590
-0.605 0.873 -0.588
-0.603 0.871 -0.587
-0.601 0.868 -0.585
-0.599 0.865 -0.584
-0.597 0.863 -0.582
-0.596 0.860 -0.580
-0.594 0.858 -0.578
-0.593 0.855 -0.577
-0.591 0.853 -0.575
-0.590 0.851 -0.574
-0.589 0.848 -0.572
-0.587 0.847 -0.571
-0.586 0.845 -0.570
-0.585 0.843 -0.568
-0.584 0.841 -0.567
-0.582 0.840 -0.566
-0.581 0.838 -0.565
-0.580 0.837 -0.564
-0.579 0.836 -0.563
-0.578 0.835 -0.563
-0.578 0.834 -0.562
-0.577 0.833 -0.561
-0.576 0.832 -0.561
-0.575 0.832 -0.560
-0.574 0.831 -0.560
-0.574 0.831 -0.560
-0.573 0.830 -0.560
-0.573 0.830 -0.559
-0.572 0.829 -0.559
-0.572 0.829 -0.559
-0.572 0.829 -0.559
-0.571 0.829 -0.559
-0.571 0.830 -0.559
-0.570 0.830 -0.559
-0.570 0.831 -0.560
-0.569 0.830 -0.559
-0.569 0.830 -0.559
-0.568 0.830 -0.559
-0.568 0.831 -0.560
-0.568 0.832 -0.559
-0.568 0.832 -0.559
-0.568 0.832 -0.559
-0.567 0.832 -0.559
-0.567 0.832 -0.559
-0.567 0.832 -0.559
-0.567 0.832 -0.558
-0.566 0.833 -0.558
-0.566 0.834 -0.558
-0.566 0.833 -0.558
-0.565 0.834 -0.557
-0.565 0.834 -0.557
-0.565 0.833 -0.556
-0.564 0.833 -0.556
-0.564 0.832 -0.555
-0.563 0.832 -0.555
-0.563 0.832 -0.554
-0.562 0.831 -0.554
-0.562 0.831 -0.553
-0.561 0.831 -0.552
-0.561 0.830 -0.551
-0.560 0.829 -0.550
-0.559 0.828 -0.549
-0.558 0.828 -0.549
-0.557 0.826 -0.547
-0.556 0.825 -0.546
-0.556 0.825 -0.546
-0.554 0.823 -0.544
-0.554 0.822 -0.543
-0.552 0.821 -0.542
-0.552 0.820 -0.541
-0.550 0.818 -0.539
-0.550 0.818 -0.538
-0.549 0.815 -0.537
-0.548 0.814 -0.535
-0.547 0.812 -0.534
-0.546 0.811 -0.533
-0.544 0.809 -0.531
-0.543 0.807 -0.530
-0.542 0.806 -0.528
-0.541 0.805 -0.527
-0.540 0.802 -0.525
-0.539 0.801 -0.524
-0.538 0.800 -0.522
-0.537 0.798 -0.521
-0.535 0.797 -0.520
-0.534 0.796 -0.518
-0.533 0.794 -0.516
-0.532 0.793 -0.515
-0.531 0.791 -0.513
-0.530 0.790 -0.512
-0.529 0.788 -0.510
-0.528 0.787 -0.508
-0.527 0.786 -0.507
-0.526 0.786 -0.506
-0.525 0.784 -0.504
-0.524 0.783 -0.503
-0.524 0.783 -0.502
-0.523 0.781 -0.500
-0.522 0.780 -0.499
-0.522 0.779 -0.498
-0.521 0.777 -0.496
-0.520 0.776 -0.495
-0.520 0.775 -0.493
-0.519 0.775 -0.492
-0.519 0.774 -0.491
-0.518 0.774 -0.490
-0.518 0.772 -0.489
-0.518 0.772 -0.488
-0.517 0.770 -0.486
-0.517 0.770 -0.485
-0.516 0.769 -0.484
-0.515 0.769 -0.483
-0.515 0.769 -0.482
-0.514 0.769 -0.481
-0.515 0.769 -0.479
-0.514 0.768 -0.478
-0.514 0.768 -0.477
-0.513 0.768 -0.476
-0.513 0.768 -0.475
-0.512 0.768 -0.474
-0.512 0.768 -0.473
-0.512 0.768 -0.472
-0.511 0.767 -0.471
-0.511 0.768 -0.470
-0.511 0.767 -0.469
-0.510 0.766 -0.467
-0.510 0.766 -0.466
-0.510 0.766 -0.465
-0.509 0.766 -0.464
-0.509 0.765 -0.463
-0.508 0.765 -0.461
-0.508 0.765 -0.460
-0.508 0.765 -0.459
-0.507 0.764 -0.457
-0.507 0.764 -0.456
-0.506 0.763 -0.455
-0.506 0.763 -0.453
-0.505 0.763 -0.452
-0.505 0.762 -0.450
-0.504 0.762 -0.449
-0.504 0.761 -0.447
-0.503 0.760 -0.446
-0.503 0.760 -0.444
-0.502 0.759 -0.442
-0.502 0.758 -0.441
-0.501 0.758 -0.439
-0.500 0.757 -0.437
-0.500 0.756 -0.436
-0.499 0.756 -0.434
-0.498 0.755 -0.432
-0.498 0.754 -0.431
-0.496 0.754 -0.429
-0.495 0.753 -0.427
-0.495 0.752 -0.425
-0.494 0.752 -0.423
-0.493 0.751 -0.422
-0.492 0.750 -0.420
-0.492 0.750 -0.418
-0.491 0.748 -0.416
-0.490 0.747 -0.414
-0.490 0.746 -0.412
-0.490 0.745 -0.410
-0.489 0.744 -0.408
-0.489 0.743 -0.406
-0.488 0.742 -0.404
-0.487 0.741 -0.402
-0.487 0.740 -0.400
-0.486 0.739 -0.398
-0.486 0.738 -0.396
-0.485 0.737 -0.394
-0.485 0.737 -0.392
-0.485 0.736 -0.390
-0.484 0.735 -0.388
-0.483 0.734 -0.387
-0.483 0.733 -0.385
-0.482 0.733 -0.383
-0.482 0.732 -0.381
-0.481 0.731 -0.379
-0.481 0.730 -0.377
-0.481 0.730 -0.375
-0.480 0.729 -0.373
-0.480 0.728 -0.371
-0.480 0.727 -0.369
-0.479 0.727 -0.368
-0.479 0.726 -0.366
-0.479 0.726 -0.364
-0.478 0.725 -0.362
-0.478 0.724 -0.360
-0.478 0.724 -0.359
-0.477 0.723 -0.357
-0.477 0.723 -0.355
-0.477 0.723 -0.353
-0.476 0.722 -0.351
-0.476 0.722 -0.350
-0.475 0.722 -0.348
-0.475 0.722 -0.346
-0.475 0.721 -0.344
-0.474 0.721 -0.343
-0.474 0.721 -0.341
-0.474 0.720 -0.339
-0.474 0.720 -0.337
-0.474 0.720 -0.335
-0.473 0.719 -0.334
-0.473 0.719 -0.332
-0.473 0.719 -0.330
-0.473 0.718 -0.328
-0.473 0.718 -0.326
-0.472 0.717 -0.324
-0.472 0.717 -0.323
-0.472 0.717 -0.321
-0.472 0.716 -0.319
-0.471 0.716 -0.317
-0.471 0.716 -0.315
-0.470 0.716 -0.313
-0.470 0.715 -0.311
-0.470 0.715 -0.309
-0.469 0.714 -0.308
-0.469 0.714 -0.305
-0.469 0.714 -0.303
-0.469 0.713 -0.301
-0.468 0.713 -0.299
-0.468 0.712 -0.297
-0.468 0.712 -0.295
-0.468 0.711 -0.293
-0.468 0.710 -0.291
-0.467 0.710 -0.289
-0.467 0.709 -0.287
-0.467 0.709 -0.285
-0.466 0.708 -0.283
-0.466 0.708 -0.281
-0.466 0.707 -0.279
-0.465 0.706 -0.276
-0.465 0.706 -0.274
-0.465 0.705 -0.272
-0.464 0.705 -0.270
-0.464 0.704 -0.268
-0.464 0.703 -0.265
-0.463 0.703 -0.263
-0.463 0.702 -0.261
-0.462 0.702 -0.259
-0.462 0.701 -0.257
-0.462 0.700 -0.255
-0.462 0.700 -0.252
-0.461 0.699 -0.250
-0.461 0.698 -0.248
-0.461 0.698 -0.246
-0.460 0.697 -0.243
-0.460 0.696 -0.241
-0.460 0.696 -0.239
-0.460 0.695 -0.236
-0.459 0.694 -0.234
-0.459 0.694 -0.232
-0.459 0.693 -0.230
-0.459 0.693 -0.228
-0.459 0.692 -0.225
-0.458 0.691 -0.223
-0.458 0.691 -0.221
-0.458 0.691 -0.219
-0.458 0.690 -0.216
-0.458 0.690 -0.214
-0.458 0.689 -0.212
-0.457 0.689 -0.210
-0.457 0.688 -0.207
-0.457 0.688 -0.205
-0.457 0.688 -0.203
-0.457 0.687 -0.201
-0.456 0.687 -0.198
-0.456 0.687 -0.196
-0.456 0.686 -0.194
-0.456 0.686 -0.192
-0.456 0.686 -0.190
-0.456 0.685 -0.187
-0.456 0.685 -0.185
-0.455 0.685 -0.183
-0.455 0.684 -0.181
-0.455 0.684 -0.179
-0.455 0.684 -0.176
-0.456 0.683 -0.174
-0.456 0.683 -0.172
-0.456 0.683 -0.170
-0.456 0.682 -0.168
-0.456 0.682 -0.166
-0.456 0.682 -0.163
-0.456 0.681 -0.161
-0.456 0.681 -0.159
-0.456 0.681 -0.157
-0.456 0.681 -0.154
-0.455 0.681 -0.152
-0.455 0.680 -0.150
-0.455 0.680 -0.148
-0.455 0.680 -0.145
-0.455 0.680 -0.143
-0.455 0.680 -0.141
-0.454 0.680 -0.139
-0.454 0.680 -0.136
-0.454 0.679 -0.134
-0.454 0.679 -0.132
-0.454 0.679 -0.129
-0.454 0.678 -0.127
-0.454 0.678 -0.125
-0.454 0.678 -0.122
-0.454 0.677 -0.120
-0.454 0.677 -0.118
-0.454 0.676 -0.115
-0.454 0.676 -0.113
-0.454 0.676 -0.110
-0.454 0.675 -0.108
-0.454 0.675 -0.106
-0.454 0.675 -0.103
-0.454 0.675 -0.101
-0.454 0.675 -0.098
-0.454 0.674 -0.096
-0.454 0.674 -0.093
-0.454 0.674 -0.091
-0.454 0.673 -0.088
-0.454 0.673 -0.086
-0.454 0.673 -0.084
-0.454 0.672 -0.081
-0.454 0.672 -0.079
-0.454 0.671 -0.076
-0.454 0.671 -0.074
-0.454 0.671 -0.072
-0.454 0.670 -0.069
-0.454 0.670 -0.067
-0.454 0.670 -0.064
-0.455 0.669 -0.062
-0.454 0.669 -0.059
-0.454 0.669 -0.056
-0.454 0.668 -0.054
-0.454 0.668 -0.051
-0.454 0.668 -0.049
-0.454 0.668 -0.046
-0.452 0.668 -0.046
-0.452 0.668 -0.044
-0.452 0.668 -0.041
-0.452 0.667 -0.039
-0.452 0.667 -0.037
-0.452 0.667 -0.034
-0.452 0.666 -0.032
-0.451 0.666 -0.029
-0.452 0.666 -0.027
-0.451 0.665 -0.025
-0.451 0.665 -0.022
-0.451 0.665 -0.020
-0.451 0.665 -0.017
-0.451 0.664 -0.015
-0.451 0.664 -0.013
-0.451 0.664 -0.011
-0.450 0.664 -0.008
-0.450 0.664 -0.006
-0.450 0.664 -0.003
-0.450 0.663 -0.001
-0.451 0.662 0.003
-0.451 0.662 0.006
-0.451 0.662 0.008
-0.451 0.662 0.010
-0.451 0.662 0.013
-0.451 0.661 0.015
-0.451 0.661 0.018
-0.451 0.661 0.020
-0.451 0.661 0.022
-0.451 0.661 0.025
-0.451 0.661 0.027
-0.452 0.661 0.029
-0.452 0.660 0.032
-0.452 0.660 0.034
-0.452 0.660 0.037
-0.452 0.660 0.039
-0.452 0.660 0.041
-0.452 0.660 0.044
-0.452 0.660 0.047
-0.452 0.660 0.049
-0.452 0.659 0.052
-0.452 0.659 0.054
-0.452 0.659 0.056
-0.452 0.659 0.059
-0.452 0.659 0.061
-0.453 0.659 0.064
-0.453 0.659 0.066
-0.453 0.659 0.069
-0.453 0.659 0.071
-0.453 0.658 0.074
-0.453 0.658 0.076
