x y z
-1.442 1.948 -0.379
-1.442 1.948 -0.377
-1.443 1.948 -0.376
-1.443 1.948 -0.375
-1.443 1.947 -0.373
-1.443 1.947 -0.372
-1.443 1.947 -0.370
-1.443 1.946 -0.369
-1.443 1.946 -0.367
-1.444 1.946 -0.366
-1.444 1.945 -0.364
-1.444 1.945 -0.363
-1.444 1.944 -0.361
-1.444 1.944 -0.359
-1.444 1.944 -0.358
-1.444 1.943 -0.357
-1.444 1.942 -0.355
-1.444 1.942 -0.354
-1.444 1.941 -0.352
-1.444 1.941 -0.351
-1.445 1.940 -0.349
-1.445 1.940 -0.348
-1.445 1.939 -0.346
-1.446 1.938 -0.345
-1.446 1.938 -0.343
-1.446 1.937 -0.341
-1.446 1.937 -0.340
-1.446 1.936 -0.339
-1.446 1.936 -0.337
-1.446 1.936 -0.336
-1.446 1.935 -0.335
-1.446 1.935 -0.333
-1.446 1.935 -0.331
-1.446 1.934 -0.330
-1.446 1.934 -0.329
-1.446 1.934 -0.327
-1.446 1.933 -0.326
-1.446 1.933 -0.325
-1.447 1.932 -0.323
-1.447 1.932 -0.322
-1.447 1.931 -0.321
-1.448 1.930 -0.320
-1.448 1.930 -0.318
-1.449 1.929 -0.317
-1.449 1.928 -0.316
-1.449 1.928 -0.314
-1.449 1.927 -0.313
-1.449 1.927 -0.312
-1.450 1.926 -0.311
-1.450 1.926 -0.309
-1.449 1.926 -0.308
-1.449 1.925 -0.307
-1.449 1.925 -0.306
-1.449 1.924 -0.304
-1.448 1.924 -0.303
-1.448 1.924 -0.302
-1.448 1.924 -0.300
-1.448 1.923 -0.299
-1.447 1.923 -0.298
-1.447 1.923 -0.297
-1.447 1.923 -0.296
-1.447 1.922 -0.294
-1.447 1.922 -0.293
-1.447 1.921 -0.292
-1.447 1.921 -0.291
-1.447 1.921 -0.290
-1.447 1.920 -0.289
-1.447 1.920 -0.288
-1.447 1.920 -0.287
-1.448 1.919 -0.286
-1.448 1.919 -0.285
-1.448 1.918 -0.284
-1.448 1.918 -0.283
-1.448 1.918 -0.282
-1.447 1.918 -0.281
-1.445 1.919 -0.279
-1.442 1.921 -0.278
-1.437 1.923 -0.277
-1.431 1.927 -0.276
-1.424 1.931 -0.276
-1.416 1.935 -0.276
-1.408 1.941 -0.276
-1.398 1.946 -0.276
-1.389 1.952 -0.276
-1.379 1.957 -0.275
-1.369 1.962 -0.275
-1.359 1.967 -0.274
-1.350 1.973 -0.273
-1.339 1.978 -0.272
-1.329 1.984 -0.271
-1.319 1.990 -0.270
-1.308 1.996 -0.269
-1.298 2.002 -0.268
-1.287 2.008 -0.267
-1.276 2.014 -0.266
-1.265 2.019 -0.264
-1.254 2.026 -0.263
-1.243 2.032 -0.262
-1.232 2.038 -0.262
-1.221 2.044 -0.261
-1.209 2.051 -0.260
-1.198 2.057 -0.259
-1.186 2.064 -0.258
-1.174 2.070 -0.257
-1.163 2.077 -0.257
-1.151 2.084 -0.256
-1.139 2.090 -0.255
-1.127 2.097 -0.255
-1.115 2.104 -0.254
-1.103 2.111 -0.254
-1.090 2.118 -0.254
-1.078 2.125 -0.253
-1.065 2.132 -0.253
-1.052 2.140 -0.253
-1.039 2.147 -0.254
-1.026 2.154 -0.254
-1.013 2.162 -0.254
-1.000 2.169 -0.255
-0.986 2.177 -0.256
-0.972 2.185 -0.257
-0.958 2.193 -0.258
-0.944 2.200 -0.259
-0.930 2.208 -0.260
-0.916 2.216 -0.261
-0.903 2.225 -0.263
-0.889 2.232 -0.264
-0.874 2.241 -0.266
-0.859 2.249 -0.268
-0.845 2.257 -0.269
-0.831 2.266 -0.272
-0.817 2.274 -0.274
-0.803 2.283 -0.276
-0.789 2.291 -0.278
-0.775 2.299 -0.280
-0.761 2.308 -0.282
-0.746 2.317 -0.285
-0.733 2.326 -0.286
-0.719 2.335 -0.289
-0.705 2.343 -0.291
-0.691 2.352 -0.294
-0.676 2.361 -0.296
-0.662 2.370 -0.299
-0.648 2.379 -0.301
-0.633 2.388 -0.304
-0.619 2.397 -0.306
-0.604 2.405 -0.309
-0.590 2.414 -0.312
-0.576 2.423 -0.315
-0.561 2.432 -0.317
-0.547 2.440 -0.320
-0.535 2.448 -0.323
-0.524 2.455 -0.324
-0.515 2.461 -0.326
-0.510 2.466 -0.327
-0.509 2.469 -0.328
-0.510 2.469 -0.330
-0.513 2.468 -0.331
-0.519 2.466 -0.333
-0.527 2.462 -0.334
-0.536 2.457 -0.335
-0.543 2.452 -0.335
-0.549 2.447 -0.336
-0.552 2.444 -0.337
-0.555 2.440 -0.336
-0.557 2.437 -0.336
-0.559 2.434 -0.335
-0.560 2.431 -0.335
-0.561 2.429 -0.334
-0.562 2.427 -0.333
-0.561 2.425 -0.333
-0.561 2.424 -0.333
-0.560 2.422 -0.333
-0.559 2.421 -0.332
-0.558 2.420 -0.332
-0.556 2.420 -0.332
-0.555 2.419 -0.331
-0.552 2.418 -0.332
-0.550 2.418 -0.331
-0.548 2.417 -0.331
-0.546 2.417 -0.331
-0.544 2.416 -0.330
-0.541 2.416 -0.330
-0.539 2.416 -0.330
-0.537 2.416 -0.329
-0.535 2.416 -0.328
-0.532 2.416 -0.328
-0.530 2.416 -0.328
-0.527 2.417 -0.327
-0.525 2.417 -0.327
-0.522 2.417 -0.326
-0.519 2.417 -0.326
-0.517 2.417 -0.325
-0.515 2.417 -0.325
-0.513 2.417 -0.324
-0.510 2.417 -0.323
-0.508 2.417 -0.323
-0.506 2.417 -0.322
-0.504 2.418 -0.321
-0.502 2.417 -0.321
-0.500 2.417 -0.320
-0.499 2.418 -0.320
-0.497 2.418 -0.319
-0.495 2.418 -0.319
-0.494 2.418 -0.318
-0.492 2.419 -0.317
-0.491 2.419 -0.317
-0.489 2.419 -0.316
-0.488 2.419 -0.316
-0.487 2.419 -0.316
-0.486 2.420 -0.315
-0.485 2.420 -0.315
-0.484 2.421 -0.314
-0.482 2.421 -0.314
-0.482 2.422 -0.313
-0.481 2.422 -0.313
-0.480 2.422 -0.312
-0.479 2.423 -0.312
-0.477 2.423 -0.311
-0.476 2.423 -0.311
-0.477 2.424 -0.311
-0.477 2.424 -0.311
-0.476 2.425 -0.310
-0.476 2.425 -0.310
-0.477 2.426 -0.310
-0.477 2.427 -0.309
-0.475 2.426 -0.309
-0.476 2.426 -0.309
-0.475 2.426 -0.308
-0.476 2.426 -0.308
-0.476 2.426 -0.308
-0.476 2.426 -0.308
-0.476 2.426 -0.307
-0.476 2.426 -0.307
-0.476 2.426 -0.306
-0.476 2.427 -0.306
-0.476 2.427 -0.306
-0.476 2.427 -0.305
-0.476 2.427 -0.305
-0.476 2.426 -0.304
-0.476 2.426 -0.304
-0.476 2.426 -0.303
-0.476 2.426 -0.302
-0.476 2.426 -0.302
-0.476 2.426 -0.301
-0.476 2.426 -0.301
-0.476 2.425 -0.300
-0.476 2.425 -0.299
-0.475 2.425 -0.299
-0.475 2.425 -0.298
-0.475 2.425 -0.297
-0.475 2.424 -0.297
-0.475 2.424 -0.296
-0.474 2.424 -0.295
-0.474 2.424 -0.294
-0.474 2.423 -0.293
-0.474 2.423 -0.292
-0.473 2.422 -0.291
-0.472 2.422 -0.291
-0.472 2.421 -0.290
-0.471 2.421 -0.289
-0.471 2.421 -0.288
-0.470 2.420 -0.287
-0.470 2.420 -0.286
-0.469 2.420 -0.285
-0.468 2.419 -0.284
-0.467 2.419 -0.283
-0.467 2.418 -0.282
-0.466 2.418 -0.281
-0.465 2.418 -0.279
-0.464 2.417 -0.278
-0.464 2.417 -0.277
-0.463 2.416 -0.276
-0.462 2.416 -0.275
-0.461 2.415 -0.274
-0.461 2.415 -0.273
-0.460 2.415 -0.272
-0.460 2.415 -0.271
-0.459 2.414 -0.270
-0.458 2.414 -0.269
-0.457 2.413 -0.268
-0.456 2.413 -0.267
-0.455 2.413 -0.265
-0.454 2.412 -0.264
-0.454 2.412 -0.263
-0.453 2.412 -0.262
-0.452 2.412 -0.261
-0.451 2.412 -0.260
-0.450 2.412 -0.259
-0.449 2.412 -0.258
-0.448 2.412 -0.257
-0.448 2.412 -0.256
-0.447 2.411 -0.255
-0.447 2.411 -0.254
-0.446 2.411 -0.253
-0.445 2.411 -0.252
-0.445 2.411 -0.251
-0.444 2.410 -0.250
-0.444 2.410 -0.249
-0.444 2.410 -0.248
-0.443 2.410 -0.247
-0.443 2.410 -0.246
-0.443 2.409 -0.245
-0.442 2.409 -0.245
-0.442 2.409 -0.244
-0.441 2.409 -0.243
-0.441 2.409 -0.242
-0.441 2.409 -0.241
-0.440 2.409 -0.240
-0.440 2.409 -0.239
-0.440 2.409 -0.238
-0.439 2.409 -0.237
-0.439 2.409 -0.236
-0.439 2.409 -0.235
-0.439 2.409 -0.234
-0.438 2.408 -0.233
-0.439 2.408 -0.232
-0.438 2.408 -0.231
-0.438 2.408 -0.230
-0.438 2.407 -0.229
-0.438 2.407 -0.228
-0.438 2.407 -0.227
-0.437 2.407 -0.226
-0.437 2.406 -0.225
-0.437 2.406 -0.224
