x y z
-1.742 1.257 -0.412
-1.741 1.257 -0.411
-1.739 1.255 -0.410
-1.738 1.254 -0.410
-1.737 1.254 -0.409
-1.736 1.253 -0.408
-1.735 1.252 -0.407
-1.733 1.250 -0.406
-1.732 1.250 -0.406
-1.731 1.249 -0.405
-1.730 1.248 -0.404
-1.729 1.247 -0.403
-1.727 1.246 -0.402
-1.727 1.245 -0.401
-1.725 1.244 -0.400
-1.724 1.244 -0.400
-1.723 1.243 -0.399
-1.722 1.242 -0.398
-1.721 1.241 -0.397
-1.720 1.240 -0.396
-1.718 1.239 -0.396
-1.717 1.238 -0.395
-1.716 1.237 -0.394
-1.715 1.236 -0.393
-1.714 1.236 -0.393
-1.713 1.235 -0.392
-1.712 1.234 -0.391
-1.711 1.233 -0.391
-1.710 1.232 -0.390
-1.708 1.231 -0.389
-1.707 1.230 -0.388
-1.706 1.229 -0.388
-1.705 1.228 -0.387
-1.704 1.227 -0.386
-1.703 1.226 -0.386
-1.701 1.225 -0.385
-1.700 1.224 -0.384
-1.699 1.224 -0.384
-1.698 1.223 -0.384
-1.697 1.222 -0.383
-1.696 1.221 -0.382
-1.695 1.220 -0.382
-1.694 1.219 -0.381
-1.692 1.218 -0.381
-1.691 1.217 -0.380
-1.690 1.216 -0.380
-1.689 1.215 -0.379
-1.688 1.215 -0.379
-1.687 1.214 -0.378
-1.685 1.213 -0.378
-1.684 1.212 -0.377
-1.683 1.211 -0.376
-1.682 1.210 -0.376
-1.680 1.209 -0.375
-1.679 1.208 -0.375
-1.678 1.207 -0.375
-1.676 1.206 -0.374
-1.675 1.205 -0.374
-1.673 1.204 -0.373
-1.672 1.203 -0.373
-1.671 1.202 -0.372
-1.669 1.201 -0.372
-1.667 1.200 -0.371
-1.666 1.199 -0.371
-1.664 1.199 -0.370
-1.662 1.198 -0.370
-1.660 1.197 -0.369
-1.659 1.196 -0.369
-1.657 1.196 -0.369
-1.655 1.195 -0.368
-1.653 1.194 -0.368
-1.652 1.193 -0.368
-1.650 1.192 -0.367
-1.648 1.191 -0.367
-1.647 1.189 -0.367
-1.645 1.187 -0.367
-1.643 1.185 -0.367
-1.641 1.182 -0.368
-1.639 1.178 -0.368
-1.636 1.173 -0.369
-1.634 1.169 -0.369
-1.631 1.164 -0.370
-1.628 1.159 -0.371
-1.625 1.154 -0.372
-1.622 1.149 -0.373
-1.618 1.143 -0.374
-1.615 1.138 -0.375
-1.610 1.132 -0.376
-1.606 1.126 -0.377
-1.602 1.121 -0.378
-1.598 1.115 -0.379
-1.593 1.109 -0.381
-1.588 1.103 -0.382
-1.583 1.097 -0.383
-1.578 1.091 -0.385
-1.573 1.084 -0.386
-1.568 1.078 -0.388
-1.562 1.072 -0.389
-1.557 1.065 -0.390
-1.552 1.058 -0.392
-1.546 1.052 -0.393
-1.541 1.045 -0.395
-1.535 1.038 -0.396
-1.530 1.032 -0.398
-1.525 1.025 -0.400
-1.519 1.018 -0.401
-1.514 1.011 -0.403
-1.509 1.004 -0.405
-1.504 0.997 -0.406
-1.499 0.990 -0.408
-1.494 0.983 -0.410
-1.488 0.975 -0.412
-1.483 0.968 -0.414
-1.478 0.961 -0.416
-1.473 0.953 -0.418
-1.469 0.946 -0.419
-1.464 0.939 -0.422
-1.458 0.931 -0.424
-1.453 0.924 -0.426
-1.446 0.916 -0.429
-1.442 0.908 -0.431
-1.436 0.901 -0.433
-1.431 0.893 -0.435
-1.425 0.886 -0.438
-1.419 0.878 -0.440
-1.412 0.871 -0.443
-1.407 0.863 -0.445
-1.401 0.856 -0.447
-1.395 0.848 -0.450
-1.388 0.840 -0.453
-1.382 0.833 -0.455
-1.377 0.825 -0.457
-1.371 0.817 -0.460
-1.365 0.809 -0.462
-1.357 0.801 -0.465
-1.351 0.793 -0.468
-1.346 0.785 -0.470
-1.339 0.777 -0.473
-1.333 0.768 -0.476
-1.326 0.760 -0.479
-1.319 0.752 -0.481
-1.313 0.744 -0.484
-1.307 0.735 -0.487
-1.302 0.727 -0.489
-1.295 0.718 -0.492
-1.289 0.710 -0.495
-1.282 0.701 -0.498
-1.276 0.693 -0.501
-1.270 0.684 -0.504
-1.262 0.676 -0.507
-1.257 0.667 -0.509
-1.249 0.659 -0.512
-1.242 0.650 -0.516
-1.236 0.641 -0.518
-1.230 0.633 -0.521
-1.224 0.625 -0.524
-1.218 0.617 -0.527
-1.215 0.611 -0.529
-1.213 0.606 -0.531
-1.213 0.603 -0.533
-1.214 0.602 -0.534
-1.215 0.603 -0.536
-1.218 0.605 -0.537
-1.221 0.608 -0.539
-1.224 0.611 -0.541
-1.226 0.614 -0.543
-1.228 0.617 -0.545
-1.229 0.618 -0.546
-1.230 0.619 -0.548
-1.231 0.620 -0.550
-1.232 0.621 -0.551
-1.232 0.622 -0.552
-1.232 0.622 -0.553
-1.233 0.622 -0.554
-1.233 0.623 -0.555
-1.232 0.622 -0.556
-1.232 0.622 -0.556
-1.232 0.621 -0.557
-1.231 0.620 -0.558
-1.231 0.619 -0.558
-1.230 0.618 -0.559
-1.230 0.617 -0.559
-1.229 0.615 -0.560
-1.228 0.614 -0.560
-1.227 0.612 -0.561
-1.226 0.610 -0.561
-1.225 0.608 -0.561
-1.224 0.606 -0.561
-1.223 0.604 -0.561
-1.222 0.602 -0.562
-1.221 0.600 -0.562
-1.219 0.598 -0.562
-1.218 0.595 -0.562
-1.217 0.593 -0.562
-1.215 0.590 -0.562
-1.214 0.588 -0.562
-1.212 0.586 -0.561
-1.211 0.583 -0.561
-1.210 0.580 -0.561
-1.208 0.578 -0.561
-1.207 0.575 -0.560
-1.206 0.573 -0.560
-1.204 0.570 -0.560
-1.203 0.568 -0.560
-1.202 0.565 -0.559
-1.200 0.563 -0.559
-1.199 0.560 -0.559
-1.198 0.558 -0.558
-1.196 0.555 -0.558
-1.195 0.553 -0.558
-1.194 0.551 -0.558
-1.193 0.549 -0.558
-1.191 0.547 -0.557
-1.190 0.545 -0.557
-1.189 0.543 -0.557
-1.188 0.542 -0.557
-1.187 0.540 -0.558
-1.186 0.539 -0.558
-1.185 0.537 -0.558
-1.183 0.536 -0.558
-1.183 0.535 -0.558
-1.181 0.534 -0.559
-1.181 0.533 -0.559
-1.180 0.532 -0.560
-1.179 0.531 -0.560
-1.178 0.530 -0.561
-1.177 0.529 -0.562
-1.176 0.528 -0.562
-1.176 0.528 -0.563
-1.175 0.527 -0.564
-1.174 0.527 -0.565
-1.174 0.526 -0.566
-1.173 0.526 -0.567
-1.172 0.526 -0.567
-1.172 0.525 -0.568
-1.171 0.525 -0.569
-1.170 0.525 -0.570
-1.170 0.524 -0.571
-1.169 0.524 -0.572
-1.169 0.524 -0.573
-1.168 0.523 -0.574
-1.168 0.523 -0.575
-1.167 0.523 -0.576
-1.166 0.522 -0.577
-1.166 0.522 -0.578
-1.165 0.521 -0.579
-1.164 0.521 -0.579
-1.164 0.521 -0.580
-1.163 0.520 -0.581
-1.162 0.519 -0.582
-1.162 0.519 -0.583
-1.161 0.518 -0.584
-1.160 0.517 -0.584
-1.159 0.517 -0.585
-1.158 0.516 -0.585
-1.157 0.515 -0.586
-1.156 0.514 -0.587
-1.155 0.514 -0.587
-1.154 0.513 -0.588
-1.153 0.512 -0.588
-1.151 0.511 -0.589
-1.151 0.510 -0.589
-1.149 0.508 -0.590
-1.148 0.507 -0.590
-1.147 0.506 -0.590
-1.145 0.504 -0.591
-1.144 0.503 -0.591
-1.142 0.501 -0.592
-1.142 0.500 -0.592
-1.140 0.498 -0.592
-1.139 0.496 -0.592
-1.137 0.495 -0.593
-1.135 0.493 -0.593
-1.134 0.491 -0.593
-1.133 0.490 -0.593
-1.131 0.488 -0.593
-1.130 0.486 -0.593
-1.128 0.484 -0.594
-1.127 0.483 -0.594
-1.125 0.481 -0.594
-1.123 0.479 -0.594
-1.122 0.477 -0.594
-1.120 0.475 -0.594
-1.119 0.474 -0.594
-1.118 0.472 -0.595
-1.116 0.470 -0.595
-1.115 0.468 -0.595
-1.113 0.467 -0.595
-1.112 0.465 -0.595
-1.110 0.464 -0.596
-1.109 0.462 -0.596
-1.108 0.461 -0.596
-1.106 0.460 -0.596
-1.105 0.458 -0.597
-1.104 0.457 -0.597
-1.103 0.456 -0.597
-1.102 0.455 -0.598
