x y z
-0.626 1.695 -0.371
-0.626 1.696 -0.369
-0.626 1.697 -0.367
-0.626 1.697 -0.365
-0.626 1.698 -0.363
-0.626 1.698 -0.361
-0.626 1.699 -0.359
-0.626 1.699 -0.358
-0.625 1.699 -0.356
-0.625 1.699 -0.354
-0.627 1.700 -0.352
-0.627 1.700 -0.350
-0.627 1.700 -0.348
-0.627 1.699 -0.347
-0.628 1.700 -0.345
-0.628 1.700 -0.343
-0.628 1.700 -0.341
-0.629 1.700 -0.340
-0.629 1.700 -0.338
-0.629 1.700 -0.336
-0.629 1.700 -0.334
-0.629 1.701 -0.332
-0.629 1.701 -0.331
-0.629 1.701 -0.329
-0.630 1.702 -0.327
-0.630 1.702 -0.326
-0.630 1.702 -0.324
-0.630 1.702 -0.322
-0.631 1.702 -0.320
-0.631 1.702 -0.319
-0.632 1.702 -0.318
-0.632 1.702 -0.316
-0.633 1.702 -0.314
-0.633 1.702 -0.313
-0.634 1.702 -0.311
-0.634 1.702 -0.309
-0.633 1.703 -0.311
-0.634 1.702 -0.307
-0.634 1.702 -0.305
-0.634 1.702 -0.304
-0.635 1.702 -0.302
-0.635 1.702 -0.300
-0.635 1.702 -0.299
-0.635 1.702 -0.297
-0.635 1.703 -0.295
-0.635 1.702 -0.294
-0.634 1.702 -0.293
-0.635 1.703 -0.291
-0.635 1.703 -0.289
-0.634 1.703 -0.288
-0.635 1.703 -0.287
-0.635 1.703 -0.285
-0.635 1.702 -0.284
-0.636 1.702 -0.282
-0.635 1.702 -0.281
-0.636 1.702 -0.280
-0.636 1.702 -0.279
-0.636 1.702 -0.278
-0.636 1.701 -0.277
-0.635 1.700 -0.276
-0.634 1.700 -0.275
-0.634 1.700 -0.274
-0.633 1.700 -0.273
-0.631 1.700 -0.272
-0.629 1.701 -0.270
-0.627 1.702 -0.269
-0.626 1.704 -0.268
-0.622 1.706 -0.267
-0.620 1.708 -0.266
-0.616 1.711 -0.266
-0.612 1.714 -0.265
-0.609 1.717 -0.264
-0.605 1.721 -0.264
-0.602 1.725 -0.263
-0.598 1.730 -0.263
-0.594 1.734 -0.262
-0.589 1.738 -0.262
-0.585 1.742 -0.262
-0.580 1.746 -0.261
-0.576 1.749 -0.261
-0.571 1.753 -0.260
-0.566 1.757 -0.259
-0.561 1.761 -0.259
-0.556 1.765 -0.258
-0.551 1.769 -0.257
-0.546 1.772 -0.256
-0.541 1.777 -0.256
-0.536 1.780 -0.255
-0.531 1.784 -0.254
-0.525 1.788 -0.253
-0.521 1.792 -0.252
-0.515 1.796 -0.251
-0.510 1.800 -0.250
-0.505 1.804 -0.250
-0.500 1.807 -0.249
-0.495 1.811 -0.248
-0.490 1.815 -0.247
-0.485 1.819 -0.246
-0.479 1.823 -0.245
-0.473 1.826 -0.245
-0.468 1.830 -0.244
-0.464 1.834 -0.243
-0.457 1.838 -0.243
-0.452 1.842 -0.241
-0.446 1.847 -0.241
-0.440 1.851 -0.240
-0.435 1.855 -0.240
-0.429 1.859 -0.239
-0.422 1.863 -0.239
-0.417 1.868 -0.238
-0.411 1.872 -0.237
-0.403 1.877 -0.238
-0.398 1.881 -0.236
-0.391 1.885 -0.236
-0.385 1.890 -0.235
-0.378 1.894 -0.235
-0.372 1.899 -0.235
-0.365 1.904 -0.234
-0.358 1.908 -0.234
-0.352 1.912 -0.234
-0.345 1.917 -0.233
-0.339 1.921 -0.233
-0.332 1.926 -0.232
-0.325 1.931 -0.232
-0.319 1.935 -0.232
-0.312 1.939 -0.232
-0.306 1.944 -0.232
-0.299 1.949 -0.231
-0.293 1.954 -0.232
-0.286 1.959 -0.231
-0.279 1.963 -0.231
-0.273 1.968 -0.231
-0.266 1.973 -0.231
-0.259 1.978 -0.231
-0.252 1.983 -0.231
-0.245 1.988 -0.231
-0.239 1.993 -0.231
-0.232 1.998 -0.231
-0.225 2.004 -0.230
-0.220 2.008 -0.230
-0.216 2.012 -0.230
-0.214 2.014 -0.230
-0.213 2.015 -0.230
-0.213 2.015 -0.231
-0.215 2.014 -0.232
-0.217 2.013 -0.233
-0.221 2.011 -0.234
-0.226 2.008 -0.235
-0.230 2.005 -0.237
-0.235 2.002 -0.238
-0.238 1.999 -0.239
-0.241 1.996 -0.239
-0.243 1.994 -0.240
-0.246 1.992 -0.240
-0.248 1.990 -0.241
-0.249 1.988 -0.241
-0.249 1.986 -0.241
-0.250 1.985 -0.242
-0.251 1.984 -0.241
-0.251 1.983 -0.240
-0.251 1.982 -0.240
-0.251 1.982 -0.240
-0.251 1.981 -0.240
-0.250 1.981 -0.239
-0.250 1.980 -0.239
-0.249 1.980 -0.239
-0.248 1.980 -0.238
-0.247 1.979 -0.238
-0.246 1.979 -0.237
-0.245 1.979 -0.237
-0.244 1.979 -0.237
-0.243 1.979 -0.236
-0.242 1.979 -0.235
-0.240 1.979 -0.235
-0.239 1.980 -0.235
-0.238 1.980 -0.234
-0.236 1.980 -0.234
-0.235 1.980 -0.233
-0.233 1.981 -0.233
-0.232 1.981 -0.232
-0.230 1.982 -0.231
-0.228 1.982 -0.231
-0.226 1.983 -0.230
-0.225 1.983 -0.229
-0.223 1.984 -0.229
-0.221 1.984 -0.228
-0.220 1.985 -0.227
-0.218 1.985 -0.226
-0.217 1.985 -0.226
-0.215 1.986 -0.225
-0.214 1.986 -0.224
-0.213 1.986 -0.224
-0.211 1.986 -0.223
-0.210 1.986 -0.222
-0.208 1.987 -0.221
-0.207 1.987 -0.221
-0.206 1.987 -0.220
-0.205 1.987 -0.219
-0.203 1.987 -0.218
-0.202 1.988 -0.217
-0.201 1.988 -0.217
-0.200 1.988 -0.216
-0.198 1.988 -0.215
-0.197 1.988 -0.214
-0.196 1.989 -0.213
-0.195 1.989 -0.212
-0.194 1.989 -0.212
-0.194 1.989 -0.211
-0.193 1.989 -0.210
-0.192 1.989 -0.209
-0.191 1.989 -0.209
-0.191 1.989 -0.208
-0.191 1.989 -0.207
-0.190 1.989 -0.206
-0.190 1.988 -0.206
-0.190 1.989 -0.205
-0.189 1.988 -0.204
-0.189 1.988 -0.203
-0.189 1.988 -0.203
-0.188 1.988 -0.202
-0.188 1.988 -0.201
-0.188 1.988 -0.200
-0.187 1.987 -0.199
-0.187 1.987 -0.198
-0.187 1.987 -0.197
-0.187 1.987 -0.197
-0.187 1.986 -0.196
-0.187 1.986 -0.195
-0.186 1.986 -0.194
-0.186 1.986 -0.193
-0.186 1.986 -0.192
-0.186 1.985 -0.191
-0.186 1.985 -0.190
-0.186 1.985 -0.189
-0.185 1.985 -0.188
-0.185 1.984 -0.187
-0.185 1.984 -0.186
-0.185 1.983 -0.185
-0.185 1.983 -0.184
-0.185 1.983 -0.183
-0.184 1.982 -0.182
-0.184 1.982 -0.181
-0.184 1.982 -0.180
-0.183 1.982 -0.179
-0.183 1.982 -0.178
-0.182 1.981 -0.177
-0.182 1.981 -0.176
-0.181 1.981 -0.175
-0.180 1.981 -0.173
-0.180 1.980 -0.172
-0.180 1.980 -0.171
-0.179 1.980 -0.170
-0.179 1.980 -0.168
-0.178 1.980 -0.167
-0.178 1.980 -0.166
-0.177 1.979 -0.165
-0.177 1.979 -0.163
-0.176 1.978 -0.162
-0.175 1.978 -0.161
-0.175 1.978 -0.159
-0.174 1.978 -0.158
-0.174 1.978 -0.156
-0.172 1.978 -0.155
-0.172 1.978 -0.154
-0.171 1.978 -0.153
-0.170 1.978 -0.151
-0.169 1.978 -0.150
-0.169 1.978 -0.148
-0.168 1.978 -0.147
-0.167 1.978 -0.146
-0.166 1.978 -0.144
-0.165 1.978 -0.143
-0.165 1.978 -0.141
-0.164 1.978 -0.140
-0.163 1.977 -0.139
-0.163 1.977 -0.137
-0.162 1.977 -0.136
-0.161 1.977 -0.135
-0.161 1.977 -0.133
-0.160 1.977 -0.132
-0.159 1.977 -0.130
-0.159 1.977 -0.129
-0.158 1.977 -0.127
-0.158 1.977 -0.126
-0.157 1.977 -0.125
-0.157 1.977 -0.123
-0.157 1.977 -0.121
-0.156 1.977 -0.120
-0.156 1.977 -0.119
-0.155 1.977 -0.117
-0.155 1.977 -0.116
-0.154 1.977 -0.114
-0.154 1.977 -0.113
-0.153 1.977 -0.111
-0.153 1.977 -0.110
-0.152 1.977 -0.109
-0.152 1.977 -0.107
-0.151 1.976 -0.106
-0.151 1.976 -0.105
-0.151 1.976 -0.103
-0.151 1.976 -0.102
-0.151 1.976 -0.100
-0.150 1.975 -0.099
-0.150 1.975 -0.098
-0.150 1.975 -0.096
-0.150 1.975 -0.095
-0.149 1.975 -0.093
-0.149 1.975 -0.092
-0.149 1.974 -0.090
-0.148 1.974 -0.089
-0.148 1.974 -0.087
-0.148 1.974 -0.086
-0.148 1.974 -0.084
-0.148 1.974 -0.083
-0.148 1.973 -0.081
-0.147 1.973 -0.080
-0.147 1.973 -0.078
-0.147 1.973 -0.077
-0.147 1.972 -0.075
-0.147 1.972 -0.074
-0.147 1.972 -0.072
-0.147 1.972 -0.070
-0.146 1.972 -0.069
-0.145 1.971 -0.067
-0.145 1.971 -0.066
-0.145 1.971 -0.064
-0.145 1.971 -0.062
-0.145 1.971 -0.060
-0.145 1.971 -0.059
-0.144 1.970 -0.057
-0.144 1.970 -0.056
-0.144 1.970 -0.054
-0.143 1.970 -0.052
-0.143 1.970 -0.050
-0.143 1.969 -0.049
-0.142 1.969 -0.047
-0.142 1.969 -0.046
-0.142 1.968 -0.044
-0.141 1.968 -0.042
-0.141 1.968 -0.041
-0.141 1.968 -0.039
-0.140 1.967 -0.037
-0.140 1.967 -0.036
-0.140 1.967 -0.034
-0.140 1.966 -0.032
-0.139 1.966 -0.030
-0.139 1.966 -0.029
-0.139 1.966 -0.027
-0.139 1.966 -0.025
-0.138 1.966 -0.023
-0.138 1.966 -0.021
-0.137 1.966 -0.019
-0.137 1.965 -0.018
-0.137 1.966 -0.016
-0.136 1.965 -0.014
-0.136 1.965 -0.012
-0.136 1.965 -0.010
-0.135 1.965 -0.009
-0.135 1.964 -0.007
-0.134 1.964 -0.005
-0.134 1.964 -0.003
-0.134 1.964 -0.002
-0.134 1.964 0.000
-0.134 1.964 0.002
-0.133 1.963 0.004
-0.133 1.963 0.005
-0.133 1.963 0.007
-0.132 1.963 0.009
-0.132 1.963 0.010
-0.132 1.962 0.012
-0.132 1.962 0.014
-0.131 1.962 0.016
-0.131 1.963 0.017
-0.131 1.963 0.019
-0.132 1.963 0.021
-0.132 1.963 0.023
-0.131 1.962 0.025
-0.130 1.961 0.027
-0.131 1.962 0.029
-0.131 1.962 0.030
-0.131 1.961 0.032
-0.131 1.961 0.034
-0.130 1.961 0.036
-0.130 1.960 0.038
-0.130 1.960 0.039
-0.130 1.960 0.041
-0.130 1.960 0.043
-0.130 1.959 0.045
-0.130 1.959 0.047
-0.130 1.959 0.049
-0.130 1.959 0.050
-0.129 1.959 0.052
-0.129 1.959 0.054
-0.129 1.959 0.056
-0.129 1.959 0.058
-0.129 1.959 0.060
-0.129 1.958 0.062
-0.129 1.958 0.063
-0.129 1.958 0.065
-0.129 1.957 0.067
-0.129 1.957 0.069
-0.129 1.956 0.071
-0.129 1.956 0.073
-0.129 1.956 0.075
-0.129 1.955 0.076
-0.129 1.955 0.078
-0.129 1.955 0.080
-0.128 1.954 0.082
-0.128 1.954 0.084
-0.128 1.954 0.086
-0.128 1.954 0.088
-0.128 1.954 0.090
-0.128 1.953 0.092
-0.128 1.953 0.093
-0.127 1.953 0.095
-0.127 1.953 0.097
-0.127 1.953 0.099
-0.127 1.953 0.101
-0.127 1.952 0.103
-0.127 1.952 0.105
-0.127 1.952 0.107
-0.127 1.951 0.109
-0.127 1.951 0.111
-0.127 1.950 0.113
-0.127 1.950 0.115
-0.127 1.949 0.117
-0.127 1.949 0.119
-0.126 1.948 0.120
-0.127 1.948 0.123
-0.125 1.948 0.124
-0.125 1.948 0.126
-0.125 1.947 0.128
-0.125 1.947 0.130
-0.125 1.947 0.132
-0.125 1.947 0.134
-0.125 1.947 0.136
-0.125 1.946 0.138
-0.125 1.946 0.140
-0.125 1.946 0.142
-0.124 1.946 0.144
-0.124 1.946 0.146
-0.125 1.945 0.148
-0.124 1.945 0.150
-0.124 1.945 0.152
-0.124 1.945 0.154
-0.124 1.944 0.156
-0.124 1.944 0.157
-0.124 1.944 0.159
-0.124 1.944 0.162
-0.124 1.943 0.163
-0.124 1.943 0.165
-0.124 1.943 0.167
-0.124 1.943 0.169
-0.124 1.942 0.171
-0.124 1.942 0.173
-0.124 1.942 0.175
-0.125 1.941 0.177
