x y z
-1.811 1.099 -0.458
-1.810 1.098 -0.457
-1.809 1.098 -0.457
-1.808 1.097 -0.456
-1.807 1.096 -0.455
-1.806 1.095 -0.455
-1.805 1.094 -0.454
-1.803 1.093 -0.453
-1.802 1.093 -0.453
-1.801 1.092 -0.452
-1.800 1.091 -0.452
-1.799 1.090 -0.451
-1.798 1.089 -0.450
-1.797 1.088 -0.450
-1.796 1.087 -0.449
-1.794 1.087 -0.449
-1.793 1.086 -0.448
-1.792 1.085 -0.448
-1.791 1.084 -0.447
-1.789 1.083 -0.447
-1.788 1.082 -0.446
-1.787 1.082 -0.446
-1.786 1.081 -0.445
-1.784 1.080 -0.445
-1.783 1.079 -0.444
-1.782 1.078 -0.444
-1.781 1.077 -0.443
-1.779 1.077 -0.443
-1.778 1.076 -0.443
-1.777 1.075 -0.442
-1.775 1.074 -0.442
-1.774 1.073 -0.441
-1.773 1.073 -0.441
-1.771 1.072 -0.441
-1.770 1.071 -0.440
-1.769 1.070 -0.440
-1.767 1.069 -0.440
-1.766 1.068 -0.439
-1.764 1.067 -0.439
-1.763 1.066 -0.439
-1.761 1.065 -0.439
-1.760 1.064 -0.438
-1.759 1.063 -0.438
-1.757 1.062 -0.438
-1.756 1.061 -0.438
-1.755 1.060 -0.437
-1.753 1.059 -0.437
-1.752 1.058 -0.437
-1.751 1.058 -0.437
-1.749 1.057 -0.437
-1.748 1.056 -0.436
-1.747 1.055 -0.436
-1.745 1.054 -0.436
-1.744 1.053 -0.436
-1.743 1.053 -0.435
-1.741 1.052 -0.435
-1.740 1.051 -0.435
-1.739 1.051 -0.435
-1.737 1.050 -0.435
-1.736 1.049 -0.434
-1.734 1.048 -0.434
-1.733 1.047 -0.434
-1.731 1.047 -0.434
-1.730 1.046 -0.434
-1.728 1.045 -0.434
-1.727 1.044 -0.433
-1.725 1.043 -0.433
-1.724 1.042 -0.433
-1.722 1.042 -0.433
-1.721 1.041 -0.433
-1.719 1.040 -0.433
-1.717 1.039 -0.433
-1.715 1.038 -0.433
-1.713 1.037 -0.433
-1.710 1.036 -0.433
-1.708 1.034 -0.433
-1.705 1.032 -0.433
-1.702 1.030 -0.433
-1.698 1.028 -0.434
-1.694 1.025 -0.434
-1.690 1.022 -0.434
-1.686 1.018 -0.435
-1.681 1.015 -0.436
-1.676 1.011 -0.436
-1.672 1.007 -0.437
-1.666 1.003 -0.438
-1.661 0.999 -0.439
-1.656 0.995 -0.440
-1.650 0.991 -0.442
-1.644 0.986 -0.443
-1.638 0.982 -0.444
-1.633 0.977 -0.446
-1.626 0.973 -0.447
-1.620 0.968 -0.449
-1.614 0.963 -0.450
-1.608 0.958 -0.452
-1.602 0.952 -0.454
-1.595 0.947 -0.455
-1.589 0.942 -0.457
-1.583 0.936 -0.459
-1.576 0.931 -0.461
-1.570 0.925 -0.462
-1.563 0.920 -0.464
-1.557 0.914 -0.466
-1.551 0.908 -0.468
-1.544 0.902 -0.470
-1.538 0.897 -0.472
-1.531 0.890 -0.474
-1.525 0.885 -0.476
-1.519 0.878 -0.478
-1.512 0.872 -0.480
-1.506 0.866 -0.483
-1.500 0.860 -0.485
-1.493 0.853 -0.487
-1.487 0.847 -0.490
-1.481 0.840 -0.492
-1.474 0.834 -0.494
-1.468 0.827 -0.497
-1.462 0.820 -0.499
-1.455 0.814 -0.502
-1.449 0.807 -0.505
-1.442 0.800 -0.507
-1.436 0.794 -0.510
-1.429 0.787 -0.512
-1.423 0.781 -0.515
-1.416 0.774 -0.518
-1.409 0.767 -0.521
-1.403 0.761 -0.523
-1.396 0.754 -0.526
-1.389 0.747 -0.529
-1.382 0.740 -0.532
-1.375 0.733 -0.535
-1.368 0.727 -0.537
-1.361 0.720 -0.540
-1.354 0.713 -0.543
-1.347 0.706 -0.546
-1.340 0.699 -0.549
-1.333 0.692 -0.552
-1.326 0.685 -0.555
-1.319 0.678 -0.558
-1.312 0.671 -0.561
-1.305 0.664 -0.564
-1.298 0.657 -0.566
-1.291 0.650 -0.570
-1.284 0.642 -0.573
-1.277 0.635 -0.576
-1.269 0.628 -0.579
-1.262 0.620 -0.582
-1.255 0.612 -0.585
-1.248 0.605 -0.588
-1.241 0.597 -0.591
-1.234 0.590 -0.594
-1.226 0.582 -0.597
-1.219 0.574 -0.601
-1.212 0.567 -0.604
-1.206 0.560 -0.607
-1.201 0.555 -0.609
-1.198 0.551 -0.611
-1.197 0.549 -0.613
-1.198 0.549 -0.614
-1.200 0.551 -0.616
-1.202 0.553 -0.618
-1.206 0.556 -0.620
-1.209 0.560 -0.622
-1.212 0.563 -0.624
-1.214 0.565 -0.626
-1.216 0.567 -0.628
-1.217 0.568 -0.630
-1.218 0.569 -0.632
-1.220 0.570 -0.633
-1.221 0.570 -0.634
-1.221 0.570 -0.635
-1.222 0.570 -0.636
-1.223 0.570 -0.637
-1.223 0.570 -0.638
-1.223 0.569 -0.639
-1.223 0.569 -0.639
-1.223 0.568 -0.640
-1.223 0.567 -0.641
-1.223 0.566 -0.641
-1.223 0.565 -0.641
-1.222 0.564 -0.642
-1.222 0.562 -0.642
-1.221 0.560 -0.642
-1.221 0.559 -0.643
-1.220 0.557 -0.643
-1.219 0.555 -0.643
-1.218 0.553 -0.643
-1.217 0.551 -0.643
-1.216 0.549 -0.643
-1.215 0.548 -0.643
-1.214 0.545 -0.643
-1.213 0.544 -0.643
-1.212 0.542 -0.643
-1.211 0.540 -0.642
-1.209 0.538 -0.642
-1.208 0.536 -0.642
-1.207 0.534 -0.642
-1.206 0.532 -0.641
-1.205 0.530 -0.641
-1.204 0.528 -0.641
-1.203 0.526 -0.640
-1.201 0.524 -0.640
-1.200 0.522 -0.640
-1.199 0.521 -0.640
-1.198 0.519 -0.639
-1.197 0.518 -0.639
-1.196 0.516 -0.639
-1.195 0.514 -0.639
-1.194 0.513 -0.639
-1.193 0.511 -0.639
-1.192 0.510 -0.639
-1.192 0.509 -0.639
-1.191 0.508 -0.639
-1.190 0.507 -0.640
-1.189 0.506 -0.640
-1.188 0.506 -0.640
-1.187 0.505 -0.640
-1.187 0.504 -0.641
-1.186 0.504 -0.641
-1.185 0.503 -0.642
-1.185 0.503 -0.642
-1.184 0.503 -0.643
-1.184 0.503 -0.643
-1.183 0.503 -0.644
-1.183 0.503 -0.645
-1.182 0.502 -0.646
-1.182 0.502 -0.646
-1.182 0.503 -0.647
-1.182 0.502 -0.648
-1.181 0.503 -0.649
-1.181 0.503 -0.650
-1.180 0.503 -0.651
-1.180 0.503 -0.652
-1.180 0.503 -0.653
-1.179 0.503 -0.654
-1.179 0.503 -0.655
-1.178 0.503 -0.656
-1.178 0.503 -0.657
-1.178 0.503 -0.658
-1.177 0.504 -0.659
-1.177 0.504 -0.660
-1.176 0.504 -0.661
-1.176 0.504 -0.662
-1.175 0.504 -0.662
-1.175 0.504 -0.663
-1.174 0.504 -0.664
-1.173 0.504 -0.665
-1.173 0.505 -0.665
-1.172 0.505 -0.666
-1.171 0.505 -0.666
-1.170 0.504 -0.667
-1.169 0.504 -0.668
-1.169 0.504 -0.668
-1.168 0.503 -0.669
-1.167 0.503 -0.669
-1.166 0.502 -0.670
-1.165 0.501 -0.671
-1.164 0.501 -0.671
-1.163 0.500 -0.671
-1.162 0.499 -0.672
-1.161 0.498 -0.673
-1.160 0.497 -0.673
-1.159 0.496 -0.673
-1.157 0.495 -0.673
-1.156 0.494 -0.674
-1.155 0.493 -0.674
-1.154 0.492 -0.674
-1.153 0.491 -0.675
-1.151 0.490 -0.675
-1.150 0.489 -0.675
-1.149 0.487 -0.675
-1.148 0.486 -0.675
-1.147 0.485 -0.675
-1.145 0.484 -0.676
-1.144 0.482 -0.676
-1.143 0.481 -0.676
-1.141 0.480 -0.676
-1.140 0.478 -0.676
-1.139 0.477 -0.676
-1.138 0.476 -0.676
-1.136 0.475 -0.677
-1.135 0.474 -0.677
-1.134 0.472 -0.677
-1.133 0.471 -0.677
-1.132 0.470 -0.677
-1.130 0.469 -0.677
-1.129 0.468 -0.678
-1.128 0.467 -0.678
-1.127 0.466 -0.678
-1.126 0.465 -0.679
-1.125 0.464 -0.679
-1.124 0.463 -0.679
-1.123 0.463 -0.680
-1.122 0.462 -0.680
-1.121 0.461 -0.680
-1.120 0.460 -0.681
