x y z
-1.115 1.482 -0.451
-1.115 1.482 -0.448
-1.115 1.483 -0.446
-1.115 1.483 -0.444
-1.115 1.483 -0.442
-1.115 1.483 -0.440
-1.115 1.483 -0.437
-1.115 1.484 -0.435
-1.115 1.484 -0.433
-1.115 1.484 -0.431
-1.115 1.484 -0.428
-1.115 1.484 -0.426
-1.115 1.484 -0.424
-1.115 1.483 -0.422
-1.115 1.483 -0.420
-1.115 1.483 -0.417
-1.115 1.483 -0.415
-1.115 1.483 -0.413
-1.115 1.483 -0.411
-1.115 1.483 -0.408
-1.115 1.483 -0.406
-1.115 1.482 -0.404
-1.115 1.483 -0.402
-1.115 1.482 -0.400
-1.114 1.482 -0.397
-1.114 1.482 -0.395
-1.114 1.482 -0.393
-1.114 1.482 -0.391
-1.114 1.482 -0.389
-1.114 1.482 -0.387
-1.114 1.482 -0.385
-1.114 1.482 -0.383
-1.114 1.481 -0.380
-1.114 1.481 -0.378
-1.114 1.481 -0.376
-1.114 1.481 -0.374
-1.114 1.481 -0.372
-1.114 1.480 -0.370
-1.114 1.480 -0.368
-1.114 1.480 -0.366
-1.114 1.480 -0.364
-1.114 1.480 -0.362
-1.114 1.480 -0.360
-1.114 1.480 -0.358
-1.114 1.480 -0.356
-1.114 1.480 -0.354
-1.114 1.480 -0.353
-1.114 1.479 -0.351
-1.114 1.479 -0.349
-1.115 1.479 -0.347
-1.114 1.479 -0.345
-1.114 1.478 -0.343
-1.114 1.478 -0.342
-1.114 1.478 -0.340
-1.114 1.478 -0.338
-1.114 1.478 -0.336
-1.114 1.478 -0.335
-1.114 1.478 -0.333
-1.114 1.478 -0.331
-1.113 1.478 -0.329
-1.113 1.478 -0.327
-1.113 1.478 -0.326
-1.112 1.478 -0.324
-1.112 1.478 -0.322
-1.112 1.479 -0.321
-1.111 1.479 -0.319
-1.110 1.479 -0.317
-1.109 1.480 -0.315
-1.107 1.480 -0.313
-1.106 1.481 -0.312
-1.104 1.482 -0.310
-1.102 1.483 -0.308
-1.099 1.484 -0.307
-1.097 1.486 -0.305
-1.095 1.487 -0.304
-1.092 1.489 -0.302
-1.089 1.491 -0.301
-1.086 1.493 -0.300
-1.083 1.495 -0.299
-1.080 1.497 -0.298
-1.077 1.500 -0.297
-1.073 1.503 -0.296
-1.070 1.506 -0.295
-1.066 1.509 -0.294
-1.062 1.513 -0.293
-1.059 1.517 -0.292
-1.055 1.520 -0.291
-1.051 1.524 -0.290
-1.046 1.528 -0.289
-1.041 1.532 -0.288
-1.036 1.535 -0.287
-1.031 1.539 -0.285
-1.027 1.542 -0.284
-1.021 1.547 -0.283
-1.017 1.550 -0.281
-1.011 1.554 -0.280
-1.006 1.557 -0.279
-1.001 1.561 -0.278
-0.996 1.564 -0.277
-0.991 1.568 -0.276
-0.985 1.572 -0.274
-0.980 1.575 -0.273
-0.975 1.579 -0.272
-0.970 1.583 -0.271
-0.964 1.586 -0.270
-0.959 1.590 -0.269
-0.954 1.594 -0.268
-0.948 1.598 -0.267
-0.943 1.601 -0.267
-0.937 1.605 -0.266
-0.931 1.609 -0.265
-0.926 1.613 -0.264
-0.920 1.616 -0.264
-0.914 1.620 -0.263
-0.909 1.624 -0.262
-0.903 1.628 -0.262
-0.898 1.632 -0.261
-0.892 1.636 -0.261
-0.886 1.640 -0.260
-0.880 1.643 -0.260
-0.874 1.648 -0.259
-0.868 1.651 -0.259
-0.861 1.656 -0.258
-0.855 1.660 -0.258
-0.849 1.664 -0.257
-0.843 1.669 -0.257
-0.836 1.673 -0.256
-0.830 1.678 -0.256
-0.823 1.682 -0.256
-0.816 1.687 -0.256
-0.810 1.691 -0.256
-0.803 1.696 -0.255
-0.796 1.700 -0.255
-0.790 1.705 -0.255
-0.783 1.709 -0.255
-0.776 1.714 -0.255
-0.770 1.718 -0.254
-0.763 1.723 -0.254
-0.756 1.727 -0.254
-0.749 1.732 -0.254
-0.743 1.737 -0.254
-0.736 1.742 -0.254
-0.729 1.746 -0.255
-0.722 1.751 -0.255
-0.716 1.754 -0.254
-0.712 1.758 -0.254
-0.709 1.760 -0.254
-0.706 1.761 -0.254
-0.706 1.761 -0.254
-0.707 1.760 -0.255
-0.708 1.759 -0.256
-0.710 1.756 -0.257
-0.713 1.754 -0.257
-0.714 1.752 -0.259
-0.716 1.750 -0.260
-0.717 1.748 -0.260
-0.717 1.745 -0.261
-0.719 1.743 -0.260
-0.718 1.742 -0.262
-0.718 1.740 -0.262
-0.719 1.738 -0.262
-0.717 1.737 -0.263
-0.716 1.736 -0.263
-0.715 1.735 -0.264
-0.716 1.735 -0.264
-0.715 1.734 -0.263
-0.713 1.733 -0.264
-0.712 1.733 -0.264
-0.710 1.732 -0.263
-0.708 1.732 -0.263
-0.711 1.732 -0.261
-0.705 1.731 -0.263
-0.702 1.731 -0.263
-0.701 1.731 -0.263
-0.699 1.731 -0.263
-0.697 1.732 -0.262
-0.700 1.732 -0.259
-0.698 1.732 -0.259
-0.691 1.732 -0.263
-0.694 1.732 -0.258
-0.687 1.732 -0.262
-0.689 1.733 -0.259
-0.684 1.732 -0.260
-0.681 1.733 -0.260
-0.677 1.733 -0.261
-0.674 1.733 -0.261
-0.674 1.733 -0.260
-0.671 1.734 -0.260
-0.670 1.734 -0.259
-0.668 1.734 -0.258
-0.667 1.735 -0.258
-0.664 1.735 -0.258
-0.662 1.735 -0.257
-0.661 1.736 -0.257
-0.659 1.736 -0.256
-0.657 1.736 -0.256
-0.655 1.736 -0.255
-0.653 1.737 -0.255
-0.651 1.737 -0.254
-0.650 1.737 -0.254
-0.648 1.737 -0.253
-0.647 1.737 -0.253
-0.645 1.738 -0.252
-0.644 1.737 -0.252
-0.642 1.738 -0.251
-0.641 1.737 -0.251
-0.640 1.737 -0.250
-0.639 1.737 -0.250
-0.638 1.737 -0.249
-0.636 1.737 -0.249
-0.635 1.736 -0.248
-0.634 1.736 -0.247
-0.633 1.736 -0.247
-0.632 1.736 -0.246
-0.632 1.735 -0.246
-0.630 1.735 -0.245
-0.630 1.735 -0.244
-0.629 1.734 -0.244
-0.628 1.734 -0.243
-0.627 1.734 -0.242
-0.627 1.733 -0.242
-0.626 1.733 -0.241
-0.625 1.732 -0.240
-0.624 1.732 -0.240
-0.623 1.731 -0.239
-0.623 1.731 -0.238
-0.622 1.730 -0.237
-0.622 1.730 -0.237
-0.621 1.729 -0.236
-0.621 1.729 -0.235
-0.620 1.728 -0.234
-0.619 1.728 -0.233
-0.618 1.727 -0.233
-0.618 1.727 -0.232
-0.618 1.726 -0.231
-0.617 1.726 -0.230
-0.616 1.725 -0.229
-0.616 1.725 -0.228
-0.615 1.724 -0.227
-0.615 1.723 -0.227
-0.614 1.723 -0.225
-0.613 1.722 -0.225
-0.613 1.722 -0.224
-0.612 1.721 -0.223
-0.611 1.721 -0.222
-0.611 1.720 -0.221
-0.610 1.720 -0.220
-0.610 1.720 -0.219
-0.609 1.719 -0.218
-0.608 1.719 -0.217
-0.607 1.719 -0.216
-0.606 1.719 -0.215
-0.606 1.718 -0.214
-0.605 1.718 -0.213
-0.603 1.717 -0.212
-0.603 1.717 -0.211
-0.602 1.717 -0.210
-0.601 1.717 -0.209
-0.600 1.717 -0.208
-0.599 1.717 -0.207
-0.599 1.716 -0.205
-0.596 1.716 -0.205
-0.596 1.716 -0.203
-0.595 1.716 -0.202
-0.594 1.716 -0.201
-0.593 1.716 -0.200
-0.592 1.716 -0.199
-0.592 1.716 -0.198
-0.590 1.715 -0.197
-0.590 1.716 -0.195
-0.589 1.716 -0.194
-0.588 1.716 -0.193
-0.587 1.716 -0.192
-0.586 1.716 -0.191
-0.585 1.716 -0.190
-0.583 1.716 -0.188
-0.583 1.716 -0.187
-0.581 1.716 -0.186
-0.581 1.716 -0.185
-0.580 1.716 -0.184
-0.579 1.716 -0.183
-0.578 1.716 -0.181
-0.578 1.716 -0.180
-0.577 1.715 -0.178
-0.574 1.715 -0.178
-0.575 1.715 -0.176
-0.575 1.715 -0.174
-0.573 1.715 -0.174
-0.572 1.715 -0.172
-0.572 1.714 -0.171
-0.571 1.715 -0.170
-0.570 1.714 -0.168
-0.569 1.714 -0.167
-0.569 1.714 -0.165
-0.568 1.714 -0.164
-0.567 1.714 -0.163
-0.566 1.714 -0.161
-0.566 1.714 -0.160
-0.565 1.714 -0.159
-0.564 1.714 -0.157
-0.564 1.713 -0.156
-0.563 1.713 -0.154
-0.563 1.713 -0.153
-0.562 1.713 -0.151
-0.561 1.712 -0.150
-0.561 1.712 -0.148
-0.561 1.712 -0.147
-0.560 1.711 -0.146
-0.560 1.711 -0.144
-0.560 1.710 -0.143
-0.559 1.710 -0.141
-0.559 1.710 -0.140
-0.558 1.710 -0.138
-0.557 1.709 -0.136
-0.557 1.709 -0.135
-0.556 1.709 -0.133
-0.556 1.709 -0.132
-0.555 1.708 -0.130
-0.555 1.708 -0.129
-0.554 1.708 -0.127
-0.554 1.708 -0.125
-0.553 1.708 -0.124
-0.553 1.707 -0.122
-0.553 1.707 -0.121
-0.552 1.706 -0.119
-0.552 1.706 -0.118
-0.552 1.706 -0.116
-0.551 1.705 -0.115
-0.551 1.705 -0.113
-0.551 1.704 -0.111
-0.549 1.704 -0.110
-0.550 1.704 -0.108
-0.550 1.703 -0.106
-0.549 1.703 -0.105
-0.548 1.703 -0.103
-0.548 1.703 -0.101
-0.547 1.703 -0.100
-0.546 1.703 -0.098
-0.546 1.703 -0.096
-0.545 1.703 -0.095
-0.545 1.703 -0.093
-0.544 1.703 -0.091
-0.543 1.703 -0.090
-0.543 1.702 -0.088
-0.543 1.702 -0.086
-0.542 1.702 -0.084
-0.542 1.702 -0.083
-0.542 1.701 -0.081
-0.541 1.701 -0.079
-0.541 1.701 -0.078
-0.540 1.701 -0.076
-0.541 1.701 -0.074
-0.539 1.700 -0.072
-0.539 1.700 -0.071
-0.538 1.700 -0.069
-0.538 1.700 -0.067
-0.537 1.700 -0.065
-0.537 1.700 -0.063
-0.536 1.700 -0.062
-0.536 1.700 -0.060
-0.535 1.700 -0.058
-0.534 1.700 -0.056
-0.534 1.700 -0.055
-0.533 1.700 -0.053
-0.533 1.699 -0.051
-0.533 1.699 -0.049
-0.533 1.699 -0.047
-0.533 1.699 -0.046
-0.532 1.699 -0.044
-0.532 1.699 -0.042
-0.531 1.699 -0.040
-0.530 1.699 -0.039
-0.530 1.698 -0.037
-0.530 1.698 -0.035
-0.529 1.698 -0.033
-0.529 1.698 -0.031
-0.528 1.698 -0.029
-0.528 1.698 -0.027
-0.528 1.698 -0.026
-0.527 1.698 -0.024
-0.527 1.697 -0.022
-0.527 1.697 -0.020
-0.526 1.697 -0.018
-0.526 1.697 -0.016
-0.526 1.697 -0.014
-0.526 1.696 -0.012
-0.526 1.696 -0.011
-0.525 1.696 -0.009
-0.525 1.696 -0.007
-0.525 1.696 -0.005
-0.525 1.695 -0.003
-0.524 1.695 -0.001
-0.524 1.695 0.001
-0.524 1.695 0.003
-0.523 1.695 0.005
-0.523 1.695 0.007
-0.522 1.695 0.009
-0.522 1.695 0.011
-0.522 1.695 0.013
-0.521 1.695 0.015
-0.521 1.695 0.017
-0.521 1.695 0.019
-0.521 1.694 0.021
-0.521 1.694 0.023
-0.520 1.694 0.025
-0.520 1.694 0.027
-0.520 1.694 0.029
-0.520 1.693 0.031
-0.520 1.693 0.033
-0.520 1.693 0.035
-0.520 1.693 0.037
-0.519 1.693 0.039
-0.519 1.692 0.041
-0.519 1.692 0.043
-0.519 1.692 0.045
-0.519 1.692 0.047
-0.518 1.692 0.049
-0.518 1.691 0.051
-0.518 1.691 0.053
-0.518 1.691 0.055
-0.518 1.691 0.057
-0.517 1.691 0.059
-0.518 1.691 0.061
-0.518 1.691 0.063
-0.518 1.690 0.065
-0.518 1.690 0.067
-0.517 1.690 0.069
-0.517 1.690 0.071
-0.517 1.689 0.074
-0.517 1.689 0.075
-0.517 1.689 0.078
-0.517 1.689 0.080
-0.516 1.689 0.082
-0.516 1.689 0.084
-0.516 1.689 0.086
-0.516 1.689 0.088
-0.515 1.689 0.090
-0.515 1.689 0.092
-0.515 1.689 0.094
-0.515 1.689 0.096
-0.515 1.689 0.098
-0.515 1.689 0.100
-0.515 1.689 0.102
-0.515 1.689 0.105
-0.514 1.688 0.107
-0.515 1.688 0.109
-0.515 1.688 0.111
-0.515 1.688 0.113
-0.515 1.688 0.115
-0.515 1.688 0.117
-0.514 1.688 0.119
-0.514 1.687 0.121
-0.514 1.687 0.124
-0.514 1.687 0.126
-0.514 1.687 0.128
-0.514 1.687 0.130
-0.514 1.687 0.132
-0.514 1.687 0.134
-0.514 1.687 0.136
-0.513 1.687 0.139
-0.513 1.687 0.141
-0.513 1.687 0.143
-0.513 1.687 0.145
-0.513 1.687 0.147
-0.513 1.687 0.149
-0.513 1.686 0.152
-0.513 1.686 0.154
-0.513 1.686 0.156
-0.513 1.686 0.158
-0.513 1.686 0.160
-0.512 1.686 0.162
-0.512 1.686 0.165
-0.513 1.686 0.167
-0.512 1.686 0.169
-0.512 1.687 0.171
-0.512 1.686 0.173
-0.512 1.686 0.175
-0.512 1.686 0.178
-0.512 1.686 0.180
-0.512 1.686 0.182
-0.512 1.686 0.184
-0.512 1.685 0.186
-0.512 1.685 0.188
-0.512 1.685 0.191
-0.513 1.685 0.193
-0.513 1.685 0.195
-0.512 1.685 0.197
-0.512 1.685 0.200
-0.512 1.685 0.202
-0.512 1.685 0.204
-0.512 1.685 0.206
-0.512 1.685 0.209
-0.512 1.685 0.211
-0.512 1.685 0.213
-0.512 1.685 0.215
-0.512 1.685 0.218
-0.512 1.685 0.220
-0.512 1.685 0.222
-0.512 1.685 0.224
-0.512 1.684 0.226
-0.512 1.684 0.229
-0.513 1.684 0.231
-0.513 1.684 0.233
-0.513 1.684 0.235
-0.513 1.684 0.238
-0.513 1.683 0.240
-0.513 1.683 0.242
-0.513 1.684 0.245
-0.513 1.683 0.247
-0.513 1.683 0.249
-0.513 1.683 0.251
-0.513 1.683 0.254
-0.513 1.683 0.256
-0.513 1.683 0.258
-0.513 1.683 0.260
-0.513 1.683 0.263
-0.513 1.683 0.265
-0.513 1.683 0.267
-0.513 1.683 0.269
-0.513 1.683 0.271
-0.514 1.683 0.274
-0.514 1.683 0.276
-0.514 1.682 0.278
-0.514 1.682 0.280
-0.514 1.682 0.283
-0.514 1.682 0.285
-0.514 1.682 0.287
-0.514 1.682 0.290
-0.514 1.682 0.292
-0.514 1.682 0.294
-0.514 1.682 0.297
-0.514 1.682 0.299
-0.514 1.682 0.301
-0.514 1.682 0.304
-0.514 1.682 0.306
-0.514 1.682 0.308
-0.514 1.683 0.311
-0.514 1.682 0.313
-0.514 1.682 0.315
-0.514 1.682 0.317
-0.514 1.682 0.320
-0.515 1.682 0.322
-0.514 1.682 0.324
-0.515 1.682 0.327
-0.515 1.682 0.329
-0.515 1.682 0.331
-0.515 1.682 0.334
-0.515 1.682 0.336
-0.515 1.682 0.338
-0.516 1.682 0.341
-0.516 1.682 0.343
-0.516 1.682 0.345
-0.516 1.682 0.347
-0.516 1.682 0.350
-0.516 1.682 0.352
-0.516 1.682 0.354
-0.517 1.682 0.357
-0.517 1.682 0.359
-0.517 1.682 0.361
-0.517 1.682 0.364
-0.517 1.682 0.366
-0.517 1.682 0.368
-0.517 1.681 0.370
-0.518 1.681 0.373
-0.517 1.682 0.375
-0.518 1.682 0.377
-0.518 1.682 0.379
-0.518 1.682 0.382
-0.518 1.682 0.384
-0.516 1.682 0.386
-0.517 1.681 0.389
-0.517 1.681 0.391
-0.517 1.682 0.393
-0.517 1.682 0.396
-0.517 1.681 0.398
-0.517 1.681 0.400
-0.517 1.681 0.403
-0.517 1.682 0.405
-0.518 1.682 0.407
-0.518 1.681 0.410
-0.518 1.681 0.412
-0.518 1.682 0.414
-0.518 1.681 0.417
-0.518 1.681 0.419
