x y z
-1.449 1.904 -0.332
-1.449 1.904 -0.331
-1.450 1.904 -0.330
-1.450 1.904 -0.329
-1.450 1.904 -0.328
-1.450 1.904 -0.327
-1.450 1.904 -0.326
-1.451 1.904 -0.325
-1.451 1.903 -0.324
-1.451 1.904 -0.324
-1.451 1.903 -0.323
-1.451 1.904 -0.322
-1.451 1.904 -0.321
-1.451 1.903 -0.320
-1.452 1.904 -0.319
-1.452 1.903 -0.318
-1.452 1.903 -0.317
-1.452 1.903 -0.316
-1.453 1.903 -0.315
-1.453 1.903 -0.314
-1.453 1.903 -0.313
-1.453 1.903 -0.313
-1.453 1.902 -0.312
-1.453 1.902 -0.311
-1.453 1.902 -0.310
-1.453 1.902 -0.309
-1.453 1.902 -0.308
-1.453 1.902 -0.307
-1.453 1.902 -0.306
-1.453 1.902 -0.305
-1.453 1.902 -0.304
-1.453 1.902 -0.303
-1.453 1.902 -0.302
-1.453 1.902 -0.301
-1.452 1.902 -0.300
-1.452 1.902 -0.299
-1.452 1.902 -0.298
-1.452 1.901 -0.297
-1.452 1.902 -0.296
-1.452 1.901 -0.295
-1.452 1.901 -0.295
-1.451 1.901 -0.294
-1.451 1.901 -0.293
-1.451 1.901 -0.292
-1.451 1.901 -0.291
-1.451 1.901 -0.291
-1.450 1.901 -0.290
-1.450 1.901 -0.289
-1.450 1.901 -0.289
-1.450 1.901 -0.288
-1.450 1.901 -0.287
-1.449 1.901 -0.287
-1.450 1.901 -0.286
-1.449 1.901 -0.286
-1.450 1.901 -0.285
-1.450 1.901 -0.285
-1.450 1.901 -0.284
-1.450 1.901 -0.284
-1.450 1.900 -0.283
-1.450 1.900 -0.283
-1.451 1.900 -0.282
-1.451 1.900 -0.282
-1.452 1.900 -0.281
-1.452 1.900 -0.281
-1.452 1.900 -0.280
-1.453 1.899 -0.280
-1.453 1.899 -0.280
-1.453 1.899 -0.279
-1.453 1.899 -0.279
-1.454 1.899 -0.278
-1.454 1.899 -0.278
-1.454 1.899 -0.277
-1.454 1.898 -0.277
-1.453 1.897 -0.277
-1.451 1.893 -0.276
-1.448 1.888 -0.277
-1.444 1.882 -0.277
-1.440 1.874 -0.278
-1.435 1.866 -0.280
-1.429 1.857 -0.281
-1.424 1.847 -0.283
-1.417 1.837 -0.286
-1.411 1.826 -0.287
-1.405 1.815 -0.289
-1.397 1.803 -0.292
-1.390 1.792 -0.294
-1.382 1.780 -0.296
-1.374 1.767 -0.298
-1.366 1.754 -0.300
-1.358 1.741 -0.302
-1.349 1.728 -0.304
-1.341 1.715 -0.306
-1.332 1.701 -0.308
-1.323 1.688 -0.311
-1.314 1.674 -0.313
-1.305 1.660 -0.316
-1.296 1.645 -0.319
-1.287 1.631 -0.321
-1.278 1.616 -0.324
-1.269 1.602 -0.327
-1.260 1.587 -0.330
-1.250 1.572 -0.333
-1.241 1.556 -0.337
-1.231 1.542 -0.340
-1.221 1.527 -0.344
-1.211 1.511 -0.347
-1.201 1.496 -0.351
-1.191 1.481 -0.355
-1.181 1.465 -0.359
-1.171 1.450 -0.363
-1.160 1.434 -0.368
-1.150 1.419 -0.372
-1.139 1.404 -0.377
-1.129 1.388 -0.382
-1.118 1.372 -0.387
-1.108 1.357 -0.392
-1.097 1.341 -0.397
-1.086 1.325 -0.403
-1.076 1.309 -0.409
-1.065 1.293 -0.414
-1.054 1.276 -0.420
-1.044 1.259 -0.426
-1.033 1.243 -0.432
-1.022 1.226 -0.439
-1.011 1.209 -0.445
-1.000 1.192 -0.452
-0.989 1.175 -0.458
-0.978 1.158 -0.465
-0.967 1.141 -0.472
-0.956 1.124 -0.478
-0.945 1.106 -0.485
-0.934 1.089 -0.492
-0.922 1.071 -0.499
-0.911 1.053 -0.506
-0.900 1.036 -0.513
-0.888 1.018 -0.520
-0.877 1.000 -0.527
-0.865 0.983 -0.533
-0.854 0.965 -0.540
-0.842 0.947 -0.547
-0.831 0.929 -0.554
-0.819 0.911 -0.560
-0.807 0.893 -0.567
-0.796 0.874 -0.573
-0.784 0.856 -0.580
-0.773 0.838 -0.586
-0.761 0.820 -0.592
-0.749 0.802 -0.598
-0.738 0.784 -0.604
-0.727 0.768 -0.610
-0.718 0.753 -0.615
-0.710 0.740 -0.620
-0.704 0.729 -0.624
-0.702 0.720 -0.628
-0.703 0.713 -0.631
-0.707 0.707 -0.635
-0.712 0.704 -0.639
-0.718 0.705 -0.643
-0.724 0.709 -0.647
-0.729 0.710 -0.651
-0.733 0.712 -0.655
-0.737 0.714 -0.659
-0.739 0.716 -0.662
-0.741 0.720 -0.665
-0.742 0.723 -0.667
-0.743 0.726 -0.670
-0.744 0.729 -0.672
-0.745 0.732 -0.674
-0.744 0.733 -0.676
-0.744 0.735 -0.678
-0.743 0.736 -0.680
-0.742 0.737 -0.682
-0.740 0.737 -0.683
-0.738 0.737 -0.685
-0.736 0.737 -0.686
-0.734 0.737 -0.688
-0.732 0.736 -0.689
-0.729 0.735 -0.691
-0.727 0.734 -0.692
-0.724 0.733 -0.693
-0.721 0.731 -0.694
-0.719 0.729 -0.695
-0.716 0.726 -0.696
-0.713 0.724 -0.696
-0.710 0.721 -0.697
-0.707 0.718 -0.698
-0.704 0.715 -0.698
-0.701 0.712 -0.698
-0.698 0.708 -0.698
-0.694 0.705 -0.699
-0.691 0.701 -0.699
-0.688 0.697 -0.699
-0.685 0.693 -0.699
-0.681 0.689 -0.698
-0.678 0.685 -0.698
-0.675 0.681 -0.698
-0.672 0.677 -0.698
-0.669 0.673 -0.697
-0.666 0.669 -0.696
-0.663 0.664 -0.696
-0.660 0.660 -0.695
-0.657 0.656 -0.695
-0.655 0.652 -0.694
-0.652 0.648 -0.693
-0.649 0.644 -0.692
-0.647 0.640 -0.691
-0.645 0.636 -0.690
-0.642 0.632 -0.689
-0.640 0.628 -0.688
-0.638 0.625 -0.687
-0.636 0.621 -0.687
-0.634 0.618 -0.686
-0.632 0.615 -0.685
-0.630 0.612 -0.685
-0.628 0.608 -0.684
-0.627 0.606 -0.683
-0.625 0.603 -0.683
-0.624 0.600 -0.683
-0.622 0.598 -0.683
-0.621 0.596 -0.682
-0.620 0.593 -0.682
-0.618 0.591 -0.682
-0.617 0.589 -0.682
-0.616 0.587 -0.683
-0.615 0.585 -0.683
-0.614 0.584 -0.683
-0.613 0.582 -0.684
-0.612 0.580 -0.684
-0.612 0.579 -0.685
-0.611 0.577 -0.685
-0.610 0.576 -0.686
-0.609 0.575 -0.687
-0.609 0.574 -0.687
-0.608 0.573 -0.688
-0.607 0.572 -0.689
-0.607 0.571 -0.690
-0.606 0.570 -0.691
-0.606 0.569 -0.692
-0.605 0.569 -0.693
-0.604 0.568 -0.693
-0.604 0.567 -0.694
-0.603 0.567 -0.695
-0.603 0.566 -0.696
-0.602 0.566 -0.697
-0.602 0.565 -0.698
-0.601 0.565 -0.699
-0.600 0.564 -0.699
-0.600 0.563 -0.700
-0.599 0.563 -0.701
-0.599 0.562 -0.702
-0.598 0.561 -0.702
-0.597 0.561 -0.703
-0.596 0.559 -0.703
-0.595 0.559 -0.703
-0.594 0.558 -0.704
-0.593 0.557 -0.704
-0.593 0.556 -0.704
-0.592 0.555 -0.704
-0.591 0.553 -0.704
-0.590 0.552 -0.704
-0.589 0.551 -0.704
-0.588 0.549 -0.704
-0.587 0.547 -0.704
-0.585 0.546 -0.704
-0.584 0.545 -0.704
-0.583 0.543 -0.704
-0.581 0.541 -0.704
-0.580 0.539 -0.703
-0.578 0.537 -0.703
-0.577 0.535 -0.703
-0.575 0.533 -0.702
-0.573 0.531 -0.702
-0.571 0.529 -0.702
-0.570 0.527 -0.701
-0.569 0.524 -0.701
-0.567 0.522 -0.700
-0.565 0.520 -0.700
-0.563 0.518 -0.700
-0.562 0.515 -0.699
-0.560 0.513 -0.698
-0.559 0.511 -0.698
-0.557 0.508 -0.697
-0.556 0.506 -0.697
-0.554 0.503 -0.696
-0.553 0.501 -0.696
-0.551 0.498 -0.695
-0.550 0.496 -0.694
-0.548 0.494 -0.693
-0.547 0.491 -0.692
-0.545 0.489 -0.692
-0.543 0.487 -0.691
-0.542 0.485 -0.691
-0.541 0.482 -0.690
-0.540 0.480 -0.689
-0.538 0.478 -0.689
-0.537 0.476 -0.688
-0.536 0.474 -0.688
-0.535 0.472 -0.688
-0.534 0.470 -0.687
-0.533 0.468 -0.687
-0.532 0.467 -0.686
-0.531 0.465 -0.686
-0.530 0.463 -0.685
-0.529 0.461 -0.685
-0.528 0.459 -0.685
-0.527 0.458 -0.685
-0.526 0.456 -0.684
-0.526 0.455 -0.684
-0.525 0.454 -0.684
-0.524 0.452 -0.684
-0.523 0.451 -0.684
-0.522 0.450 -0.684
-0.521 0.449 -0.684
-0.520 0.448 -0.684
-0.519 0.447 -0.683
-0.519 0.445 -0.683
-0.518 0.445 -0.684
-0.517 0.443 -0.684
-0.517 0.442 -0.684
-0.516 0.441 -0.684
-0.516 0.440 -0.684
-0.515 0.438 -0.683
-0.515 0.437 -0.683
-0.514 0.436 -0.683
-0.513 0.435 -0.683
-0.513 0.434 -0.683
-0.512 0.433 -0.683
-0.512 0.432 -0.683
-0.511 0.431 -0.683
-0.510 0.430 -0.683
-0.510 0.430 -0.682
-0.509 0.429 -0.682
-0.508 0.428 -0.682
-0.507 0.428 -0.682
-0.506 0.426 -0.682
-0.505 0.425 -0.682
-0.504 0.424 -0.682
-0.504 0.423 -0.682
-0.503 0.422 -0.681
-0.502 0.421 -0.681
-0.501 0.420 -0.681
-0.500 0.418 -0.680
-0.499 0.417 -0.680
-0.498 0.416 -0.679
-0.497 0.414 -0.679
-0.497 0.413 -0.678
-0.496 0.411 -0.678
-0.495 0.410 -0.677
-0.493 0.409 -0.677
-0.492 0.407 -0.676
-0.491 0.406 -0.676
-0.490 0.404 -0.675
-0.489 0.403 -0.675
-0.488 0.402 -0.674
-0.487 0.400 -0.673
-0.486 0.399 -0.673
-0.484 0.397 -0.672
-0.484 0.395 -0.672
-0.482 0.394 -0.671
-0.481 0.392 -0.670
-0.480 0.391 -0.669
-0.479 0.389 -0.669
-0.478 0.387 -0.668
-0.477 0.385 -0.667
-0.476 0.384 -0.666
-0.475 0.382 -0.666
-0.474 0.380 -0.665
-0.473 0.379 -0.664
-0.472 0.377 -0.664
-0.471 0.375 -0.663
-0.470 0.374 -0.662
-0.469 0.372 -0.661
-0.468 0.370 -0.661
-0.467 0.369 -0.660
