x y z
-1.228 1.867 -0.359
-1.229 1.867 -0.358
-1.229 1.866 -0.356
-1.229 1.866 -0.355
-1.230 1.866 -0.353
-1.230 1.866 -0.352
-1.230 1.866 -0.350
-1.230 1.866 -0.349
-1.231 1.865 -0.347
-1.231 1.865 -0.346
-1.231 1.865 -0.344
-1.231 1.865 -0.343
-1.231 1.865 -0.341
-1.231 1.865 -0.340
-1.231 1.865 -0.338
-1.231 1.865 -0.336
-1.231 1.865 -0.335
-1.231 1.865 -0.334
-1.233 1.866 -0.332
-1.233 1.865 -0.331
-1.233 1.865 -0.329
-1.233 1.865 -0.328
-1.233 1.865 -0.326
-1.234 1.864 -0.325
-1.235 1.864 -0.323
-1.235 1.864 -0.322
-1.235 1.864 -0.320
-1.235 1.864 -0.319
-1.236 1.863 -0.318
-1.236 1.863 -0.316
-1.235 1.863 -0.315
-1.236 1.863 -0.314
-1.236 1.863 -0.312
-1.236 1.863 -0.311
-1.236 1.863 -0.310
-1.236 1.864 -0.308
-1.236 1.863 -0.307
-1.236 1.863 -0.306
-1.236 1.863 -0.305
-1.236 1.863 -0.304
-1.237 1.863 -0.302
-1.237 1.863 -0.301
-1.237 1.863 -0.300
-1.237 1.863 -0.298
-1.237 1.862 -0.297
-1.237 1.862 -0.296
-1.237 1.862 -0.295
-1.237 1.862 -0.294
-1.237 1.862 -0.293
-1.237 1.862 -0.291
-1.237 1.862 -0.290
-1.237 1.862 -0.289
-1.237 1.862 -0.288
-1.236 1.862 -0.287
-1.237 1.862 -0.286
-1.236 1.862 -0.284
-1.236 1.863 -0.284
-1.236 1.862 -0.282
-1.236 1.863 -0.281
-1.236 1.863 -0.280
-1.235 1.863 -0.279
-1.235 1.863 -0.279
-1.234 1.863 -0.278
-1.234 1.864 -0.277
-1.233 1.864 -0.276
-1.233 1.865 -0.275
-1.232 1.865 -0.275
-1.232 1.866 -0.274
-1.232 1.866 -0.273
-1.232 1.866 -0.272
-1.231 1.867 -0.272
-1.232 1.866 -0.271
-1.232 1.867 -0.270
-1.231 1.867 -0.270
-1.231 1.867 -0.269
-1.231 1.867 -0.268
-1.230 1.867 -0.267
-1.230 1.868 -0.266
-1.228 1.869 -0.265
-1.226 1.869 -0.264
-1.224 1.870 -0.263
-1.222 1.872 -0.262
-1.220 1.873 -0.262
-1.217 1.874 -0.261
-1.214 1.876 -0.260
-1.211 1.878 -0.260
-1.208 1.881 -0.259
-1.204 1.883 -0.259
-1.201 1.886 -0.259
-1.197 1.888 -0.258
-1.193 1.892 -0.258
-1.188 1.895 -0.257
-1.184 1.898 -0.257
-1.180 1.901 -0.256
-1.176 1.905 -0.256
-1.171 1.908 -0.255
-1.165 1.912 -0.255
-1.161 1.915 -0.254
-1.156 1.919 -0.253
-1.151 1.922 -0.252
-1.146 1.926 -0.252
-1.140 1.929 -0.251
-1.135 1.933 -0.250
-1.129 1.936 -0.250
-1.124 1.939 -0.249
-1.119 1.943 -0.249
-1.113 1.946 -0.248
-1.108 1.949 -0.248
-1.102 1.953 -0.247
-1.097 1.956 -0.247
-1.091 1.960 -0.247
-1.085 1.963 -0.246
-1.080 1.967 -0.246
-1.074 1.970 -0.246
-1.068 1.974 -0.246
-1.062 1.978 -0.245
-1.056 1.982 -0.245
-1.050 1.986 -0.245
-1.044 1.990 -0.245
-1.038 1.994 -0.245
-1.031 1.998 -0.245
-1.025 2.002 -0.245
-1.019 2.005 -0.245
-1.013 2.009 -0.246
-1.008 2.013 -0.246
-1.001 2.017 -0.246
-0.995 2.022 -0.246
-0.989 2.026 -0.246
-0.983 2.029 -0.246
-0.977 2.033 -0.247
-0.970 2.038 -0.247
-0.964 2.042 -0.247
-0.957 2.046 -0.248
-0.951 2.051 -0.248
-0.943 2.055 -0.248
-0.936 2.060 -0.249
-0.929 2.064 -0.249
-0.922 2.069 -0.249
-0.915 2.074 -0.250
-0.908 2.079 -0.250
-0.901 2.083 -0.251
-0.894 2.088 -0.251
-0.887 2.093 -0.252
-0.880 2.097 -0.252
-0.873 2.102 -0.252
-0.865 2.107 -0.253
-0.858 2.112 -0.253
-0.851 2.117 -0.254
-0.844 2.122 -0.254
-0.836 2.126 -0.255
-0.829 2.132 -0.255
-0.822 2.136 -0.256
-0.814 2.141 -0.257
-0.809 2.145 -0.257
-0.806 2.148 -0.258
-0.804 2.149 -0.258
-0.804 2.151 -0.258
-0.804 2.150 -0.260
-0.805 2.149 -0.261
-0.808 2.148 -0.263
-0.812 2.146 -0.265
-0.816 2.143 -0.267
-0.820 2.140 -0.269
-0.824 2.138 -0.270
-0.827 2.135 -0.272
-0.830 2.133 -0.273
-0.832 2.131 -0.274
-0.834 2.129 -0.275
-0.834 2.127 -0.275
-0.835 2.126 -0.276
-0.836 2.124 -0.276
-0.836 2.123 -0.277
-0.836 2.122 -0.277
-0.836 2.121 -0.277
-0.836 2.120 -0.277
-0.836 2.119 -0.277
-0.835 2.119 -0.277
-0.834 2.118 -0.278
-0.834 2.118 -0.277
-0.833 2.117 -0.277
-0.832 2.117 -0.277
-0.831 2.116 -0.278
-0.830 2.116 -0.277
-0.829 2.116 -0.277
-0.827 2.115 -0.277
-0.826 2.115 -0.277
-0.825 2.115 -0.277
-0.824 2.115 -0.277
-0.822 2.115 -0.277
-0.821 2.114 -0.277
-0.820 2.114 -0.276
-0.818 2.115 -0.276
-0.817 2.115 -0.276
-0.815 2.115 -0.276
-0.814 2.115 -0.276
-0.812 2.115 -0.275
-0.811 2.115 -0.275
-0.809 2.115 -0.275
-0.808 2.115 -0.275
-0.807 2.116 -0.274
-0.805 2.116 -0.274
-0.804 2.116 -0.274
-0.802 2.116 -0.274
-0.801 2.116 -0.273
-0.800 2.117 -0.273
-0.799 2.117 -0.273
-0.797 2.118 -0.273
-0.796 2.118 -0.272
-0.795 2.118 -0.272
-0.794 2.119 -0.272
-0.793 2.119 -0.271
-0.792 2.119 -0.271
-0.792 2.119 -0.271
-0.791 2.119 -0.271
-0.790 2.119 -0.270
-0.790 2.119 -0.270
-0.789 2.119 -0.270
-0.788 2.119 -0.270
-0.787 2.119 -0.269
-0.787 2.119 -0.269
-0.786 2.119 -0.269
-0.785 2.119 -0.269
-0.784 2.119 -0.268
-0.783 2.120 -0.268
-0.783 2.120 -0.268
-0.782 2.120 -0.267
-0.781 2.120 -0.267
-0.781 2.120 -0.267
-0.780 2.120 -0.266
-0.779 2.119 -0.266
-0.779 2.119 -0.266
-0.778 2.119 -0.265
-0.778 2.119 -0.265
-0.777 2.119 -0.265
-0.777 2.118 -0.264
-0.776 2.118 -0.264
-0.776 2.118 -0.263
-0.776 2.117 -0.263
-0.776 2.117 -0.263
-0.775 2.116 -0.262
-0.775 2.116 -0.262
-0.775 2.116 -0.262
-0.774 2.115 -0.261
-0.774 2.115 -0.261
-0.773 2.115 -0.260
-0.773 2.115 -0.260
-0.772 2.114 -0.259
-0.772 2.114 -0.259
-0.771 2.114 -0.258
-0.771 2.113 -0.257
-0.770 2.113 -0.257
-0.770 2.113 -0.256
-0.769 2.112 -0.256
-0.769 2.112 -0.255
-0.768 2.112 -0.254
-0.768 2.111 -0.254
-0.767 2.111 -0.253
-0.767 2.110 -0.252
-0.766 2.110 -0.252
-0.766 2.110 -0.251
-0.765 2.109 -0.250
-0.765 2.109 -0.250
-0.764 2.108 -0.249
-0.763 2.108 -0.248
-0.763 2.107 -0.248
-0.762 2.107 -0.247
-0.761 2.107 -0.246
-0.760 2.107 -0.245
-0.760 2.106 -0.245
-0.759 2.106 -0.244
-0.758 2.106 -0.243
