x y z
-1.222 1.250 -0.436
-1.223 1.250 -0.434
-1.223 1.250 -0.433
-1.224 1.250 -0.431
-1.224 1.250 -0.430
-1.225 1.250 -0.429
-1.225 1.251 -0.427
-1.225 1.251 -0.426
-1.225 1.251 -0.424
-1.226 1.252 -0.423
-1.226 1.252 -0.422
-1.226 1.252 -0.420
-1.227 1.252 -0.419
-1.227 1.252 -0.417
-1.227 1.252 -0.416
-1.227 1.252 -0.414
-1.228 1.252 -0.413
-1.228 1.253 -0.411
-1.229 1.252 -0.410
-1.230 1.252 -0.409
-1.230 1.252 -0.407
-1.230 1.252 -0.406
-1.231 1.252 -0.405
-1.231 1.252 -0.404
-1.232 1.252 -0.402
-1.232 1.252 -0.401
-1.232 1.252 -0.400
-1.233 1.253 -0.398
-1.233 1.253 -0.397
-1.234 1.253 -0.396
-1.234 1.254 -0.395
-1.234 1.254 -0.394
-1.234 1.254 -0.392
-1.235 1.254 -0.391
-1.235 1.255 -0.390
-1.235 1.255 -0.389
-1.236 1.255 -0.388
-1.236 1.255 -0.386
-1.236 1.255 -0.385
-1.237 1.255 -0.384
-1.237 1.255 -0.383
-1.237 1.255 -0.382
-1.237 1.255 -0.381
-1.238 1.255 -0.380
-1.238 1.255 -0.379
-1.238 1.255 -0.378
-1.238 1.255 -0.377
-1.238 1.256 -0.376
-1.238 1.256 -0.375
-1.238 1.256 -0.374
-1.238 1.256 -0.373
-1.238 1.256 -0.372
-1.239 1.256 -0.371
-1.239 1.256 -0.370
-1.239 1.257 -0.369
-1.240 1.257 -0.368
-1.240 1.256 -0.367
-1.241 1.257 -0.367
-1.241 1.257 -0.366
-1.241 1.257 -0.365
-1.242 1.257 -0.364
-1.242 1.257 -0.364
-1.242 1.257 -0.363
-1.242 1.258 -0.362
-1.243 1.258 -0.362
-1.243 1.259 -0.361
-1.243 1.259 -0.361
-1.244 1.259 -0.360
-1.244 1.260 -0.360
-1.244 1.260 -0.359
-1.245 1.260 -0.358
-1.245 1.260 -0.358
-1.245 1.261 -0.357
-1.244 1.262 -0.356
-1.244 1.263 -0.355
-1.243 1.265 -0.355
-1.242 1.266 -0.354
-1.240 1.268 -0.353
-1.238 1.270 -0.353
-1.236 1.271 -0.352
-1.234 1.274 -0.352
-1.231 1.275 -0.351
-1.228 1.278 -0.351
-1.225 1.281 -0.350
-1.222 1.283 -0.350
-1.218 1.287 -0.350
-1.214 1.290 -0.349
-1.211 1.293 -0.349
-1.207 1.297 -0.349
-1.203 1.302 -0.350
-1.199 1.305 -0.349
-1.194 1.309 -0.348
-1.189 1.312 -0.347
-1.185 1.316 -0.347
-1.180 1.320 -0.346
-1.175 1.324 -0.345
-1.170 1.328 -0.345
-1.165 1.331 -0.344
-1.160 1.335 -0.343
-1.154 1.339 -0.342
-1.149 1.343 -0.342
-1.143 1.346 -0.341
-1.138 1.350 -0.340
-1.132 1.354 -0.340
-1.127 1.358 -0.339
-1.121 1.362 -0.338
-1.116 1.366 -0.338
-1.111 1.370 -0.337
-1.105 1.374 -0.336
-1.100 1.378 -0.336
-1.094 1.382 -0.335
-1.088 1.386 -0.335
-1.083 1.390 -0.335
-1.077 1.395 -0.334
-1.072 1.399 -0.334
-1.066 1.403 -0.333
-1.060 1.407 -0.333
-1.055 1.411 -0.333
-1.049 1.415 -0.332
-1.043 1.419 -0.332
-1.038 1.423 -0.332
-1.032 1.427 -0.332
-1.026 1.432 -0.332
-1.020 1.437 -0.332
-1.014 1.441 -0.332
-1.008 1.445 -0.331
-1.002 1.450 -0.331
-0.996 1.455 -0.332
-0.990 1.460 -0.332
-0.983 1.465 -0.332
-0.977 1.470 -0.332
-0.970 1.475 -0.332
-0.964 1.479 -0.332
-0.957 1.484 -0.332
-0.951 1.489 -0.332
-0.944 1.494 -0.333
-0.937 1.499 -0.333
-0.931 1.504 -0.333
-0.924 1.509 -0.334
-0.918 1.514 -0.334
-0.911 1.518 -0.334
-0.904 1.524 -0.335
-0.897 1.528 -0.336
-0.890 1.534 -0.336
-0.883 1.539 -0.337
-0.876 1.544 -0.338
-0.869 1.549 -0.339
-0.862 1.555 -0.339
-0.855 1.560 -0.340
-0.848 1.565 -0.340
-0.841 1.571 -0.341
-0.836 1.575 -0.342
-0.833 1.580 -0.343
-0.831 1.583 -0.343
-0.831 1.585 -0.344
-0.831 1.586 -0.345
-0.833 1.586 -0.346
-0.836 1.586 -0.348
-0.840 1.584 -0.349
-0.843 1.582 -0.351
-0.847 1.581 -0.353
-0.850 1.579 -0.355
-0.852 1.577 -0.356
-0.855 1.576 -0.358
-0.856 1.575 -0.359
-0.858 1.574 -0.360
-0.859 1.573 -0.361
-0.860 1.572 -0.362
-0.860 1.572 -0.363
-0.861 1.571 -0.363
-0.861 1.571 -0.364
-0.861 1.571 -0.364
-0.860 1.571 -0.365
-0.860 1.570 -0.365
-0.859 1.570 -0.366
-0.858 1.570 -0.366
-0.857 1.570 -0.367
-0.856 1.571 -0.367
-0.855 1.571 -0.367
-0.854 1.571 -0.368
-0.853 1.571 -0.368
-0.852 1.571 -0.368
-0.850 1.572 -0.368
-0.849 1.572 -0.368
-0.848 1.572 -0.368
-0.846 1.572 -0.368
-0.845 1.572 -0.368
-0.843 1.572 -0.368
-0.842 1.572 -0.368
-0.840 1.572 -0.368
-0.839 1.573 -0.368
-0.837 1.573 -0.368
-0.836 1.573 -0.368
-0.834 1.574 -0.368
-0.832 1.575 -0.368
-0.830 1.575 -0.368
-0.828 1.576 -0.368
-0.826 1.577 -0.368
-0.824 1.578 -0.368
-0.822 1.578 -0.368
-0.820 1.579 -0.368
-0.819 1.580 -0.368
-0.817 1.581 -0.368
-0.815 1.582 -0.367
-0.814 1.582 -0.367
-0.812 1.583 -0.367
-0.811 1.583 -0.367
-0.810 1.584 -0.367
-0.809 1.584 -0.367
-0.808 1.585 -0.367
-0.807 1.585 -0.367
-0.806 1.585 -0.367
-0.805 1.586 -0.367
-0.804 1.587 -0.367
-0.803 1.587 -0.367
-0.802 1.587 -0.367
-0.801 1.588 -0.367
-0.801 1.589 -0.367
-0.800 1.589 -0.367
-0.799 1.590 -0.367
-0.798 1.591 -0.367
-0.797 1.591 -0.367
-0.796 1.592 -0.367
-0.796 1.593 -0.367
-0.795 1.593 -0.367
-0.794 1.594 -0.367
-0.794 1.595 -0.367
-0.793 1.595 -0.367
-0.793 1.596 -0.367
-0.792 1.596 -0.367
-0.792 1.597 -0.367
-0.791 1.597 -0.368
-0.791 1.597 -0.367
-0.791 1.598 -0.367
-0.791 1.598 -0.367
-0.790 1.598 -0.367
-0.790 1.599 -0.367
-0.789 1.599 -0.367
-0.789 1.599 -0.367
-0.788 1.600 -0.367
-0.788 1.600 -0.367
-0.788 1.600 -0.367
-0.787 1.601 -0.367
-0.787 1.601 -0.367
-0.787 1.601 -0.366
-0.786 1.601 -0.366
-0.786 1.601 -0.366
-0.786 1.602 -0.366
-0.785 1.602 -0.366
-0.785 1.602 -0.365
-0.785 1.602 -0.365
-0.784 1.602 -0.365
-0.784 1.602 -0.365
-0.783 1.602 -0.365
-0.783 1.602 -0.364
-0.782 1.602 -0.364
-0.782 1.602 -0.364
