x y z
-1.494 -0.033 -0.600
-1.494 -0.033 -0.598
-1.494 -0.032 -0.597
-1.494 -0.031 -0.595
-1.494 -0.030 -0.594
-1.494 -0.030 -0.592
-1.494 -0.029 -0.591
-1.494 -0.028 -0.590
-1.494 -0.027 -0.588
-1.494 -0.026 -0.587
-1.495 -0.025 -0.586
-1.495 -0.024 -0.585
-1.494 -0.025 -0.582
-1.494 -0.023 -0.582
-1.494 -0.023 -0.580
-1.494 -0.023 -0.579
-1.494 -0.022 -0.577
-1.494 -0.022 -0.576
-1.494 -0.022 -0.574
-1.494 -0.021 -0.573
-1.494 -0.021 -0.571
-1.493 -0.021 -0.570
-1.493 -0.020 -0.568
-1.493 -0.020 -0.567
-1.493 -0.020 -0.565
-1.493 -0.019 -0.564
-1.493 -0.019 -0.562
-1.493 -0.018 -0.561
-1.493 -0.018 -0.559
-1.493 -0.017 -0.558
-1.493 -0.017 -0.556
-1.493 -0.016 -0.555
-1.493 -0.016 -0.553
-1.492 -0.016 -0.552
-1.492 -0.016 -0.550
-1.492 -0.015 -0.549
-1.491 -0.015 -0.547
-1.491 -0.015 -0.546
-1.491 -0.015 -0.544
-1.491 -0.015 -0.543
-1.491 -0.015 -0.542
-1.490 -0.015 -0.540
-1.490 -0.015 -0.538
-1.490 -0.015 -0.537
-1.490 -0.015 -0.535
-1.490 -0.014 -0.534
-1.489 -0.014 -0.532
-1.489 -0.013 -0.531
-1.489 -0.013 -0.530
-1.489 -0.013 -0.528
-1.489 -0.013 -0.527
-1.489 -0.012 -0.525
-1.489 -0.012 -0.524
-1.488 -0.012 -0.522
-1.488 -0.012 -0.521
-1.488 -0.012 -0.519
-1.487 -0.012 -0.518
-1.487 -0.012 -0.517
-1.487 -0.012 -0.515
-1.487 -0.012 -0.514
-1.486 -0.012 -0.512
-1.486 -0.012 -0.511
-1.486 -0.012 -0.510
-1.485 -0.011 -0.508
-1.485 -0.011 -0.507
-1.485 -0.011 -0.505
-1.484 -0.011 -0.504
-1.484 -0.010 -0.502
-1.484 -0.010 -0.501
-1.484 -0.009 -0.499
-1.483 -0.007 -0.498
-1.483 -0.003 -0.496
-1.483 0.002 -0.495
-1.482 0.008 -0.493
-1.481 0.016 -0.493
-1.480 0.024 -0.492
-1.479 0.034 -0.492
-1.478 0.044 -0.492
-1.478 0.055 -0.492
-1.477 0.066 -0.492
-1.476 0.077 -0.491
-1.474 0.088 -0.491
-1.472 0.100 -0.490
-1.471 0.111 -0.489
-1.469 0.123 -0.488
-1.467 0.134 -0.487
-1.466 0.146 -0.486
-1.465 0.158 -0.484
-1.463 0.171 -0.484
-1.462 0.183 -0.483
-1.461 0.195 -0.482
-1.460 0.208 -0.481
-1.459 0.221 -0.480
-1.458 0.233 -0.479
-1.458 0.246 -0.478
-1.457 0.259 -0.478
-1.456 0.272 -0.477
-1.455 0.284 -0.476
-1.454 0.298 -0.476
-1.454 0.310 -0.475
-1.453 0.323 -0.474
-1.452 0.337 -0.474
-1.452 0.350 -0.473
-1.451 0.364 -0.473
-1.450 0.377 -0.472
-1.449 0.391 -0.472
-1.448 0.405 -0.472
-1.447 0.420 -0.471
-1.446 0.434 -0.471
-1.445 0.449 -0.471
-1.444 0.464 -0.471
-1.442 0.478 -0.472
-1.441 0.493 -0.472
-1.440 0.508 -0.472
-1.438 0.523 -0.472
-1.437 0.539 -0.473
-1.435 0.554 -0.473
-1.434 0.569 -0.474
-1.432 0.585 -0.474
-1.431 0.600 -0.475
-1.429 0.616 -0.475
-1.428 0.631 -0.476
-1.427 0.647 -0.476
-1.425 0.663 -0.477
-1.423 0.679 -0.478
-1.422 0.694 -0.478
-1.420 0.710 -0.479
-1.418 0.726 -0.480
-1.417 0.742 -0.481
-1.416 0.758 -0.482
-1.415 0.773 -0.483
-1.413 0.790 -0.483
-1.412 0.806 -0.484
-1.410 0.822 -0.485
-1.409 0.837 -0.486
-1.408 0.853 -0.486
-1.407 0.869 -0.487
-1.406 0.885 -0.488
-1.404 0.901 -0.489
-1.403 0.917 -0.490
-1.402 0.934 -0.491
-1.401 0.950 -0.492
-1.400 0.967 -0.493
-1.398 0.983 -0.494
-1.397 0.999 -0.495
-1.396 1.014 -0.496
-1.395 1.028 -0.497
-1.394 1.039 -0.498
-1.394 1.049 -0.498
-1.393 1.054 -0.498
-1.393 1.056 -0.499
-1.394 1.055 -0.500
-1.394 1.051 -0.501
-1.394 1.045 -0.503
-1.394 1.038 -0.505
-1.395 1.030 -0.506
-1.394 1.024 -0.508
-1.393 1.019 -0.508
-1.391 1.015 -0.509
-1.390 1.011 -0.508
-1.388 1.008 -0.508
-1.386 1.006 -0.507
-1.384 1.004 -0.507
-1.382 1.003 -0.506
-1.381 1.003 -0.505
-1.379 1.003 -0.505
-1.377 1.003 -0.504
-1.375 1.004 -0.504
-1.373 1.004 -0.503
-1.371 1.006 -0.502
-1.370 1.007 -0.502
-1.369 1.008 -0.501
-1.367 1.010 -0.500
-1.366 1.011 -0.500
-1.364 1.013 -0.500
-1.363 1.015 -0.499
-1.361 1.017 -0.499
-1.360 1.019 -0.498
-1.358 1.021 -0.497
-1.357 1.023 -0.497
-1.355 1.025 -0.496
-1.354 1.027 -0.495
-1.352 1.029 -0.495
-1.351 1.032 -0.495
-1.351 1.034 -0.494
-1.349 1.037 -0.495
-1.348 1.039 -0.494
-1.347 1.042 -0.493
-1.346 1.044 -0.492
-1.344 1.046 -0.491
-1.344 1.049 -0.491
-1.343 1.051 -0.490
-1.341 1.053 -0.489
-1.340 1.056 -0.488
-1.339 1.058 -0.488
-1.338 1.060 -0.487
-1.337 1.062 -0.486
-1.336 1.064 -0.485
-1.335 1.065 -0.485
-1.334 1.067 -0.484
-1.333 1.069 -0.483
-1.332 1.071 -0.482
-1.332 1.072 -0.481
-1.331 1.074 -0.481
-1.330 1.075 -0.480
-1.329 1.076 -0.479
-1.328 1.078 -0.478
-1.328 1.079 -0.477
-1.327 1.080 -0.477
-1.327 1.082 -0.476
-1.326 1.083 -0.475
-1.326 1.084 -0.474
-1.325 1.085 -0.473
-1.325 1.086 -0.473
-1.324 1.087 -0.472
-1.324 1.088 -0.471
-1.324 1.089 -0.469
-1.323 1.091 -0.469
-1.323 1.091 -0.467
-1.323 1.092 -0.466
-1.321 1.094 -0.466
-1.322 1.094 -0.465
-1.321 1.095 -0.464
-1.321 1.096 -0.463
-1.320 1.097 -0.462
-1.320 1.098 -0.461
-1.319 1.099 -0.460
-1.319 1.099 -0.459
-1.318 1.100 -0.458
-1.318 1.101 -0.457
-1.317 1.101 -0.456
-1.317 1.102 -0.455
-1.317 1.103 -0.454
-1.316 1.103 -0.454
-1.315 1.104 -0.453
-1.315 1.105 -0.452
-1.314 1.105 -0.451
-1.314 1.106 -0.450
-1.313 1.107 -0.448
-1.313 1.107 -0.447
-1.312 1.108 -0.446
-1.312 1.109 -0.445
-1.311 1.110 -0.444
-1.311 1.111 -0.443
-1.310 1.112 -0.442
-1.310 1.113 -0.441
-1.309 1.114 -0.439
-1.309 1.115 -0.438
-1.308 1.116 -0.437
-1.308 1.117 -0.436
-1.307 1.118 -0.435
-1.307 1.119 -0.433
-1.306 1.120 -0.432
-1.305 1.121 -0.431
-1.305 1.122 -0.430
-1.304 1.122 -0.429
-1.304 1.123 -0.427
-1.303 1.124 -0.426
-1.303 1.125 -0.425
-1.302 1.126 -0.424
-1.301 1.128 -0.422
-1.300 1.129 -0.421
-1.300 1.130 -0.419
-1.299 1.131 -0.418
-1.299 1.132 -0.417
-1.298 1.133 -0.415
-1.297 1.134 -0.414
-1.297 1.135 -0.412
-1.297 1.136 -0.411
-1.296 1.137 -0.409
-1.296 1.138 -0.408
-1.295 1.140 -0.406
-1.295 1.141 -0.405
-1.294 1.142 -0.404
-1.294 1.143 -0.402
-1.293 1.144 -0.401
-1.293 1.145 -0.399
-1.292 1.146 -0.398
-1.292 1.147 -0.396
-1.291 1.148 -0.395
-1.291 1.149 -0.393
-1.290 1.150 -0.392
-1.290 1.151 -0.390
-1.289 1.152 -0.389
-1.289 1.153 -0.388
-1.289 1.153 -0.386
-1.288 1.154 -0.385
-1.287 1.155 -0.383
-1.287 1.156 -0.382
-1.287 1.157 -0.380
-1.286 1.158 -0.379
-1.286 1.158 -0.377
-1.285 1.160 -0.376
-1.285 1.161 -0.375
-1.285 1.162 -0.373
-1.285 1.162 -0.371
-1.285 1.163 -0.369
-1.285 1.164 -0.368
-1.284 1.164 -0.366
-1.284 1.165 -0.365
-1.284 1.166 -0.363
-1.284 1.166 -0.362
-1.283 1.166 -0.360
-1.283 1.167 -0.359
-1.283 1.166 -0.357
-1.283 1.167 -0.356
-1.282 1.168 -0.355
-1.282 1.168 -0.353
-1.281 1.168 -0.352
-1.281 1.168 -0.350
-1.281 1.168 -0.348
-1.281 1.169 -0.347
-1.280 1.170 -0.346
-1.280 1.170 -0.344
-1.279 1.171 -0.342
-1.279 1.171 -0.340
-1.279 1.171 -0.339
-1.278 1.172 -0.337
-1.278 1.172 -0.336
-1.278 1.173 -0.334
-1.277 1.173 -0.332
-1.277 1.173 -0.331
-1.276 1.173 -0.329
-1.276 1.174 -0.327
-1.276 1.174 -0.326
-1.275 1.174 -0.324
-1.275 1.174 -0.323
-1.274 1.174 -0.321
-1.274 1.175 -0.319
-1.273 1.175 -0.318
-1.273 1.175 -0.316
-1.273 1.175 -0.314
-1.272 1.176 -0.313
-1.272 1.176 -0.311
-1.272 1.176 -0.309
-1.271 1.177 -0.307
-1.271 1.177 -0.306
-1.270 1.178 -0.304
-1.270 1.178 -0.302
-1.270 1.179 -0.301
-1.269 1.179 -0.299
-1.269 1.180 -0.297
-1.268 1.180 -0.295
-1.268 1.181 -0.294
-1.266 1.182 -0.292
-1.266 1.183 -0.290
-1.265 1.183 -0.288
-1.265 1.183 -0.287
-1.264 1.184 -0.285
-1.264 1.184 -0.283
-1.263 1.184 -0.281
-1.263 1.185 -0.280
-1.262 1.185 -0.278
-1.262 1.186 -0.276
-1.261 1.186 -0.274
-1.261 1.186 -0.272
-1.260 1.187 -0.271
-1.260 1.187 -0.269
-1.259 1.188 -0.267
-1.259 1.188 -0.265
-1.259 1.189 -0.263
-1.258 1.189 -0.261
-1.258 1.190 -0.259
-1.257 1.190 -0.258
-1.257 1.191 -0.256
-1.257 1.191 -0.254
-1.256 1.191 -0.252
-1.256 1.192 -0.250
-1.256 1.192 -0.248
-1.255 1.192 -0.247
-1.255 1.193 -0.245
-1.254 1.193 -0.243
-1.254 1.193 -0.241
-1.253 1.194 -0.239
-1.253 1.194 -0.237
-1.252 1.195 -0.236
-1.252 1.195 -0.234
-1.252 1.195 -0.232
-1.252 1.195 -0.230
-1.251 1.196 -0.228
-1.250 1.196 -0.227
-1.250 1.197 -0.225
-1.250 1.197 -0.223
-1.249 1.197 -0.221
-1.250 1.197 -0.219
-1.250 1.198 -0.217
-1.249 1.198 -0.215
-1.249 1.198 -0.213
-1.249 1.198 -0.211
-1.248 1.199 -0.209
-1.248 1.199 -0.207
-1.248 1.199 -0.205
-1.247 1.199 -0.203
-1.247 1.199 -0.201
-1.246 1.200 -0.199
-1.246 1.200 -0.198
-1.245 1.200 -0.196
-1.245 1.200 -0.194
-1.244 1.201 -0.192
-1.244 1.201 -0.190
-1.244 1.201 -0.188
-1.244 1.201 -0.186
-1.244 1.201 -0.184
-1.243 1.201 -0.182
-1.243 1.201 -0.180
-1.243 1.202 -0.178
-1.243 1.202 -0.176
-1.242 1.202 -0.174
-1.242 1.202 -0.172
-1.241 1.202 -0.170
-1.241 1.202 -0.168
-1.241 1.202 -0.166
-1.240 1.202 -0.164
-1.240 1.203 -0.162
-1.240 1.203 -0.160
-1.240 1.203 -0.158
-1.239 1.203 -0.156
-1.239 1.204 -0.154
-1.239 1.204 -0.152
-1.238 1.204 -0.150
-1.238 1.205 -0.148
-1.238 1.205 -0.146
-1.237 1.205 -0.144
-1.237 1.205 -0.142
-1.237 1.205 -0.140
-1.236 1.205 -0.138
-1.236 1.205 -0.136
-1.235 1.205 -0.134
-1.235 1.205 -0.132
-1.234 1.205 -0.130
-1.234 1.205 -0.128
-1.234 1.205 -0.126
-1.233 1.205 -0.124
-1.233 1.206 -0.122
-1.233 1.206 -0.120
-1.232 1.206 -0.118
-1.232 1.206 -0.116
-1.232 1.206 -0.114
-1.231 1.206 -0.112
-1.231 1.207 -0.109
-1.231 1.207 -0.107
-1.230 1.207 -0.105
-1.230 1.207 -0.103
-1.230 1.207 -0.101
-1.229 1.207 -0.099
-1.229 1.207 -0.097
-1.228 1.207 -0.095
-1.228 1.207 -0.093
-1.228 1.207 -0.091
-1.227 1.207 -0.089
-1.227 1.208 -0.087
-1.227 1.208 -0.085
-1.227 1.208 -0.082
-1.226 1.208 -0.080
-1.226 1.208 -0.078
-1.226 1.208 -0.076
-1.225 1.208 -0.074
-1.225 1.209 -0.072
-1.224 1.209 -0.070
-1.224 1.209 -0.068
-1.224 1.209 -0.066
-1.224 1.209 -0.064
-1.224 1.209 -0.062
-1.223 1.209 -0.060
-1.222 1.209 -0.057
-1.222 1.209 -0.055
-1.222 1.209 -0.053
-1.222 1.209 -0.051
-1.221 1.209 -0.049
-1.221 1.209 -0.047
-1.220 1.209 -0.045
-1.220 1.209 -0.043
-1.220 1.209 -0.041
-1.219 1.208 -0.039
-1.219 1.208 -0.037
-1.218 1.208 -0.035
-1.218 1.208 -0.032
-1.217 1.208 -0.030
-1.217 1.208 -0.028
-1.217 1.208 -0.026
-1.216 1.208 -0.024
-1.216 1.208 -0.022
-1.215 1.208 -0.020
-1.215 1.208 -0.018
-1.214 1.208 -0.016
-1.214 1.208 -0.013
-1.213 1.207 -0.011
-1.213 1.207 -0.009
-1.212 1.207 -0.007
-1.212 1.206 -0.005
-1.211 1.206 -0.003
-1.211 1.206 -0.001
-1.210 1.206 0.001
-1.210 1.206 0.003
-1.209 1.205 0.005
-1.209 1.205 0.008
-1.208 1.205 0.010
-1.208 1.205 0.012
-1.207 1.205 0.014
-1.207 1.205 0.016
-1.207 1.205 0.018
-1.206 1.205 0.020
-1.206 1.205 0.022
-1.205 1.205 0.024
-1.205 1.204 0.026
-1.204 1.204 0.029
-1.204 1.204 0.031
-1.203 1.204 0.033
-1.203 1.203 0.035
-1.202 1.203 0.037
-1.202 1.203 0.039
-1.201 1.203 0.041
-1.201 1.202 0.043
-1.200 1.202 0.046
-1.200 1.202 0.048
-1.199 1.202 0.050
-1.199 1.202 0.052
-1.198 1.201 0.054
-1.198 1.201 0.056
-1.198 1.201 0.059
-1.197 1.201 0.061
-1.197 1.201 0.063
-1.197 1.201 0.065
-1.196 1.201 0.067
-1.196 1.201 0.069
-1.196 1.201 0.072
-1.195 1.201 0.074
