x y z
-1.612 0.759 -0.460
-1.611 0.759 -0.459
-1.611 0.759 -0.458
-1.611 0.758 -0.457
-1.610 0.758 -0.456
-1.610 0.758 -0.456
-1.609 0.758 -0.455
-1.609 0.758 -0.454
-1.609 0.757 -0.453
-1.608 0.757 -0.452
-1.608 0.757 -0.452
-1.607 0.756 -0.451
-1.607 0.755 -0.450
-1.607 0.755 -0.449
-1.606 0.754 -0.448
-1.606 0.754 -0.448
-1.606 0.753 -0.447
-1.605 0.752 -0.446
-1.605 0.752 -0.445
-1.605 0.751 -0.445
-1.604 0.751 -0.444
-1.604 0.750 -0.443
-1.603 0.750 -0.443
-1.603 0.749 -0.442
-1.602 0.749 -0.441
-1.602 0.749 -0.441
-1.602 0.749 -0.440
-1.601 0.748 -0.439
-1.601 0.748 -0.439
-1.600 0.747 -0.438
-1.600 0.747 -0.438
-1.599 0.746 -0.437
-1.599 0.746 -0.437
-1.598 0.745 -0.436
-1.598 0.745 -0.435
-1.597 0.744 -0.435
-1.597 0.743 -0.434
-1.596 0.743 -0.434
-1.596 0.742 -0.433
-1.595 0.741 -0.433
-1.594 0.741 -0.432
-1.594 0.740 -0.432
-1.593 0.740 -0.431
-1.593 0.740 -0.431
-1.592 0.739 -0.430
-1.591 0.739 -0.429
-1.590 0.738 -0.429
-1.590 0.738 -0.428
-1.589 0.738 -0.428
-1.588 0.737 -0.428
-1.588 0.737 -0.427
-1.587 0.737 -0.427
-1.586 0.736 -0.426
-1.585 0.736 -0.426
-1.585 0.735 -0.425
-1.584 0.735 -0.425
-1.583 0.735 -0.425
-1.582 0.735 -0.424
-1.582 0.735 -0.424
-1.581 0.735 -0.424
-1.580 0.735 -0.424
-1.579 0.734 -0.424
-1.578 0.735 -0.424
-1.577 0.735 -0.424
-1.576 0.735 -0.424
-1.576 0.734 -0.424
-1.575 0.734 -0.424
-1.574 0.734 -0.424
-1.573 0.734 -0.424
-1.573 0.733 -0.424
-1.572 0.733 -0.424
-1.571 0.733 -0.424
-1.570 0.733 -0.424
-1.568 0.733 -0.424
-1.566 0.733 -0.424
-1.562 0.735 -0.423
-1.558 0.739 -0.423
-1.554 0.743 -0.423
-1.549 0.747 -0.423
-1.543 0.753 -0.423
-1.538 0.760 -0.423
-1.532 0.767 -0.423
-1.526 0.774 -0.423
-1.521 0.783 -0.424
-1.514 0.791 -0.424
-1.508 0.799 -0.424
-1.501 0.808 -0.424
-1.494 0.817 -0.423
-1.487 0.826 -0.422
-1.479 0.835 -0.420
-1.471 0.844 -0.419
-1.462 0.853 -0.418
-1.454 0.863 -0.417
-1.446 0.872 -0.415
-1.437 0.882 -0.414
-1.428 0.891 -0.412
-1.420 0.901 -0.411
-1.411 0.911 -0.409
-1.402 0.921 -0.408
-1.393 0.931 -0.407
-1.384 0.941 -0.405
-1.375 0.952 -0.404
-1.366 0.962 -0.403
-1.357 0.972 -0.402
-1.348 0.983 -0.400
-1.338 0.993 -0.399
-1.329 1.004 -0.398
-1.319 1.015 -0.397
-1.310 1.026 -0.396
-1.300 1.036 -0.395
-1.291 1.047 -0.395
-1.282 1.058 -0.394
-1.273 1.069 -0.393
-1.264 1.080 -0.393
-1.254 1.092 -0.392
-1.245 1.103 -0.392
-1.235 1.114 -0.392
-1.226 1.126 -0.392
-1.216 1.137 -0.392
-1.207 1.148 -0.392
-1.197 1.160 -0.392
-1.187 1.171 -0.392
-1.178 1.183 -0.392
-1.168 1.195 -0.393
-1.158 1.207 -0.393
-1.148 1.219 -0.394
-1.138 1.231 -0.395
-1.128 1.243 -0.395
-1.118 1.255 -0.396
-1.108 1.268 -0.396
-1.098 1.281 -0.397
-1.088 1.294 -0.399
-1.077 1.307 -0.400
-1.067 1.320 -0.401
-1.057 1.333 -0.402
-1.046 1.346 -0.404
-1.036 1.359 -0.405
-1.025 1.372 -0.407
-1.015 1.385 -0.409
-1.005 1.398 -0.410
-0.994 1.412 -0.412
-0.984 1.425 -0.414
-0.974 1.438 -0.415
-0.964 1.451 -0.417
-0.953 1.464 -0.419
-0.943 1.477 -0.421
-0.933 1.491 -0.423
-0.923 1.504 -0.425
-0.912 1.517 -0.427
-0.903 1.530 -0.430
-0.894 1.541 -0.431
-0.886 1.551 -0.433
-0.879 1.559 -0.435
-0.875 1.563 -0.435
-0.872 1.564 -0.437
-0.872 1.563 -0.439
-0.874 1.559 -0.441
-0.877 1.554 -0.444
-0.881 1.546 -0.447
-0.883 1.539 -0.448
-0.885 1.534 -0.450
-0.886 1.529 -0.452
-0.886 1.524 -0.452
-0.885 1.520 -0.453
-0.884 1.517 -0.454
-0.883 1.513 -0.454
-0.882 1.511 -0.455
-0.880 1.509 -0.455
-0.877 1.507 -0.455
-0.875 1.506 -0.456
-0.872 1.505 -0.456
-0.869 1.504 -0.456
-0.866 1.503 -0.457
-0.863 1.503 -0.457
-0.860 1.503 -0.457
-0.857 1.502 -0.458
-0.854 1.502 -0.458
-0.851 1.502 -0.458
-0.847 1.502 -0.459
-0.844 1.503 -0.460
-0.840 1.503 -0.461
-0.837 1.503 -0.461
-0.833 1.504 -0.462
-0.829 1.504 -0.463
-0.827 1.505 -0.463
-0.823 1.506 -0.464
-0.819 1.507 -0.464
-0.816 1.509 -0.465
-0.812 1.510 -0.465
-0.808 1.511 -0.466
-0.805 1.513 -0.466
-0.801 1.514 -0.467
-0.798 1.516 -0.467
-0.794 1.517 -0.468
-0.790 1.519 -0.469
-0.788 1.520 -0.469
-0.783 1.521 -0.470
-0.781 1.522 -0.470
-0.777 1.523 -0.471
-0.775 1.524 -0.471
-0.772 1.526 -0.472
-0.770 1.527 -0.472
-0.767 1.528 -0.473
-0.764 1.529 -0.474
-0.761 1.531 -0.474
-0.759 1.532 -0.475
-0.756 1.533 -0.476
-0.754 1.534 -0.476
-0.751 1.535 -0.477
-0.749 1.536 -0.478
-0.746 1.537 -0.479
-0.744 1.537 -0.479
-0.742 1.538 -0.480
-0.739 1.539 -0.481
-0.738 1.539 -0.482
-0.736 1.540 -0.482
-0.734 1.540 -0.483
-0.732 1.541 -0.484
-0.731 1.541 -0.484
-0.729 1.541 -0.485
-0.727 1.542 -0.486
-0.725 1.542 -0.487
-0.723 1.542 -0.487
-0.722 1.542 -0.488
-0.720 1.542 -0.489
-0.718 1.542 -0.489
-0.716 1.542 -0.490
-0.715 1.542 -0.491
-0.713 1.543 -0.491
-0.711 1.542 -0.492
-0.709 1.542 -0.492
-0.707 1.542 -0.494
-0.705 1.542 -0.494
-0.703 1.542 -0.495
-0.702 1.542 -0.495
-0.700 1.541 -0.495
-0.698 1.541 -0.496
-0.696 1.540 -0.497
-0.695 1.540 -0.497
-0.693 1.540 -0.498
-0.691 1.539 -0.498
-0.689 1.539 -0.499
-0.688 1.538 -0.499
-0.686 1.538 -0.500
-0.684 1.537 -0.500
-0.682 1.537 -0.501
-0.681 1.536 -0.501
-0.679 1.536 -0.502
-0.676 1.535 -0.502
-0.674 1.535 -0.503
-0.673 1.535 -0.503
-0.671 1.534 -0.504
-0.669 1.534 -0.504
-0.667 1.534 -0.505
-0.665 1.534 -0.505
-0.663 1.534 -0.506
-0.661 1.533 -0.506
-0.659 1.533 -0.507
-0.657 1.533 -0.507
-0.655 1.533 -0.508
-0.653 1.532 -0.508
-0.651 1.532 -0.509
-0.649 1.531 -0.509
-0.648 1.532 -0.510
-0.646 1.531 -0.510
-0.644 1.531 -0.511
-0.642 1.530 -0.511
-0.640 1.530 -0.512
-0.638 1.530 -0.512
-0.635 1.530 -0.513
-0.634 1.530 -0.513
-0.632 1.530 -0.514
-0.630 1.530 -0.514
-0.627 1.530 -0.515
-0.625 1.530 -0.516
-0.623 1.530 -0.516
-0.621 1.530 -0.517
-0.619 1.531 -0.517
-0.617 1.530 -0.518
-0.616 1.530 -0.518
-0.614 1.530 -0.518
