x y
238.0952934807384 0.0
241.41651396992 0.0
244.78406257158335 0.0
248.1985855222588 0.0
251.6607380729101 0.0
255.1711846146765 0.0
258.73059880637095 0.0
262.3396637037558 0.0
265.9990718906228 0.0
269.70952561169935 9.719942323988996e-12
273.471736907411 2.2566098717254104e-12
277.2864277505224 0.0
281.1543301846859 1.914486120125765e-11
285.0761864649195 3.26698529981476e-10
289.0527492000482 1.1809194240078876e-09
293.0847814971298 0.0
297.17305710789594 3.168349682835743e-09
301.31836057723694 2.8145721554504505e-10
305.52148739375536 0.0
309.7832441424223 0.0
314.10444865936125 9.027095928013272e-10
318.4859301887933 0.0
322.92852954216795 1.8653770901991298e-09
327.43309925951723 0.0
332.0005037730588 0.0
336.6316195730812 6.8897263931637e-11
341.32733537614445 0.0
346.08855229562425 2.839700022432675e-09
350.9161840146377 3.052863484221811e-10
355.81115696137937 0.0
360.7744104869058 8.850866105104359e-09
365.8068970453957 2.847172841883132e-08
370.90958237692826 1.944149529620422e-11
376.0834456928098 5.145311557104137e-09
381.3294798634849 3.107416309552738e-09
386.6486916090712 7.13323145850688e-12
392.04210169254765 0.0
397.5107451156417 1.2795013236315157e-07
403.05567131744675 3.6455370746481084e-09
408.6779443758121 0.0
414.37864321153836 7.127141309351835e-09
420.1588617954255 6.1021425362410795e-09
426.01970935820634 1.8270343712813024e-08
431.9623106034091 3.813697012513242e-10
437.9878059231909 1.6365452595554533e-08
444.09735161717776 2.3034814562211506e-09
450.2921201143617 1.2457571501312417e-09
456.57330019809024 4.954659759660488e-09
462.94209723419726 2.35376360563904e-09
469.39973340231114 2.2174026537186974e-08
475.94744793039456 2.1096848222791153e-08
482.58649733255334 1.5448582245171243e-09
489.31815565016217 6.1256933232160005e-09
496.14371469635694 5.141097156345689e-09
503.0644843039322 5.533870755707227e-08
510.0817925767008 7.090508854738944e-09
517.1969861443605 9.517377522561033e-09
524.4114304209105 5.515137753739931e-09
531.7265098666782 4.534604848253486e-09
539.1436282539977 9.203393411574627e-09
546.6642089365956 2.7614007063016768e-09
554.2896951227362 2.3180474763401697e-08
562.0215501521711 1.1435351345446534e-08
569.8612577769587 6.545959328377403e-09
577.8103224461963 5.1725453892743635e-09
585.8702695947281 2.419096459502216e-08
594.0426459358747 1.0043535623394618e-08
602.3290197582513 2.2741823365912565e-08
610.7309812267235 9.194679635034776e-10
619.2501426875615 1.4327884682648453e-09
627.8881389778533 9.745855838082428e-10
636.6466277392283 4.4541748066980735e-09
645.5272897359634 1.8885855638425183e-07
654.531829177522 3.3803472488720435e-08
663.6619740455966 8.706628087167172e-09
672.9194764257066 2.928153744243385e-09
682.3061128434281 1.3143087644110889e-08
691.8236846053107 8.024305954902116e-09
701.4740181445495 7.16001452573181e-09
711.2589653714828 7.307285583409918e-08
721.1804040289712 2.3913584709091476e-08
731.2402380527423 2.3612948774476073e-08
741.4403979367555 8.046889205111134e-09
751.7828411036705 7.044459683742262e-10
762.2695522804736 0.0
772.9025438793519 1.4894659600503968e-11
783.6838563838779 6.354588506669741e-11
794.6155587405788 9.252202204880212e-09
805.6997487559735 1.9620504935939304e-09
816.9385534991394 1.0986377481364222e-09
828.3341297099014 1.9973733966837258e-09
839.8886642127158 1.4716488928638678e-09
851.6043743363192 1.9212227877459947e-10
863.48350833924 2.6879124665534367e-09
875.5283458412407 1.2286806855111955e-09
887.7411982607802 8.020663039975374e-09
900.124409258576 3.9238716823653305e-09
912.6803551873596 2.3818392073887175e-09
925.4114455478963 7.844708720313673e-09
938.320123451373 1.3943092101538975e-07
951.4088660882373 7.003356268027207e-09
964.6801852035684 1.9772467139185552e-08
978.1366275790862 2.6642142464689235e-09
991.7807755218822 4.597075069349212e-09
1005.6152473599664 9.877402472503069e-11
1019.6426979447267 2.594702889863483e-12
1033.8658191604025 1.944986405097003e-10
1048.2873404406532 1.7059392815244398e-10
1062.9100292923442 8.263541948866232e-11
1077.736691826637 1.5773155659378467e-09
1092.7701732974792 1.0297072347113279e-08
1108.0133586476159 1.3515570112517431e-07
1123.469173062213 1.7121956999532509e-10
1139.140582530204 2.187664045638356e-09
1155.0305944134643 1.2913994329015165e-10
1171.1422580239334 6.30569317328142e-12
1187.478665208774 1.2792445536633224e-10
1204.0429509437045 8.504526563829751e-12
1220.8382939346081 2.5398381974643253e-10
1237.8679172275235 9.50693160832433e-09
1255.1350888271552 1.6404557759601046e-08
1272.6431223240068 4.1905511000054765e-07
1290.3953775302614 3.0084987217364668e-06
1308.3952611245393 5.872982714611741e-06
1326.6462273056345 4.8466707160328416e-05
1345.151778455386 0.000575806496045052
1363.915465810786 0.022348949079898213
1382.9408901454708 0.17038183246247793
1402.2317024607078 0.005200440431161062
1421.7916046860291 0.0015396493749286128
1441.624350389638 0.00014851607767137442
1461.7337454987191 0.0007349522869968833
1482.1236490298077 2.844945776000429e-05
1502.79797382933 4.3146585349624725e-07
1523.760687324489 1.793338098996681e-07
1545.0158122846155 3.370391992440244e-08
1566.5674275931488 7.882263706160552e-10
1588.4196690303688 4.892292461281825e-09
1610.5767300670643 1.1992993307155357e-08
1633.0428626692635 6.429741387625185e-08
1655.8223781141887 9.210557571670034e-06
1678.9196478176032 1.1319312591546912e-06
1702.33910417268 1.2457276516236564e-06
1726.085241400589 4.9818225860402846e-05
1750.1626164129486 1.4576435709587734e-05
1774.5758496862916 0.0002911995102571091
1799.329626148747 0.0009585860896099847
1824.4286960790819 0.004067235224608499
1849.877876018285 0.012840632405978504
1875.6820496938649 0.058676797241365514
1901.846168957051 0.01416135927642407
1928.3752547330478 0.03990628071893287
1955.274397984562 0.0028631097859190702
1982.5487606887698 0.00010519652604547976
2010.203576827896 3.4919121458879517e-06
2038.2441533936271 2.0150786771322198e-06
2066.6758714055295 1.8237800390233888e-06
2095.5041869436714 1.0766510368981095e-07
2124.73463219565 1.3090739672675043e-07
2154.3728165182347 1.830469731514535e-08
2184.4244275137917 1.9902707702229913e-09
2214.895232121754 6.649098702771949e-08
2245.791077725306 1.9401969747679154e-07
2277.117893273493 2.4245222961819026e-07
2308.881690418999 2.05723865566952e-06
2341.088564671791 0.0001674950064843733
2373.7446965688528 2.683467432918527e-05
2406.856352860235 0.0015362413833627392
2440.4298877116616 0.00011724943789559804
2474.4717439238852 0.0010703468432190575
2508.988454169087 0.004548910161575124
2543.9866422444866 0.12377082879582843
2579.4730243434683 0.08956125204570807
2615.4544103444214 0.30511791412979705
2651.9377051175666 0.3370147519210848
2688.9299098500055 0.41219549511524745
2726.4381233892573 0.34218641625688795
2764.4695436055445 0.5447280479086751
2803.031468773054 0.5167396028296624
2842.1312989705075 0.022972787605688355
2881.7765375012254 0.007764272081637082
2921.974792333029 0.026958944184965063
2962.733777558218 0.0016775380793322301
3004.061314873914 0.0017516820691402073
3045.96533508305 0.013413382219049145
3088.453879616301 0.0027891250482709917
3131.5351020752564 0.000724591427045577
3175.2172697970823 0.00016179995530311072
3219.5087654410577 0.0021996395205674045
3264.418088597198 0.0051219574106232115
3309.9538574173453 0.0008031355774764211
3356.124810269 0.0010021557034294642
3402.9398074122246 9.35475037262368e-05
3450.4078326999374 9.146073701443979e-06
3498.5379953019205 9.280935055515564e-07
3547.3395314528943 6.324498126024714e-05
3596.821806224938 4.7329699992579447e-07
3646.994315324685 1.5426404208761577e-07
3697.8666869155372 3.582734341528159e-08
3749.448683465332 4.01186491319168e-08
3801.750203619771 4.811072287828631e-07
3854.7812841019804 1.627673264509704e-07
3908.552101638564 2.6178498869549557e-07
3963.07297491255 2.35694898461918e-07
4018.3543665435277 2.550505614567064e-08
4074.406885095455 2.0056449210406497e-08
4131.241287112462 1.806076316397813e-07
4188.868479183021 7.53322870975696e-07
4247.299520032953 5.375348396555001e-07
4306.545622647601 4.061271397251784e-06
4366.6181564236185 2.99859496934999e-07
4427.528649350765 3.2680086590676834e-05
4489.288790224157 5.036656201540787e-06
4551.910430887335 6.192933022949967e-06
4615.405588506674 3.056531517535311e-05
4679.786447877469 0.0013839992158176026
4745.065363762223 0.0005007517260216914
4811.254863261539 0.0020924524355314354
4878.367648218086 0.00016035670888928428
4946.416597654095 0.0016670012412377984
5015.4147702428545 0.011525554783049136
5085.375406814707 0.06313471671184029
5156.311932897942 0.007044138071542669
5228.237961295213 0.008618802176300745
5301.167294695813 0.01221064152402804
5375.11392832445 0.011580363717393637
5450.092052626939 0.022801487833344944
5526.116055993367 0.0696671116059439
5603.2005275192405 0.5163586037122017
5681.360259805146 0.11651679325593536
5760.610251795489 0.4574325663501944
5840.965711656769 0.12604496095661624
5922.442059696092 0.4945877672745469
6005.054931320305 0.11884745003868578
6088.820180036468 0.1789660864133322
6173.75388049416 0.14304166855242623
6259.872331570221 0.01654679892786808
6347.192059496526 1.5554133969545498
6435.729821031381 1.1477399577104241
6525.502606675191 0.4657376926963591
6616.527643930911 0.32743175171767835
6708.822400610078 0.9848372854619483
6802.404588184857 0.17032442657772864
6897.29216518692 0.08107023235647942
6993.503340653702 0.6727419544106843
7091.0565776227395 0.0489124016052022
7189.970596674744 0.06084536078002608
7290.264379526102 0.03306725922414616
7391.957172671513 0.006297205265904815
7495.068491077366 0.006646259761182459
7599.618121926744 0.01454230074475825
7705.626128416551 0.0014201816528646605
7813.112853607699 0.005315104298488738
7922.098924328955 0.0019008449985685434
8032.605255135251 0.00246719991065346
8144.653052321209 0.00024338016595059684
8258.26381799068 0.001563187508822333
8373.459354182985 6.963092735489219e-05
8490.26176705676 0.00014370671804634432
8608.69347113219 2.6838279005692762e-05
8728.777193592336 2.3238570622373073e-05
8850.535978644528 2.3253533588534074e-05
8973.993191942576 2.4710693034525776e-05
9099.172525070666 0.00011293201100335256
9226.09800008979 5.782418297959997e-06
9354.79397414765 2.309850463932164e-05
9485.28514415275 9.13581313436342e-06
9617.596551513845 6.114925284727505e-05
9751.75358694535 3.994330594032708e-06
9887.781995339878 4.601227070520818e-05
10025.707880708713 6.549773509605305e-06
10165.557711191199 8.774387700177322e-06
10307.358324134004 1.725064646750585e-05
10451.136931241244 7.2243197081787014e-06
10596.921123796414 7.72660857733424e-06
10744.738877957274 2.673811775111052e-06
10894.618560124383 1.5726379220916623e-05
11046.588932384724 2.119855738151448e-05
11200.679158031166 5.259100667282108e-06
11356.918807158929 2.1421480993982247e-05
11515.337862340122 1.006965850435721e-05
11675.96672437744 3.710667958995427e-05
11838.836218138105 9.311098082477915e-06
12003.977598469171 5.4016644794878595e-06
12171.422556195468 5.681011170277468e-06
12341.203224200959 3.125763384699425e-05
12513.352183595176 0.0022552017046144563
12687.902469965551 4.739218185760136e-05
12864.88757971698 0.0011783899204960186
13044.341476499825 4.8403130975363703e-05
13226.298597727578 0.0007680219709657475
13410.793861185442 0.0007441861019216119
13597.862671731067 5.6142225042731675e-05
13787.54092808889 3.429960228868558e-05
13979.865029738983 0.0002481546147501153
14174.871883902266 0.012945334297563518
14372.59891262301 0.0022448587278700426
14573.084059950183 0.0007192781735283265
14776.36579921895 0.0002001961319702213
14982.483140433753 0.0008424526102842938
15191.475637754374 0.002199093418199194
15403.383397086403 0.00026740876044464905
15618.247083777722 0.010590367356518965
15836.107930422048 0.001327082826185314
16057.007744771647 0.001357116387314165
16280.988917760256 0.0029114331371460516
16508.09443163795 0.000981619662383826
16738.36786821949 0.0018629655825982338
16971.853417247694 0.0029455398373255484
17208.595884873655 0.039938402847748675
17448.64070225474 0.0031361374226121772
17692.03393427335 0.003072004278438982
17938.822288376443 0.0030566708699979635
18189.05312353893 0.04003426442610193
18442.77445935188 0.0023371602324914675
18700.034985237537 0.003506233537316803
18960.884069792868 0.019579235476581247
19225.371770263424 0.05399127946970605
19493.54884214959 0.005293019645805826
19765.466748946168 0.028200192744422748
20041.177672018857 0.0054442475949059614
20320.734520617472 0.10216569426721728
20604.19094202949 0.023088561554915205
20891.60133187499 0.004959597046526388
21183.020844545237 0.37006603912049574
21478.505403786872 0.008092613201637603
21778.111713433704 0.088079351392703
22081.89726828846 0.18918557026322852
22389.920365155616 0.1224305515572069
22702.240114029253 0.022794960676175556
23018.91644943583 0.038493685057242655
23340.01014193593 0.015462442285377801
23665.58280978614 0.26114928895994
23995.69693076369 0.13641684370290832
24330.415854155977 0.011673082301605894
24669.803812917355 0.023844945026210335
25013.925935995743 0.40181309405603755
25362.84826083039 3.848061472638113
25716.637746025266 0.02503015950990527
26075.362284197916 0.23567191225798645
26439.0907150084 0.10962816590132643
26807.89283836965 0.20361636550952472
27181.839427842155 0.051993666448778536
27561.00224421549 0.05209969495723385
27945.454049279248 0.7503589206457559
28335.268619786373 0.9069888952033536
28730.52076161041 0.3011574230820828
29131.286324101617 0.8110201945549099
29537.642214641925 0.1183429078384389
29949.666413403836 0.3971427618896999
30367.437988314858 0.6767478020409771
30791.037110230667 1.5617586763651237
31220.545068320298 0.18236130574366632
31656.04428566495 0.4226648941432716
32097.618335076015 0.17777506845561017
32545.35195513177 0.2562098396036914
32999.331066439794 49.28664749238794
33459.64278812451 0.6457060402933963
33926.37545454576 0.16262806640347247
34399.61863225024 1.521867459158127
34879.46313715931 0.398333568829674
35366.001051997075 5.456341706210511
35859.325743960355 10.981610113358759
36359.53188263706 0.6944064945263674
36866.715458172184 0.20535725205302843
37380.97379968961 0.8205347732588987
37902.40559396878 0.25755485195499334
38431.11090438326 0.24235067907855962
38967.191190102865 1.1846411744342826
39510.74932556377 9.133946689696716
40061.889620210604 2.222500851616407
40620.71783851269 3.3598704551257392
41187.34122026159 0.515361594424297
41761.8685011492 0.20215140012172683
42344.40993363553 0.20475539003891113
42935.07730810537 0.8956290039831682
43533.983974321396 2.060579712780802
44141.24486317603 12.367617006060694
44756.97650874675 4.640139395577409
45381.297070659566 1.2195918128543253
46014.326356762955 0.4740804200976
46656.18584612054 4.402294571944523
47306.998712321576 1.3660254721103668
47966.8898471195 26.150152192141647
48635.98588439776 2.176451701976483
49314.41522447154 81.73271926788057
50002.30805872772 2.034015268444324
50699.79639460877 2.1381037171380175
51407.01408094559 8.902806832933994
52124.09683364212 0.738348047897286
52851.18226172098 1.8037731270983013
53588.40989372905 1.0011623836988666
54335.92120451484 0.7010683038442393
55093.85964237644 8.83520934653735
55862.370656589985 2.5802335620865837
56641.60172532143 7.556377588517263
57431.702383927644 3.463454233094891
58232.824253653045 5.347846821397271
59045.12107072457 7.681703245880677
59868.74871585562 3.8090024362482673
60703.86524415784 0.8070605577593308
61550.630915473914 0.6443889813865111
62409.208225130234 1.561353243930246
63279.7619351206 20.744557067871476
64162.45910572409 2.459319407737778
65057.46912756399 13.569314428891017
65964.96375411475 14.23603203740094
66885.11713466016 14.740764361890747
67818.10584771486 2.3301555458730214
68764.10893490778 0.960177856220514
69723.30793534248 0.9245557688471059
70695.8869204332 5.045477495915021
71682.03252922912 14.855730922365556
72681.93400423042 2.484618775848679
73695.78322770399 1.4078146538155987
74723.77475850664 4.012113892777874
75766.10586941951 10.583571481337026
76822.97658500723 1.7112815115621252
77894.58972000035 3.6325805702479355
78981.15091821819 15.581739438062685
80082.86869203026 2.098918411895314
81199.95446237088 4.836183750650954
82332.622599311 13.359308373449238
83481.09046319578 7.320290138513699
84645.57844635726 3.3609423857881753
85826.31001540598 1.5584767874301466
87023.51175411686 0.48537792415843
88237.41340690904 0.5922168602164024
89468.24792293494 2.6876444151672696
90716.25150078336 1.8984113279538226
91981.66363380615 1.1398671285139292
93264.72715607741 2.8137218682747736
94565.68828899332 9.277868300670296
95884.79668852335 8.30545858235953
97222.30549311738 2.0993920549955742
98578.47137228597 7.98782207728747
99953.55457585347 13.62217984319945
101347.81898390112 8.6770662870789
102761.53215740586 2.2160675411009634
104194.96538958556 5.518255129953516
105648.39375796048 2.0866465477758354
107122.09617714079 5.360965532188144
108616.35545235168 7.9791045935982705
110131.45833370161 2.7910324264731785
111667.6955712131 4.7555299434368195
113225.36197061552 16.29291265855928
114804.75644991979 4.793329327253795
116406.18209678089 1.5494673225208622
118029.94622666047 0.8850335175972407
119676.36044180224 0.9665312027861613
121345.74069102624 4.462872018202205
123038.40733036329 2.004345010946068
124754.68518452789 3.762009824921778
126494.90360925609 3.5455525977552584
128259.39655450659 2.195151683247917
130048.50262854728 1.2548210807907076
131862.56516293442 4.167046215185725
133701.93227839796 3.285439157504991
135566.95695164785 4.826541495785323
137457.9970831075 4.106253687947578
139375.4155655996 3.0637672053176828
141319.58035398106 0.86796244809437
143290.86453575827 0.8057639577887042
145289.64640267997 1.1304179388434183
147316.30952333324 1.50736213785467
149371.24281675043 0.5494660499315158
151454.840627043 0.38196959589117163
153567.50279907807 0.5551881158384643
155709.63475520568 2.0928449379542196
157881.6475730646 1.2599508374414843
160083.95806446348 2.932147301791568
162316.9888553724 1.1806912162156864
164581.16846702158 0.8759331386126588
166876.93139813698 2.044885496990089
169204.7182083205 1.4873396894330335
171564.9756025938 2.041657125457018
173958.1565171231 6.088539879622722
176384.72020613437 4.672775186365872
178845.13233005002 8.143178498450798
181339.86504484396 5.733783219791638
183869.3970926544 1.9173904247601639
186434.21389365089 1.7234338457796938
189034.80763918892 0.9697600386699783
191671.6773862617 0.4776036158392892
194345.32915326924 0.3224104806858104
197056.27601712605 0.2514519657286428
199805.03821171663 0.22007200878754635
202592.1432277351 0.2261786405837167
205418.12591390483 0.2911798646956924
208283.5285796225 0.5555990397906497
211188.9010990236 1.8584972124578443
214134.80101650587 1.6461759444062287
217121.79365372224 0.5029785833860565
220150.45221806646 0.2722680264541488
223221.35791267437 0.2207414761745928
226335.10004795255 0.2771932495216774
229492.27615467447 0.2252291904293876
232693.49209864007 0.22751980072231168
235939.362196949 0.28316882317279674
239230.50933588366 0.4597064833139599
242567.5650904442 1.0356464495510744
245951.16984554802 1.3988284301704812
249381.9729189199 1.4575926364472287
252860.63268569924 1.4263132458466112
256387.8167047776 2.961691217469714
259964.2018469117 2.8011736827645812
263590.4744246072 1.548230166967981
267267.3303238311 1.7929079172241076
270995.47513754695 2.7977984359732564
274775.6243011218 2.573240758689679
278608.5032296184 1.1138556102546884
282494.8474570029 0.5657275730557048
286435.40277729725 0.35781582134600726
290430.9253876917 0.27021939538423334
294482.1820336688 0.2504298157165629
298589.95015613316 0.32256137862778145
302755.0180406123 0.51721724499531
306978.18496852287 0.360591743688026
311260.2613705569 0.1993347071717421
315602.0689822035 0.13464067745352357
320004.4410014405 0.10290768698756107
324468.2222486294 0.08575181371480727
328994.26932862966 0.07545079728402321
333583.45079519285 0.06482304188704104
338236.6473176279 0.056257453529571226
342954.7518498129 0.04974597112795361
347738.6698015465 0.04670169899359802
352589.31921230047 0.04478151472891336
357507.63092739205 0.045006937783436625
362494.5487766132 0.047304547651088935
367551.02975535666 0.0525804469259954
372678.0442082562 0.06277740090458635
377876.57601540716 0.08241988711920172
383147.62278116646 0.12299824291120821
388492.1960255971 0.2168006128286957
393911.32137857995 0.43503956946592703
399406.03877663286 0.6070142752221238
404977.402662476 0.36237267972662823
410626.4821873796 0.18661010312026424
416354.3614163397 0.11184526565642688
422162.1395361022 0.07732223136699554
428050.93106610974 0.059425863003596605
434021.86607237026 0.04951852560573368
440076.090384322 0.04396784262586936
446214.76581471885 0.04121532802955659
452439.07038258336 0.040543789894309415
458750.1985392702 0.0414299059565774
465149.36139768164 0.04393128899437546
471637.7869646865 0.04851849404728058
478216.72037676524 0.05537210298693961
484887.4241389672 0.06446774778189171
491651.17836717534 0.07717364853077165
498509.2810337677 0.09737281224970092
505463.048216698 0.13168332956481413
512513.8143520522 0.1926422558622955
519662.93249013333 0.3061427204164704
526911.7745551016 0.5182110772203516
534261.7316082647 0.8032176511653208
541714.2141150065 0.8218225116210545
549270.6522154732 0.5482273945111745
556932.4959990075 0.33086574317269946
564701.2157824271 0.2103384759284557
572578.3023921802 0.14387945184648188
580565.2674504344 0.10489677801560493
588663.6436651655 0.08058329912770319
596874.985124273 0.06436148629853085
605200.8675938286 0.05349254923256148
613642.8888204489 0.04610732630125661
622202.668837923 0.041221806938899916
630881.8502780851 0.038083795231118496
639682.0986860439 0.035513917306970975
648605.1028398015 0.03450588063541883
657652.5750743302 0.036081553093121
666826.2516101787 0.03881044081513724
676127.8928866398 0.03617450731107718
685559.2838996011 0.029867960034405755
695122.2345440659 0.02438471700754005
704818.5799614951 0.020935506915714292
714650.1808919577 0.018910228931998153
724618.9240312155 0.01665339095764261
734726.7223927815 0.016158451426535766
744975.5156750275 0.01623232059647481
755367.2706334221 0.016873262918604998
765903.9814579368 0.017987920988109418
776587.6701557565 0.019149192379717624
787420.3869392797 0.019500252596963027
798404.210619581 0.018483001349139203
809541.2490053193 0.016529062681128793
820833.6393072369 0.014306798933884014
832283.5485482913 0.012252129363528546
843893.1739795078 0.010916349481855029
855664.7435016427 0.009927658647689012
867600.5160927017 0.009217115569435042
879702.7822414659 0.008735116162911267
891973.8643870116 0.008443699968893598
904416.1173644157 0.008278340636352516
917031.9288566313 0.008105651280120005
929823.7198526962 0.00777244584640684
942793.9451123216 0.0062861891263401165
955945.0936369615 0.0057655194570515895
969279.6891474645 0.005318579303801637
982800.2905683576 0.004955352135066437
996509.4925189362 0.004662360662087195
1010409.9258111427 0.004419487641917565
1024504.2579544527 0.004214164638014299
1038795.1936677509 0.004037250637187972
1053285.4753983798 0.0038818271098868635
1067977.8838484169 0.0037435275160336455
1082875.238508292 0.0036191985398270573
1097980.3981978623 0.003506546010876463
1113296.2616149986 0.003403816460938492
1128825.767891882 0.0033095947588049433
1144571.8971589915 0.003222850103858995
1160537.6711170282 0.0029821404064937686
1176726.1536167578 0.002908147440774953
1193140.4512469794 0.00284122436714334
1209783.7139306804 0.002779396589389494
1226659.1355295086 0.0027223597639864016
1243769.9544566898 0.002669901202430687
1261119.4542984562 0.0026220707586135606
1278710.9644442077 0.002578686195366165
1296547.860725386 0.0025397418479802055
1314633.5660633373 0.002505685930331832
1332971.5511261483 0.002476536161633508
1351565.3349946837 0.0024529761859946367
1370418.4858378987 0.00243547724741352
1389534.6215975732 0.0024250831572095797
1408917.4106826126 0.0024226606997954465
1428570.5726729885 0.00243028788921308
1448497.8790335706 0.0024491852236371674
1468703.1538378436 0.0024816190276723445
1489190.2745017658 0.002530459552786464
1509963.1725278469 0.0025967826440156435
1531025.8342596076 0.0026806518664322927
1552382.3016465646 0.00277842828721624
1574036.673019881 0.002874271217472001
1595993.1038788576 0.0029599235569685483
1618255.8076883429 0.003007216691233921
1640829.056687347 0.002998492155045255
1663717.1827088525 0.002931273290375017
1686924.5780111165 0.002819405353577861
1710455.696120546 0.002684397056440448
1734315.052686334 0.002545326583232941
1758507.2263470194 0.00241422306686343
1783036.8596091284 0.002296600470980673
1807908.6597380955 0.002193730263579277
1833127.399661553 0.002104724236954395
1858697.9188853137 0.0020282806453304327
1884625.1244220347 0.001962152529178959
1910913.9917329007 0.001904426749153351
1937569.565682415 0.001853633540932517
1964596.9615065143 0.001808630257963641
1992001.3657941916 0.0017687212020857759
2019788.037482801 0.0017326803514343635
2047962.3088672766 0.001699889338051869
2076529.5866233609 0.0016701281628383605
2105495.3528452083 0.0016426622233525155
2134865.1660973625 0.0016173333426724092
2164644.6624814696 0.0015938627297827888
2194839.5567178507 0.0015718483968241129
2225455.643242157 0.0015513540135942228
2256498.7973173535 0.0015319335328692473
2287974.976161137 0.0015137408835912268
2319890.220089203 0.0014963965200198205
2352250.6536743147 0.0014800226740657814
2385062.486921691 0.0014643714127457199
2418332.016460637 0.001449458541443702
2452065.626752944 0.001433453564122029
2486269.791318044 0.0014185873089174405
2520951.0739752566 0.0014055089997444983
2556116.1301034642 0.0013929010766623132
2591771.7079182044 0.0013807277518922037
2627924.649766745 0.0013690566203142125
2664581.893441053 0.0013577818839445833
2701750.473509251 0.0013468723331277702
2739437.522665473 0.001336321290541277
2777650.273098711 0.001326163606830079
2816396.057880651 0.0013163161141218247
2855682.312372863 0.0013067651545382432
2895516.5756537323 0.0012974978509853565
2935906.4919651295 0.0012885020551126744
2976859.8121794416 0.0012798029601615696
3018384.3952868767 0.0012713519981131128
3060488.209903713 0.0012631348687299096
3103179.335801385 0.0012551422166931522
3146465.965457089 0.0012473652652634304
3190356.405625893 0.001239795789181369
3234859.078934771 0.0012324260140683864
3279982.5254990095 0.0012252486746801676
3325735.4045609576 0.001218256777837789
3372126.496151853 0.0012114435733843938
3419164.7027766136 0.001204802559605439
3466859.051122346 0.001198327438022394
3515218.6937904693 0.0011920120989761314
3564252.911053205 0.0011858506089248025
3613971.1126344316 0.0011798371967786155
3664382.839515379 0.0011739662384160508
3715497.765765655 0.0011682322390252397
3767325.70039959 0.0011626298144177957
3819876.589258725 0.0011571536726738495
3873160.5169203 0.0011517985975775223
3927187.708632628 0.001146574936337551
3981968.532277199 0.0011414836829890204
4037513.500358407 0.0011365008033829673
4093833.2720208582 0.0011316211689734305
4150938.6550948285 0.0011268397152781496
4208840.608170411 0.00112215145569804
4267550.242700351 0.0011175795736354474
4327078.825132481 0.0011131170504826487
4387437.779071628 0.0011087358317386227
4448638.687471957 0.0011044314396812136
4510693.294859611 0.0011002077807080654
4573613.509586626 0.0010961097335429296
4637411.4061161 0.0010920785097834603
4702099.227339247 0.0010493527780034903
4767689.3869249495 0.0008770929126883676
4834194.471701804 0.0008450109570329863
4901627.244073701 0.0008418680076930265
4970000.644468794 0.0008387764981292461
5039327.793822938 0.0008357896204372279
5109621.99609745 0.0008328402620477028
5180896.740832302 0.0008299346504878664
5253165.705734713 0.0008271314712810048
5326442.759303859 0.0008243567877677122
5400741.963492398 0.0008216371127379757
5476077.576404805 0.0008189980121458579
5552464.055033698 0.0008163781733837312
5629916.058033964 0.0008138438260444453
5708448.448535963 0.0008113485870119541
5788076.296997594 0.0008088896357997311
5868814.884096489 0.0008065133675391948
5950679.703662336 0.000804141355300809
6033686.465650079 0.0008018677451271306
6117851.099154851 0.0007996032956663854
6203189.755468592 0.0007974067620402884
6289718.811179697 0.0007952440355195086
6377454.8713155 0.0007931258128381726
6466414.772529005 0.0007910589674565216
6556615.586329652 0.0007890199516184549
6648074.622359542 0.0007870428660491218
6740809.4317151 0.000785084099809918
6834837.810315068 0.0007831905680488596
6930177.802315755 0.0007813131144249572
7026847.703573509 0.0007794967397441203
7124866.065155941 0.0007777016709838826
7224251.696901666 0.0007759558192816123
7325023.671030134 0.0007742441962254855
7427201.325801529 0.0007725619469537583
7530804.269227711 0.0007709347834957509
7635852.382835224 0.000769308888220371
7742365.8254803475 0.0007677670931270652
7850365.037217847 0.000766203791344655
7959870.743223195 0.0007647342482240333
8070903.95777001 0.0007632582274164507
8183485.988262465 0.0007618287521796623
8297638.439324427 0.0007604403930636457
8413383.216945319 0.0007590424801468069
8530742.532683795 0.0007577416152027578
8649738.907930408 0.000756422604333845
8770395.178229213 0.0007551524573327453
8892734.497660216 0.0007539211421710922
9016780.343282385 0.0007526726512430323
9142556.51963921 0.0007515171999685032
9270087.16332654 0.0007503553449336288
9399396.747624665 0.0007491996097132569
9530510.08719468 0.0007481203968633215
9663452.34284031 0.000747026129940805
9798249.026336586 0.0007459556476184845
9934926.005325254 0.0007449389295792547
10073509.50827914 0.0007439080292152326
10214026.129535088 0.0007428737927560834
10356502.834397787 0.0007418406669968095
10500966.9643141 0.0007407931300394418
10647446.242120216 0.0007397864112430276
10795968.777361574 0.0007388716785473624
10946563.07168698 0.0007379441861329875
11099258.024318421 0.0007370136433416886
11254082.9375965 0.0007361333755976963
11411067.522603946 0.0007352408288908374
11570241.90486685 0.0007343358319403514
11731636.630136147 0.0007334652238329356
11895282.670249023 0.0007325959947316204
12061211.429072756 0.0007317146406468211
12229454.748531038 0.0007308340291102865
12400044.914714312 0.0007299793361285474
12573014.664075857 0.000729112720929441
12748397.189713564 0.0007282340172084939
12926226.147740126 0.000727369503792728
13106535.66374127 0.0007265144587251198
13289360.339324934 0.0007256474865288553
13474735.258760909 0.0007247684208309529
13662695.995713938 0.0007239109088633058
13853278.62007019 0.0007230597715070146
14046519.704858929 0.0007221967615312127
14242456.33327133 0.0007213217133232721
14441126.105776323 0.0007204672748771869
14642567.147336628 0.0007196309542531135
14846818.114724517 0.0007187829676899467
15053918.203940567 0.0007179231524580691
15263907.157734936 0.0007170627159938322
15476825.273234468 0.000716256478002908
15692713.409675585 0.0007154389936992342
15911612.996245017 0.0007146101062066137
16133566.04003057 0.0007137696564605629
16358615.134081816 0.0007129623762072361
16586803.465584269 0.0007121911554867764
16818174.824146528 0.0007114091769137738
17052773.610204097 0.0007106162904256214
17290644.843539324 0.0007098123438664721
17531834.171921246 0.0007090499985423219
17776387.879865237 0.0007083285029711392
18024352.89751484 0.0007075969431696276
18275776.809648227 0.0007068551787506018
18530707.864809193 0.0007061030673685995
18789194.98456669 0.0007053581641240552
19051287.772902336 0.0007046975539553077
19317036.525730103 0.0007040277288541869
19586492.240547515 0.0007033485602804697
19859706.6262227 0.0007026599179009092
20136732.112917136 0.0007019616695642239
20417621.862146813 0.0007012977813325826
20702429.776984572 0.0007006969946375002
20991210.512403503 0.0007000878274950258
21284019.485765964 0.0006994701630052691
21580912.88745756 0.0006988438826376898
21881947.69167084 0.0006982088662083497
22187181.667338002 0.0006975765487832012
22496673.38921745 0.000697041176392554
22810482.24913408 0.0006964983360266806
23128668.467376374 0.0006959479235138776
23451293.104253393 0.0006953898332293374
23778418.071811553 0.0006948239580748794
24110106.14571641 0.0006942501894583968
24446420.977298588 0.0006936936660733977
24787427.10576934 0.0006932201133900167
25133189.970604904 0.0006927399550620986
25483775.924105097 0.0006922530989466961
25839252.244126137 0.0006917594516155491
26199687.146990996 0.0006912589183371554
26565149.800580937 0.0006907514030585908
26935710.33760807 0.000690236808387078
27311439.86907474 0.0006897843501759802
27692410.497918967 0.0006893696223627077
28078695.332851958 0.0006889491094602352
28470368.50238685 0.0006885227307716432
28867505.16906486 0.0006880904044743605
29270181.543878727 0.000687652047604463
29678474.900897328 0.000687207576040753
30092463.592095505 0.0006867569044886151
30512227.062388916 0.0006863120515251809
30937845.864880618 0.0006859590104536114
31369401.676318277 0.0006856010447687778
31806977.312768932 0.0006852380857766447
32250656.745511115 0.0006848700638249554
32700525.117148634 0.0006844969082898655
33156668.757950477 0.0006841185475623893
33619175.202416606 0.0006837349090346591
34088133.20607702 0.0006833459190859911
34563632.76252296 0.0006829515030687576
35045765.12067788 0.0006826016937164268
35534622.8023071 0.0006823036186116186
36030299.61977385 0.0006820013856205671
36532890.69404153 0.0006816949367444059
37042492.472927086 0.0006813842131752365
37559202.74961053 0.0006810691552848408
38083120.68140032 0.0006807497026132399
38614346.808763035 0.0006804257938570908
39152983.0746159 0.0006800973668579231
39699132.84389109 0.0006797643585902098
40252900.923370235 0.0006794267051492738
40814393.58179814 0.0006791196524265166
41383718.570275396 0.0006788762937691952
41960985.142935395 0.0006786295404720759
42546304.077911556 0.0006783793451829113
43139787.698594384 0.0006781256598889319
43741549.895187855 0.0006778684359076317
44351706.14656368 0.0006776076238774268
44970373.542423256 0.0006773431737481821
45597670.80576586 0.0006770750347716078
46233718.315673046 0.0006768031554915191
46878638.130408935 0.0006765274837339629
47532554.010842815 0.0006762479665972055
48195591.4442003 0.0006759645504415799
48867877.66814293 0.0006756953645070501
49549541.69518683 0.0006755047132463526
50240714.33745874 0.0006753114025678059
50941528.23180062 0.0006751153953748636
51652117.86522125 0.0006749166540535154
52372619.600705765 0.0006747151404650684
53103171.7033834 0.0006745108159388282
53843914.36705998 0.0006743036412646785
54594989.741122805 0.000674093576685556
55356541.95781758 0.0006738805818898214
56128717.15990927 0.0006736646160035233
56911663.52872534 0.0006734456375825545
57705531.31259369 0.0006732236046046988
58510472.85567368 0.0006729984744615673
59326642.627192736 0.0006727702039504212
60154197.251088545 0.000672538749265881
60993295.53606459 0.0006723112094579101
61844098.50606745 0.0006721708555023437
62706769.43118551 0.0006720285437322143
63581473.85898268 0.0006718842468377261
64468379.64626515 0.0006717379371281357
65367656.991295345 0.0006715895865264379
66279478.46645111 0.000671439166563978
67204019.05134436 0.0006712866483749889
68141456.16639915 0.0006711320026910508
69091969.70689797 0.0006709751998354755
70055742.07750578 0.0006708162097176108
71032958.22727156 0.0006706550018270665
72023805.68512236 0.0006704915452278591
73028474.59584811 0.0006703258085524753
74047157.75659302 0.0006701577599958525
75080050.65385105 0.0006699873673092754
76127351.50098222 0.0006698145977941872
77189261.27624908 0.0006696394182959155
78265983.76138367 0.0006694617951973085
79357725.58069573 0.0006692816944122851
80464696.24072155 0.0006690990813792934
81587108.17043118 0.0006689428920538457
82725176.7619911 0.0006688505124093302
83879120.41210093 0.0006687568441498082
85049160.5639013 0.0006686618693002307
86235521.74947144 0.0006685655696348127
87438431.63291617 0.0006684679266735353
88658121.05405372 0.0006683689216785995
89894824.07271683 0.0006682685356508304
91148778.01366606 0.0006681667493260318
92420223.51213571 0.0006680635431712881
93709404.56000902 0.0006679588973812172
95016568.55264348 0.000667852791874169
96341966.33634326 0.0006677452062883723
97685852.2564996 0.0006676361199780267
99048484.20639887 0.0006675255120093413
100430123.67671135 0.000667413361156517
101831035.8056744 0.0006672996458976733
103251489.42996958 0.0006671843444107187
104691757.136316 0.0006670674345691625
106152115.3137767 0.0006669488939378687
107632844.20680143 0.000666828699768751
109134227.96900244 0.0006667068289964073
110656554.71768692 0.0006665832582336933
112200116.5891458 0.0006664579637672345
113765209.79471362 0.0006663309215528757
115352134.67761503 0.0006662021072110667
116961195.77059738 0.0006660714960221843
118592701.85437459 0.0006659390629217877
120246966.01687872 0.0006658047824958098
121924305.71334538 0.0006656720229134314
123625042.82723217 0.0006656266909124491
125349503.73198713 0.0006655807265698179
127098019.35368362 0.0006655341210649265
128870925.23452136 0.0006654868654541238
130668561.59722152 0.0006654389506690025
132491273.41031168 0.0006653903675146591
134339410.45432994 0.0006653411066679293
136213327.38894388 0.0006652911586755987
138113383.82101396 0.0006652405139525891
140039944.37360096 0.0006651891627801185
141993378.75593582 0.0006651370953038368
143974061.8343712 0.0006650843015319339
145982373.70431423 0.0006650307713332233
148018699.76317194 0.0006649764944351967
150083430.7843047 0.0006649214604220538
152176962.99202093 0.000664865658732703
154299698.13760808 0.0006648090786587343
156452043.57643357 0.0006647517093423653
158634412.3461148 0.0006646935397743568
160847223.24577984 0.0006646345587919003
163090900.91643965 0.0006645747550764761
165365875.92247227 0.000664514117151681
167672584.8342538 0.0006644526333810259
170011470.31193134 0.0006643902919657032
172382981.19037563 0.000664327080942322
174787572.56530723 0.0006642629881806127
177225705.88063496 0.0006641980013810992
179697849.01700544 0.0006641321080727383
182204476.38158762 0.0006640652956105266
184746068.99911737 0.0006639975511730744
187323114.60420057 0.0006639288617601444
189936107.73491612 0.0006638592141901577
192585549.8277122 0.000663788595097664
195271949.31363878 0.0006637169909307763
197995821.71590975 0.0006636443879485711
200757689.748838 0.0006635707722184506
203558083.41814268 0.00066349612961347
206397540.12265524 0.0006634204458096257
209276604.7574528 0.0006633437062831068
212195829.81841743 0.0006632658963075083
215155775.5082676 0.0006631870009510041
218157009.84405473 0.0006631070050734831
221200108.76617342 0.0006630258933236422
224285656.248878 0.0006629436501360415
227414244.41235405 0.0006628602597281168
230586473.63634446 0.0006627757060971506
233802952.67535996 0.0006626899730172021
237064298.7755066 0.0006626030440359926
240371137.79292822 0.0006625149024717485
243724104.31391686 0.00066242553141
